dataMatrix	X501f	X502m	X503m	X506m	X508f	X509f	X513m	X517f	X518f	X521f	X527m	X528m	X529f	X531f	W616f	W617f	W620f	W621f	W622f	W623f	W625m	W627m	W628m	W629m	W630m	W631m	W632f	W633f	W634m	L818f	L819f	L824m	L825m	L826m	L827m	L836f	L841f	L848m	L849m	L854f	L859m	L862f
M86.0606T82.15	17.1932575926868	17.2069160301023	16.7277504073342	16.7000822862544	17.2771631719376	17.4850129725607	16.6817221963627	17.1968621728673	17.0247538109287	17.0052446921279	17.3158171018037	16.8229478795755	17.5918340892665	16.9702653516092	17.1757197809754	17.3896645846925	17.4196731402557	16.3995626553648	17.1543679379543	16.513750803235	17.64871216711	17.7547264843363	16.5689247179499	16.6207225366789	17.1039232983204	16.9798967640473	17.0494657794116	17.2267496352917	16.8604385128165	16.6927464343139	17.3170585112746	16.767485545479	17.1749651458783	17.659645628921	17.4346928833419	17.3785314024476	19.1763991410621	17.2916162397075	17.3446503542124	17.6099456234542	16.9454673140442	17.3132889137835
M87.1001T74.52	20.4242665941728	21.0616774608537	20.8550557950614	20.4564713622734	20.6092219097333	20.7159920754616	20.1597385586183	20.4398704733057	20.8534721585986	20.7264632613068	20.0093994442887	19.7304447679944	20.5130599590098	20.5850837899286	20.7629722896665	21.0138367741273	20.8904695485873	20.3952658143051	20.927750744334	20.6424685525535	20.3563222002651	20.4978130753412	20.2699089551446	20.1638521883819	20.4547726289619	20.4996758767548	20.7217423855678	20.794152876745	20.768818088592	20.2651547145466	20.9503203905946	20.7081312930845	20.6758671897687	20.6207744475841	20.6499842280274	20.5576564859266	20.7799552761589	20.3949507080286	20.5193605571795	20.8563690819033	20.1730835918382	19.9060222781599
M132.1023T74.93_10	28.4512728534726	28.9925592052962	28.8684553993861	28.4808635849325	28.6306531367874	28.672951578	28.1967533786861	28.4832410705328	28.7996253719214	28.6994339951838	28.0952689173716	27.7628884552212	28.5186342487742	28.5845547576138	28.7533322806395	28.9874826632885	28.8564698650312	28.3704671730522	28.9108784705223	28.5918553957189	28.4324369922515	28.5296075413747	28.2860853794377	28.1815150550859	28.4932619300406	28.4767003481583	28.7807259629142	28.7632175172526	28.7123674980697	28.3283690473702	28.8822963829178	28.6700302964776	28.7700864075848	28.6296689131235	28.6353819881915	28.4910405479592	28.7131764409003	28.3533312557249	28.4910513077962	28.7881123340515	28.1557856984594	27.961795225455
M86.0971T335.66	13.9376528560522	14.4192081175652	14.2404835505564	13.2900163537714	13.6302342410463	14.0458936063269	12.6878561685216	13.2345486566266	13.9018431952967	13.590827526028	13.4000792976383	12.7823802369541	14.1837794282498	13.5975673246357	13.6689488039912	13.9598356573074	14.1206446425412	12.3391060987189	13.7759858621537	13.3930727980046	14.0920131653948	14.2917630718587	13.4317494102604	12.6932674139016	13.0977669317802	13.1273184531845	14.173315898794	13.5854791891015	14.2020034221869	13.1671394983871	14.2576429289568	13.847070155282	13.6020408561105	13.9620843249459	14.2892705847654	13.2285418981238	14.6411207099369	13.2092579396974	13.0031617363093	14.220295833073	12.9575649344288	12.7963496597317
M156.1028T335.75_2	15.7004873205961	16.9861746066501	16.6876728370582	15.8605003477052	16.0178082442569	16.6737774152842	15.2548187792759	15.6464636181024	16.5114442761766	16.049714696065	15.1389230498093	13.8797469264155	16.3819404062904	15.8035474267088	15.8291855746358	16.8586657965559	16.7214069674063	14.7461986340517	16.1734639180534	15.4649596285721	16.6301106050229	16.8931814681663	15.8553659895298	14.7372650924545	15.260396990798	15.6874656996169	16.6592883478102	16.248877126041	16.464588818253	15.469315087794	17.017384294322	16.3863784038797	16.114223252804	16.5474725592735	16.9706062722537	14.8416161320439	17.2719292871847	15.4922193823752	15.3485813064594	17.1398355277983	15.365673016796	14.4676211813806
M87.0444T76.18	20.369595333537	20.4242669415647	19.342100449237	19.7367554779777	20.1401473242588	20.7230092433995	19.8016832486832	19.4924668749412	20.7718779496354	19.3581372033006	19.850396692575	20.9287176023733	20.3565060303836	19.825820025115	20.5737502695348	20.4877818538177	20.0864156526142	20.3446900486761	20.0600473604138	20.5416800332263	20.4560771170005	20.3859397913412	20.0578813912634	19.1186060419809	19.7120477912796	20.0727680844944	20.2154483745055	20.5456949658664	20.2863078882578	20.8268400086391	20.8732923132554	20.1528370118162	19.9725436191482	19.9816855589175	20.7031501571617	20.7021074534999	20.8324476838628	20.0467209864875	19.7354993857804	20.6420572404434	19.4144716293792	21.0141830746805
M94.0457T39.07_2	23.5624697278392	24.0596695555923	24.0632085547533	23.9287352811028	23.5847253865294	23.5169183012509	23.4718885336717	23.1578882630495	23.9076067425921	23.2827155035361	24.0750105956411	23.0107032154939	23.4960828949848	23.0889247937268	23.5921013901097	23.8619171982981	23.6289127722967	23.9577270536901	23.4613818882615	23.7704378349761	24.0651506771355	23.8643265632464	23.9399404407175	22.7850449446081	23.7688332229407	24.0432301721135	23.3829284177324	23.723498645062	24.050001932485	23.692835563064	23.7478059053003	24.1340600531596	23.729808682798	23.9415103478549	23.880382842942	24.0755025950687	23.4422308673724	23.6129878124819	23.8159346452671	23.6449585588911	23.9276913152335	23.8130579666136
M95.546T39.06_2	16.8737193125983	17.4097852517411	17.5133567437039	17.1655781339703	16.8201776097074	16.8116704613438	16.8063347580875	16.5115987310754	17.2954109716906	16.556069696183	17.4361034932386	16.0774760589142	16.7788809232937	16.3526696713269	17.0226747784621	17.2110523715664	16.8621100094273	17.3033884062048	16.813754499154	17.0895805799743	17.4774196310603	17.2440432095751	17.2103037932507	16.0485998998148	17.0266861601715	17.4118036651097	16.7739803073346	17.1507943054265	17.4084097972379	17.0627622102752	17.1437464364323	17.5785875769199	17.0638022499095	17.3139206041544	17.1836186156994	17.3767101845436	16.6062498912494	16.8661050866344	17.2433023298169	17.0498253717756	17.232395914465	17.0485683445842
M110.0093T39.44	19.0246452807945	19.6300389709546	19.7657988316313	19.6284532959762	19.0678875275046	19.1168085641337	18.9348137775155	18.6034443210599	19.5523369545682	18.6408610377257	19.6575680461322	18.2817613845284	19.0770592277898	18.3853079315881	19.3429529921318	19.3999237839926	19.2188320650082	18.8619615867228	18.8985611974062	19.3242493907638	19.8043891197685	19.4042943390222	19.6903721003372	18.1683140386285	19.255400110664	19.6525721415306	18.8352863339591	19.2162732854922	19.641168690163	19.4332443681474	19.2694259015221	19.9740769611232	19.3273661992975	19.6034726266445	19.5735103082685	19.585999408742	19.1105282582778	19.0638777650957	19.4724629714446	19.1481213022126	19.571864852015	19.4699868518406
M111.0101T39.43	15.5106576203476	16.0472837462834	16.3348995828526	16.0485950665462	15.5343423244775	15.5447350006348	15.4165032241552	15.1051720261569	16.0720042835103	15.1269098907598	16.1747049036336	14.7571109565709	15.5232616025874	14.9724153197766	15.8251193476184	15.7462808001321	15.6755761915387	15.3423333959904	15.3812382762008	15.7336117821909	16.3874072109557	15.8826765043991	16.111766929585	14.5669283265387	15.6853162444185	16.0144605095573	15.4184154459783	15.7423579343796	16.0249973927874	15.9471474099728	15.835000574733	16.462605823016	15.7649896374365	16.0850847587417	15.9905652052695	16.0859991759487	15.6083073956293	15.6707216977824	15.9788732007429	15.5154446235558	15.9836272038649	15.9209300784905
M112.0068T39.43	15.6910002777828	16.2496053536218	16.299068012198	16.3231372320228	15.9097661141303	15.677741043253	15.4323267746998	15.2439561995914	16.2685747956733	15.3479553549558	16.2301548057017	14.9497859986351	15.8461190816892	15.0401634044576	15.9842679235242	15.8920586256848	15.9005283326135	15.4738937727175	15.4907031923046	15.997966881218	16.4948988062111	16.10197750559	16.2141233350191	14.8716341326576	15.9664116287907	16.1865782891196	15.4653564528605	15.8089117156591	16.2597274640872	16.0716097652829	15.8677362605555	16.5770328396685	15.9732461539165	16.2718570815577	16.165136556078	16.1849017865604	15.758288200475	15.6522446232725	16.0981536917294	15.837281931188	16.1548381499242	16.1775442971715
M128.0199T39.45_2	18.6211563147077	19.2651505631557	19.4536221835071	19.1968158254772	18.7271630249827	18.6180470632601	18.5517997692496	18.3358610214764	19.1298576766212	18.313585884099	19.5052023080201	17.8810843543931	18.7001625835385	17.9184205909258	18.9227263932442	19.044152376532	18.825819861535	18.4793799397687	18.5845991497591	18.9720166432551	19.4904788487562	19.0685215175751	19.2502875678862	17.666550497456	18.9487653134771	19.2669716067147	18.7163908406156	18.82871185294	19.2371082520711	18.9806252116984	18.8294825002167	19.4846608826395	19.0361791063194	19.2841930763297	19.0572491825714	19.2874780166321	18.5071801296932	18.746913365814	19.0485410857843	18.7449824215097	19.2000953529439	19.1493481481897
M129.0206T39.43	15.1961408607265	15.8865035985944	15.9941717855648	15.7702691551873	15.1975573243804	15.2558805640245	15.1569416130878	14.8774981939174	15.6180943538966	15.0035207219578	16.0354155898914	14.4978141245003	15.1374531326587	14.7283128832788	15.4650544674347	15.4442252967084	15.4893224453528	15.0460480976372	15.1611954792213	15.4487480759737	15.8642627009516	15.4961453100295	15.6878524237632	14.2866083423551	15.5304930236688	15.6770442979608	15.0448714031471	15.2771562431764	15.6610583467975	15.3364887142187	15.432434649163	15.9023024597278	15.5678751912345	15.7501007307946	15.577578867669	15.5638479641792	15.1389987149014	15.1390432794224	15.5710894835789	15.3848212224416	15.6616239734044	15.639764214742
M151.0359T39.45	21.3886937748108	22.0082042016167	22.0674419972487	21.9553411561248	21.4740494207502	21.494945595513	21.4489557018815	20.9414024419129	21.881973126038	21.1616988015451	21.9166869706816	20.7218765403543	21.4458660835364	20.9155115720219	21.6320269794618	21.7621974465084	21.549746903499	21.7520141436468	21.302425083062	21.7360809636043	22.0894201696229	21.7755829487284	22.1192843852362	20.6698578047086	21.7079831284814	22.1028803025023	21.1089685193915	21.6663717428454	22.0898051828293	21.6983591551688	21.659223249069	22.1677534196199	21.6275825555095	21.9339240202206	21.9009413187043	22.0804046946358	21.4448534184006	21.4614857088439	21.7961204284175	21.5601554923667	21.9052606711838	21.7819998585761
M152.0367T39.46	18.0311207235657	18.708746260483	18.7294344484134	18.58671506832	17.9914365836655	18.1336964489587	17.9272227759178	17.5032701308882	18.5461025120471	17.6445273473683	18.6034365278854	17.277552307332	17.977532705781	17.5680261659475	18.3254486413428	18.4234435911567	18.1920759383249	18.4280809139989	17.9433097101527	18.3647365887721	18.793059530589	18.4313525111964	18.5666019760567	17.1939865216886	18.3304951251181	18.7253471469065	17.8656017680585	18.2410135048309	18.7589727572421	18.3118350809126	18.3102437706426	18.891462204439	18.3056003716566	18.6144695405286	18.5507597333826	18.7278442646145	18.0725218082585	18.1045034699347	18.4383392916039	18.185126699255	18.555938430878	18.4779849825657
M153.0334T39.45	18.1700224277141	18.9507391343571	18.9322021276088	18.872255905939	18.3227001689384	18.3170358788425	18.075854580654	17.6772235287024	18.7266864638633	17.8979104525362	18.7409756841506	17.4586911418302	18.1893525387312	17.6400948747059	18.3960630024687	18.5800883841027	18.3711207938349	18.604388358129	18.1615072335805	18.5796853797754	18.9145683331465	18.629445124087	18.833673346587	17.419576602986	18.4689971983765	18.8709366210071	17.9694295989247	18.4226476673193	18.9818737735073	18.4853407528796	18.42761985383	19.0434782464773	18.4585250935488	18.8677140649854	18.7126079838713	18.9182412179582	18.246003209936	18.3008850604223	18.5987784953287	18.3249162840596	18.8146251878968	18.6037621086223
M154.0369T39.38	13.0648661295786	13.9778740072058	13.7384472520954	13.6700362171613	13.4539336828704	13.3575726831014	11.5801620666861	12.8237802337433	13.8433536388464	12.9187264160059	13.8089703798555	12.0662418251219	13.1793344102212	12.019929649896	13.8617222786921	13.6700834384223	13.3486678035121	13.8426311432245	13.3600926068738	13.4659853716572	14.0899463434629	13.904638030367	14.043210972789	10.4861628625681	13.7998822160687	14.1741163252105	12.8116331520689	13.3852881742205	14.0046799902883	13.4273431359066	13.7066206469868	14.2681017380885	13.4446596519122	13.8331182588007	14.184522003371	14.0887195700964	13.2820526831953	13.0154939530454	13.7774920369431	13.5478405187176	13.8784169798125	13.4966684420648
M156.0148T39.43	14.8808667589209	15.4527510976985	15.7724961868639	15.4847503496486	15.3894151116875	14.614792370489	14.8501298543963	14.8806267192475	15.2354139017183	14.5561920003677	16.0110176778813	14.0824806716971	15.0064448425967	14.0653253463906	15.136209757337	15.3282778053664	15.1320402468053	14.3559489989154	14.9366053751504	15.0612077546937	15.6909608457508	15.378908100216	15.5285272046561	13.7527674420534	15.3556749087802	15.3045545422528	14.9259475942683	15.1145190360029	15.3154069197075	15.3292473825883	15.1840290782217	15.7721543934725	15.3301944220326	15.5871359286361	15.2898181388346	15.1607725185999	14.3902136215615	14.7456122704611	15.3888161557369	14.9990221574103	15.6291481697658	15.427339122517
M177.9968T42.43	17.4293556214772	18.051339341322	18.0467214070763	17.971925623931	17.4232064909051	17.5745395235317	17.4515861524095	17.1216284385973	17.8151373848727	17.056787795866	17.9446395479456	16.9177971329928	17.4756683906247	17.0460019996874	17.6773725827284	17.6796227617514	17.5633299456502	17.8574459536543	17.428405497903	17.7680605137317	18.1676104749856	17.79848557086	17.8179704797269	16.715738155297	17.757074175218	17.9900780702555	17.318713471169	17.646783804807	18.1506836342943	17.5675581676428	17.6389211867451	18.2326710472661	17.8026207996857	17.9162534016837	18.05888542437	18.0308431163081	17.3784142486691	17.4932749873334	17.8882441143834	17.6834203097096	17.9469183259007	17.8630638338716
M96.9223T47.63	19.9837664758538	20.0459024109565	20.2055472757247	20.3888294296544	19.6068924279079	19.5913009266646	20.5819492955015	20.1247087995216	19.8920973750582	20.1272000422037	20.0748051742358	20.1601975980629	19.6872548141904	20.0835855326909	20.0473091970349	20.097426436609	19.5188794049928	19.7066943061194	19.7600514575835	20.0247654194144	19.8665463847418	20.0006984650525	20.3732592828077	20.120008939456	20.4828700750467	20.3072203435375	19.8279335622016	19.9974472899335	20.0799973624713	19.5727176886459	20.3579721011535	20.2378835773937	20.1539158257241	19.9588713463851	20.1917878129348	19.9458215160526	19.8186418983484	20.4213369411443	20.2854704380321	19.8598026951684	19.8293703071105	20.161894547228
M154.881T47.67	16.8130258746222	16.7122601225181	17.0883391696733	17.3806098931447	16.4325170410714	16.3316910226003	17.4963725092759	17.1532329034037	16.6957757543073	17.1560723368793	17.0556936502073	17.3336124909352	16.3430038037357	16.8837689425192	16.6785322498739	16.8085749203265	16.3754721609425	16.8221670209322	16.4688454251639	17.0855194683527	16.755498281151	16.8529853713633	17.1404367233164	17.1413410565269	17.3920335365444	17.0873932509227	16.6990815078206	16.6349522525783	16.9566809935198	16.3555334377442	17.1346805954874	17.0712841148745	17.0125557087066	16.7464969795029	16.9358039248005	17.1763499981897	16.6188365912776	17.2170730545731	17.2963013952788	16.7052160221316	16.6429085565172	17.2791759800847
M156.878T47.74	15.8482635099925	16.0394525675064	16.2165165160867	16.6643635957418	15.6946705274952	15.6192646792316	16.7814660082959	16.341140523396	16.0708708650736	16.3406989721415	16.1645835146833	16.53498802922	15.7325804702046	16.1012320313708	15.838116760946	15.9195880415737	15.6724446043764	16.0244455244842	15.5527284744073	16.3249339885721	15.9737962911457	16.1244310741304	16.4284942643052	16.3199516304508	16.5972314881671	16.4193904288318	15.855099174734	15.9111615254398	16.0592243187735	15.4772572144988	16.3022281628254	16.3564869481197	16.1876661307779	15.8850304367019	16.2299856532846	16.4258399788376	15.8243403710602	16.5297588774732	16.4775720864546	15.9631938636081	16.0339232631312	16.5526717589802
M166.9069T46.49	14.814984547082	14.9890353519588	15.4106181417456	15.3607179397353	14.5005994093958	14.3190000772623	15.5347407362912	14.9551593657038	14.790149035102	14.9498461264768	15.1064895967001	15.0451641602619	14.6162861426789	14.8010036790965	14.7221245478554	14.7176329919134	14.4649448234901	14.5582646430069	14.5622621515289	14.9077674615791	14.8086963153586	14.9701610145181	15.2155861512552	15.0688028468974	15.3695787456134	15.039737519632	14.5660648179076	14.974038931563	15.0308804936784	14.3071558282958	15.0668808511675	15.2355351732623	15.1281192183766	14.7672260574798	15.1124135938948	14.771268048563	14.6679765676513	15.4968612434256	15.3324452299953	14.7973579972509	15.0195089220805	15.288181328213
M212.8399T48.19	16.7794227590676	16.7753802745655	16.9594517357393	17.2527917159665	16.5242835630793	16.2987413875416	17.4925783857349	16.9663929306005	16.7725677380057	17.0436749122644	16.8519170387085	17.2226128224504	16.4626190891919	16.9532726044876	16.7627577233589	16.9036798870814	16.3434274628098	16.800852774672	16.6971213495732	17.0057262867512	16.7716523951058	16.8174280264214	17.1822949578806	17.1225169871458	17.3184635246128	17.1853650524187	16.6545421016429	16.7838451516499	16.9251446961563	16.3235393916011	17.1580042807381	17.0573019828639	17.004211674097	16.8673751310185	16.9250315354803	17.131144989885	16.6359571824667	17.2294338312259	17.1253171014252	16.7279735406406	16.7544594195431	17.1693752308233
M214.8369T48.17	16.7777202725591	16.7022886991563	16.9324464786334	17.152054158502	16.3434514435254	16.4100786953895	17.4860051579052	16.9349463948233	16.6404788952691	16.9992805024683	16.9078026294421	17.1743896636198	16.4044464181153	17.0228685737658	16.6280941490132	16.8717043390654	16.4061796401667	16.7975728213106	16.4953319240277	16.9730552407067	16.7013276540157	16.7594270414186	17.1218032616524	16.9851429304732	17.2831506137876	17.0549997530917	16.5409767096004	16.6461130813697	16.8557005374603	16.3814000410403	17.0928368461332	16.9226371152939	16.9199785463737	16.6866632605936	16.9433122766934	17.0845906313393	16.60334237075	17.2151710993182	17.2022276935026	16.7770735200535	16.5959484685759	17.036790103426
M216.8341T48.71	15.0908407257498	14.648518290427	14.8426756981733	15.2116939350306	14.2002263145141	14.2932675704489	15.6606986199105	15.056585501507	14.8224511990606	14.8863595421411	14.8634572762534	15.0886018086667	14.6617043967806	15.1772568786951	14.8766720541023	14.8269579803064	14.3056931741125	15.0305439716702	14.3318518499449	15.0369771810747	14.7292948134886	14.6204224178367	15.4235886187937	15.081184204206	15.4491297957562	15.3876181065203	14.9216388955335	14.8530996847653	14.696823300273	14.4110602440819	15.3297823123652	15.0413591340612	15.1295923316822	14.6281369159228	15.4111144012492	15.0034450444277	14.668965325493	15.4134041991476	15.1142817711956	14.7645557478577	14.143499112631	14.8704829943601
M222.8687T47_1	17.5293807685579	17.5845783806599	17.9153238241809	18.1183468649839	17.3023120238815	17.2552802289181	18.2845499155786	17.821918707489	17.5444214970115	17.8506389154558	17.6149247664003	17.9194300396755	17.3887250599617	17.7337914958704	17.5235125905995	17.6324330143172	17.1000914348257	17.4177560428076	17.3527517788845	17.7434584277161	17.5595860958801	17.6684546587618	18.0943723573372	17.8745900300881	18.1991366107419	18.0136478361685	17.3735696504192	17.5885782718912	17.8441539468855	16.8846008795628	18.0185857779132	17.9498416938858	17.8065522286889	17.6873547903932	17.8611753681609	17.7366339327931	17.413229225699	18.1263577231572	18.1130997215166	17.5711557359078	17.4632350204247	17.8995557924539
M224.8658T46.97_1	16.8603531729214	16.9483744123476	17.2250107309212	17.4029057532567	16.6938729194988	16.4291396925606	17.5660588898277	17.0045567453622	16.8811386095336	16.9690858330276	17.0233442287249	17.1407820313872	16.6575626053773	17.136045942027	16.9681981770405	17.0423769086778	16.4299348151397	16.8725913475769	16.5325732869924	17.081477476639	16.8732005414452	16.8640656903147	17.4690122790696	17.1399247102369	17.6516414738426	17.3739832177943	16.7805972998357	16.9955616977745	17.2036267765655	16.280320575353	17.3081598015676	17.2434148327602	17.1279635069258	16.8364947425996	17.3566483818348	17.1645163861027	16.6478566390451	17.4775770545855	17.3492888773639	16.9833555135583	16.8114008761718	17.2230319676671
M234.8947T46.13	16.6449550066456	16.8295223653949	17.0055939246513	17.2397053475605	16.3530312013916	16.2783920581122	17.3684153571123	16.7818854432737	16.7205224570883	16.8733974546774	16.8018805941236	16.895617078632	16.3078064796874	16.7200247112075	16.7713968907095	16.6548879027812	16.176235406105	16.470849717588	16.4172797571174	16.7441086034633	16.5459644399949	16.6663672013801	17.1202464492692	16.9285709109178	17.2694470180433	17.02210174384	16.479312869382	16.7259329849122	17.0212799548124	16.4789183203889	16.8919659367461	17.1001085195063	16.9235911922522	16.8064160633517	16.9649741123309	16.6864306442153	16.5159145476432	17.1258829513242	16.9904860498124	16.39693525016	16.6176577237347	16.8206795013657
M270.7987T48.33	16.239731159719	16.1166454266945	16.4698322140716	16.5927598977653	15.7573981955506	15.935419136357	16.773386474983	16.5786602978131	16.183976556386	16.3562003670203	16.3808337793716	16.4096787175151	16.0734028080221	16.5090531419796	16.2307711569986	16.3976991202413	15.942663799911	16.2218027932391	15.9321680773804	16.5212053763302	16.2190477005359	16.3127304030831	16.5662780903974	16.425397578868	16.7390315540193	16.6177045004038	16.1397189221473	16.2202262994154	16.3723655280283	15.8778934884572	16.5734346034629	16.4614856467111	16.4627765523532	16.0985893979482	16.3073207280088	16.5602864386918	16.0225748244649	16.5755129817226	16.5842906661992	16.1505318063476	16.0771046320147	16.6172304205002
M272.7957T48.34	16.6441185288701	16.5638178982875	16.7627597099589	16.9763186609333	16.2667889351264	16.301835294566	17.3148510744851	16.8965402519466	16.595012913994	16.7622180338057	16.7247371053931	16.9847210748614	16.3552747314255	16.9164987529513	16.7895556548034	16.841957110781	16.4141946806057	16.6351996106983	16.3411829191777	16.8227115625013	16.598171075356	16.6934058410476	17.035936743117	16.7959611365323	17.1555111117316	17.0560946538836	16.5489756012994	16.7483579690547	16.648516100325	16.190543899762	17.0086244067843	16.8588266899218	16.7473013792529	16.6685142538965	16.9361437331842	16.9112961042863	16.4541744338292	17.0062880095635	16.9110977270273	16.7251940714083	16.4701255562896	16.9425352647197
M274.7928T48.35	15.7291097198414	15.541226845822	15.7618467011389	15.9620394099008	15.3237982163728	15.1370424645507	16.2658245596751	15.8323015462739	15.525554799474	15.6374799527307	15.6669453908108	16.02111409143	15.1436654930758	15.8464382650228	15.6194631963724	15.822361702612	15.3218559290059	15.6178443043155	15.3181720036801	15.7522884390129	15.6085035929997	15.5059016736121	16.090196560283	15.7114653340939	16.0957788386981	16.0778681198367	15.414945239689	15.7457080968375	15.5880282720677	15.3012808050033	15.9385988678193	15.8422255261418	15.631811783079	15.4740316074253	15.854748913558	15.8866390063404	15.4067248301294	15.9530387302698	15.9165953833737	15.5200847943621	15.3830489636817	15.6912023444914
M290.8564T46.38	16.0880073897796	16.2400170574252	16.5250096786186	16.7249157390056	15.8616461507024	15.6510311925003	16.7396144349472	16.2864188336612	16.1738361312921	16.3505979174145	16.3120154767402	16.3608512682117	15.9630720375582	16.2455898629116	16.0554576667922	16.2402621390746	15.8267643650003	16.0519587700602	15.7887160952178	16.2304694208423	16.2386329912007	16.137148548149	16.6726637522954	16.4514415748582	16.6658043995474	16.561835850068	16.0061336571503	16.106039836087	16.4577961818794	15.1484499280172	16.467141871881	16.6972929882961	16.3967179203209	16.2323847956074	16.5008091178478	16.1560135143054	15.9309365503595	16.6271915412604	16.5692004346473	16.1390050873628	16.1345634966048	16.3894257084549
M292.8535T46.48	15.7022015392939	15.6085803457928	15.9444068725784	16.0886754068732	15.0759590219607	15.2776734267662	16.1655401607244	15.5974926028349	15.7626868984411	15.7023391884938	15.7534259507394	15.9572199435181	15.4869226723652	15.7263419154296	15.5918324446197	15.5370598769525	15.2147183428801	15.4625286598544	15.3513931341966	15.5045913034558	15.6792893861846	15.5361169550855	16.0169928811435	15.7774642145409	16.3539380420541	16.1626116412299	15.5105331338658	15.6864881483069	15.9107457031164	14.9371197824172	15.9191031371158	16.199809603529	15.8446590433339	15.7250510053357	15.9401102051728	15.6816254569911	15.239857776195	16.2502629074183	16.2064678448223	15.4741073319051	15.7116160731324	15.8054586396818
M300.8852T45.82	16.345475143741	16.4692097645553	16.5721301583606	16.78819714642	15.9925669818079	15.9187832525016	16.7715809874024	16.2996430305366	16.2675629255735	16.3197864708681	16.2684150414421	16.4267095064031	16.0257607803887	16.2906192949606	16.268665452824	16.2526189914524	15.8328095753875	16.1646641396167	15.9905377059852	16.3658052381416	16.180666182619	16.2745083928222	16.6948443845328	16.4860436933807	16.6085178809914	16.514588762535	16.1176801661693	16.2110588169428	16.6451337023371	16.1284206177832	16.3376702417196	16.6316566000355	16.5913482593072	16.2771117791782	16.4720511386747	16.312528824282	15.9176900128602	16.7987286736716	16.5151901787806	15.8415268483167	16.2512881123562	16.4535974148692
M368.873T45.68	16.1771864021651	16.2143007872287	16.3129296593213	16.5322658781673	15.7105039539469	15.5343355332029	16.5044693206593	15.4631134355921	15.9522286617159	16.2020146608171	16.0992161280029	16.0878948916381	15.7745102368254	15.9857172114769	16.0880957588445	16.099848552214	15.5866273865367	15.8562364399224	15.8961648741876	16.0459497983255	15.7881436967244	16.0322840789785	16.3709085744053	16.3179561260934	16.2722883382447	16.2290369399825	15.7759942041128	16.0397903231054	16.3949116481057	15.9352848904096	16.300842807681	16.3294425695585	16.1332184165414	16.0797790690403	16.2857240770696	15.7925294870984	15.7048628232703	16.4942262499174	16.272503415711	15.678428935536	16.012632337188	16.2181022361462
M98.9848T543.69	17.218923859426	14.8815259180888	14.9683795882461	14.7706677524508	17.3854923813814	17.3844781373763	14.9373926024205	17.4049925627784	16.7672426664269	17.5128222646717	15.7570041068602	15.769485315298	17.5429175273131	17.276932194343	17.1003605895156	17.4257129239755	17.0276401790626	17.030836031179	17.2266184953986	17.4495052663747	15.371748602031	15.3548190108733	15.2697290184879	15.3998383982949	15.3121085315893	15.5202287793008	17.6963260103815	17.3647182326977	15.2990113283647	16.3776437737432	16.9482277020189	15.0139671290174	15.1268347391669	15.436565433352	15.0206844886833	17.4074870452555	17.043461106826	15.7332083402152	15.5076241560573	17.4439809144823	15.7037377142687	17.6890394263682
M99.0427T38.63	21.0560920393314	21.3951016035347	21.4259526980672	21.2111735164858	21.0452777523055	20.9665525172608	20.8966186647006	20.9611554762018	21.3071293192384	20.8018216201259	21.7111378954501	20.6228797515554	21.0043260138274	20.5929532698012	21.0657756095347	21.3386787564127	21.1196214326142	20.892993450236	20.9406491594498	21.1037894658228	21.4575831202911	21.3931343405484	21.0695930926317	20.183825196548	21.2164367605905	21.4423218037704	21.183355945961	21.1617460803742	21.3081796668944	21.0344916949678	21.2042225180505	21.4552876296581	21.2860356748799	21.3176355470376	21.2127093409204	21.0938615320271	20.6867614420413	21.0174740235916	21.170321864884	21.078816887143	21.3869592246979	21.2456126145411
M105.0567T61.54	14.1207233113837	15.2759335980859	14.6977678196754	14.3697785097558	14.350087864858	14.4629811648577	13.8219683351326	14.1304585847938	14.8236562896673	14.7184308191377	14.5884584989678	13.7738502664098	14.6143050934581	14.65933676967	14.460986356333	14.7745699028829	14.990224844149	14.1735490251204	14.2826235911416	14.0889570030015	13.4559526109092	14.3724971248888	14.13769247556	14.3382250994139	14.0126395741445	14.4516900566405	14.7226623655281	14.4883671705385	14.6572543301455	14.0420539215727	14.9649752045213	14.5642609028	14.6109634540238	14.5467156736891	14.559241282524	14.385305146373	14.1402921506365	14.2084371093156	14.3474186739971	14.9350749204235	14.0984625403513	14.284461154329
M150.0589T61.54_2	25.165476510947	26.0420263114846	25.7142385065658	25.3582083816921	25.4933316684249	25.3843479821302	24.9793545049483	25.0814489554367	25.8977292772332	25.7929259659217	25.6342901040715	24.7960011235127	25.631200326505	25.7263660452715	25.4140021121717	25.7924811511588	25.585717027245	25.1491198950039	25.3040671419644	24.9403502387006	24.6551720302291	25.4581564179172	25.333606009115	25.193466073123	25.269426430103	25.3210120796883	25.7342851599757	25.4754894289297	25.5313086328849	25.1665698548181	25.8539708033185	25.7003578967942	25.5544811584699	25.6820184181907	25.6111355715792	25.4532931321592	25.1378578273942	25.4370954671483	25.5721244603422	25.8382699600823	25.2007742036679	25.188012789458
M104.1076T48.2_2	24.1402367246951	24.0044544841676	24.3361532758267	24.5001190144387	23.8678500194298	23.9786677366753	24.693972215194	24.018538541125	23.7118880586949	23.7389447459877	24.0449194116197	24.1992521822167	23.6094547467761	24.1599612526749	24.1916616417615	24.2581546032454	23.827171564381	23.7549676626837	23.7787103991902	24.0178918806551	24.1799979539061	24.314895576677	24.4051285114216	24.2622060831618	24.6199806029901	24.5516650850208	23.7408235292024	24.2996488534308	24.3421811911686	23.7699913210109	24.230653175992	24.2647370262755	24.2816854122961	24.1320697441422	24.4178346659844	23.8119318289049	24.0473437943797	24.7577136146998	24.4002032353099	24.1196266231005	24.0379396263198	24.0324750984777
M106.0376T293.01	11.5223643028732	12.1649167850828	0	12.720838833546	12.1962571785483	11.95535566238	11.5525019932726	11.7340242651276	12.8126016764557	7.22484841775356	0	9.24605960133225	11.5327505323643	10.6585958712594	10.808844110993	11.6622776325655	11.6835355130418	11.7785322655931	11.9850155419094	12.728350450282	12.0948754865874	11.9355038319655	12.5419112281862	10.9667970852181	11.4384461297124	11.6864061568388	6.41667134297639	0	12.2379088929073	12.6353168237314	12.8296357812487	13.2850132254313	11.6536123451762	12.6372991816188	10.9992513341512	11.7010362485795	11.8831158155612	12.3267171352371	10.9348082552268	12.2789285584665	0	11.997690237069
M180.0665T293.16	20.0270799839002	20.2415603413871	15.9666022916088	20.9608433291863	20.5534576885781	20.2720494141909	20.2032379923979	20.1622554482029	21.0363935138768	19.472599680676	19.9131598391885	18.2440812846895	19.9118756101082	19.1142229048684	19.5438123978288	20.0932017796435	20.2671986597301	20.219321858932	20.2953393515881	20.9278730174597	20.4835631090084	20.4312442951814	20.7315178592492	19.2027068483778	19.7206185065511	20.3403730697518	16.0921993055726	16.0981183660172	20.5017101939023	20.9409130257467	21.0092338070932	21.5381256825706	20.2535249968067	20.9009208502025	19.3988527769148	19.9287779482911	20.251972254979	20.706483146225	19.44705193381	20.6831381935229	14.0304097642672	20.3447942258896
M291.057T293.01	11.2942768553241	11.6635659403047	0	12.3654308966123	11.9407152586157	11.5728630056771	11.5780200915269	11.470491062344	12.4524298779317	10.6068618982698	11.0569838753572	7.76099950564682	10.7404501076013	9.87808877733856	10.8567247719568	11.4220625418127	11.7497831941724	11.3530465326071	11.8098403672106	12.2805434255741	11.7219118433443	12.0704684739705	11.8127929580499	10.8143404590055	10.7891687635909	11.6125924604443	0	0	11.8762523420171	12.1746890255936	12.286237739962	13.0323249300256	11.6727790081529	12.265907057731	10.5167493274257	11.3236020518582	11.5972340258521	12.0635402602556	10.5850827349017	11.9862991756042	0	11.7108724636746
M296.0725T293.13	11.6170139916085	11.6615930927692	0	12.1557077221494	11.8777554756325	11.7928775404233	11.5944938985727	11.9873914645748	12.378551456195	11.0460451872303	11.4234353285789	0	11.4262909637456	10.2584917094106	11.6541941760838	12.0541214418311	12.0074500854774	11.6977788671059	11.920027638241	12.3827455788057	12.116191810289	11.8757413216817	12.118768313885	11.152376264797	11.5211346698856	11.5145844775088	0	0	12.0022557675182	12.5459274123641	12.2264712607004	12.5711455474508	12.0955702987469	12.2224659609664	10.6604071252445	11.7152601729307	11.4291123979102	11.875950448331	11.2855032818806	12.1753739810802	0	11.8401285049809
M342.0783T293.09	11.5612489872675	11.406668922284	0	12.3968784932818	12.0479999024931	11.5556767477763	11.6064795143127	11.7761396545996	12.2656939868976	11.1544365724637	11.5186306114996	0	11.173503765868	10.9730383625893	12.0882350619201	12.4927385903463	11.8056919662846	11.5957170189582	11.9177939248734	12.321962765592	12.3016773449863	11.8605508561726	12.4642703250422	11.2232414597559	11.4515235628844	11.8901601231451	0	0	11.9357865369422	12.4298819097329	12.5904994980859	12.6155774167875	11.7538282455198	12.3700247114166	10.7546257839964	11.3362996435282	11.780038949147	11.8721781372912	11.2010986725747	12.8870945898799	0	11.6986138498018
M190.0178T90.48	15.476961270628	16.7226486977881	17.2281958661041	16.5204262066096	15.7282450668936	14.7748749811546	14.7957015567626	15.9634968881891	17.2282450835641	16.7935047740422	15.8951579080857	14.4638644625523	16.6422573255989	14.158784369526	15.4862953793372	15.771997816601	16.402643598297	16.7717439283151	16.139009091726	16.6794526803143	15.8214889889078	16.382029412733	16.4952346774263	13.9029848140495	15.6002754778778	16.3725318126629	16.3598303925387	16.0039287856225	16.7708092582958	16.3271038244011	17.0449775848031	16.8055866212279	16.2072171773024	16.3751736179577	16.7814985954988	15.9962460137121	15.8620571391813	16.5749741555205	15.1932194104384	16.362673594701	15.4174628976078	15.6525775922386
M146.1657T41.22	18.7092874308095	18.3671244223907	19.1924801651817	19.744721587285	17.8367914646054	18.3107382619047	20.1914406434728	18.5909435879496	18.4144684988056	18.794363997908	18.6685114055297	19.3630918613599	17.8662021711765	18.1238423312315	17.8271196139695	18.2263023375671	17.1475914521318	17.0140150174229	17.504612383252	18.0854711527097	17.7266389414301	17.1483662442383	18.315563323534	19.162645630537	19.6274190019477	19.0585979796592	18.1289398548759	18.3286401929345	18.3816249359818	17.9720597020235	19.2955960870581	18.848931207474	18.1572769316305	18.2397951469014	18.6894473590232	17.6731953178237	18.499291193836	19.7634334761532	19.2383617310115	17.9116402465475	17.9151246435657	18.4201556046368
M160.134T309.56	18.2203433382194	18.2172685271259	18.3051743679861	18.1865245379302	18.4531949388911	17.7587650375804	18.7800511376277	18.2229843287155	17.6335982161335	17.7945065057411	19.0019264683769	19.3878927668734	17.9823335895105	18.5843594079507	18.2168554606765	18.3416616940585	17.3741320191232	17.737582378643	17.7733332808725	18.2858369576315	18.2907596642999	18.159493623476	18.4286612822608	18.9208256994523	19.0319520988106	18.8521193052111	17.2505461118307	17.9828363275271	18.2634159178574	17.2697981181013	17.7567879036643	18.475539549325	18.5067388784674	18.4513611132791	18.164063776068	18.6501729872035	17.5985062295396	18.2662501161313	18.4701566368364	17.80553127537	18.5438730924276	18.7170930113176
M118.0869T54.62_2	25.1875999727223	25.9082163140495	25.8814689387347	25.4008234458174	25.4192537323168	25.5028307142119	25.2032735258282	25.2383496738252	25.5708156725059	25.5662488548466	25.3740806373778	25.1164091259149	25.328800118142	25.3962951187183	25.41448492497	25.8253528045697	25.6730843041389	25.3608448693943	25.5566054033967	25.3157357451229	25.2831536551279	25.3984042140878	25.2519700549598	25.101503250156	25.1580796511281	25.2968429323866	25.7042565951578	25.4445767487036	25.5828155332239	25.1007208580014	25.7205387485855	25.5427318525763	25.3552518066588	25.5166398325293	25.4033107831992	25.6128766834433	25.4144195218746	25.1760772186729	25.6376594377766	25.7010418268145	25.3598945909065	25.2353725430352
M138.0556T327.48	16.9676872306929	17.3115251252193	16.9782740354897	16.780359637635	16.7039954995826	16.9339198255388	16.4592735516834	17.6317702978821	16.9471052088437	17.437394612664	17.0284259044188	16.2387380909045	16.9430852575024	16.0365482376067	17.0583085329865	16.9889301737268	16.968890604911	16.561451425867	17.1227664856023	17.5923818666176	17.1871388540061	16.9281961069386	17.0970632117745	15.9263159141011	17.0156914853651	17.3768782070102	17.7446961890723	17.8045987507466	17.4737539285318	16.3352134863914	17.0017556328494	16.8363510488532	16.7601538970593	17.1415575958561	17.2490549724578	17.1337877256375	16.7831077100924	17.3391988693501	16.9663019815776	16.6373644833811	16.7705156129206	17.0767635394188
M166.0507T136.28	13.4677859693655	14.8361471885145	15.141486281398	15.1748514145949	13.2819790075506	13.0359553853184	14.841977370369	14.3827550414646	14.060347068827	14.4909847371815	16.9962718606731	15.9148227488457	14.2815788772206	13.4828484973727	14.8428492841295	14.6603565294082	13.648252080159	17.4040369458208	13.9947479654467	14.2919548778412	14.6425038262507	15.1581430288635	15.3916924381516	14.3901584086568	15.7994745522567	15.1518163223944	14.8587511844406	14.9211269639279	15.5728266614663	13.996963633544	13.9607618005267	15.732539826773	14.7906408979567	14.768844796202	14.6438696985648	17.3095718901765	13.2202241476386	14.9308101006587	16.8884435466751	13.7667539571043	16.593555185674	16.8641138886758
M120.0816T358.05	11.4129239749826	11.522085355751	11.8137467361155	10.7083952964077	11.4972493414193	11.8090131770475	11.1813321405534	11.675931081844	12.0697445843017	11.6032103798548	11.2754774416621	0	11.9596321769887	11.4741264495758	11.3606781133598	12.1383294083416	11.5065343954118	11.5226822674616	11.3077691283536	11.3405476974222	10.4495323502838	11.3255012026421	10.8845652399104	9.27511013332728	10.0833074869418	10.737373563051	11.8669986260299	11.8619593727679	11.2704473767032	10.9494773578123	12.3911234448671	11.2276004648715	11.007036591702	10.7115301612019	11.8358303619809	11.6024587823533	12.1916142161562	10.6955050283993	11.9526596571712	12.1845608439734	11.0685516698632	11.198214824051
M190.0873T358.21	13.2405481776946	13.4261643895738	13.4938423817711	12.7882916140398	13.2666890469123	13.7566754955556	12.4656741644999	13.5351707429723	13.7779139960702	13.5470528970927	12.9835539409172	12.215843899495	13.7159398051313	13.3754710052853	12.9942807050228	13.7236680227272	13.3732047315935	13.1955879347428	13.1161030332102	13.1329128570981	12.726333451619	13.057167038799	12.6063347419722	12.2191707445055	12.0056490626349	12.3469458273837	13.6121494232517	13.5225814833163	13.0660353916931	12.8532293225453	13.9505526473357	12.6683611785612	12.559486612679	12.8624550519921	13.5253949210984	13.2760472319039	13.9465553004269	12.291336178361	13.5658522005736	13.9197824169631	13.0651346719901	12.9937753976664
M121.0845T114.03	18.5321404218312	18.961732535403	18.8569088784556	18.6244962172167	18.4423911526817	18.3303579921469	18.4976040189518	18.5022640022445	18.8640709233876	19.1583287891586	18.6356000281485	18.462648914115	18.4408046907645	18.6697547524455	18.5081750228028	18.7546631030798	18.5177945446538	19.0401734535601	18.7042673288578	18.6350609502466	18.2967384270033	18.5486323991657	18.5378725313191	18.5736908674668	18.549476092202	18.613775423502	18.4690819148316	18.6826163634617	18.9084689365381	18.0590380954035	18.7695397987511	18.6204599063254	18.3839663669627	18.5622519526113	18.696986248777	19.0785502857683	18.5586024975489	18.302978455687	19.266323182911	18.6006509384496	18.77115342891	18.7814511921699
M166.0866T114.06_8	27.0338547973184	27.3968394828166	27.3866501499558	27.1186179688047	27.0246194736002	26.7408511190477	26.9981204681142	27.0506257510061	27.2593781539352	27.5610409463062	27.2662769153912	26.9348114480537	26.9617185287225	27.1417344696846	27.0608258365386	27.2395017646536	27.0018619735112	27.4307915615423	27.1743172837971	27.0855674922332	26.9219033604055	27.0416858202614	27.0337919371802	27.0722828852073	27.0440053267107	27.015835478749	27.0062431462812	27.1512761516776	27.3357616548681	26.6158888148639	27.2047410499587	27.0873147055936	27.0338122115899	27.0527484363185	27.1226843705721	27.5642669007186	27.0532267348321	26.7962798785409	27.707096411006	27.0979413129081	27.2264776052108	27.2761721325509
M121.0725T49.96	21.7361417535353	22.0959308766434	22.3508601763307	22.1814434865687	21.7665113109849	21.4092182053683	22.0795136775213	21.9237048464464	22.1967823151124	21.9685821904975	21.6736782271757	21.4438202665301	22.0483623080634	21.8810289231966	21.6891691274925	22.0452135755968	22.2044988161443	20.9751493830465	21.850748631904	21.5813667879432	21.6477381218268	22.3404748040506	21.9623291206292	21.863986055647	22.2152476098808	22.1785918579235	22.0778087347262	21.7646960255635	22.0140742268804	21.2900767270245	21.8472787097111	22.1944388808107	22.0416087898103	22.252361373673	22.0151678510418	21.189033042622	21.8743955726193	22.3360489150128	21.9891914904994	22.0270441575066	21.7175267945371	21.3727201200445
M121.975T47.9	20.1974136000575	19.9153603156046	20.1979270854131	20.1011847875208	20.2032916413616	20.0477940089576	20.2743345688858	20.4460518311461	20.2200616772699	20.1530918940727	20.5841081599501	20.3856093473498	20.2904993956908	20.2184049079073	20.1993776597199	20.2603185040659	20.2296170622138	20.1357142550749	20.2439587221164	20.2050193803476	20.4639239604579	20.2325918144305	20.2449435063955	20.0661961133828	20.433345769422	20.3868562570686	20.293217072139	20.2208302761302	20.0210960292927	19.8124598112038	20.2955723679733	20.2343329986081	20.4618229191766	20.1701800553302	20.3292051936154	20.3150576790295	20.0866714838322	20.2788156495966	20.3492207288731	20.3338180589112	20.3683948793358	20.3554681572928
M123.0558T58.58	20.5352358071391	20.5424421056872	20.5731056904391	20.5300230338544	20.6087281271279	20.9449269038072	20.5702490011059	20.4402082111929	20.8224340921451	20.5367275646026	20.1686381125984	20.2806155870658	20.572608315006	20.113012857934	20.378929404896	20.7388624706481	20.6684728058123	19.6573527878219	20.6295026394508	20.3014176872086	20.0522394944365	20.699573306905	19.83937918081	20.3537526040641	20.51277358919	20.4359196259264	20.6783835194785	20.64233362364	20.4282882184307	20.2062725753931	21.0463508443705	20.4369957699851	20.4471276931371	20.5905446759199	20.9009256700237	20.0852969300566	21.2279824435845	21.0211989550802	20.1934268164518	21.1536715557565	19.63516503943	19.6355680432764
M126.0666T198.93	21.598117895878	21.5836844955401	21.5301898383214	21.6734677857942	21.7413542552547	21.3201119519531	21.7175639124566	21.5005715621544	21.6309563599738	21.6373397519729	21.4439178319101	21.6002808134635	21.5434099678304	21.7157345184177	21.7095255403639	21.6479500570051	21.5569154239548	21.4102365343006	21.6839390858509	21.6085088398467	21.5230526056746	21.6059024872262	21.5864754363788	21.6757312967667	21.6547685017782	21.5587729883262	21.1186737472595	21.6898756309212	21.5736131231361	21.3658916405038	21.4060225511022	21.5847735328174	21.6551401731472	21.7928947642194	21.6607910539369	21.3613486709799	21.7388835840697	21.6119643019791	21.646073607876	21.581847294631	21.6369726489764	21.5666147545515
M127.0507T111.44	17.4450226578414	16.7149206252965	16.7655877305017	16.7590469435335	17.355202972926	17.1083028426301	16.9119589884732	17.139855633173	16.7262814205675	17.1273468973461	17.2516884339359	17.2719258508899	16.5951018959197	17.5805331990433	16.8425583242109	17.1688622026104	16.6881446183077	16.7567823487883	16.6751777376362	16.7406045748681	16.7604221540117	16.6304750470294	16.471858555734	17.1804478627017	16.9261071648396	16.7986176944252	16.5457223114275	17.253598748823	16.1477939689271	16.6591587451942	17.03500589515	16.3526014925869	16.3800961060949	16.2957167159226	16.3500484949056	17.4599685887507	17.347611346333	17.0438386718299	17.1244834163256	17.0404865276244	17.2508165471318	17.6849335687508
M129.0189T63.2_1	18.1024622878228	18.3705031201728	18.3125904461463	18.5540055389349	18.4055302273244	18.747557725143	18.5652167458737	17.6241747729583	18.5692398061371	18.2944074531762	18.2962753093784	18.1722088754102	18.0068458951977	17.9508166411297	18.0781501874805	18.5390153184419	18.4970719712583	18.4321367360909	18.4163127684703	18.5125137265802	18.2939155240479	18.2223628128153	18.5573702169512	17.4018592695384	18.4240977910896	18.7097458397193	18.1490497737671	18.4091928203575	18.6892605848538	18.3254473862519	18.8678853462673	18.7064907324403	17.917414197741	18.7015794753269	18.8643941723486	18.7002565096686	18.6802763959384	18.4048592844164	18.59193039912	18.9995921603603	18.7403967216277	18.6593861707269
M147.0294T63.16_1	18.7209600175034	18.9124089179041	18.8658466121612	19.1150862103357	18.9909988077836	19.2785060112511	19.0566896169644	18.2334396646318	19.0490013102082	18.5481729890828	18.8568472026941	18.7429745555859	18.6301978066119	18.503636405004	18.6037051292159	19.0178126860163	18.9975400475672	19.1417373806733	18.7955320055142	19.1179785179731	18.8884141509918	18.7944138686018	19.1799719720903	17.9900332994981	18.9932585243357	19.3213282954278	18.6522541726887	19.0465717155496	19.2550233103096	18.8616034023063	19.3894238015078	19.2034604938223	18.468594635793	19.1737671304715	19.2750607459838	19.2880571700554	19.2287859821523	18.811452384014	19.1771080428696	19.6014996840084	19.267467844566	19.156163177968
M175.0244T63.07	20.0115316058345	20.2331384157783	20.2514156059115	20.4479207131534	20.2917637064239	20.5936447850829	20.2649834754883	19.5969083360784	20.3967086618886	19.8866030999717	20.3350110516647	20.032918413269	20.0084600561117	19.816709195029	20.0135568285031	20.2647336536753	20.3709258160911	20.1777541280434	20.1172054878617	20.337356107873	20.2337859398078	20.1052316286999	20.427154125685	19.3157374292874	20.3811399670345	20.5645637563997	20.0327133949041	20.2909874808212	20.4907687725142	20.179256242728	20.7065792911312	20.5844661837921	19.9697724251294	20.5039406950854	20.5441321994862	20.5483493748876	20.5220062858839	20.2012298568368	20.4670633217261	20.8194719255105	20.5833769807994	20.5487911621979
M176.0277T63.25	15.6738490380108	15.8300295112362	15.7410014390376	16.1066003573542	16.0227066708925	16.3749227500153	15.7963870927717	15.0425673492115	15.8186822426562	15.716592589794	16.0475893288826	15.7170261992097	15.8177285790921	15.2981808374998	15.7272453920522	15.7248260122624	15.8886837732405	15.9599666664878	15.8099510572649	16.0733883869003	15.8446291998463	15.7737575001758	16.0838437942178	14.7015477256036	15.9823637434498	16.0617847443578	15.6722300354813	15.8488115738801	16.2535524199975	15.8284321243066	16.2383322589192	16.0925213188962	15.3865251463415	16.2317345127026	15.9647951187453	16.1160195103702	16.0883501340917	15.8640554266838	16.1865464094814	16.4845660481608	16.4002615367962	16.1928586582837
M194.0384T63.11	15.7484698986773	15.9781876147808	16.1076468254653	16.2514366328292	16.2239609318273	16.3743727701319	15.91031252656	15.3106033018159	15.9286785524169	15.5517030504238	16.2047955186702	15.7079712170025	15.8372718662984	15.6377885522346	15.7346743435566	15.9229382030081	16.2361264307438	16.1275865142622	15.9195619871696	15.9840166488464	16.1020832208547	16.1604138656513	16.251382499575	14.9858184886677	16.1928028595662	16.2600683015317	15.8182072258409	16.1092514010307	16.3757930711751	15.9546784480594	16.4005748291494	16.3396625790587	15.9328475845222	16.1445172727327	16.303153132972	16.3220360963762	16.3868060284079	15.7451653480503	16.2355329569974	16.7289604078183	16.4718821171357	16.4017085158564
M215.017T62.99	22.2956208995392	22.4769066387525	22.6935376658785	22.7270486716358	22.598939974585	22.765482008781	22.5311173409427	22.1304988844038	22.6327477143146	22.1220430664041	22.7886828856232	22.2773040984972	22.2626153412197	22.0581714117311	22.4060107345252	22.5492879888597	22.4740909984065	22.5379750265867	22.3110875884654	22.5562538201115	22.5324293924755	22.4368950252581	22.5254593306492	21.7631343018757	22.84103915472	22.9243742134835	22.3743716252725	22.606821983915	22.7058998235448	22.049945937512	22.9711954988463	22.9946555931953	22.5954831003221	22.7289945505328	22.8402690141608	22.7723570343134	22.6772588716693	22.5440178624741	22.8062572219658	23.0911049662906	22.7470968108597	22.761643522918
M130.0505T65.44	22.806795206395	22.6821815897918	22.7334913775302	22.7166814426612	22.2880595386773	22.119344936287	22.5192247713401	22.4067570097797	22.4189352863984	22.3752671141711	22.4369668996161	22.512167889426	21.8970727156487	22.2968051069106	22.7731353549477	22.816799609778	22.240791721781	22.2374517499349	22.1231561421853	22.6670619669265	22.2969553388879	22.4915208081252	22.7104547027571	22.8636877086363	22.8864452949851	22.9956118101538	22.3647724623013	22.6483503261508	22.5741995728017	22.4692646967448	23.1304260036334	22.5003851768145	22.5421689385212	22.264171328038	22.6663886702045	22.785144056383	22.8804560193071	23.1363962467754	22.7886371974957	22.3132806978614	22.1887786107313	23.0320121791557
M189.0744T229.82	20.6070470747958	20.6006315143446	20.7724570861187	20.2545986672711	20.7536556642219	20.4394828236175	20.2596155206113	20.3339087556711	20.6742714021723	21.1779920004593	20.5904507202583	20.2066628315759	20.2427305289622	20.8073860172704	20.912967656091	21.1104292308039	20.7725697963228	20.5853372866868	20.6928756949999	20.8135379398899	19.8746701958301	20.1935457902425	20.6103294473412	20.4047941340979	20.7252507615642	20.6259810540626	20.5890823927973	20.6293003229134	20.5315694295123	20.208509626733	20.8348797212473	20.5767518983765	20.7156150550309	20.4176420455514	20.3197953330919	21.1191319147019	20.5503899824879	20.4214886971621	20.780875892025	20.6396361397225	20.3680971017242	20.8762188150868
M204.0902T229.84_11	17.5012629783351	17.4413338530429	17.6374558771674	17.2334977338096	17.6777728019192	17.3443303617798	17.2080201128725	16.8386358550292	17.5126892829038	18.2719298696502	17.4318625260138	17.0196451764373	16.9956515549953	17.7520510483653	17.8182539636696	18.1103162817546	17.8421329824785	17.3691206926554	17.7061635112986	17.7606958880346	16.4137953944198	17.0193989311463	17.5007404353085	17.0812743969414	17.6826926158136	17.6793825843638	17.4989668134273	17.557826763566	17.2299066040353	16.8824928406183	17.8249020956114	17.4826747916198	17.4136874876707	17.2810985120388	17.2086381074764	18.0597105228437	17.1695309443663	17.3686609544874	17.7083086254915	17.5335774086825	17.2924004716164	17.7329057734819
M205.0977T229.84_4	26.7433972093096	26.6769195058187	26.9619211071628	26.3961496557284	26.8995207016329	26.4874008722393	26.4010348215807	26.5483874022705	26.7921525213965	27.3059909206717	26.7856272098744	26.3801873457296	26.402285420133	26.9085330101333	27.0773538265928	27.2383569825147	26.9250254014325	26.6873524419142	26.8631389010805	26.9157473713832	26.0651535364164	26.3904791667271	26.7444447512406	26.5086742361747	26.8305641137539	26.7582769124332	26.7289846646075	26.7325646685344	26.6345360009231	26.3823726048665	26.9524423526568	26.7272939371171	26.9237623597098	26.5653828491734	26.4645126129334	27.1986522669236	26.6863447956673	26.5474172376218	26.9003806918393	26.7827207986007	26.5431761760509	26.9995508765593
M221.0924T229.84	16.1931238415367	16.2839842097194	16.497724752144	16.0105942296499	16.4532236452501	16.1421489810666	16.040004840618	15.8754865081459	16.3487611790266	16.7368827490492	16.1324864466527	15.9453972921762	15.9286116754356	16.4827483828212	16.4772290283992	16.6308621150755	16.5730008994668	16.2613034617837	16.4395287981934	16.4834494779077	15.6483395553567	15.935203861894	16.256185169487	16.1382195687502	16.2513852767699	16.4376978298303	16.0767961930814	16.3583103418623	16.1835161141019	15.8851970834095	16.4311783288317	16.2141092890384	16.2075084990339	16.0539387985732	16.0191565013328	16.679223122246	16.1194953496564	16.2571168043507	16.5110823853255	16.3537119274144	16.1543668721956	16.4927475141836
M189.079T443.71	15.3507952176467	16.812288180233	15.8233562817908	16.3229927777965	16.5096866625646	16.4895253458746	15.9144328717165	16.6711222175503	15.6981890947229	15.1769807470422	16.8628186061133	16.286748338079	16.2673960518803	14.5868380151474	15.4625934094401	15.9115218272906	16.1536409104302	17.3087522490462	16.2068660076144	15.8471817425675	16.1734469553662	16.4231364239493	16.3479616121663	15.5573081455207	15.9057803157568	16.7634085354571	16.3379730358696	14.0203203661967	16.5534194161509	16.2001049824407	16.4994053457031	16.90319107613	16.8396483092245	16.6259785590766	16.6436171307987	17.5402982688316	15.5758852861943	16.8684803089964	17.2573647327318	16.6928892742962	15.9622309486175	17.696759149128
M190.0869T444.83	18.9836746240194	20.1294869681517	18.9310394596397	19.8026234232577	19.8689091477912	20.0845067114671	19.2992105506369	20.1156620621164	19.1501163421303	18.6737111228075	20.0222882921724	19.4915222729152	19.4819148228622	17.9347647893405	18.9411184159456	19.1539691117386	19.486554812252	20.5588112970176	19.8561210437171	19.301167717215	19.2482306325597	19.7852683342669	19.6735737934677	18.8820507804557	19.5234219976513	20.0147990920359	19.8081929984474	17.6777376973556	20.0908139523662	19.3802714655958	20.0166351790942	20.3103175315829	20.3071899452	20.1387902470879	19.9802854465644	20.2299676406775	18.9313346775238	20.4325266697547	20.3333028262348	20.2782831998373	19.1068582532768	21.045702310371
M132.0532T387.55	11.4227270392762	13.8972535726174	0	13.971357186721	12.7977486425245	13.6052953006701	12.9972980373249	12.0778492037296	14.0512323641786	0	13.3400112043872	0	13.4851429229813	10.7703824013134	11.9271832453568	13.3062791797401	13.4516584304766	0	13.1275177344921	13.3415217610477	14.483590440646	14.5299630927087	14.4337528262922	12.3632286199321	12.3215168070155	13.7404827607464	0	11.2210475865022	14.5043331066517	13.7259257364915	14.3971327039974	14.3872684680858	13.7658861776862	14.5671469021045	14.4089425574349	0	13.490386622932	13.7300691301785	13.4347779145024	14.2843311653214	0	11.8038733523035
M206.0821T387.66	18.5164075432926	20.0162595398693	12.6291596778991	20.0731468526746	19.0161905913438	19.716635399618	19.2345549364145	18.3487950241038	20.1790880969601	0	19.5470397762856	8.36961295025647	19.8551655352425	17.2913331817566	18.4193907433008	19.4349617987575	19.7007094247627	0	19.3993375135323	19.6413670437299	20.6586140429861	20.5554330203591	20.4578386508485	18.7772281157521	18.633820665324	19.8181213735496	13.6188684390681	13.854784878061	20.5469657830905	19.9601085209934	20.5084889692028	20.5664048623401	19.9646963662273	20.5478216848318	20.5552326103392	18.2061766439077	19.8659572707631	19.8237900777771	19.6386814448908	20.3907514553904	12.2491863283815	18.3026631054607
M132.0451T326.65	16.5625226781469	15.8453109904598	16.2845175955053	16.3037197612831	17.1935523060321	16.7633991743393	15.7606957241147	17.138284253429	17.3232685180165	17.595027316333	16.8379730174056	14.7100087130671	17.2941251946704	16.7576426942327	16.5676779666749	16.8201429603624	17.3578643302214	17.1454131691582	17.4388122787258	17.2134560895192	15.6377358814986	16.1921346384107	16.118051773092	15.2010571355877	15.9250093724305	16.466418578315	17.6322177057621	17.3260085241086	16.7304158082778	17.3756694767996	17.5510090639701	17.2634611947167	16.2669176421705	16.8204210730894	16.4667583550113	17.224551969517	16.7724622174895	16.6067151054503	16.5269778935203	17.3131665924107	16.6989134822766	16.9449690422051
M134.0607T326.57	16.1445964584404	15.2875167770824	15.8147415427442	15.7929749942869	16.9393510170677	16.5305928073394	14.7720040772843	17.1523610926578	17.7704302959573	17.7141410115834	16.3933463910213	14.2535351751485	17.3492428577601	16.7162260928456	16.1240730738904	13.8203185038607	17.4186691266194	17.4374249001461	17.7747426654835	16.972141884461	12.9606398284178	15.6165708074764	15.4957966497577	14.6045045618711	14.8056961435851	15.6019814347299	18.2478747161773	17.8489307803625	15.9799993287913	17.3406617395893	18.0676562692924	16.6702307937115	15.2577569404813	16.2726167104863	15.8866444070979	17.2261463220758	16.5470525244931	15.9996303160752	15.6726456893192	18.1758599261821	16.441148805331	16.6901938164997
M150.0557T326.9	13.8966627416476	13.044388034982	13.6941008416568	13.7426405501911	14.4955996748296	14.0003074351562	12.8188724245117	14.554211509114	14.6063590663106	14.8132311512376	14.1737878977817	12.0578429366277	14.5035859452373	13.98231219127	13.8760970623791	14.1385672725308	14.7571948805457	14.2441533101008	14.8053462259942	14.5664321323242	13.0392315766598	13.7102131192796	14.0064473979765	12.359894908054	13.2372614370937	13.7043539027348	15.0278029813966	14.5075188283647	14.1111795960199	14.7384732050226	14.7493094692842	14.5920442405475	13.7390325714529	14.0840246380185	13.8114986253699	14.5002087010743	14.1706980601931	13.9079852358571	13.7700783127708	14.6112507202064	13.9201372514641	14.1133705946977
M249.1035T326.23	14.6152322571383	12.0276802787811	14.4340439893632	13.5487695999746	16.2390434765413	15.2687798312178	11.4339566556153	16.4478562906831	17.8895147650986	18.2357598310348	15.025011905776	0	17.0358809567199	15.7897847067687	14.6764262699789	15.5917181057279	17.2968068568281	17.2617617472591	17.0957028681186	16.3078703001333	8.45483384064674	12.7862839178736	13.4131267924218	7.17179426241245	10.996222615252	13.5188974038668	19.0165298801887	18.1143259587643	13.6776457950807	17.0005453954873	18.0445050461283	15.4938871389508	13.1253183618399	15.010719849628	14.0515804023886	16.9888818598092	15.2870257063715	14.3304500694143	13.6012239200207	18.5913652305758	15.2295607336873	15.2834023128702
M264.0906T326.07	11.7769392478365	9.47172459095772	12.2610982962024	8.02907478412918	12.9002811432936	12.1384579650655	0	13.7990626852319	14.0008492775839	14.2652165548418	12.7765715550912	0	13.664959625194	12.6642916403952	11.7040403892731	12.9150323050385	13.7012944400615	13.4814665180631	13.6589791143989	13.2580137832827	8.59984757604806	8.55157152346469	10.4190552179647	0	7.52166582566677	11.1027848080934	14.9780638160827	14.1297068422639	10.7436366349723	13.8770273183247	14.3531825760259	12.8329645775181	10.6881344600536	10.9239673984244	11.7661753144803	13.4581580057122	12.2612074885235	11.5927360489824	11.4241994054592	14.5580418594276	12.5480839626864	12.3359272161029
M265.0984T326.69	18.5005218313752	17.0361815396127	18.7635892190509	18.0597899471983	19.5629857916668	18.9909795721285	16.3680822253012	20.0713683390156	20.3433819567841	20.5852818825656	19.2940472126531	14.3126718074812	20.1865004701336	19.2735571029438	18.5277032306067	19.3927410212376	20.0235079049671	19.9833011961675	19.9512490804945	19.5613744419069	16.0886603809426	17.728569390045	17.7006606569902	15.4723541554417	16.1516681802405	17.8104078058802	20.9519031103117	20.4908477603775	18.3000490277388	20.3101753358408	20.5960924532764	19.3639432946773	17.8104177022115	18.8736873433795	18.2281946856593	19.9090726725759	19.0971778460755	18.3259364663195	17.8971147283203	20.7160938306788	19.0159516954617	18.8985725139146
M132.0452T262.73	16.550857016429	13.9280656611636	13.4758174507443	10.0387024867706	8.01033191065873	14.9351596131888	13.7618374438814	18.2185897444594	15.1302778672501	17.3544342152272	7.03858614102346	13.4858429011847	15.7713347573106	14.4961619400963	14.4645244468673	14.071457122112	10.6387983282303	7.28176903541663	17.2987754263646	17.9019010222908	16.2025688792291	15.6708427461023	17.368551855807	9.26426719641369	13.7915065535437	16.500886959654	16.9399116369387	18.0483491919217	15.5548490806961	14.3603416588786	15.011968008764	14.9083171382675	13.9015686434097	12.9338359228877	13.512589870975	9.37861879041299	14.368887256448	15.5212899168329	14.2731410150207	15.5667764456298	14.6589536130012	8.4232955332196
M133.0978T41.97	19.1126909840977	19.6867580628747	19.2058255605225	18.9118015042254	19.3951275891876	19.3564117960673	18.8898754237827	19.1442082086939	19.272389998289	19.6951140446949	19.6517580891465	19.3766211622878	19.0309928995062	19.4907418013594	19.0185901608664	19.4207717731956	19.497942177835	18.8358959872854	19.1974904471974	18.6506524396847	18.5437948057062	19.118058133553	18.6763390803609	19.669360510674	19.3069334059829	19.0172357357595	19.2781680803166	19.1149914572182	19.2502010944978	18.5514220644604	19.4000790371815	18.7928774775559	18.8122323050808	18.9799358786238	18.9179676721622	18.9652269042546	19.0321829364568	19.2363961756182	19.4569901724915	19.373997012523	19.3420848283957	18.6428128189837
M245.0494T43.38	16.1124863235679	16.5772753037293	16.2299946753097	15.7963415820764	16.2114082573869	16.3218285770177	15.738233042532	16.2469455194891	16.2726934403376	16.5877958952112	16.3932487975463	16.2878686055168	16.0328136257132	16.4204839672554	15.9852754218709	16.3638321217476	16.4498754053664	15.8478238794455	16.1164853581906	15.5525914657614	15.5136192992894	16.0496414601318	15.5534054721579	16.7272737588427	16.2886207639751	15.9490006093889	16.1695568187136	16.1881981389519	16.2239841141105	15.5798572504976	16.3572387674875	15.7221204779077	15.642180083088	15.8217076916571	15.9883762959707	15.8864212514268	15.736199729744	16.2270090015633	16.3284221557357	16.3529347427789	16.2226950403286	15.5969391287096
M381.0248T43.37	15.3100201770845	15.8205238524627	15.2474219012547	14.9938336860163	15.497293575401	15.2955517752242	15.1857733337977	15.563908264546	15.5081904396976	15.8012064688224	15.5486442190047	15.6358197752324	15.1816572655285	15.5290844359681	15.2643573850212	15.5751497126832	15.327003037731	15.2093681074944	15.3986254202081	14.6322526471189	14.4816112348375	15.2979244762075	14.6460566766953	16.0032455915901	15.3890420296972	15.0761566966931	15.4052237929677	15.3923271835684	15.3616382034848	14.82331819713	15.455101974496	15.0532628294113	14.6910033797026	15.1453903466877	15.0867010419916	14.9993040789696	15.0577823789665	15.5233986132656	15.5066115835916	15.4466305809039	15.4187567998997	14.6297082278911
M517.0001T43.36	15.4896238510867	15.7733210605416	15.2978930530949	15.015750220098	15.5075548440155	15.5785596708159	15.2080603903195	15.4048949339848	15.5370955447323	15.7968117824772	15.521740272699	15.6895324950691	15.245571605826	15.710395313822	15.4282013656914	15.5873445091496	15.564732293803	15.138765601622	15.3574220366694	14.8075450941353	14.9505736851785	15.328521264539	15.0009995408034	16.0483757226773	15.7487550851601	15.2928435317009	15.5732214973803	15.4490279848915	15.4250345966983	14.8219763505889	15.6411193512012	15.0699472610611	14.982300163152	15.1302910173259	15.2104980069044	15.1290801436326	14.8789251143566	15.7780246779088	15.825587557138	15.5982563305145	15.5423825346302	14.778641714274
M652.9751T43.3	14.7882410959042	15.066011880286	14.6260081369868	14.5532160234943	14.6316789078174	15.0271316598939	14.4253214658144	14.832156629498	15.0463148452041	15.1158633420297	15.0994488827847	15.0270851211478	14.7434489273298	15.1449868362993	14.7073427383115	14.8283353955911	14.9450581577866	14.718036601827	14.8305629386468	14.1500525164795	14.0271258336842	14.6174609037978	14.1751369172132	15.3323968936458	15.0751607650541	14.5482086735361	15.0138144389453	14.9377544568608	14.9748817962195	14.2578002493524	15.1504560171006	14.4923325727941	14.4329790357745	14.6971939128992	14.5420271707661	14.5746838703029	14.3988326560185	15.0837687617036	14.9247012603606	15.0373077742297	14.7064370049789	14.1534477569585
M182.0818T67.33_2	25.4422117362315	26.3028681448995	26.0416738730613	25.5277621015349	25.8040357167264	25.5768198572854	24.9550327312448	25.5635528450363	25.7056081625924	26.5445535007131	25.924393160388	25.5992798725852	25.8757755488896	26.1499335995054	25.6202626371862	26.3547746353989	25.8032573420122	26.0998626412802	25.8472365147158	25.5689465843791	25.3111536197056	25.6201795376922	25.4764850130119	25.420149702087	25.5574946702003	25.2866402811366	25.7982328939536	25.6874363396816	25.8186164421824	24.9638271825346	25.9442517385806	25.4828397481778	25.6780102300717	25.7138527324518	25.736215267487	26.3837319681322	25.5109309489243	25.3485441457382	26.3475127251519	25.8537999191405	25.9284227387185	26.1780706592469
M363.1561T67.27	18.3876684373076	19.5341896899495	19.2584750884097	18.3940148100841	18.8391664059399	18.4274626996812	17.4793427670027	18.4087895724004	18.9078056794942	19.9315882982881	18.9096523829249	18.5311378184887	19.074990507703	19.5304748979727	18.6326137554466	19.6807700061206	18.9578821885328	19.5002686713527	19.1165926177722	18.5494509845215	18.0450977360844	18.6109693166349	17.8295755862539	18.2784756455659	18.4639977697413	17.978554809499	18.9232610711148	18.6984620792138	18.8605306154335	17.5086798066786	19.0013528923498	18.2442159646704	18.6775304753533	18.6972976229823	18.7673171725361	19.7179646742266	18.2472255807859	18.3837771618349	19.619211701759	19.0190756593804	19.1137157314236	19.2606717354228
M137.0272T61.51	15.0286974965314	16.3264525427193	15.2124442613799	14.9151927887199	14.9995197055489	14.4099266444302	15.0419753714036	14.5523809715145	14.9843541516606	14.4827291221039	15.9964484076106	16.5065371618151	14.4656219568724	14.3879814211187	14.4980738999475	14.7753429643199	14.9639413730656	15.1228242896224	14.3695774132686	14.4332702607608	17.7377220677887	17.2498867352615	14.8910392784601	15.103874099574	15.3701675909913	15.3182621095201	14.8588033038154	14.415650993423	16.0895988874202	15.1214740788667	14.5361287956311	15.5917967883191	15.6139883848632	15.3917314190569	15.1723445788734	15.4895840725147	14.8883043852041	14.9486497043168	16.5476939205057	14.7244288649786	15.7414551632817	15.5423582670434
M138.907T47.83	20.3153796294602	20.1110133557581	20.3437229962309	20.4842032688081	20.2077844766634	20.2521989672761	20.6558829831221	20.5724967862335	20.4166454281247	20.5746254864546	20.4269183964744	20.9501693947855	20.2872499705352	20.3883810415932	20.1018928730374	20.2781363605025	20.3361093744603	20.8265176916399	20.1249732970123	20.6088514120212	20.432268143066	20.4143149607427	20.5280720263446	20.6905835467937	20.7240403693848	20.5897909491023	20.2228700076197	20.3305098470471	20.3746211380898	19.849574881837	20.3869131158424	20.5355187195183	20.3148027769361	20.2571794886178	20.4409844724652	20.8950569644833	20.1675799945166	20.6802112581355	20.746911424449	20.6194583903741	20.4706776933151	20.8204204297712
M140.9041T47.75_1	19.6326041680442	19.3506864225065	19.6731104016113	19.7720120864979	19.4538148419438	19.5142230423174	19.9427337646379	19.8541722335448	19.7241976115752	19.86698829759	19.6639957957987	20.2455341243755	19.5838509553292	19.6809206335799	19.3785760750363	19.5461036450103	19.5844940329581	20.1107820664387	19.4658792406172	19.8902035448707	19.6919219250089	19.7088625115763	19.8249509554372	19.9569985140918	19.9816530029018	19.9165804974693	19.5028074589131	19.5860469403523	19.6284556958342	19.153465854027	19.6441589098683	19.7987950446373	19.5671279557038	19.5040267120761	19.7611255067872	20.2009763025137	19.5054377535138	20.0024350459565	20.0509779774212	19.9589512488695	19.7538717764695	20.1535950183264
M142.9011T47.86	16.5768351721404	16.3342189763701	16.723909431635	16.7162705917579	16.4700760101226	16.4616453689847	16.7549368134383	16.7562161132091	16.7287628037695	16.7631302518227	16.7155988403875	17.2357432166409	16.5796402278649	16.5843210981369	16.3285510465341	16.3894996343326	16.603805386088	17.0653309086046	16.3391135058566	16.7895667294939	16.663946778405	16.6968169234754	16.7804888154686	16.9579896892993	16.8760355037095	16.8463669904743	16.3382974046802	16.5500421491463	16.5651181596952	16.0803970367305	16.5573520576443	16.6544358720756	16.5413598268927	16.4659527902891	16.5752358732366	17.1239822747916	16.4506288334403	17.0432171391419	16.9469820108628	16.9025335040497	16.699171918763	17.2110069483338
M150.933T46.59	18.7670671530948	18.7775239359644	18.9452883132488	19.020119733651	18.8594707968181	18.7794272930096	19.0989451894653	18.9402314633973	18.9860142703025	19.0208661627847	19.0124147130521	19.2289580554763	18.9073355215668	18.8898682547829	18.816352764344	18.9021706326421	18.8531738672928	19.2089954576984	18.8086803460636	18.9500706186383	19.0058358373575	18.989169978442	19.1279564947771	19.1530058124309	19.1919845566586	19.149176711066	18.7657845932702	18.9760808307316	19.0085754762758	18.2612303061636	18.8997575701339	19.1107877688769	18.959469685365	18.9675386386324	19.0855115740193	19.1700118004277	18.7853692751359	19.1669128692601	19.1816211819672	19.0812105604458	19.1065727488251	19.1909782547568
M179.9337T47.61	17.3605159845736	16.9906703474777	17.3911298069173	17.4415890363418	17.3045098859527	17.2137318164161	17.5581032756356	17.6276531193158	17.3439984298787	17.57126310361	17.6042203942079	17.9669560956618	17.2411619056649	17.3917234206076	17.0829959069411	17.1915919676881	17.385942034907	17.8138634255958	17.2814185291625	17.5441942752765	17.547742271967	17.4901258608093	17.5104718395986	17.5840261641923	17.725263295297	17.6503595249598	17.2305894549946	17.3366536137965	17.2408752573111	16.7355292660862	17.4084416348682	17.5273152246703	17.4998515878612	17.2257092413494	17.4539832457954	17.8979978378091	17.1773254793971	17.6222697746056	17.703785343809	17.5524714695464	17.5556871813369	17.8339737657545
M181.9307T47.62	16.6884786878282	16.3604370879097	16.7023030454408	16.7391743731983	16.6304776810856	16.4596682085444	16.9757962763087	16.9326232701908	16.7207930282308	16.9017126714362	16.8954592675797	17.3208367936503	16.5870282377365	16.7220783027523	16.433277409687	16.6671741327857	16.6980647976172	17.2613132747933	16.4831637793998	16.8399611921112	16.8293106785234	16.7982128362344	16.7894153604083	16.920537757336	17.0897489078714	17.0022212220452	16.5803123119079	16.7047082455967	16.535837038525	16.1043864382904	16.7442905593654	16.7996726552605	16.8324410474253	16.5925271671004	16.8227682033671	17.1952529762997	16.6058253134989	17.0370889861477	17.0572526832953	16.9566688938162	16.8794710174353	17.0304587137851
M196.8659T48.1	19.6985504061755	19.4527353856585	19.6310910847595	19.737549754715	19.6311687864814	19.6543801633261	19.914100068103	19.8956574016851	19.7942799238758	19.8665716485539	19.7441179940958	20.290971209928	19.6892685994355	19.7009587431888	19.5160125814692	19.7454782644092	19.6808443215467	20.1476377865286	19.6425194312314	19.9295781493886	19.7765638978398	19.8259223077284	19.8043630195744	19.9621924349981	19.99811725912	19.9601553128554	19.5492215788123	19.707960500675	19.6092580563165	19.1330816418773	19.7121700339545	19.7803401336158	19.673595051075	19.6416307318188	19.7620711470893	20.2136149747695	19.6301763848803	19.9473681876411	19.9920147105629	19.9770895246486	19.793978444283	20.072251185563
M198.863T48.1	19.5933824169902	19.4271577759435	19.5311701310974	19.6135446214297	19.5312709767125	19.5279148624299	19.8486755906207	19.8315327958147	19.7333840186523	19.7851365807971	19.6770193331745	20.2017993646327	19.5978489071362	19.6856722688332	19.4397683152443	19.5865609680406	19.6546850721163	20.0435229032658	19.4689182261812	19.8381506078747	19.6994242345147	19.7247384985852	19.7659222720951	19.8539018308073	19.8740895186857	19.8792489475187	19.4757788148993	19.6034939391131	19.5375697079895	19.0907670273635	19.6452359389274	19.7507646122	19.607738582191	19.5034040901648	19.6977202974105	20.1687561937476	19.5348040101166	19.8958124512484	19.9378971648925	19.9078988536512	19.7561979119896	20.0165992196432
M200.8601T48.11	17.6906570247828	17.481807241779	17.5991916157927	17.7414358448535	17.66082563945	17.6906227014252	17.9481010912397	17.890384296626	17.7971380499622	17.8910574060363	17.7272538570937	18.2586538459731	17.674520030981	17.7672309014109	17.5786366423057	17.648702037496	17.780739376808	18.2027128796876	17.6481644837018	17.9226228161068	17.8361611275336	17.7788017385485	17.8560670375581	17.9836290938392	17.9702632137675	17.9059737937601	17.581765886256	17.6728364041025	17.7092797419291	17.1578953455951	17.7611816639443	17.8500999014707	17.6783170259835	17.7247362866532	17.7995442993553	18.2332389602493	17.5909234557374	17.9370061014008	17.9798050949584	18.0233197487776	17.7978407980801	18.0972088289919
M206.8948T47.04	20.4691502131567	20.399381483848	20.5418136436544	20.4933922271746	20.5031065587965	20.4888125247661	20.632362059382	20.6191510552877	20.6513083531796	20.5935637185255	20.5670239628476	20.8376764318112	20.5858418187914	20.5920497760013	20.5402462867597	20.5491957678148	20.5204253420303	20.7502323787202	20.4661306462774	20.6083285266639	20.6787966220499	20.5977429128887	20.7019257433536	20.6823557433357	20.8138590021444	20.875603103656	20.4158914339478	20.5790717148624	20.5819400698984	19.8326575652583	20.6463457299926	20.7579335562982	20.5796775321199	20.577906525763	20.7509201151817	20.8195396416686	20.3881207326652	20.7970169493225	20.7831333229272	20.7442062926177	20.693608857882	20.7474256915918
M208.8918T47.05	19.8059726520347	19.6927216734294	19.8646170268261	19.8065195140293	19.8821572316952	19.8217855885299	19.9841643898586	19.948068691884	19.961378933234	19.9364179439954	19.9384876672818	20.1767750278052	19.866228949371	19.96138164888	19.833976053886	19.8916607656025	19.8316230636089	20.0888525174471	19.7773124893591	19.9353040247323	20.006233614282	19.8926797932348	20.0436447256302	19.9984406273838	20.1223963755486	20.2086030738951	19.7035096815089	19.9457014558866	19.8535015770797	19.1359901058913	19.9311312405741	20.0608901572542	19.9117198526366	19.8858063397703	20.0313698304645	20.1727290177994	19.6996864738876	20.1228493920611	20.085215880834	20.093767126388	20.003319752919	20.081142782531
M210.8888T46.95	16.7295116787418	16.5609584520711	16.7978011390603	16.7108843703431	16.7706169708	16.7639066179432	16.7880034737275	16.8047419806318	16.9059683610086	16.9451409896515	16.7629519512831	17.1227238211091	16.7859411471985	16.7737249981698	16.6606195578349	16.6510150279409	16.7344512662834	17.0876746232052	16.6082600051695	16.8349658964059	16.8584816441691	16.8407181056684	16.8448131408202	16.9993822782696	17.1184091941505	17.1068491119778	16.5823967253128	16.7269855587511	16.8147659153518	15.8732285159928	16.945790149237	16.9705684136218	16.771456383104	16.7590416545591	17.00644097275	17.1985916242655	16.5716192743413	16.9199277048673	17.0270258648967	16.961894151175	17.0319649764503	16.990453285295
M216.9237T46.25	21.6269946109715	21.6733364858529	21.7339987854976	21.6926244287089	21.6625314976309	21.6227289544359	21.7571397667121	21.6300494025117	21.7592869262731	21.6922137022661	21.6878356898536	21.8508604618328	21.6523708935723	21.664838383244	21.6720884799966	21.6283504045741	21.6617733763853	21.8298706630349	21.6532481727012	21.7442628112027	21.7453656375109	21.7288617377269	21.7935363864978	21.8062459297134	21.8654341879024	21.8861106530975	21.4922258848409	21.7585002237395	21.8172373868189	21.2321462680396	21.6631227166361	21.8384569966262	21.7035230954558	21.8006781453147	21.8132425527716	21.8345750913882	21.4495027150326	21.9025646803734	21.8381902279707	21.78263210255	21.8850034965353	21.7874821372032
M254.8247T48.34	18.7610043541563	18.5142133299327	18.542561751859	18.6233919771162	18.6779443670019	18.6889581899806	18.8277474720478	18.8445764608435	18.8182332871277	18.7693484492577	18.7184920829848	19.1665152699324	18.7163536287097	18.842366531341	18.6466338116775	18.6674600916987	18.7596914902866	19.1184622349755	18.6665245685977	18.9639901359063	18.8114811023136	18.8155992016197	18.7139024537881	18.9107212115593	18.9348073183677	18.905400106314	18.5059882198173	18.7745305725557	18.6358143783805	18.2032268567188	18.724770018974	18.7495328334255	18.6765512790144	18.6764829082544	18.7506532894899	19.2312543526395	18.5669024094494	18.8555429291247	18.9013127556202	18.9376945274254	18.8778424835766	18.9393902666669
M256.8217T48.32	19.1691007036334	18.9219962739344	18.9632483576915	19.0164266408394	19.0491114901189	19.0588076536889	19.2916386971459	19.3157620572557	19.1679792962726	19.1757268699231	19.0994776970053	19.5788137928034	19.1332262628326	19.2082181882121	19.0282198552337	19.1579019830907	19.1922125564406	19.48997792515	19.0629131399289	19.3065578713376	19.2459918634902	19.2110526183709	19.2111012409755	19.2843607952116	19.3133662853172	19.4017282724522	19.0010076950954	19.1902103225926	19.0352134897703	18.5923230414262	19.1097678938827	19.1710678470189	19.0124932188691	19.033085091293	19.1568975162949	19.6797830935569	19.0067086060119	19.3223455799161	19.3303881753963	19.378085444253	19.2498239765413	19.3864361002495
M258.8187T48.3_1	17.9248710472552	17.8070401331818	17.7616605217183	17.8676846910333	17.9109665953061	17.9698753953961	18.0549190338563	18.0957782836311	17.9072398567066	17.9902536066282	17.9113931714494	18.3620039621748	17.8341467771316	18.0584675582497	17.8164380012656	17.8602444152251	18.0173726296519	18.2932092059632	17.8986685132428	18.1465836108814	18.0790036357474	18.087921353932	17.9679558232996	18.083095656355	18.0819442368746	18.1747273984494	17.7249630578778	17.9699594240453	17.8315695019359	17.4142627399014	17.9320011641717	17.9597127177831	17.8766807136094	17.8405952465821	17.9287522021622	18.4151665043326	17.7810104168761	18.0521845003594	18.0665695613852	18.1306235721815	18.1539554677498	18.2656111689696
M260.8158T48.32	15.3676636656741	15.355546532502	15.2322331424793	15.43727540847	15.4261055267763	15.4658678992351	15.636000211974	15.6145499649096	15.395075587593	15.63718713666	15.4669417249393	16.0054579914585	15.4127813175813	15.5945869964662	15.4206502626822	15.4637692754815	15.6471027028977	15.8077486978469	15.5438325233966	15.8957467083485	15.6586748672816	15.8263927288157	15.5089057503054	15.6826066548618	15.7069672453193	15.7327106895837	15.3495175515377	15.5639432609492	15.4460672289166	14.8217191266657	15.3031668051268	15.4752193722661	15.4510775172691	15.4303502033677	15.51205818337	15.9315371469962	15.3328296590157	15.6647969488324	15.6239639444837	15.7458983461083	15.6816745907133	15.7884570606113
M264.8535T46.92	18.2171080145442	18.0860051505633	18.2302273033879	18.2859663490117	18.209547848573	18.2306582982688	18.3981174777313	18.334665944172	18.4777789570794	18.4530237447578	18.3592908074239	18.8346595131664	18.2588545657579	18.356629626438	18.2156566037928	18.3556339871837	18.2757433025475	18.6962774542098	18.1426388256279	18.4558626445118	18.423853845801	18.3612164451309	18.480061737075	18.4855255823227	18.7047380599438	18.6914316124387	18.1013496272075	18.3177061568499	18.3151680266308	17.317600127259	18.3823730597367	18.5550718352994	18.2980522823192	18.3197319499739	18.4974969650536	18.6865179723723	18.1900708099728	18.6172263959852	18.6249489310633	18.5843097627058	18.4882889576396	18.637486393672
M266.8507T46.88	18.1713084766821	18.0035031363772	18.2115063509926	18.2140579103652	18.1917775163455	18.1567148883216	18.4048903778321	18.3492356628723	18.3221226327515	18.3478276542707	18.3872934826418	18.6577790652107	18.2383096872285	18.2658174980316	18.1257034489722	18.1926419145268	18.1650389241644	18.6113972497242	18.0696722095677	18.3785033958945	18.3926579375459	18.2757235934316	18.4699391576188	18.4545660197778	18.5823838358768	18.646167635598	18.0723575759036	18.2727263503417	18.3055311190108	17.2980142459828	18.2942657870981	18.4769431371571	18.2548331804571	18.2380570318175	18.5044400952275	18.7029748780798	18.0500395709472	18.5375974652362	18.5848772397817	18.4813229427817	18.404659591572	18.5729784180563
M268.8476T46.78	16.3154002030837	15.9590461154797	16.4666250210013	16.5195934279294	16.3544690627115	16.2459832682196	16.5676858770313	16.3306518911453	16.5254172799209	16.5779705510064	16.436382667448	16.6640417915678	16.357250474329	16.5391676654243	16.3701526359846	16.3772625894953	16.383722865699	16.7577888696855	16.2428989557115	16.5547937172286	16.386247744571	16.4566680460127	16.6079928981478	16.6031108651803	16.6770750583006	16.8467122202638	16.2155131627521	16.432369705099	16.4034478516014	15.8151598280605	16.5162546725832	16.5074457925156	16.3128644418724	16.2747044720147	16.5606704867685	16.8069471707627	16.2835951152904	16.7222055579565	16.6662846840325	16.6272279813727	16.483308068839	16.6925853949136
M276.8795T46.38	18.1858112788878	18.1820734397045	18.3169947163462	18.3368645865343	18.1284923664603	18.1841812607152	18.3612103095528	18.2519023438231	18.3247689775041	18.3260163629209	18.317915508777	18.630348270027	18.2473466207207	18.2472529244802	18.2610049158558	18.1465796997909	18.2117705031592	18.5897778178143	18.0969690934783	18.3250183930053	18.406358528507	18.3151457820986	18.475528148124	18.4677782522693	18.5154339580951	18.5231792043725	18.0327247863667	18.2264003802257	18.4239574275816	17.5801882196695	18.2425701707547	18.4979532690062	18.3631154973503	18.3890212850819	18.3992804978778	18.5643195170441	17.9742286679878	18.5800201857521	18.5801147620074	18.356834154439	18.4810888289581	18.5160650412
M312.7835T48.06_1	16.6330817629446	16.2292373348713	16.4697836414866	16.7713697295652	16.5527309023409	16.5377299037956	16.9133576834503	17.0020739677621	16.6464043659196	16.8697817674876	16.7015703003547	17.4052939107155	16.555760480715	16.737376028285	16.4276351568871	16.5384522351853	16.7270578058653	17.4254854559816	16.4245202659336	16.9887674344645	16.7809042457717	16.7693402689529	16.7657801437727	17.0846390041413	16.9057597414375	16.8057342534408	16.4530966635833	16.6702755343333	16.556666278907	15.9806314822267	16.6605134798461	16.8180536043548	16.4743403743433	16.3564711425864	16.6070169382052	17.3942240997741	16.362745425887	16.9647549773686	16.9638815434751	16.9881853987375	16.8111632485824	17.0927549965445
M314.7806T48.07	17.3493618343911	17.1331060462504	17.280218763875	17.4989642071204	17.2043826736543	17.2292405628715	17.6745086748514	17.5698660438021	17.3718790356756	17.6075704086022	17.3977512944051	18.1346560327432	17.2088519812377	17.3211925047074	17.1256111841671	17.2407064107183	17.4166676863501	18.0776931960041	17.219717014874	17.6759573377921	17.4063672190536	17.4885716806446	17.5150614495875	17.7516519179685	17.6247449341636	17.6014717694036	17.2217187194318	17.3511972995971	17.3613992783075	16.8072127647583	17.2828392317924	17.433888140753	17.3231237114515	17.206071698621	17.3541587506961	18.1624769731121	17.2366105178241	17.6377828015051	17.7000101616122	17.6538840509888	17.5007007649208	17.9521054050851
M316.7777T48.1_1	16.6121695673882	16.4378580803152	16.504389940559	16.7202461639963	16.6105890573716	16.5884732492649	16.9491938178596	16.8487113424373	16.6620965879326	16.9351670941273	16.6594812376223	17.4644607332709	16.5001805227878	16.7293603966475	16.3905944157036	16.5549904107132	16.7069711917385	17.3715712495065	16.5114701559905	16.9427614276747	16.766634963997	16.7144398163236	16.8521930495334	17.1785405270795	16.9195332700144	16.925991867114	16.4088853832349	16.6051625306516	16.6234206870455	16.1209070424963	16.6295097168778	16.8355005361195	16.5786387574255	16.5260337227556	16.7133749303645	17.3860205498137	16.5405487295426	16.8640155797268	16.9498401269092	16.9539415888158	16.8526287713458	17.2294886562625
M318.7749T48.01	13.8420025936454	14.6720585139741	14.4937642139552	14.9482655734798	14.6789327750799	14.5228903193905	15.2828151822177	15.0343094687511	14.6880254794014	15.2713328803129	14.7376284456004	15.9086028098928	14.523461669746	14.74264599485	14.5246786907797	14.2941466409536	14.8590053827776	15.4197735415678	14.7816607991276	15.1618525109076	14.7316436857522	14.7302325694879	14.8871455131787	15.2287269747107	15.1744980330218	14.9664813201262	14.3072326836358	14.8503548766032	14.79517149253	14.1341077162884	14.8592529677771	14.966700961796	14.5829872794354	14.59896786273	14.5825021585611	15.6288140742492	14.3282072461514	15.172461422154	15.0446277112999	15.1703909046245	14.8783916661598	15.4233100265231
M322.8125T46.95	16.7735122017506	16.6151046849401	16.876275298617	16.9347047824751	16.7109187608343	16.9033382997789	17.0123252927167	16.9825186666296	16.9065551614706	17.1602598117622	16.7927049412701	17.5862072873624	16.888488936365	17.0628701846041	16.7113909418081	16.808954604826	16.9548001071814	17.2421285451085	16.7788247245693	17.0906355129884	16.9737355886736	16.9493910516306	17.197221809703	17.2039181259333	17.327257576676	17.1881149576679	16.73214598977	16.9315085611182	16.8921542803096	15.8132370671124	16.9913707374443	17.1604832560548	16.9052922313022	16.8079279533859	17.0380345301161	17.469648255408	16.7005197441458	17.2774926308692	17.2898959459191	17.2145998183387	17.0281953841507	17.2970885827644
M324.8095T46.97	17.2183846037869	16.9355606472663	17.2978962068732	17.3497754229731	17.2213962944471	17.2116547365026	17.5342738676342	17.4540644417138	17.3538571089059	17.3366237797662	17.3302936635037	17.8634061253268	17.2413477463983	17.2892149596572	17.1618987437217	17.1992023155802	17.2137229601342	17.7746206903141	17.0797494339077	17.4811284892072	17.4139224607528	17.3436165744236	17.5554217157752	17.5099897335222	17.6964068212811	17.6420509211863	17.1799566153881	17.3519580526372	17.2748700707051	16.3213520726701	17.3925091047005	17.5349615029362	17.3359641958928	17.2046057732459	17.4810296677608	17.8728873245679	17.1714096681757	17.6995199731363	17.7679021084447	17.556052686029	17.3621468068272	17.6673588515196
M326.8065T46.95	16.1156555737465	15.8411584390409	16.1318364129467	16.2916665118832	15.9738728333267	16.0948159195431	16.3002449234795	16.3521855932178	16.2204051800416	16.2124009556509	16.1204864570058	16.6132413828418	16.1707084999323	16.1020773060312	16.0207374605813	15.9033446548543	16.0963424645083	16.5111663123616	15.8476776332327	16.3005027820452	16.2052863265303	16.24618933188	16.3318739884992	16.4234456652876	16.5523443320585	16.4273465045446	15.9281709534927	16.1024986624745	16.1427539748794	15.4314633168842	16.2859178299516	16.3346138947308	15.9908687895136	15.9456147928512	16.1822375683858	16.5221124293501	15.9535728777691	16.4351942838752	16.5212102654458	16.4293126607287	16.3367830325685	16.5343018137036
M332.8413T46.57	17.5644766085568	17.4889821421994	17.792049523961	17.7597191012577	17.6125146432303	17.5417537687156	17.8242640018127	17.7356326999545	17.7685742501854	17.7980538393383	17.6996113153877	18.1408464117692	17.7225187570959	17.7405204737028	17.5094241361383	17.7723926710183	17.6757676011794	18.0488904003837	17.5015426542673	17.7915076971208	17.8535313735922	17.8303410154387	17.9934406615347	17.9641454500959	17.9744922380395	18.0843032800793	17.4282464369581	17.7258664443904	17.8077502962357	16.8235102627748	17.73392258479	17.9383096413789	17.70995925033	17.8198622880794	17.9177850055797	18.0273587595343	17.5733603923254	18.0102109280629	18.1013389103748	17.993260278192	17.9188006940499	17.9553886167327
M334.8383T46.57	17.5696709674065	17.5429044670646	17.6561991132587	17.8160257467173	17.5497717428236	17.5397907231259	17.7391092487479	17.630092125939	17.7259870227173	17.7341382524274	17.6647767173885	18.0116871909929	17.6203925415348	17.6660556264045	17.4853781554009	17.6493399508248	17.6585650244543	18.0577480504379	17.5150278552009	17.7535133217662	17.7025892294606	17.7259770947846	17.9319672083336	17.8685868780836	17.9320602305824	17.998613015022	17.3671895193424	17.6098202400784	17.7061338771937	16.8338160756659	17.6651627098103	17.9379261929537	17.771329167199	17.6881398522249	17.8029164716833	17.9533353441012	17.4558016307756	18.0265916206761	18.0346789266567	17.8493345096464	17.9002618670753	17.8965221470767
M336.8353T46.58	15.8261636748697	15.7649493851048	15.8922504191282	15.8758654356585	15.7805911203208	15.6896553764157	16.0534897122765	15.9245680216481	15.784263480695	15.8484439776414	15.8423219068236	16.216483067369	15.7904488603858	15.6543872559583	15.6389758341527	15.8833539288115	15.8559357243442	16.2090648461804	15.7098997388265	15.8380090089166	16.0023012634071	15.9614913401303	16.0951321793931	15.9404065991717	16.2053884824131	16.2520479386	15.5392890890132	15.8454662936821	15.8826511457095	14.93399609898	16.091989551664	16.2099574482392	15.9529884404741	15.8811367495036	16.0633286024832	16.011543135729	15.4756829087237	16.2614683979204	16.1639398352212	16.1601297303068	15.9823412463455	16.0102414247979
M342.8702T46.14	18.3354837588236	18.3459666229419	18.4777247069225	18.5330456626917	18.3415615106749	18.2717165307049	18.4674799561084	18.3881229876322	18.4719832801698	18.4885945028508	18.387856028956	18.710784792814	18.4271679807275	18.37606920861	18.3149618987083	18.3682763644351	18.4038481533992	18.6674705161089	18.4564737836906	18.4906727535644	18.4537123285727	18.497445708873	18.6422064475501	18.5602979186098	18.6051762374247	18.6591594843082	18.2355288635414	18.4823562426561	18.5555183811976	17.8458164569226	18.3874900693467	18.6808613334591	18.5861125781637	18.5343080021157	18.6188175293831	18.5635670726467	18.1296645581267	18.637946028344	18.6673966550624	18.4717311320699	18.6775329594927	18.6034137420492
M344.8672T46.15	17.6650699910256	17.5684174899214	17.744592395055	17.7480986965564	17.5930533500411	17.5937919851648	17.762523451896	17.6099768468615	17.865523804622	17.7635658118567	17.6343408658096	18.0073577549763	17.7156548510565	17.6456918068169	17.6220093977061	17.6296421189857	17.6252395236131	17.9390615718302	17.6140577290626	17.713914710233	17.774018037963	17.732499413517	17.8434569920356	17.8447173319696	17.9211367060019	17.9265160677791	17.4331250128977	17.7815053930997	17.7094120480177	17.3790700234158	17.6074550308827	17.8787320792169	17.7919196036829	17.840768842985	17.8749354568788	17.7569671352454	17.4530764505891	18.0395340440668	17.9274011340139	17.8121031207463	17.8457880698285	17.8114157829769
M370.7424T48.39	16.3774984129599	15.9448878402483	16.0253497995422	16.0838132534571	16.2589518024892	16.2019681444508	16.4144127703046	16.4054168972809	16.30292512262	16.244397219681	16.1108649639463	16.7496192813939	16.0049936853076	16.3347112979856	15.9969656452621	16.1590418776088	16.2701279264797	16.7710829541118	16.1168377241816	16.4145161351176	16.3754830255716	16.3055598721854	16.1184438566599	16.3984619200407	16.3549300644016	16.3535999034433	16.0564651556684	16.3254488510733	16.0953031291199	15.5940517005619	16.1400156543756	16.191342333371	16.1663529643565	16.1252647782227	16.2614188641542	16.8114759783521	16.0217980764862	16.3253459798224	16.3350957135774	16.4895357694328	16.3315273800388	16.5534906166878
M372.7395T48.39	17.2105628329274	16.9192487690041	17.0334039679099	17.1631445435975	17.2385147173578	17.1681745650232	17.3684729037294	17.3593404050088	17.2195113835974	17.3388194809233	17.1496519983749	17.6810744263907	17.1558502387654	17.2484986473587	17.0764118492785	17.1261512049808	17.3062986272062	17.5877671718574	17.2062892581568	17.4773466819801	17.386806473837	17.3199724918946	17.2576249468375	17.4221919661326	17.3584553250924	17.3861499845601	16.9863545272526	17.2901490534063	17.0178645182725	16.7213639717246	17.0946875875365	17.1690248271821	17.2087883462367	17.1363792335952	17.2012451612311	17.7680456403365	17.0627378100301	17.3221643669171	17.3355975007139	17.4304604066566	17.3842910313029	17.5051763478011
M374.7365T48.39	16.8091371701128	16.5799063690256	16.715581077682	16.6570000696563	16.8542772678883	16.7261639911001	16.9949318821296	16.9959137336904	16.8401805963123	16.9440667615316	16.9025033670055	17.3726788643343	16.852606202822	16.9451989989012	16.778733650597	16.918770223461	16.9384654613476	17.3531052096472	16.8704173758171	17.0330928285675	17.0116829170286	16.9301860926422	16.8656118391377	17.1293337328774	16.9994208881717	17.0629071470024	16.6826451241446	16.9908272102104	16.7344396579882	16.368810107231	16.8693525314049	16.9407363539493	16.829248554111	16.775601022422	16.8677174386386	17.425192726759	16.7870380590257	17.0287588380252	17.117389505426	17.155063957948	16.8806752636239	17.1651953978205
M376.7335T48.42	15.3707000292927	15.4387856100071	15.368226540159	15.6630604552132	15.5054293048495	15.5614215188064	15.6187120693007	15.7769213065031	15.5628529338258	15.6242007706395	15.3995563343837	16.0900729674013	15.5562417289032	15.5821299821416	15.4283447515065	15.5327204082318	15.7425450931678	15.9589831150106	15.5380642281596	15.7754276261274	15.7149019035507	15.7360559237072	15.6713440990249	15.8282470347311	15.6798538139655	15.7121558527221	15.4373231266784	15.5761884964146	15.3300908036941	15.0560528249406	15.3370538929055	15.5406943158918	15.4381828244345	15.3954493772569	15.4892515659617	16.0458396359115	15.503311685148	15.6704826276116	15.5876796424619	15.7723412650185	15.7158854227742	15.8353542631291
M380.7713T47.06	15.9254741015611	15.7505888229102	15.9946730212511	16.100395957253	16.027937771668	15.889604690158	16.2397152618912	16.3085187881143	16.0329573725113	16.1921402285113	16.0060240758953	16.5078562016513	16.1055748671217	16.0265637564619	15.9982921964293	15.9588845572454	16.0640877827165	16.4610717023187	15.8938372841265	16.1437696900493	16.0900185494971	15.9698507294437	16.1411140667907	16.1641088607409	16.4406553231281	16.5139943939285	15.8844252066525	16.0666740887236	16.0313913590447	15.1933274960197	16.109279476202	16.223508324095	16.1185330415277	15.9839388003019	16.1711900902997	16.4786266275784	15.9126277794565	16.3001709175728	16.328756575885	16.2842298116934	15.9212572403574	16.3356957305559
M382.7684T47.08	16.6725057302949	16.4236610558682	16.6668683283813	16.5394375586476	16.7899130389449	16.7163703360261	16.9266542957552	16.8662437357929	16.8082089697322	16.8264828249787	16.6801414290265	17.3767209574659	16.715328012366	16.8442254832028	16.554956709366	16.8171273186542	16.6774295581623	17.1351174962799	16.6209241856672	16.8507868820442	16.8582263643316	16.7675544478242	16.9887121770864	16.9484597601989	17.0939117913268	17.1304835929249	16.4601528929106	16.752372865556	16.7254277603015	15.544995902264	16.8990714571522	16.8460690926443	16.6615283589215	16.5280146240221	16.9739115980793	17.0913894974257	16.6864292724222	17.060195267356	16.9683276674067	16.9826743182092	16.7179232699084	17.0646187966659
M384.7653T47.05	15.9660396824176	15.8079655296732	15.9902007050501	15.8619742024861	15.9200947237998	15.9583964970627	16.2536770557158	16.2014062409503	16.1090854572056	16.1875062384401	16.0500027202637	16.620335344422	15.9410887674439	16.1568801073091	16.179757652186	16.1866306095785	16.0396812130102	16.5164112516825	15.8774731323779	16.0662067033378	16.1737033995684	16.1395609999792	16.2016186497894	16.2301255609788	16.4832559640463	16.5198670589438	15.7775507962123	16.1519442954663	15.974169010978	15.1756456494478	16.0764400937411	16.2929847483727	15.8637284141059	15.7511954500665	16.3120027728577	16.5408883395249	15.9411840785532	16.3232329259605	16.2942553535714	16.2561475015359	15.9963851726013	16.2187727549283
M390.8001T46.65	16.9733810142927	16.8726496614151	16.9027081138928	16.9849250707998	16.9214690030447	16.844058365001	17.1667924136023	16.998687223232	17.0347234903341	16.9652643190473	17.0066771576421	17.2984456494989	16.9901603701535	17.0866244688997	16.9700978093976	17.0842522296644	17.0295864922282	17.3215060453105	16.8565962817549	17.0501722723107	17.1612576142335	17.1233874747026	17.2042152004494	17.1268025066571	17.3088979857967	17.5026497474614	16.7849420691816	17.2089102109329	16.9739418253775	16.1778566199631	17.1196634100308	17.1889283632209	17.0414151356855	17.0101684323796	17.2321274496087	17.3018412313821	16.8099291194635	17.3152499806539	17.321273907924	17.1824072207641	17.2107408084455	17.1833437083375
M392.7972T46.65	17.2673858032185	17.2386996192909	17.3253709216876	17.3463084656148	17.3428351564169	17.3206904402185	17.5243962527689	17.4282638543181	17.4047356384384	17.3500462781205	17.4918030270569	17.651394010336	17.349511793696	17.3504617067282	17.3793369624161	17.4041660516419	17.4392619908224	17.7396561362699	17.2170408151948	17.4975983477014	17.454414097834	17.4126898294193	17.5817344794267	17.531088189855	17.7278209170014	17.7625635893091	17.1951904111559	17.3904756512359	17.4266974772725	16.729582221948	17.4878999109151	17.6401500460557	17.4982918383207	17.4310339218474	17.5673241928204	17.6043768690456	17.1071628926633	17.5726177665873	17.6639240463309	17.6655479374386	17.5916673893805	17.5867626883368
M400.8291T46.47	17.5449759241209	17.4289552114633	17.5420087055857	17.607949381786	17.3894810366249	17.3914412308985	17.4968691594438	17.3784392420395	17.5631642085992	17.5015175274847	17.5433814761508	17.7539212592321	17.5748063523194	17.5338658648243	17.5276574069836	17.5219017868379	17.3694515848352	17.7929067268809	17.5015925435242	17.4501877081016	17.6125541241538	17.5953651285117	17.7231538414425	17.6018833309625	17.78135591372	17.9181960898519	17.225587268899	17.5657040381903	17.5968857043633	16.7781405184907	17.4482477460492	17.7616623567816	17.6056046117204	17.6638272091359	17.7336041475556	17.7066287657245	17.2799802426398	17.7673336744358	17.7140341569251	17.7047953769468	17.7308771239828	17.6501511794159
M402.8261T46.46	17.4231251212683	17.4113560931143	17.5637144652997	17.4510080575543	17.4323268887045	17.2945955396707	17.3853958766711	17.3827411904053	17.5280981981385	17.4983728212544	17.5095148939632	17.6968609561373	17.5132139411002	17.3381788143599	17.3398102519946	17.3683161380625	17.4178427936434	17.7880594463823	17.3710349137516	17.4732673002424	17.6079206526484	17.5683170465505	17.5111127353459	17.573939670899	17.7157775774107	17.6794128697171	17.2581823265035	17.4221988223392	17.6362777062935	16.8025487606845	17.3617901527913	17.7463600537072	17.547491020934	17.6252685942895	17.6295543345808	17.6680904197513	17.2242867377331	17.7371091869378	17.7581142029214	17.5533931639217	17.6909489091153	17.6298041888645
M430.6984T48.39	16.2092601724602	16.04816405053	16.1283379454115	16.1796330543774	16.1495153822492	16.2387816371334	16.5085871545606	16.4359695647765	16.5036410461711	16.3654560440188	16.2229391338627	17.0481533912935	16.2235093172236	16.4529347614436	16.1017825641089	16.2402780260946	16.4421788626836	16.7384025617204	16.306113118279	16.5037938652049	16.3569652289502	16.3905364272566	16.2841764160264	16.5158463515941	16.3671066043821	16.4798528795248	16.0360022269721	16.2992562432367	16.2434433509475	15.7625696606713	16.2261093972312	16.4206536921587	16.2000055846475	16.0192970092424	16.4263139514808	16.9174382831935	16.1855786353863	16.4184239519306	16.4364184167934	16.6126334995738	16.4103841321502	16.5682590723886
M432.6955T48.39	16.2227587893654	15.847035385117	16.0308551661203	16.2037643375514	16.2321012416556	16.1169393710469	16.4461062911833	16.3212264240311	16.1576538133399	16.4238385978019	16.2905155047979	16.9549787854935	16.1813297470533	16.2852321885233	16.1133256297054	16.1600929814976	16.3185242039171	16.7210596291795	16.1258496958641	16.5071198849964	16.3083972839062	16.4029248801873	16.3341487250075	16.4557910732924	16.5187155689047	16.3409009833512	15.9723024514631	16.2055561062543	16.1537139884179	15.6958604127015	16.1218422299973	16.1437368940401	16.1264968149515	16.2456458875248	16.2734370849408	16.9142886190684	15.9412927914879	16.3922539660677	16.3526127917957	16.4123084585423	16.4384115569809	16.6562097802053
M434.6926T48.41	15.2604202710659	14.9961320316778	14.9032385269359	15.1731876159089	15.1370262856311	15.2034398784753	15.4856149624883	15.401782755881	15.2565336413376	15.4451485610091	15.132658419746	15.915810629375	15.1302624827097	15.3298012117241	15.1208098309755	15.1314101147103	15.1798640435688	15.5810644194941	15.1530862566591	15.3817382535801	15.2194043378707	15.5371689436062	15.4497756379554	15.4797444191926	15.3572131813588	15.7000935664475	14.8902418136033	15.4327310574498	15.0611331743242	14.8196881600553	14.9942514655381	14.9532553465621	15.0393340808125	15.1332843365769	15.2228599963382	15.9691001598744	15.0661246346154	15.4096087865971	15.4144594061074	15.5477014874019	15.3701143068319	15.6870028959643
M440.7273T47.1	15.3498672644272	15.2222125774421	15.4482159630849	15.4871513862255	15.4541977339588	15.473232078295	15.7095901073489	15.791985909635	15.7148746526111	15.6916034392559	15.4626748674406	16.2133523064866	15.5756913536962	15.6222875850751	15.4529369203769	15.4647186296465	15.4547807474386	16.1279165886149	15.4560234040323	15.6587499028951	15.6257502678979	15.6219860302927	15.683219323378	15.8944476057329	15.9065058444182	15.8592053476816	15.3124104472465	15.1950757824523	15.4232820218843	14.0073498083645	15.6904142679963	15.6465755176988	15.3822184003026	15.2361086176146	15.7748027097943	16.1471583540344	15.400765596078	15.9049301545448	15.8054038798661	15.8555657817633	15.7356726607372	15.9828922118588
M490.6544T48.42	15.069562005366	14.7495846463524	15.0471055612425	15.271568240437	15.2377707293548	14.9799675647823	15.5505395936897	15.4305553556191	15.3015705071993	15.3854555854109	14.9947817367713	16.0663720900465	14.9560013748772	15.0590339639585	14.7060525615124	15.2643848540755	15.3976518077507	15.6624350448026	15.3101680466879	15.5937155489138	15.4392937760106	15.35096780915	15.3688322615765	15.6459936809508	15.604960477289	15.3465446404036	15.0196937965094	15.1868001015045	15.2885306458639	14.7142388904295	15.144519381695	15.2095011324816	15.1450507550375	14.8892883760405	15.1629063059701	15.9498204006334	15.1026921784501	15.3779022622544	15.5220716560282	15.616940269712	15.4538470336369	15.8272433403859
M140.0475T94.02	13.6131028272105	14.9786172672811	14.0882588208173	10.2078876470773	10.5912551821459	7.23322181018915	0	14.0704863083589	14.6097779308889	14.9743282398715	13.3039644562414	7.5048565240415	14.1237271725519	14.3310138139972	12.823347968459	13.8420508036211	12.8975395905424	12.0126348321458	11.9833987989006	11.2108078693696	12.6079569352163	12.6806754397165	11.3187003669064	11.4014718493889	11.2030607082876	9.57581848247706	13.6190838372621	12.4241629065242	13.1346397219331	12.3576975875147	12.0785222979752	11.2184325231122	11.5732201068462	13.3516487129031	12.8996914977174	12.7105635071066	10.5480443217872	12.5825737069887	12.6770989824386	10.7144350245142	11.6178609062059	8.17680543689697
M141.0553T93.97	13.7279414893561	15.3203739457949	13.8892950913794	13.1198477528174	12.5443175406769	12.142817711819	11.112885288008	13.9001792577512	14.8817218180859	14.7866905675886	13.5961410865242	12.4287792773546	14.2454119746537	14.2893058901884	13.2313944101654	14.1996588953045	13.5512804442829	8.16679984828784	12.3307212958964	12.555731727762	12.4199735309185	12.7025938122986	12.4765963252551	10.2150294727002	12.8983982919083	12.7323141105913	13.7359037066467	12.9293577478973	13.6119681659702	13.0743927534124	13.4418022279132	12.8787378398384	13.0341669989953	13.5347968731601	13.6536104123013	13.3962677055861	12.6135596150083	13.3834028228273	13.6418396637537	13.0220813452755	13.1921172509466	13.3685661926864
M142.0615T198.71_8	26.7384639257933	26.7497338360555	26.7268360464504	26.7165815754443	26.8867001487513	26.5256652964496	26.819564201947	26.7395715466156	26.7543644511876	26.7439402630688	26.7536568658147	26.6640600557639	26.7340576267053	26.8706396748032	26.842897453369	26.8203840153816	26.5641227097516	26.388654765175	26.753930915555	26.7501376548155	26.7555767476472	26.744208284247	26.7480468686748	26.7788445953793	26.7524580270631	26.7092818741902	26.3761885784691	26.789782290485	26.7022723093695	26.2031049605494	26.4279539202476	26.7351122452653	26.8890529431823	26.8748617363603	26.7640836567722	26.2576030522323	26.8510537863906	26.6355172697316	26.7999875289216	26.7122453336474	26.6921225259894	26.6082207368783
M184.1703T761.75	16.1432395477328	16.5747309864119	15.579650971197	16.0204362058926	16.3469407519141	16.6310405114234	15.7588508825438	16.7400717214997	16.6243994306768	16.5335357691227	15.9501748252963	16.5978390935186	15.7779931223627	16.0172763899943	15.2099908029251	15.8447027671435	16.0107734249944	16.2229105187896	17.026150664347	17.0331743008715	17.6814520266833	17.512138240802	17.5907155349909	14.0963973699886	15.9610867849124	17.3441800842503	17.2776047838299	17.2571969997323	17.0983254982006	15.4400886208195	16.2254730474166	16.445425926402	16.8276194551294	16.5401668696574	16.2282291348497	16.6825931100094	15.4569836561492	17.2830104498447	16.4417258507107	16.6645967110875	16.6404883099463	16.8991007539739
M144.1025T51.44	18.5628380233287	19.4026877395609	18.9244605848228	19.4592951351094	18.6124651603187	18.1585110468682	20.1119054172731	18.6559702039087	18.9599867186286	18.5510389681629	18.8342654816728	19.0171343988473	18.6299027467337	18.5541684559296	18.3308246594405	18.4343403959976	18.536484218332	17.9590568948562	18.6151553030973	18.8517951316251	18.8664900752163	18.7564379833943	18.8784019706888	18.710401668118	18.9028094897835	19.0867410150615	18.4864132080235	18.5303677672202	19.2174016788394	18.3999798232902	18.4733251537595	19.1137146201228	18.8887068085367	19.3004912442973	18.927586738704	18.0231240537631	18.3416198063654	18.6448723249318	18.8143411694754	18.7024589656979	18.8145800106349	18.4630796919301
M144.139T474.29	17.1507901856702	17.3363285349316	16.9118020287717	17.0801817001588	16.8343624511375	16.9653436361738	16.9827069077202	17.1328288091706	17.1062410218811	16.5976889238164	17.0414325173852	16.4751827812271	16.1826098944318	17.4105494534935	17.2221213691505	17.1935396264774	16.8794230945636	17.0793291601148	16.7780970143675	17.1045900976918	17.4840282857291	17.3663527203722	17.0784242351752	16.4990256505152	17.2417951736911	17.0630666960906	17.0201772587763	16.9935538407022	16.9273826134755	16.8458508068048	17.3344915635104	16.8615588887459	17.3413369766745	16.9431927221287	17.1140759831329	16.6027091594602	17.0166634684701	16.9294611842245	16.9316256905797	16.8434675567287	16.705299013889	16.7783193116651
M146.0608T389.13	18.8992532539781	18.3370566512759	18.2693624084157	17.4886262909243	18.5569744811515	18.7959884834567	17.3586880458348	18.480439013563	18.8696914343064	18.767308112905	17.9523227882176	17.2635943908749	19.1268842349783	18.6339662292492	18.8018180898072	18.6905911830746	18.8233792310802	18.8878651164062	18.1675659993507	18.3607829540406	17.9928883991905	17.9113311198847	18.3180078880257	17.2894857014362	17.8303740600138	18.0947114083934	18.7508396931449	18.6813562704895	17.8104584682602	17.9203448493809	18.5707928407406	17.6372810518805	17.7972723732065	17.7695510686592	17.9725121866383	18.83050179352	18.8435299428499	18.1361133852815	17.9761142288079	18.5600726485083	17.8765632285538	18.9142912572286
M146.0819T121.67	19.1167697093032	19.7401298028575	20.1150761576483	20.3087605096416	18.9073055993583	18.7013427643615	19.4926541272159	19.2047704375618	19.5319506294545	18.6914529690965	19.4492367912987	18.9519669219115	18.7454395061813	18.4701789285805	18.9965212237684	19.0918448325004	19.2276563825405	17.9616108478019	19.1252065287218	19.6356981966651	20.3992187770126	20.2104218879684	20.2814376154097	18.7560918315853	19.4733208405053	20.1077391001151	19.4202670431278	19.3491755821471	20.533745191344	19.9721907618442	19.5118778896497	20.669289030881	20.1227828389779	20.0810996128674	19.8680824653077	18.2651543374523	19.7810401946028	20.0097210329671	18.9423342198998	19.1460518004896	18.1271942878228	18.5795345001706
M146.1183T175.62	16.8700130746002	17.1339088828426	17.2066230020211	16.8906174693309	17.194661665484	16.537379747055	16.0942717845034	17.2355722835265	17.5325508282541	17.4933534022185	16.2689171864307	16.1719193455128	17.0560070526132	16.7991999054125	16.9926927279923	17.0872765754371	17.0972402333139	17.2390834380145	17.4647159244518	17.4342947501385	16.6797027109626	17.0538024472198	16.4865449514473	16.4382376311792	16.2546860799373	16.5166983252461	17.1074493271769	17.0253212990916	17.098592946142	16.6876515485114	17.3085372870168	16.769281031593	16.612389279322	16.6953832669489	16.772553008557	17.4871945077379	16.414504692669	16.6031984544996	15.7623671715903	16.8683104423359	15.7347020605278	16.7021662262026
M147.1134T42.24	21.8813131234529	21.6216636590088	21.4997214043984	21.3166335715432	22.2109534649453	22.1183924049101	21.0945843499907	21.9028435499358	21.6712916670449	22.1218870721991	21.2294576609722	20.9444705474792	21.6655254257441	22.0688315726817	21.9245963325994	22.2879755675695	22.044626117577	21.2279988793314	21.9823976708397	21.6532158365609	21.5235386015508	21.4923055744231	21.3514614149119	21.3865020464313	21.4664774446496	21.3154453846761	21.8976405260933	22.1401208389622	21.3732350238487	21.5957688765209	22.0064142445779	21.2511821834789	21.1918772699923	21.5834051988992	21.3475572455739	21.3586718994565	21.6330502195705	21.0788283139931	21.4291157228517	22.0785559301071	21.2915964060125	21.2960394303728
M192.0807T43.92	14.8059307289132	14.4316224988034	14.3738770573082	14.0329545918239	15.3661529125068	15.3007600049095	14.3200672802116	14.9863204267002	14.5936354552791	15.2992944990251	13.9307596706077	13.7544645060212	14.9525370891502	15.3721937014692	14.9723459687038	15.3983090806788	15.0960074693666	14.4407750110586	15.0382574807641	14.5586094806474	14.5337059332222	14.5804382801357	14.4138340407033	14.4983875022291	14.434478987631	14.3147161433298	14.7310208360131	15.1548528702766	14.3615363341974	14.4718571859611	15.1446032918242	14.4311509075043	14.2085589324674	14.6874013198207	13.9076521522489	14.1680732566634	14.7094912257815	14.1970399088226	14.5030405926206	15.265259675739	14.2169412872378	14.0737131414458
M249.0363T46.68	15.4338891143763	14.9691509781649	14.9433657380243	14.6229758031799	15.6384079517294	15.6450327315193	14.9432951685189	15.5325869414138	15.4395949072213	15.5326865889589	14.7874659157862	14.4536189619865	15.3215869912668	15.6731206233615	15.3790205242149	16.0895573426803	15.5548304021077	14.7162757948003	15.3471746970229	15.1232105687642	15.1529828085684	15.07261609633	15.2626407031343	14.8010368218337	15.3132768603589	14.9727222536467	15.464797724294	15.813154252247	15.026204459315	14.6544967132525	15.7359295481186	14.9377152107428	14.4784862003778	14.9455642759473	14.9239548664882	15.1697520235294	15.1709926423632	14.5795468414171	15.067293253445	15.981503000557	14.8108514149524	14.8936337762135
M259.065T43.45	18.2027293967854	17.8391087476041	17.6885490393161	17.5623519583057	18.4374817327791	18.4904812199285	17.3755092115668	18.198725416413	17.9872547144848	18.400278917008	17.3508056053685	17.3125112064384	17.9948303021539	18.4699020321558	18.1555576109632	18.6177516165804	18.364507325729	17.6022602676873	18.3739833983307	18.0384611974458	17.7723680232996	17.8429509208757	17.5609259134992	17.833092621448	17.7359719209497	17.5814097096388	18.1919520319986	18.4779145745335	17.7222666527026	17.709169395162	18.2564098342994	17.4091906447715	17.4037327454961	17.9007808350073	17.6485655784543	17.5726413534483	17.8455827556319	17.3809595194536	17.6506157138644	18.4458863277345	17.6399611684851	17.5371155689591
M327.0527T43.54_2	18.4249756421843	18.0765450324556	17.9662251775059	17.6822281652716	18.6813108064111	18.7197511862905	17.612425905541	18.4854578248176	18.1987748556425	18.6686353300456	17.5623144536905	17.6777778917168	18.3299026174839	18.7654929272079	18.4136984567307	18.8640130581477	18.557197907076	17.8864925666341	18.5973836955983	18.2361515652495	18.0044889639456	17.9772360123686	17.7218913684272	17.9966075322391	18.0295267920886	17.9141822671766	18.370197059682	18.7827210197621	17.9889092799206	18.0272217420895	18.5371192388025	17.7224682536054	17.6367053352531	18.1143444553693	17.9902913064022	17.8306907655961	18.0093992883817	17.6898656805683	17.8935171250776	18.7213401778956	17.8235978240972	17.8028640977452
M395.0405T43.38	17.4981288458708	17.0869127501105	17.0419897230739	16.7986788903852	17.7446478150053	17.6576848878187	16.5840328091339	17.5244678800234	17.2603894710107	17.6797778757924	16.5944570832085	16.671608288318	17.3513428677829	17.7732643739489	17.472522174438	17.8099826321435	17.6096148223423	16.9342303324615	17.6093875177509	17.2321741690995	17.055778856743	17.1009664654685	16.7839989434692	17.0837750716823	16.983584590342	16.9427508693928	17.4793487308444	17.7768152714259	16.8836714929887	16.9582317588941	17.472713674651	16.7911731326546	16.7088386269903	17.0821560534122	17.0311269979963	16.89317400553	17.0525267655338	16.6958342261458	16.8862841511205	17.7170546992423	16.8457610821853	16.8172818550635
M463.0281T43.38	17.4952017696119	17.0297412178843	16.974033558779	16.7182477580687	17.6487225467336	17.7230591694113	16.5060085479356	17.5607956909724	17.2366354855582	17.6335579213504	16.485172197754	16.699171014746	17.3462055203182	17.6480966589139	17.3992615044977	17.7004088421961	17.4709087208897	16.9133199395605	17.5940481062909	17.1985702285219	17.0520121811857	16.9980165539508	16.6877044671064	17.0385075886405	17.0873723929645	16.9054416334178	17.4470495275471	17.7468653583958	16.8548370127864	17.0206796131935	17.4555767317411	16.7214958643975	16.7130600958038	17.0599464355762	16.9127988039506	16.8040712035699	16.9655848943411	16.7688180676316	16.9832621985539	17.6533865626585	16.7680191102246	16.6842977539584
M531.0162T43.36	17.5580986644922	17.0770332603128	16.9089599965091	16.8968424312422	17.8297141705564	17.7923681811575	16.7866757345846	17.6368157592794	17.3588561159078	17.6961512978937	16.5328651545446	16.7946978996228	17.4048818838706	17.7911385496813	17.5731789566458	17.8485957333489	17.5711303881697	17.0289642488669	17.7120233006758	17.3279161950552	17.0239527165643	17.1206279256068	16.6725535856148	17.2189270189024	17.0727308092484	16.9576989219306	17.4833300614011	17.8926739289943	16.9504773926237	17.1600807008972	17.6078201957096	16.792664093396	16.7635541421567	17.2375927015639	16.9362003456702	16.8823447159507	17.1012586404589	16.8213695549067	16.9845596582911	17.8481006706499	16.7908349442726	17.0084740147176
M532.0193T43.36	14.2809926564167	13.9809586953617	13.5670653458486	13.8351433683007	14.4959723930138	14.5359039352715	13.4524941352488	14.4502004292323	13.8750514678686	14.3311186508472	12.5086717194627	13.5932894277372	14.0984104170723	14.731931202264	14.3988021723307	14.5079126636089	14.5286203616615	13.6608182840937	14.6170736120251	14.3394220308455	13.5968250186154	13.8569619167012	13.3570045555298	13.309508870029	13.8879924999142	13.4725372849933	14.1622111281611	14.6007400933045	13.4924615260085	13.6529051837918	14.2056750525645	13.3956979139368	11.9055064334678	13.8737051431662	13.8999433674655	13.710987707337	13.837353740969	13.1582923038297	13.5257768890947	14.4544106556342	13.596131224252	13.493339883099
M599.0035T43.35	17.1609932578753	16.7602398552273	16.5560378160601	16.4018538911807	17.3687384542426	17.3771471748644	16.2894406730066	17.2741927431486	16.8464212210345	17.3483012764479	16.2259255047153	16.3732847423218	17.013262957503	17.3988780608558	17.1566389448165	17.4504888456524	17.2865859579932	16.6204917711469	17.357501013501	16.9054454378047	16.6553974244122	16.7328287555203	16.3053141396425	16.6701025570751	16.6522598606604	16.5963155541516	17.1700816695991	17.3803552983567	16.575269612743	16.6243243541111	17.1979373485124	16.3548315622073	16.4397584843867	16.7947451262265	16.6222446104476	16.4213965323509	16.6311203895328	16.4551966456241	16.5521525465971	17.3750281532825	16.4785508927912	16.6470513363351
M666.9911T43.35	16.9994616735786	16.3896641154688	16.2725099575565	16.0768478039633	17.0045458669528	17.1685807225099	15.9355995986481	16.9454510093059	16.6879614112257	17.0112230211292	15.9596614470924	15.9811552714089	16.6217465450552	17.1600458452344	16.8185190024301	17.2342236793701	16.8970027303751	16.2470753330883	17.0027807051137	16.7399944184323	16.3969388550956	16.5698079948171	16.0958624211837	16.4098453873751	16.4168670514107	16.3843649604115	16.7816633825285	17.148294336655	16.4615418075504	16.4422763130336	16.8909781349562	16.0423200149959	16.1305058612389	16.5275526627262	16.4591493892391	16.1594860637012	16.3382332105035	16.0673869037446	16.3242892425635	17.1298163475446	16.2979109273936	16.245471778781
M734.9788T43.35	16.6058920295781	16.0882756151055	15.9850809809004	15.6898799043891	16.7628056673304	16.7421731412537	15.6230756620523	16.6354872113102	16.3021984218879	16.6339296909422	15.5739005037062	15.6764218437169	16.4694337019032	16.8347971540865	16.5476091935346	16.7969545575443	16.5700349000179	16.0749170993985	16.6593457784504	16.3566285696932	16.1914772474043	16.138395613028	15.6662811270778	16.109240271918	16.0634634173695	15.8678674717766	16.5239676468878	16.8223583160243	16.0313871957704	16.2110987165929	16.5561937434292	15.8521295358613	15.6676160349341	16.1169369510934	15.9612063041599	15.8181329904751	16.0493861617396	15.7096136278894	15.944856776882	16.7164448006797	15.7933861582346	15.9050909351157
M802.9667T43.34	16.295119964615	15.632189573149	15.5087585682793	15.3607584122266	16.300386724509	16.425110150752	15.3175282745083	16.2636259840845	16.0704755068798	16.290841448345	15.202756701532	15.2223387486851	15.9784997665363	16.5006676422633	16.1547713734249	16.5294840560149	16.3044437717385	15.7709304865816	16.2684184330223	15.8246088576378	15.7057245072148	15.5841839598153	15.4361723084514	15.7269725332959	15.5705696152655	15.6930189142048	16.0635518401636	16.5648447400999	15.7192693792375	15.8654584985953	16.2528308467282	15.487407131242	15.2256726015241	15.772559049532	15.7545632754261	15.4341391551435	15.5727660872858	15.5017604124691	15.6097568153295	16.4155894363757	15.3514561477468	15.4011915778317
M170.0221T316.13	13.9174587965993	13.3192436832912	12.3144850569414	13.4292413875747	14.2609288507051	14.5180581661371	12.7446012931107	14.436414134616	14.1274592083364	14.4627810452446	14.0028603371728	13.1950338324909	13.6824909267073	13.9896437224116	13.0290333788898	13.5447376902085	14.1733810946704	14.3603300892535	14.1550021775495	14.4565465655905	11.6412943007442	13.0621468674122	13.5835912288735	12.9324895057554	13.0568175820551	13.4447262503391	14.2284709200673	14.5598920363698	13.6319860360069	13.0338431077704	13.8140385766092	13.5091584868687	12.6563412771173	13.3150742423683	13.1348862926837	14.6740647500613	13.0698823186715	13.706051148685	14.1275987147252	14.5135498873333	14.0348853124131	13.9088012503929
M151.1447T49	21.1856759177168	16.8458770601208	17.4368584192752	16.4757027860412	21.1605760568845	19.9470986321894	14.2636495448768	21.7431716296365	22.5028486102661	22.0710675925738	15.8695027228856	15.5854832440266	21.9947066301235	20.6857028518861	21.6935946094491	21.1551896148234	22.1677433850094	21.3234770713686	21.8420802562113	22.5753623467207	17.3692029537229	17.3449372563631	18.5991459329349	12.3239980992608	17.3318804970552	17.9194107186217	22.5326104488122	21.5258039279219	16.4646249632823	22.3845288499007	22.4905275284801	17.8301529833932	17.2459778319095	17.6983167815327	17.0010572776322	21.1497625230249	20.1292084922488	16.8588411139184	15.1583903276272	21.1780798680525	16.1144054112149	20.2374564168444
M285.0842T87.58	15.9252980128197	16.2296110399522	17.0572019568949	17.5859303155084	14.4368802498428	14.4863795798813	16.8029185245775	14.6384200184122	15.2442494420691	15.2045440673013	15.902058613599	14.6493808484111	14.674919916361	15.9396599205364	16.7803813713098	17.3080700478404	13.4970588453064	14.8942797474617	14.8096672149158	15.5373891754715	15.7202032084926	17.0392695147828	17.191545304704	15.047389866049	17.2393771088601	16.7794644821895	16.188015943056	16.7996303814335	17.08086329071	16.55350753288	17.2610464209593	17.3693482812071	17.3027479573993	16.7746011001291	17.5092364848493	15.4917746612156	14.8925789262532	17.5965340110316	15.8922601989653	15.0262874735573	14.1780011308344	16.8017893175374
M153.0665T80.89	20.9652558366698	21.4077648954293	21.4219144149137	21.3124990009177	21.5938987001376	21.2677073215607	21.3880785405824	21.6290951873263	21.023058527027	21.0073159647825	21.0087847542488	21.1176106134534	21.0765232058493	21.1445304627273	20.7995820786887	21.0177179090571	21.1893921145774	21.1119912990002	21.5341615833509	21.1890057483087	21.0745693698371	20.6034777892994	20.2269109240115	20.5901103768138	21.0303773598988	21.063585175508	20.8384894193639	21.1365638007356	21.2527275438407	20.2245112144998	20.9232259340966	21.2667631904153	21.1900356896747	21.2443461196253	21.0884190001461	20.7076000231594	21.1022535128507	21.3096134234437	21.2433316174847	21.4684360417505	20.339709700215	20.9344067145168
M156.0774T43.08	19.204516389476	19.5353315491815	19.3652745846092	19.1648205341954	19.3894892624522	19.5621458717468	19.0296265562797	19.2055858852228	19.6139845793977	19.7258502465989	19.3419443975706	19.3766487624013	19.3633773397028	19.2023259063631	19.1963306832969	19.5769592307713	19.6481800788344	19.8113940513413	19.5936990598263	19.1977248559919	19.3263695278515	19.4985090803898	19.0849916010884	19.161334264397	19.1983126455114	19.1218915900508	19.4857757599298	19.2991374441751	19.365983063538	19.1883412481493	19.5232850828841	19.2095176584907	19.227450831281	19.2947358202875	19.4401890598149	19.6031454019782	19.1777401346698	19.1983012845612	19.7289903204001	19.7019740269847	19.4910370553758	19.5486943496487
M156.139T761.6	16.2883053015266	16.5235761062418	15.8242799987942	15.7588260523491	15.7231230673979	15.7105381391155	15.8486243323391	16.4018340137956	16.5632680090595	13.498478352386	16.3049538965172	16.2683758685402	15.6759737591902	16.0572002381559	15.4214703123281	15.7894834698869	16.1028868592662	16.067813841356	16.7434782600641	16.9564765048065	17.468463352256	17.2070387252997	17.1891659695027	15.0636742034278	16.0464769439543	17.0430118757031	17.0596099878457	17.0626194816214	16.9472506427822	15.0482166823323	16.1622772988286	16.3687313445241	16.176159848959	16.7723996022172	16.2670180269214	16.5360962959298	15.8539704996447	17.0043805980851	16.3581270352337	16.5607994599459	16.4849955566825	16.1970113569178
M182.1548T762.71	14.8698763922502	14.4909762487651	13.038241754259	13.6903076490584	12.6970537976943	13.9803356458003	12.5249364917731	14.8911126104149	14.3742485214609	14.0414790026206	13.277932978026	13.8028763829943	12.5936112056171	13.8775872047079	12.400153424705	13.3569948820974	12.938351646173	13.2353367228827	14.3174667159961	14.5988267987985	15.5902244597928	15.5903874669321	15.3105234180207	12.1023497935993	13.4461216179447	15.2485216215049	14.8009354758793	14.9516807715883	15.169495864508	12.7660154671933	14.0561117658313	13.6348512444543	14.1854007846337	15.0722801484974	14.1394515159715	14.4573116531146	13.8376793880756	15.0600478763955	14.2220686272588	14.4414614251539	14.5288690704433	14.2624060541087
M198.1861T762.17	16.908297004795	16.7078970354722	15.8543055699718	16.1221169593994	16.10270685335	16.5963576888969	15.5523087727204	17.1825086583956	16.5430340926177	15.9211314267652	16.0858858305985	15.9121835850033	15.3268121765959	15.7848535522823	15.0928690853499	15.6168439126385	15.9114893380244	16.1879119187055	16.5542996486367	16.8074105087612	17.7647144551752	17.1673802592442	17.2503446285418	14.7943191099082	15.9393555007085	17.187524497519	16.9342875984392	17.1380577346617	17.1309003433404	15.4338611446759	16.0603634219418	16.429068840485	16.3222011961326	16.6918457336277	16.1177705201103	16.7061821775043	14.9215045195942	17.107589623199	16.2757567522652	16.3981466964009	16.1446544698943	16.2877351944539
M210.1861T762.1_2	16.1766291956357	15.7798790012809	15.0029669264531	15.4687264601185	15.3265158489552	15.7469522168109	14.7829659633297	15.9811227620683	15.7816074176526	13.201326065244	15.7009047972574	14.9160350376123	14.7720403715953	15.1561071770721	12.6786004166158	14.8786091924571	15.1535172359529	15.4895789189437	15.7862850248073	16.2604445796728	16.8534162188053	15.9827159531863	16.6398834290091	13.427808099519	15.1049972165994	16.5370170502616	16.507560756451	16.3647120411392	16.349438371817	14.1027184433907	15.318251978621	15.6279692947392	15.5413407695394	15.9487228866547	15.3045660372091	15.9162874356376	13.5387847272651	16.4224739720476	15.6402530726665	15.5926505617653	15.6935420896287	15.4656334402006
M246.2305T762.15	16.4126204853696	16.173601520228	15.2267646404775	15.6697741142269	15.5228548284088	15.6442687070038	14.9094032052381	16.6128565745114	16.0663430513548	15.4403157225654	15.8963277810919	14.9187069684187	15.128239010785	15.2430406019146	14.4435951283126	15.073686648697	15.0748395315584	15.6602908850282	16.1919465996418	16.0912469359979	17.1214671308089	16.2068440517022	16.7347673353147	14.0656653263461	15.2874475476225	16.1540985673379	16.246079629129	16.682773135769	16.0489015464512	14.7265417151838	15.5269242492386	15.888382436515	15.7963222458258	15.6840078583041	15.5917380106199	15.4441432410348	14.0939948348198	16.6020868485886	15.8464132992174	15.9087139883001	15.5551494844791	15.5218450112447
M264.2414T761.83	18.2960773755321	18.6897762767504	17.787419416178	18.3002365382022	17.6606840333334	18.088984883165	17.4085958158059	19.0691251952165	18.4254565518792	18.2273358644566	18.4222588840438	18.1935043663058	17.6786432213555	17.6601097469456	16.9703510442062	17.4775271025504	18.0706537277447	18.2251503129172	18.6929236699697	19.1036449102494	19.5998254479024	19.2873333643241	19.2823151823494	17.0160596362132	17.7589542296162	19.0894273550571	18.7634152537624	19.0186707731647	19.1109312428743	17.3326228144141	17.9952818141283	18.2750481546098	18.7912697094031	18.865579482234	18.0107793892893	18.6487887277245	17.2533394103682	19.050073197836	18.1611255215217	18.3920641775358	18.5763340157021	18.2717753851625
M280.2647T762.25	25.7676256674845	25.4962172921663	24.8595395413162	25.2092233179728	25.0803199155737	25.5260827946688	24.5458852501001	25.9393062840498	25.4356450556695	25.0571586769399	25.3866164853258	24.6961345863119	24.7890219925749	24.829845807903	24.0939415101818	24.6163427407265	24.9150624991271	25.0857794623956	25.5611379449114	25.9267212552321	26.4586627839556	26.0817805621212	26.2001120895571	24.0004361600962	24.8601884809243	26.0597824685886	25.6648844446815	25.983579519663	25.9160633830196	24.4045475090132	25.0282961719694	25.2960399691468	25.7799131231157	25.3096616584579	25.0685691360327	25.4793265644024	24.6792876007302	26.0064933070318	25.2145724240079	25.4132840571157	25.4512405308887	25.2184711062102
M158.0819T223.88	15.6991296002196	17.066155951437	16.6903890310379	16.5565529931327	15.3629004669286	16.1408429031205	16.778980921267	15.1723202218212	16.9929549632048	14.7546153387601	16.9061840204995	15.3236600649611	16.0064053133744	14.8191167010892	15.4364520025802	16.745416907329	16.2751263702485	14.4469761135114	15.6330930580281	15.9054219421682	16.804876422568	16.9878244573073	16.512484082304	14.917092695831	15.5080011319563	16.9945140437376	16.9818332966136	16.1882185419653	17.5106219127084	15.9021732392066	16.3368930450993	17.2046704215624	16.5736409290968	17.1798545348707	17.6426704484948	15.5565159885375	17.2092843896302	15.6944082310677	16.4666560462092	17.0185567054198	16.8587476048516	14.6710379014106
M158.1184T284.11	17.3515811551219	16.6842411720515	16.4502410196902	17.3213644392674	16.3416328237875	16.1732804642395	16.8301342644811	17.463537817129	16.8175540973972	16.747127004986	16.8303755850179	16.5031663132945	15.8125373991183	17.0786105368355	16.7615288284977	16.6000516375123	16.1356740531917	16.3381052752659	16.8880303243692	17.3897618323256	16.4975031178213	17.1836203431746	17.7619858339152	16.0446864071394	17.6698630535302	18.0130493396068	17.2289791066961	17.8120621255021	16.8668499612454	16.0382059746247	17.0414742828883	16.9344432945383	16.9917702164629	16.8951284059971	16.5641112398152	16.6730946554206	17.1351967736927	17.5576810096454	17.1259216879737	16.4973813155274	16.4906122456045	17.468152706918
M178.0541T140.47	16.4785711126687	17.4834611351849	17.3530077969155	16.8869428808847	16.8062875443805	17.4047948756467	16.0480115788593	16.0423920258238	16.1730978077968	15.5513529724374	15.8489499481477	14.9944724034969	16.479876776333	16.0637802548661	16.3253720712982	17.0513256520576	16.270306788248	14.2381850803475	16.2870977015387	16.0586944753816	17.4690164994831	18.0580946287627	16.8885311163087	16.4426239298876	16.3663095768516	16.8876890941774	15.9118448368636	16.2057446134741	17.0546312353778	16.0674198814074	16.6501460272251	17.5629729095796	17.0763727486414	17.3467297979531	17.3451715503893	14.7212223466725	17.6659641775627	16.6196218395776	16.6500756874268	17.1502233686077	16.2022380500412	15.2150780623377
M161.0797T87.2	15.8925726148463	15.5712588279269	17.2925217739895	16.3666683742354	16.2842600683631	17.1316959769371	16.5134953193958	15.1645340977307	17.6700944051713	16.9478493611538	15.9862703510489	16.7016230936674	17.9539730600196	15.5343246097174	16.070348484658	15.7890152185177	13.9808331344426	13.613515709095	15.5040554922105	15.8774705611919	14.7935636420652	13.7627347078079	14.567897630639	17.0629137081798	16.0451012995537	13.1679199700059	16.810425188314	16.5157112771998	15.9660624459812	16.2459975211819	16.9962017277898	16.6019940268992	15.8193890385392	17.115528818673	16.6910118721499	15.1281321238575	17.1978225462085	15.7502059318857	15.9606265418319	16.5567149767856	13.9354730246588	16.4017386789944
M177.1031T87.41	20.6033746964035	20.3627919950645	21.9531781939126	21.0300596489744	20.9848279200268	21.6795228004723	21.0699760628614	20.0869635733252	22.1876722969137	21.515004423245	20.826417800773	21.2558026715589	22.5458652086097	20.3235774894966	20.7758621074874	20.5567623358652	18.9453355034783	18.471786525955	20.3205092582453	20.5940265619491	19.7236674147655	17.9933951416664	19.495805099096	21.6424158142043	20.7822891663961	18.1984901291392	21.4811792122389	21.1212679052205	20.6740321481081	20.9423630241232	21.5758294805083	21.2642018667027	20.7348314550338	21.7254910401968	21.3125955643005	19.9173864693611	21.8174784172204	20.4275167554364	20.6487993445946	21.1813256102889	18.9168041540666	21.0484698149728
M297.0529T87.37	14.6711261895402	14.3435271693468	15.003286475614	14.8131372801457	14.9908006337419	15.4702778189391	15.2792150160311	14.0320711042482	15.6090833719791	15.220546481794	14.7789563659911	15.4176606118508	15.853155589228	14.4277830962108	14.8202747436204	14.645656138547	13.0690923933072	12.8014634546335	14.1791073283605	14.5804527105878	13.5539895347465	12.1339673534322	13.5025427305905	15.5960837691612	14.991210006417	12.6383407431179	14.852341755053	15.0254600434003	14.4879578313492	14.655593429472	15.2390373639869	15.016979237404	14.5309806082091	15.3740176183592	14.971211725566	14.3230076385482	15.5449791420548	14.2462545682342	14.930571016093	15.1486768577419	13.3259537541668	15.2823654388925
M160.0976T242.92	17.9071230954069	18.9903812834482	19.2178014526599	19.0788894193704	17.9663920433616	18.3596030240036	18.1221234564293	18.0557118094144	18.626140836175	18.1432095622111	17.7805088607931	16.4348553142929	18.1642714981347	17.9466969743367	17.7467835546291	18.5295712512304	18.920664699409	16.1301037722143	18.0847290772136	17.0739675713298	19.2407581747332	19.4756735534274	18.4305211686058	17.8304137105076	18.0861157355812	18.6245530527726	18.3332495386206	18.5254100352698	19.3081330922427	17.5946542749121	18.8311196434018	19.6580822888432	19.0678085948113	19.5287573214833	19.6720758484973	16.1627885111992	19.4493241586138	18.6250567878179	17.8682555103488	19.1089156331852	18.0455880091176	16.0935559545348
M160.1339T52.88	23.2904626549572	22.1293934390117	21.8524333244032	23.0680993414804	23.31706207907	22.9800039386229	22.3090810949738	22.8933457347465	22.7178203962844	22.9622559175802	22.4564828255152	22.4098357683891	22.9950872917907	23.1417296045546	23.3141183884419	23.2479380292171	22.7427248152727	22.2362971174307	22.9105732685562	23.0710239636504	22.4459217203671	22.7792655831231	22.8244778511376	23.1899818580833	22.912304532407	23.1823355781606	22.469546253133	22.9449222500302	22.6155266220238	22.5688689604779	22.9313289682005	22.2757303062936	22.2547278078231	22.7453851518691	22.6089059274456	22.7917972735075	23.1468006920058	23.205360356641	23.4794322760221	23.1013618122057	22.3975702403984	22.8793727696947
M161.0301T38.71	18.5985221995813	18.9798595817522	19.2332759444844	18.7606129698431	18.4988047214416	18.6635747601172	18.6056468683136	18.4739309968992	19.0932674224638	18.3737551789368	19.2885280288788	18.2369044789244	18.5380806473388	18.2227262600029	18.7032506023616	19.0978034276243	18.7942158710399	18.6420235632213	18.6620707636162	18.6812211857426	19.0431629595948	19.0245330991654	18.6566495369463	17.7945309019651	18.9279434435021	19.0976113684528	18.8029578096725	18.9431255766005	19.1232750464104	18.5537114328554	18.908146501367	19.1486275366576	18.9660761439875	18.926260090824	18.91614294099	18.6532661209595	18.175007277318	18.6574594393263	18.7598219746979	18.7628232745053	19.2044649597989	18.6707310505064
M162.1131T48.89	22.0644821859428	22.0435421224305	21.8956213702309	22.3076065966306	22.2376563702868	21.9736859431265	22.8066532676943	22.3675497248759	22.1449132948347	22.4680845974104	22.5062332816961	22.556697901135	21.8051924973837	22.5153630102669	22.1731603706129	22.4091020285005	21.6116675796244	22.3485488720215	22.0054714304577	22.2635342658512	21.7036641172466	21.898825491147	22.7176086879149	22.4892096490255	22.3969588331691	22.2550209566395	21.9609979794421	22.321848351704	22.2750971331207	22.015915780503	22.1521924883921	22.2248272144727	21.9735933883286	21.9979226754255	21.84439538671	22.084679471541	21.8025996112992	21.9862103574067	22.6732880319884	22.226795503114	22.5770527562779	22.4428987109395
M164.03T47.97_2	17.1737569501158	17.9720566936464	17.5135275114412	17.3478148361349	17.8300692999826	18.0415043353459	17.1342559947491	17.627552325776	17.8151965932694	17.8848765577389	17.1623741031389	16.6712942804953	17.6602239807168	17.7444372254418	17.5459744457761	17.9691310200191	17.9372523350197	17.0401504116015	17.4745323117568	17.3441127229452	17.2589849689192	17.5858773649905	17.4440992383188	17.2385945877721	17.3373140148737	17.448224580886	17.6350713447118	17.7627153842687	17.5487257161168	17.4295999788211	18.1124108514423	17.5480592274795	17.1950909266237	17.7909329543555	17.4634255942254	17.3848873434469	17.1458551192388	17.4661560912554	17.4389103704046	18.1632814801459	17.2290283274187	17.0000508621695
M183.1025T410.49	14.3886545132093	15.3476694798783	14.847043477625	14.6618679935427	14.6158904024518	14.6642026901812	14.9420211001609	14.2342374226995	14.5462579984041	14.3855638113712	15.4077633058906	16.3370997270707	14.5724491183267	14.3446693269702	14.5408373757933	14.5515108075746	14.6152826260726	0	14.526470549102	14.3631992860097	15.4375300059198	16.3778027262599	14.8051332655738	14.4094417943424	14.4440269779863	15.1864571882148	14.1524410520535	14.6267575465503	14.8775424823346	14.2787607455359	14.6506179924632	15.3589374939693	15.5162937670172	15.6273085998977	15.6738356683045	14.6641531533556	14.6756211883306	14.8860492312158	15.5896801217754	14.5455833428616	16.0727282746862	14.5403253891782
M201.1646T677.49	13.8610706362353	12.5975783138414	13.5201566152015	13.2126349378925	12.83975428312	13.9231346935727	13.4711223072513	14.0174667546472	13.8341441223335	13.2878489491355	0	13.1331315128703	13.2281089530605	12.3264072590781	11.8203080840482	12.2180419655609	11.0883991633197	0	12.1501848241594	12.6609202973788	12.8290375398709	11.1411178927278	13.4788635220224	12.8471653856521	13.0435967066825	12.7676425517509	13.7348676584501	14.8380630997581	13.5825087742757	12.9181594646398	14.0640788500476	13.0999164041297	13.3109203536069	13.329456009326	12.8418414078072	8.79911301441955	13.3966495581116	14.0462996641557	11.9912389549061	13.5383108297115	11.3948803239423	13.1533652204288
M169.0193T187.42	10.9221135102951	12.6117109807047	12.6859814209953	12.8846901294982	10.9991897818544	8.78730943551968	12.7858888306229	11.1839424859524	10.7908048000569	10.0493178574659	12.7835901084774	12.6567520177824	10.5817117367462	9.99474702477291	10.9644490615911	10.7120624482076	10.8339264085883	10.8818407183439	11.394767016091	10.8992299598314	12.4616370893571	12.4068600120106	12.3830187149803	12.5438908713344	12.7575047294848	12.8956514802899	11.2688051260309	10.363010130128	13.0303807712449	10.9493324420637	11.2106368965204	13.5152368035887	12.9602776502787	12.8523198755039	12.923808665791	11.326768673441	11.6684327309685	12.892696518624	12.5865452019025	10.9865658400391	12.530543060661	11.7219330876655
M259.015T187.44	13.7251659901346	15.2121956393048	15.2804843367869	15.5277765763584	13.7191601619257	13.3967872415086	15.3251240468302	13.7935769933877	13.2176654125406	13.149818738537	15.4091616678535	15.2527194495948	13.2666415335961	13.257727910808	13.5324910313386	13.6926385371147	13.566020080781	13.8858228422609	14.0958897071246	13.8741860592937	15.0244324904078	14.9264237125772	14.9724012049275	15.081327547401	15.308635585086	15.4568633264401	13.7143639097997	13.2865425986199	15.5091928881256	13.7654255463088	13.9777541482028	15.9667282966331	15.4771668209877	15.4054379037963	15.3708945596716	13.8946869122679	14.2400166723173	15.3897131801617	15.1348042672705	13.8141606239419	15.0829642645738	14.3233255669612
M169.0363T57.69	22.0456203276903	22.3063584786401	22.9599310537685	22.8880243816915	21.252073160663	21.523507455002	22.5613690839429	21.3462992600603	21.8505290064758	21.8722232130228	22.3242322934626	22.0250576225325	21.979831551382	22.0583053403002	22.7429632689141	22.7317112643127	20.9730305453633	22.7272478891423	21.7830889660518	22.449747516764	22.6696930285411	23.1072321908866	23.1785127446428	22.1442808116826	22.8612736919673	22.6729135728598	22.1315770973488	22.5833183044417	23.1486886402105	22.6624828416012	22.8671058275842	23.1856478356384	23.1379724246975	22.8580342342541	23.0582160045195	22.5091916492007	21.8159246585447	22.9323506190639	22.3530514214995	21.5468055632911	21.7999943579213	23.0413834808593
M213.0006T55.4	13.6167142476813	14.0822153625379	14.6992073321037	14.6559630764778	10.1527828931969	11.4274328584733	14.6406788798322	13.1335580320615	13.5288304719988	13.5086446925347	13.8593347008626	13.9487002907899	13.4279716432003	14.3205896041349	14.7539167476532	14.9905117746462	10.8849478523706	14.7610843280983	13.8296827844474	14.5199284622924	14.5085418330423	14.9423557509576	15.200286681612	14.2141248842971	14.9213072017337	14.7549180308845	13.470178924709	14.5387336916554	14.9279127702526	13.8012275818485	14.3739605617785	14.8996457989804	14.7284121239891	14.4697662854693	14.7579043591177	14.4949683054206	12.2546174212869	14.6078119627582	14.3256108035474	9.59892694100705	0	14.6500952215274
M250.9741T55.39	15.2000725170892	15.1603103724145	15.9517521194568	15.8564212788932	14.4553811899505	14.4973533875453	15.8411141449086	14.7030676608596	15.116075853798	14.9932553883931	15.3040141439292	15.3852239352998	15.2008834925138	15.3612300798596	15.943266548449	16.0020342160751	14.2453759031714	15.9387332176903	15.1431263534139	15.7984557248416	15.9758182920416	16.1740431354813	16.269988427253	15.3158662922223	16.352800574032	15.9440366518109	15.2498019029869	15.8695149756342	15.9685017069527	15.0007596737513	15.943592714673	16.1584657908235	16.0331188496095	15.7405555942615	16.0126949666034	15.6651722467578	14.6284506406197	15.9977200263557	15.4832657457697	14.5043885105316	14.6896709215083	15.9172610462273
M270.9592T54.81	15.5412684653052	15.5659986694824	16.2484600008997	16.1252449496083	14.5661357613461	14.7056321220072	16.2351742456715	15.2500441074251	15.2326988349987	15.400650101682	15.5776149079823	15.8133142289991	15.4148487520677	15.8007823713241	16.3543820729665	16.295844191432	14.5665738424362	16.4357829721509	15.3539914597789	16.1861985672283	16.3159427515687	16.3670953595349	16.5377812684595	15.7812099770113	16.7020002666483	16.5558829431553	15.5722785056207	16.1313411539419	16.3120373471261	15.098568568577	16.0639894954666	16.6024418018082	16.2517565568876	15.9319557475475	16.3426421839292	16.0095798943226	14.9668179244229	16.3273696107686	15.8832026558872	14.9952338212883	14.953067324413	16.1887618198259
M272.9564T54.76	13.5961395631182	13.3296580786691	14.3570308393938	14.0173008419942	12.7816508251259	12.8124825048619	14.4949696692784	13.1631606792888	13.4415009268663	13.5621746249687	13.4958019749884	14.1565145064832	13.4537966856369	13.97848375221	14.6409595481552	14.3535520447084	11.0257486482472	14.5506176522956	13.5892700347228	14.2395737441255	14.5310762656642	14.6382810162884	14.7894795126391	13.8693233893628	15.0329899862142	14.7040459031492	13.6669529482836	14.2996305147818	14.3176372918377	13.3308273296467	14.2594692574578	14.8483459560762	14.5451932429112	14.1983877443774	14.5524895995374	14.3801203882145	12.2465486742762	14.4686598584216	14.0040355601769	11.1108219294922	13.3368161546242	14.3545388106378
M188.1291T335.9	17.1928558230313	18.5032069203292	17.4795008398551	17.8174460765405	16.8536590863378	17.3495381584044	17.8069621408685	17.2319349349041	17.4910428013546	17.4078581432522	17.5022664340464	17.3070049143076	18.8500418319319	17.4009317445757	17.2746044911977	16.9879709431878	17.0535477236469	17.6242692013689	16.7312611813944	16.8253898892835	18.0134775200132	17.8227895809885	17.5253508972731	17.248376205268	17.9375066779999	17.8398930866259	16.9277963761599	17.5116228174018	17.1205777022654	16.8966967489223	17.692072303908	17.4033921001032	17.2305138248409	16.9817342774349	17.6659890544407	16.8692921184767	17.8471939197668	17.597871497821	16.990957033668	17.1864836121407	16.8919308043204	17.1236045510587
M172.1341T346.48	20.1833472140499	19.7410199909399	19.481227401648	20.2269972371882	19.5120811752329	19.3454418519063	19.8858522564545	20.2309677301462	19.8313815305276	19.5512155240038	19.8518228891279	19.4396285255142	18.8832578255168	20.2127296629623	19.9643780643633	19.8252055633466	19.5630350711278	19.6556385948163	19.3729664791349	20.0512928936137	20.3860385782982	20.1931696125545	20.4083348527186	19.1893505730993	20.8197675221013	20.7202007746012	20.086467978857	20.1307755822607	19.8606955840697	19.2695061257741	19.9186427385575	19.9382090013442	20.1633347168391	19.8633470379984	19.7479841585388	19.7922400895537	20.3137361245892	20.3193615368	19.9657103494549	19.7333640895444	19.5336175879078	20.1831586662909
M195.1197T346.5	16.5280614195175	15.9085024260633	15.4216712848125	16.3918033400027	15.6840405486305	15.6904560927997	15.8794914669188	16.2683258849501	15.9807166207912	15.6408822298943	15.8741883772229	15.3092915056245	14.6523150789452	16.2538000527649	16.2603869354241	15.8402752985873	15.6906261929266	15.772921453074	15.152993147842	16.0687055493587	16.5183200443453	16.5116126801592	16.5497004732586	15.3791889783548	17.0714256062268	16.8554805944671	16.079578090255	16.2580966118211	15.972988020695	15.1235447630362	16.0284560004871	16.304273456145	16.2285451418831	15.9658142175332	15.7799403373206	15.9414077540123	16.577459491241	16.5202372159891	16.1796745944289	15.8468161065265	15.6707595923037	16.0892209571623
M212.1268T346.39	16.9407002605401	16.3854754369074	15.7939193915539	16.8015114553477	16.1305066705604	16.0483102708926	16.3486758063779	16.7661641414005	16.4485108661801	16.0382731752852	16.4379411799993	15.9529804504811	15.2869477839361	16.6261444041503	16.6942763152788	16.2768902109026	16.1186710275367	16.0722113267474	15.7157451851244	16.6210317063072	16.8197032169972	16.8809544741084	16.910392652211	15.7797129347046	17.4902977412779	17.2994348687496	16.4057569397424	16.7325362947809	16.473860355002	15.5540174089338	16.5310289075747	16.7044317973271	16.6191383268576	16.5239796895167	16.3417156974352	16.3643417647203	16.9682027346417	16.9548611247555	16.6814121864835	16.2323945018353	16.173919290822	16.5851176998378
M224.0421T312.65	14.4280211804741	19.3544293798725	18.5237388392126	18.3931921652524	14.7489816794943	13.7236252477644	17.283153076452	14.7777153597277	14.587489683086	14.3696598797562	17.809136258024	17.1841179308735	14.6541178035842	14.5505348957034	14.6270824182513	15.4356869560951	14.9925808583437	13.603356663744	14.4560737840078	14.0955756541885	18.9713177044877	19.6101748846702	18.7782512110467	17.2941251764905	17.7253395880085	18.126203257587	15.5126637329174	15.4182391721484	18.5483077683619	15.1179566796004	14.4347990060413	18.7388020661048	18.1368605123313	18.1040129497647	18.0577462970693	13.952430624922	15.118063463019	17.7637693388581	18.2190339395517	14.5802897108438	17.5277266411131	13.8383076733769
M176.0715T403.56	16.5775910799997	18.2201782027681	18.3220940448584	17.5350159482495	17.3909552107495	17.7905811510479	17.3909983457713	17.0402077069408	18.035493293274	17.4461708153786	17.6890290636437	16.4307182526444	18.8839462386653	16.6977593815023	16.9200535728695	17.5553084761801	17.6235844826858	0	0	16.6118610981662	17.2731884588266	17.7010208599092	14.8869970629573	7.25905026579769	15.9396104018508	17.3862813832989	15.4819911186941	15.7429312730496	17.4714969506803	17.0715120848834	17.8320260545174	17.4506192958934	17.3614911346794	18.5297584163629	18.4904037329035	18.5737389422571	18.479321674358	16.9353894623188	19.0128474846596	19.1184667341773	18.860678438057	17.8846545369717
M178.0904T141.88	16.162366144364	13.7712017916796	14.2198593247902	16.5321750593396	14.1567798279954	15.2447171724895	16.771897426791	15.3536091650947	15.8547960216683	12.9233016562432	15.4538648601662	12.1817164076052	14.6025112667762	15.5653201661636	14.1980462796757	15.5796416260843	14.5633834997586	14.4371498102548	14.4943294651492	14.6176099845568	15.968717905315	14.5714354839549	14.5655050705408	14.5589793724345	15.8621342579965	16.1641612353622	14.4351804002513	13.3427391540121	15.0462464324194	15.169975552767	14.7445353966031	15.8391142798457	16.4471028069265	16.9349914541791	15.1519754658805	14.7010245091212	15.2676527768244	16.5131001825326	16.8836736220944	16.4748859956811	15.3382576959495	13.6810048676361
M178.9934T54.57	17.2572118124121	18.8143213180716	18.018573350844	17.8233733921875	18.2996593162443	18.9770412161635	17.5080197508133	17.1023631973474	18.1948300523503	17.4296739901693	18.5776160617571	17.4322342189394	18.0473005924278	17.2069195179106	16.7538467316023	18.0044942277029	18.3624620679928	18.0329667278649	17.5790556500213	17.561586782739	17.9075694114606	17.7981067690295	17.7553167521509	16.8906585628981	16.9093608512116	17.919694594858	18.1628640211324	17.4109722310729	18.6782823864501	17.1252028940657	18.7861100549936	17.9612249781533	17.4966618557656	18.5715424125617	18.8800155076788	18.5582564068599	18.5806493922203	17.3612533189794	18.5576357265977	19.4429959886485	18.7503379681181	18.2476402219497
M381.0395T53.42	13.5398542541588	14.9654762590084	13.9344615572148	13.6303172630699	14.6964572112703	15.2521532981249	12.9775024621636	13.0488331103007	14.3508577869282	13.3134592853777	14.6704061377432	13.4165809019892	14.4071200988851	13.435126016266	13.2380342865106	13.9350284918017	14.8078613333748	13.8622269436632	13.914990336236	14.0155186750986	14.3763259426311	13.9870037493219	13.5175473147587	12.8498807126672	13.3522026438469	14.1833065744852	14.2520313259809	13.4876366652781	14.5693047773037	13.1472072620628	14.865906421534	13.9728449858607	13.9126073495831	14.812714727233	14.9716145007533	14.3980608205039	14.8653533127534	13.3821653174072	14.2432379265188	15.0361732568497	14.9723140398964	14.085298194552
M180.1004T283.1	16.5889253905817	15.2772908147309	15.0131757757276	15.6933767021908	15.1191932664093	15.5575110250722	15.4142026105809	16.3933933790039	15.8766542259528	15.0279610201547	14.3241240842328	15.6909185803304	14.2647750580723	15.7405387738525	16.2527650968047	15.546664642941	15.2471960202753	14.8549866566771	15.2187326261752	16.30069318734	15.6943992478788	16.5385521784559	16.5763190443552	14.8926964296535	16.4641912997926	16.6487982607256	15.7100227320686	16.124461440954	15.7410015719207	15.0751555964741	15.7891179256807	15.4476604755657	15.895836805343	15.0271187092299	15.4116600395778	15.2184749440294	15.9390700618941	16.086010190899	15.5634905950881	15.3878888302889	13.4767455265712	15.8261337033654
M183.0661T176.4	13.856674888196	15.3013865907954	15.8414558173999	15.7998651074961	14.2461860823395	13.9828916777212	14.526284159346	14.6400968291397	15.5256528090328	14.1576513842305	14.4782924871927	13.5997709157648	14.4945096876151	13.2431020647831	14.5709309484405	14.9235714911265	15.841899283214	14.7948103774354	15.5605225628318	15.0016999413802	15.7326176839902	15.90582274831	15.4231791026606	13.6867767088813	14.5237561682042	15.1750568389503	15.8188409357889	15.1880100157298	15.9929144945444	14.9931179862014	15.8648648155991	16.1775736106995	15.6660541781893	15.3127741165999	15.8845802340246	15.1588844362242	14.0076526459232	15.4047985783416	15.0120322220399	15.1678018008145	14.4597096592693	14.4043965494373
M360.1025T176.27	9.91378403388449	11.9911949085899	12.5022889596786	12.7198217523809	10.9219016739638	10.7898971326872	11.2339278651302	11.2835496767722	12.2060480715829	10.8558024478071	10.9940030204273	9.03586470683999	11.1170741146689	8.71500025277259	11.3508160064617	11.8590887506706	12.537804213845	11.8524108223672	12.1806356435759	11.4872930455048	12.2972401032564	12.6572278195888	12.1947808430175	10.498128327845	11.0203714070124	11.9288860468995	12.3750348279996	12.0022032370315	12.7098256299326	11.7439113700767	12.499160687753	12.7414482135394	12.3247256700902	11.9115530762753	12.607931229082	11.8659720009466	8.47248053061861	12.1254620133119	11.8873657362449	11.9173105104289	11.120347126573	10.6871183295139
M377.1292T176.3	10.6091360712277	12.4893965715076	12.9791826907593	12.8540890255431	11.2932566751023	11.1522400191666	11.2443909506752	11.5687135340918	12.4785729370666	11.3883766415312	11.4411612134147	10.7781061470449	11.7246191507866	9.25920537715996	11.4251171900707	11.9115235785327	13.0182907742694	12.011340654412	12.7185705449411	12.3039238365561	12.8358790469182	13.1029764905794	12.5755012314313	10.6371665442044	11.3455419394306	12.5880460869308	13.0012857468737	12.62024826168	13.2699571183883	12.0476210743508	13.044928937813	13.2827650726891	12.4061837759599	12.3984357391839	12.9353936782889	12.4669194853899	10.8694134301618	12.3704331100694	12.3152579633403	12.3873420567735	11.5349600124458	11.7449566925291
M381.0812T176.39	13.0194876860689	14.558536081036	14.8723555875542	14.953967228943	13.3853966007137	13.3411829132039	13.7457335008358	13.6701993074695	14.6867852759686	13.4358623186738	13.6587099482886	12.9029141292104	13.6704254889932	12.4296082682546	13.8705524732042	14.2621685681462	15.0322271765175	14.0116933683309	14.7395173513302	14.1330428097055	14.7521433125489	15.0763078035508	14.6656407325064	13.1775014364954	13.9096087998342	14.5556458962386	14.8126194866279	14.4593625778667	15.2006059280471	13.9644222388054	15.1465267625103	15.3811813245556	14.5603295064229	14.4973630243627	15.1813474203674	14.4351331815021	13.2462507872429	14.6342022317495	14.2356881025278	14.4401143709535	13.6950044887833	13.6917183103881
M183.1111T44.72	15.5046385173195	15.0153540677442	14.9357385663341	14.6431851221006	15.6686797231077	15.616792774239	14.1121499345124	15.5352828170066	15.5315903212192	15.9244952621345	14.2309735349847	14.5402839481338	15.6617036103294	15.6408100515603	15.7364570918835	15.8341371794164	15.7708275954707	15.4210957538826	15.4901198605805	15.4152069787742	15.1425541988568	14.9363740260216	14.038071661156	14.6951433162625	14.3563277529432	14.5756362366565	15.4467528293635	15.5835761086587	14.8487707531744	14.9578230335622	15.3844245438354	14.6411589285432	14.305105509788	14.6923114188811	14.6513419377126	15.5899233294479	15.4248385244124	15.0740714393304	14.2277427106502	15.8588576479712	14.8729662906874	15.1429858386129
M184.0613T157.03	14.6400513932926	15.9915863529745	14.4454938123583	14.0615935779057	13.6073760550472	12.4927937559876	12.4258317409942	14.9017793543827	15.4774619890829	14.1387133262287	13.393920105442	11.9511013508892	14.7282771382302	14.6773813390089	13.7222605048264	15.1185407189562	13.5602031365293	11.2065011141075	12.7013279409271	12.3918041035457	13.584183989226	14.5431498212004	14.1601436191507	13.9967052498217	13.174858040109	14.1777194287465	13.3602087336319	12.9426845511229	15.4290745824432	13.1304832860075	13.654720081007	14.1562019500287	13.9733934277176	15.287496379015	14.7435414541102	12.2684034565771	12.2769081741249	13.5965903512523	12.7863259393499	12.7963696804451	12.8635097163754	10.9345625126815
M202.1448T376.43	14.4552257314231	16.0314692453734	14.5458366800498	14.9764595954242	13.9326058866534	14.8485577626328	15.0758357191096	14.3999858954998	14.959897572452	14.5002988583892	14.7729209018764	14.5205982031813	16.1758473663261	14.7848466654574	14.4503281219088	14.2545212500466	14.503352962732	14.8599050615748	14.1316374151038	14.0659330365092	15.1946755199844	14.8741380587975	14.3040203085709	14.7709129178047	14.7179008437464	15.1568171444968	14.0331137082675	14.7643983820966	14.1412856098334	14.4054068973051	14.9058366263898	14.3606403805202	14.4841236468815	14.1071565573922	15.2850973590047	13.9379017492868	14.8676214148423	14.5982207822937	14.1662352085205	14.4030228595748	14.2239001547177	14.257705343444
M187.1531T397.46	13.5883497624297	13.226167024477	13.0377433023521	13.6809190088273	12.759629835293	12.8480340786834	13.4149438783603	13.710122065719	13.2507346968187	12.8232262462239	12.978097801486	12.9863137917509	12.4448430726733	13.6582669182873	13.4312485036512	13.3256559963394	12.8005068763809	12.9591522625333	12.7698561216569	13.5171060969711	13.6194134429188	13.4862377561196	13.9000992751795	12.6159972055361	14.0953428187216	14.1123320179755	13.4543470423372	13.6977390312001	13.2382211768435	12.7150830203196	13.2268285480334	13.1938404098543	13.5623028299037	13.2515477689403	13.2433128916727	13.3092061415901	13.575347566167	13.5761048635466	13.4789464080544	12.9014990996669	12.8785575979837	13.6389163113032
M208.1319T397.55	17.6610455256666	16.8712129680911	16.6541164293506	17.4978374257478	16.5721829520579	16.6352307937269	16.997024053055	17.4109955026646	17.2549847471482	16.496633583135	16.9077807682139	16.5959369170063	16.2814283510244	17.3122036246538	17.4421874716291	17.1867154961772	16.7069022419846	16.726367833337	16.2232722642135	17.2899102529463	17.2404862453581	17.3511485251333	17.610928734166	16.4302283583281	17.9440688398169	17.8547412750079	17.1691092108574	17.4346550306606	16.9051945218139	16.2986369581537	17.1048040690873	17.2434350348952	17.3696122540796	17.0982875829279	17.0092053828357	16.9400934095197	17.4433044349851	17.4780936264012	17.240274980604	16.7846609141335	16.7800660131697	17.2630877201945
M187.0721T58.33_2	24.3592396157359	24.3206160875105	24.3739546174995	24.233225388366	24.3201286122369	24.2180450788616	24.1141135922317	24.1735025694649	24.3435732065999	24.2501222254505	24.0977925205734	24.2052042368221	24.2164120991592	24.2983229653289	24.2525612598385	24.2808733975542	24.2304456469536	24.2008146424947	24.3043916879131	24.2048090093543	24.2124180817049	24.2830716870561	24.2212103014127	24.2422602616993	24.1743519032517	24.1333019699344	24.2081946053847	24.2355337730594	24.2925123285074	24.1416019491376	24.3875622361277	24.3537247046866	24.4089793045659	24.3864034589043	24.391490881856	24.4072632003893	24.3784681407549	24.354657114475	24.271647072085	24.3620661784088	24.2772428399026	24.3917881721597
M205.1084T176.46	10.2346660352603	13.6387417672019	12.0836112750036	14.4189695837904	12.0084461586947	11.6926227652762	13.3265107118441	12.5425185510082	11.9625766868799	11.2254083629566	13.9878098963484	11.7565763964696	11.8915559887517	10.771530183874	12.4371442639673	12.6056199855656	12.2068297699868	12.2039524390119	11.3906395620853	11.9287887900627	11.4726420279976	11.964657097029	12.6093708503092	11.8220114344941	12.0503806232496	13.2012670594173	13.6340937565615	11.0061304697932	12.6277505228857	11.5188254205761	12.4303513771054	14.3827016025487	10.6495388887463	12.8171158556717	11.9001898728761	12.7184099873047	10.4183194003335	12.5027042498479	13.9043523795175	13.7149994447923	11.7437001711954	10.2357509893659
M319.1379T175.28	8.43588875201183	15.5446535926312	12.0824220784487	16.4145451603934	12.8327113786572	11.9135531697469	14.8204863731709	13.8248300475522	11.1904450044843	0	15.8050050147708	13.1297458742443	12.5663109290827	10.8117939358013	13.7744629641606	13.9284579608976	12.2658245119831	12.868739960776	10.8148002297934	11.7494147273679	11.1507408867391	10.9780005072478	14.0914237913313	12.8558249017424	13.1838893201951	15.166431375828	15.4074074383231	11.097935469941	13.9859328570893	11.6891704395832	13.6712588195629	16.6088358371365	10.9480290567402	14.1268928785181	12.7080445802857	13.7512669496314	11.1533770707876	14.2494809168243	15.5364440617726	15.4022281845747	13.1866107841197	11.6152068726528
M188.0749T282.45	0	17.582968700655	17.1689873346556	17.5617608332506	0	0	18.7010319235915	0	0	0	19.4547879893834	19.3563563826256	0	0	0	0	0	0	0	0	17.6130206953831	17.845660897292	17.57104611577	17.9916931482926	18.6959360602848	18.4869267218637	0	0	17.6436752038165	0	0	18.0529209249701	18.4571484720839	18.9249691945859	18.0840480820869	0	0	16.9752500550151	18.9796172443675	0	19.2656177654147	0
M190.0714T68.59	17.3868414967329	18.0414617713535	17.7642400326053	17.7253825393172	17.3294301636559	17.9448596205711	16.6908079213067	17.2344236677246	17.7245103864436	16.6622574579216	16.6646009074129	16.348010574952	17.6965247444423	17.004967861168	16.7491550893166	17.4405034227567	17.3426786112379	16.6837264139187	16.4797988278224	16.5615475707007	17.308174995183	17.6834736145122	16.9483265007533	16.9625627962893	16.5477674523548	17.2714494801156	16.9956621103848	16.9354698838307	17.959801690073	17.4449263560155	17.7109011528346	18.2292544673728	16.4572897820564	18.1006902284788	17.8749450190184	16.9091538645073	18.0737233941464	17.3993216852908	16.3272524740893	17.680291669495	16.9318856815592	17.3596362857827
M212.0536T67.68	15.0098190123705	15.8796151124634	15.8555846646538	15.7563818677683	15.1473945051484	15.6880336229356	14.2480934965499	14.8328462257388	15.5841954346886	14.651294236894	12.2459607529936	13.3310885723427	15.7215636490228	14.8070975281506	14.5956435095716	14.9435546284709	15.3056115722019	14.6284575480855	14.2756887211425	14.3758104490869	15.2860839080147	15.3892353000911	14.6376863616997	14.6561575373909	13.9166535364225	14.9795271986055	14.9303716564028	14.5838161142903	15.5034376231251	14.2432711359434	15.7595793899954	16.0731222355802	14.7935461356496	16.0261634493717	15.8412821213279	14.2358425095751	15.767793272353	15.358325009279	13.6995010096375	15.435526526372	13.942936500761	14.458366907376
M371.146T67.61	17.3648172877345	18.279351394368	18.1144391530816	17.6551857513303	17.5184860667399	17.9634264826726	16.2883520629163	17.1872721771323	17.6491273703969	17.2119442010681	16.6575632991447	15.9961500295117	17.947359100446	17.1475737396607	16.9052103350545	17.5751753464915	17.4597438189086	16.8808741966217	16.6920554641445	16.6640092416665	17.1955499070398	17.6132443398986	16.4818808612243	16.6390584323314	16.3953506206453	17.067208090086	17.3057617632144	16.9313130653487	17.8127766131749	16.998014022384	17.8356640630261	17.9704276912071	17.0080040863717	18.0356086344812	17.8350647519198	17.150261323121	18.0153801170859	17.2497173392004	16.7615800782985	17.6465843282255	16.6594913205583	17.3731662723832
M191.0411T47.51	19.4337694227768	19.0252674591147	18.854207452778	18.9912433808468	19.2443956267099	18.9474158466986	18.9795326233845	19.3282777535417	19.2705982370124	19.7721577827433	19.3478656843896	19.3572270414393	18.9731974582725	19.2823437738661	19.3319987059256	19.1476475847028	19.1670455642895	19.7609021732921	19.2086042117312	19.4686301653446	19.2391995688372	19.1767684386282	19.1483137732463	19.4270677573956	19.3139082207849	19.0649894161905	19.1991194284526	19.071546694201	19.1375850828192	19.1262544016906	19.2365609801637	19.1827746529537	19.0732213497799	18.9655420677733	19.0146706945796	19.5386437064623	19.13181382185	18.6452555277972	19.4810627669178	19.129561385119	19.4032996042429	19.5024101200368
M250.997T47.95	15.3904450150706	14.8765129656669	14.7910797648561	15.2205263593153	15.2269170215113	14.9299561882396	15.3593841470501	15.4958387701836	15.2865111875168	15.9916288041728	15.7285901328936	15.584062225675	14.8542235257175	15.4446943390674	15.4695696090935	15.3123228068411	15.0894620774224	16.0937033851526	15.2328308611544	15.8212409630034	15.5094676636071	15.4675859525248	15.3912415473123	15.6798888028817	15.4733042533514	15.2687593695873	15.3829505311979	15.2190329774869	15.256894956636	15.1472231718507	15.5006902643905	15.1975496278215	15.1683465150979	15.174834396865	15.1831596533357	15.7898440821825	15.3863179314055	14.988416171923	15.7493785626828	15.372461901401	15.5565093057812	15.7902739106382
M209.0924T114.23	21.1751246032034	19.8078111264673	19.6341148845538	19.3644803095856	20.981917256164	21.3906163162431	19.5062016887104	20.7734608313586	20.890935261018	20.9657852525833	19.4701541401092	19.2994997304073	20.4955777184423	20.3888981969853	21.3831757434601	21.1738016727486	21.1808035861649	20.2601148484341	20.7845955413211	20.7707370826972	19.7897500296788	19.7668377790823	19.8643945823826	19.5322853116399	20.0062542704436	20.0838056057709	20.0874347784557	21.482938934823	20.0865420906587	20.6468355321635	21.6057192843742	19.5942162505508	20.1333641819457	20.1094703977103	20.5986275416852	20.6330923555868	21.4080121375031	19.7988101505717	19.8039905175011	21.6598026486683	20.0550886695139	20.8279343553902
M192.0699T252.44	16.6435943736676	17.9585050919661	17.6215201532518	17.0759240319856	17.2862104009257	17.4237192499364	16.6347498690498	16.7890583858407	18.0227058219526	17.446116077417	16.9063535001755	15.9474761936561	17.3007281606499	16.8496445433121	16.667674560731	17.6912093697216	17.4980521178466	16.1233827894488	16.8237396013513	16.7310402406468	16.5552559453307	17.6487339010509	17.0310848647426	16.554577991713	16.3391492644359	16.8216837563471	17.3964610846199	16.9159959286144	17.5575301407189	17.162684635978	17.9118624255011	17.5920695342935	16.9743432295398	17.4788831302831	17.5961587378517	16.6574149170652	17.5247805560453	16.5526303820083	17.1396905262815	17.7778070530876	16.7899493148272	16.4481410907489
M215.0555T252.27	10.5197068541013	12.0504628681788	11.3917429333468	10.9657667680262	10.9588164430738	11.5146350898689	10.4875745451898	10.6438822639539	12.1764221308856	10.1087650181534	11.0024808706423	8.23188506690447	11.3220719945697	10.4925733069327	10.6066526188801	11.5752133786914	11.2293560241974	0	7.04478748508218	10.4759797292711	9.46235268384124	11.4296889330456	10.7374842820528	10.313366790367	10.1229688480272	10.9862946957322	11.0436289544501	10.8035931456735	11.498465556855	10.6286900866948	11.8416656505162	11.7283877285211	10.9130039799554	11.526364415782	11.598951478684	10.4232656403371	11.6094734348157	10.1623404080088	11.283076418539	11.5944924105033	11.0882794645401	9.51411882777538
M193.1555T49.3	21.1834718757097	20.0741172755592	19.98581899163	19.5403063399071	20.9914374691946	20.8785441266434	18.3572471812429	21.513019697945	22.0055172802122	22.0337132525421	20.0744652034625	20.0986197444796	21.5762025174544	21.2474411237231	21.4460500836349	21.5210350562713	21.8643040402378	22.3632831023913	21.6548019953362	21.7140597434908	20.1960428642119	20.020765165084	20.4339512255883	19.1584350194365	19.5911908088357	19.7416632317918	22.10766904948	21.7477921084657	19.7886670390689	21.7345626395097	21.79859506066	19.6677558269457	19.3903683778194	19.6486159303836	19.6515467476472	22.5650593514213	20.6428726818409	18.882093791738	19.6715549722302	21.4788686372076	19.6168934342411	21.8848889235004
M194.082T322.38	20.1190150836408	19.601499275845	20.0662371782219	20.6198285442299	20.0637242964279	19.0905202999017	20.808749765108	20.8896894283361	21.3332091311333	21.476684938535	20.0620744695508	17.6014064583756	21.1822295570542	21.2935323827597	19.4281360852241	20.4115586534126	20.5401534847319	19.9853464234501	20.0101945640089	21.3282916268075	18.7663024862429	19.0545913502926	20.4654164790074	20.4355162682993	20.6136783954969	20.8261860338396	21.1854408931754	20.6249876492783	20.1887896446591	19.9595012011924	19.8578382300961	21.5558037854117	19.995443896698	21.0961005315981	20.3416504177287	19.7361007211203	20.6976746335901	20.0004484826528	20.0971932498901	20.7626391178048	19.8598181705617	19.7762791024072
M194.0855T181.84	15.151294084888	12.0433895232022	12.7776563911835	15.1304147208811	13.7736420395708	14.0000602420743	16.1359540864695	14.8463993028084	14.6843305541984	12.1715918736264	13.1486210411184	9.8943089973922	14.1128837249592	15.0838664025119	13.7339339664792	14.8094373636848	13.4634969442201	11.8799943596604	12.7155577097385	13.1692713287863	15.0559508064519	13.4531963410916	13.1370107482776	14.1440871955974	15.3060930715146	14.8845348642192	12.8811432793418	12.9145121421374	13.7246357672465	13.806684337538	13.3701685537362	14.2508079021395	15.2964234932637	15.2065954118493	14.2360326699565	12.2567295892742	15.1520291533686	15.0983323020558	15.797514995872	15.5115446798105	13.8915808529083	12.1152629026459
M214.0155T286.87	14.0358307762681	14.3878619273959	14.2170675591454	14.6860005902776	14.4345241076314	12.8555602318855	14.3584082044311	13.7561559043684	13.898133065984	14.8083014288092	14.9102547633759	14.0510297487391	14.2775630804402	14.3273267833922	13.286474653604	12.8430925348799	13.4885871461285	14.5981005833677	14.3105902737421	14.0533354777867	13.0339643148844	13.717698902681	14.0334781000356	14.212500496599	14.5204424570804	14.6542837008706	14.2687750691402	15.0053259494358	14.1323695162895	13.0972696364195	14.1007822705108	14.6977247718889	13.9687304992231	15.0445166580499	13.9419543143682	14.4562220150581	14.4664632196777	14.8325560466697	14.7486689037248	13.4289047626864	15.6526422514067	14.2976816602945
M218.971T287.5	15.634170862735	15.7271564325965	15.248568892863	16.0546498734529	15.8269408648577	14.5496649145972	15.7340186098596	15.2831741483554	15.6194295897968	16.0673120802257	16.2901536022096	15.4008360450995	15.3823603754746	15.6863260029792	14.9805045735243	14.3724747711016	15.01452084256	15.5631966519062	15.4371417616411	15.4553922113172	14.6666757977465	15.4969822253333	15.5380816754713	15.7458519306335	16.0450411538424	16.0926064575302	15.6042620792945	16.399789886043	15.5551936998693	14.2637873370134	15.5658887287478	16.449209899616	15.8416628358721	16.5333143454337	15.530270411933	15.6564335065687	15.9244397611494	16.3482602369265	16.2842981906081	15.034571159154	16.7045444285361	15.4239193166203
M285.9975T286.53	12.3903522272578	12.9990037525312	12.8422713604677	13.4823073568744	12.8742829027982	11.5203129179409	13.008290069695	12.7215656226962	12.3927952913865	13.4107740205537	13.9174128841412	12.1305989557343	12.9675373419162	12.8624140963475	11.512193547952	10.7287737390533	11.7307889265119	13.1440233581535	12.2765574581392	12.5581255343695	11.5901946589948	12.1868547994152	12.4368570340953	12.8808192909391	13.1531038908217	13.3975268341721	13.3272909745832	13.8875844786217	12.4432743169277	11.6961876785086	12.5601207965464	13.4443641415202	12.9262792249923	13.8614458987015	12.6849389332179	12.8887190006225	12.8722594930631	13.4996652248484	13.5093714546858	11.4169269205828	14.3683495836203	12.3175630177318
M304.0083T286.26	11.6182189504156	12.0345915303106	11.8904009952342	12.3343441001934	11.7873190876705	9.8480852974133	12.1839062319428	11.0521650274323	11.215005896166	12.4194093681128	12.6520609280113	10.8625066350165	11.8038239936014	12.1698384698053	9.00227944164428	8.98209044434109	10.3665887342538	12.2624701207027	11.3655106803286	11.3749741075403	9.93400891367578	11.1898990271539	11.611607626519	11.5818641928217	11.9173403669464	12.4577993368154	12.2667477978548	13.0051328409952	11.453600457253	10.0135712182067	11.4620009301219	12.1771511648962	11.5905071773939	12.755944588925	12.0274115971447	12.0092793868657	11.7627199494314	12.9153436674713	12.5138916785376	8.8339979266443	13.2120270272979	11.0614964004864
M312.9806T286.92	10.8512024159091	11.2547578083518	11.2721671843201	11.7145612241389	10.9765369209537	7.17022407306269	11.2805692878268	9.90277769374562	11.0787299427884	11.8517145971223	12.6729613542619	8.64682792842517	11.6823348984973	11.5151947675419	8.6423125641318	7.40843825457947	9.94553724804071	11.809487535273	10.7500385422264	10.2427220702952	9.06574565531738	8.96297152671459	10.8767867461364	11.4300054438227	11.5162402734508	12.0540394705601	12.143577608191	12.2079313818169	9.88744210878429	9.49725843022003	10.7680299644232	12.2611114158583	11.3136843896492	12.212706841606	11.1533138477293	11.5425671265937	11.3064614459553	12.0987599231269	12.1213616139451	8.56924836920443	12.8926067883521	9.2817002684843
M318.988T286.35	11.4311471080677	12.0197147751659	12.0777098397743	12.7691093721354	12.1902871582151	8.88275332052855	12.5210410352638	11.831015184425	11.9185738732142	12.9360925089228	13.4548216753587	11.2510455433494	12.4458788414544	12.503083646455	10.4808230007069	10.0779638353831	10.6709414500723	12.3409174257077	11.8149161340477	11.4599521297069	10.6079340586467	11.3112609071386	11.4298655698429	12.0769184628575	12.5637012013494	12.7446797929304	12.6660851519312	13.5498291450195	11.8282839281456	10.0188839812387	11.7946370503749	12.7401532254735	12.1071896468169	13.1371874998165	12.1688277135971	12.1639265183253	12.2592903677544	13.0032699122669	12.9782983964319	11.3298370609132	13.9133224727446	11.8839079165131
M327.0244T286.26	11.2886596875371	12.0348861593723	11.8079775222444	12.2707359190653	12.0936409313566	10.0556564177591	12.2020948228553	11.5471169324549	11.6117437028834	12.4877619205961	12.9342038319465	11.1421888173427	11.7367928658921	12.1063064344308	10.5413112430878	9.55606273741905	10.5391995487654	12.5294930859135	11.6031725761838	11.2645920686696	10.0491520892382	10.5162326496424	11.8238637791317	11.8399863492667	12.1610472056886	12.5138268873343	12.1547479309746	13.0405983715961	11.6091551408065	10.1957125580093	11.1380841195767	12.3948857449099	12.0901735021136	12.8933938030582	11.6153000859973	12.0566316763705	12.2059769186491	12.7626324645922	12.6451156708672	11.0430299998242	13.4031544472015	11.2069383642268
M388.0154T286.16	10.867847424025	11.5979097915001	11.1715363692809	11.9183490676698	11.7487872305328	7.85746246608288	11.8682930795399	10.6105237358407	9.93799112871376	11.9886847989166	12.0037142677185	11.0746144903197	11.9092654064382	11.8836373339493	9.05258292152245	0	9.83379901479895	11.8117771372885	11.5042782931796	11.153327535581	8.36146020208537	10.408540241895	9.22323526054034	11.5794371053199	11.7263316945973	11.4834098633986	11.4813112220633	12.5541651406292	11.1226558560976	9.43064887443216	11.1732724179002	11.9878911953412	10.7499320598428	12.1876036904506	10.7924376605544	11.8315455555732	11.5468763296896	12.416669362013	11.9021375554411	9.00802315372718	13.1412800352353	11.2635625363311
M392.9706T286.81	10.9170663968954	11.51450606726	10.6670949428895	11.9962176401376	11.6075401455957	8.93889559567183	11.8583637117792	9.40368655405624	11.1121340140863	11.9141552415121	12.327389613576	11.0895943661742	11.1890649622045	11.3009976952685	9.71333519735968	6.89214968711663	9.51673152495976	11.8546705962187	11.1471702213087	10.9125611163916	7.27083137986864	9.99376949215595	11.0233346118208	11.1130551254323	11.6571708294543	11.8060725489293	11.7363510917504	12.4584399791658	10.6670172993759	8.08098230623085	10.7757691447826	12.1716520059172	11.2822158683365	12.5582546240138	11.4261990089304	11.7178801273105	11.6894192991673	12.2673288049873	12.2412066401482	9.58400117374864	13.0607216370291	11.3448581382721
M405.0419T286.53	12.2844266151766	12.8581405620053	12.7545984162138	13.1961664157596	12.892270941227	10.975156003235	12.7905205250912	11.9878243683636	12.3026155237002	13.2523172943787	13.427576207179	12.3733917366558	12.78999135923	12.7209133342905	11.3756562930536	9.53472063350369	11.9921228579623	13.1582532219053	12.9175102157505	12.6994109372039	10.893861569424	12.091353736201	12.2146894923322	12.7923242456549	12.843592363889	13.1021891202252	12.890053067767	13.6982684687958	12.5565833446612	10.8798532950308	12.1287200097697	13.2385194078783	12.4946003644603	13.6198814784962	12.5266837802334	13.0673952762541	12.9091007702695	13.2383916499897	13.3246923450125	11.7014269171178	14.5012383425268	12.7898040895468
M409.9973T287.03	13.0178126993458	13.3069392622027	12.851673024691	13.8130017384298	13.3480248995458	11.4877248959959	13.3145126802223	12.7693372028826	12.7592826524831	13.5969302227249	14.1377785815895	12.7695535905	13.1465885974799	13.382279609598	11.7827430310156	10.8977416935139	12.0129718076248	13.4643651407451	13.0846251408075	12.9181532038952	11.0832258951806	12.4756590456303	12.9203482886037	13.3435503782812	13.5238024938677	13.7311359978621	13.1995885227432	14.1875939845489	13.0613771522623	11.1075310622643	12.9429838149125	13.8144477459926	13.1556077018534	14.202856343726	13.0873665446542	13.3225751552551	13.4535863833687	14.0365433528768	13.9424220727044	11.9024920988648	14.675706600733	12.9643352189996
M414.9527T286.87	12.9497534662549	13.039607222807	12.1750781441064	13.3650210732239	13.256116218436	11.1764016660937	12.9017447369772	12.2531013822907	12.7819560408065	13.366057373864	13.6661397571713	12.5985377292655	12.5454509908325	13.0052951933749	11.7911128921132	10.7051594909853	11.9759215113856	12.8349621070466	12.7057353355023	12.5164912314627	11.1263998266613	12.7958310891909	12.6259889791655	12.9231418255808	13.5483679392842	13.634954603472	12.9101397615524	13.9127987538058	12.5233603686841	10.5222351731739	12.6799690186272	13.858022734303	13.0944902854258	13.9879971021798	12.7396479266221	12.7723463478741	13.2047918272977	13.8682039646566	13.806328152775	11.9533332817511	14.0991118332752	12.6820598371726
M465.0128T286.43	12.569106908805	12.809451273063	12.9846677825728	13.3112965053388	12.9693932980975	11.0065169864976	12.9321656266164	12.8187429259947	12.4283358507946	13.3333179340271	13.3751696306829	12.2923413075365	12.9142196177246	12.9588782225718	11.1817383283564	11.0289405959835	11.4346989758564	12.8448893280044	12.4022384006422	12.4101468397399	11.5757226393786	12.0477275192723	12.4989604411524	12.8553481063376	13.0063669943388	13.150332559759	13.0411866701464	13.5630080201582	12.5254691732731	11.7365599450426	12.5502260412702	13.1399201438296	12.9781457257173	13.4318152219287	12.5711280480805	12.7967985275011	12.8489357521135	13.2285954524566	13.2082750133796	11.4834829981742	13.7278151556596	12.3060972368625
M493.9664T287.06	12.1575707023947	12.4664684713517	12.9392068793999	13.2884895426563	12.7574757945715	9.06484304107751	12.7550953292917	12.567111426394	12.0691355192536	13.4253766602173	13.8204758857675	11.3275111799738	12.9613298551475	12.7358267596756	10.7149290139137	10.2541393294502	11.0658397246565	12.6772130109134	11.8549961571862	12.0387102116329	11.195826279998	11.4618093044163	12.1306289507899	12.640462703144	12.8571954098743	13.0273213552775	13.0271887996712	13.5565081666594	12.2467270233371	11.2295741650476	12.0419096684928	13.2525980014484	13.0614453352294	13.6348775984993	12.3769672317784	12.579889215543	12.7466883141029	13.1640628063107	13.3499942838123	11.0582300121156	13.7178122476153	11.8721250116991
M510.9931T286.7	12.2580635396976	12.8643293008845	13.0089636140675	13.2143553164799	12.7714469960977	11.2238386473277	13.3065490135535	12.6470144749098	12.3678608721944	13.3935109455993	13.487278900455	12.3277913830436	13.1051860642181	13.1389445441332	11.2511855712499	10.1473226617621	11.7073919182761	13.2425506417236	12.8245538104262	12.5192177576359	11.5536837810076	12.0284295297404	12.6719379096316	12.9143652989491	12.9610858091117	13.2462396977854	13.2426998619356	13.5439127023763	12.6211718189859	11.8397062104167	12.2489290292206	12.8782057310722	12.6281001379168	13.481955994099	12.5764685993846	12.995427837784	12.9374135399854	13.2602038761536	13.1851918448555	11.8789161813441	13.87621831675	12.5721287503643
M512.0011T286.84	12.135279373076	12.3661485526663	12.5850907530533	12.8610147167073	12.5427111349941	10.5458177005386	12.6041806272847	12.2821652767683	11.7308566162988	13.0586930404307	13.1961040217522	11.8383858336118	12.5910319599592	12.5478108302756	11.0842777368373	9.73586530097358	11.0644408916804	13.0393458710328	12.145568246087	12.065515006889	10.8829619336304	11.3745631800389	12.2043265611863	12.491325050942	12.520287092774	12.6355806103268	12.867911467806	13.2916413511421	12.0462656844732	11.2784131479041	11.9299023834103	12.6915256547127	12.5155952569627	12.9889712019938	12.2153663657209	12.5614516234205	12.5939668376732	12.8430732693586	12.8387184321311	11.3578777142549	13.5869905542622	12.1036975769846
M514.0014T286.48	10.6779677099344	11.0384610429178	11.6243643346718	11.5632854012517	11.137382482507	9.00931889552133	11.8784410867384	11.1658431211158	10.9847291425427	11.8435388724677	12.4379899657278	10.3921313080878	12.06293417419	11.7296686167178	9.27947372757365	0	9.58496312965963	11.831839453376	11.4175360391356	10.8377941030136	9.16800822835033	9.08904446832081	11.0264825713284	11.2832133506413	11.4189784956171	12.0544463584461	11.8877294558104	12.4569077496987	10.9610101510382	10.0510479019286	10.5799527263802	11.6636332903975	11.1903933563972	12.0946562550373	11.5416586357606	11.2363114449764	11.2851077071494	12.3506055925221	11.6426506339012	10.5243749810239	12.3147895870258	10.7541415366522
M515.9483T287.03	12.952288714367	13.158443278001	13.1293570007811	13.7019476212359	13.3558215628615	11.6642178349225	13.3408529765426	12.8773547458794	12.7637614803372	13.8397055038907	13.9793933209053	12.7877837759863	13.0284112759161	13.5045713804179	11.8652229072855	10.8108812290236	11.7993681385978	13.2226040832358	12.6191544212934	12.8744965385963	12.1264685775193	12.2678632353524	12.8736216248438	13.1399677649104	13.5004423570864	13.5739608571584	13.4042408816064	14.0189496113777	12.9609272819756	11.5615290754809	12.6519687968921	13.7084805561902	13.4596345691823	14.039099609211	12.9579338990525	13.2641247763428	13.2638800173459	13.7530433507123	13.7706022203371	11.9880934562978	14.054000153379	12.6333825353061
M516.9563T286.86	12.0002939814937	11.9459719470914	11.8855274497055	12.4147468356595	12.1792363506521	9.47241746530477	12.0311590187365	11.9255239877578	11.7614575931047	12.4271519434513	13.0039241074077	9.90380469630951	11.9657316419266	12.2744615113942	11.1168275855486	7.79492514123604	10.0765421525303	12.5981864078992	11.0650167285339	11.863763758679	10.5148878415506	11.4632146886773	11.8681095277156	12.2244788870077	12.546521951166	12.6402883450611	12.2210666286931	12.8300165875048	11.440524347852	10.0567449511876	11.9055715737151	12.904587485229	12.3790172368061	13.1430325600273	11.7225336320345	12.0453460661899	12.4312046737709	12.8792584942999	12.815835312095	11.0660573645568	13.2301793822946	10.9714005527225
M197.1017T45.58	19.0108923604991	18.9387253433021	18.8527703596674	18.5031111302433	19.5125262119717	19.3605141383797	18.1182053160728	19.0815524444589	19.4020110380604	19.2230032695872	18.2069564335741	18.1320511064818	19.2364319912132	19.3054268475032	19.3029869879541	19.6191951698708	19.2793726767192	19.0172350066761	19.3214791415083	19.013051808076	18.8974647762388	19.1849069604489	18.7251403353989	18.0539431635899	18.5449754981148	18.6945984113362	19.1034680124044	19.3776006569143	18.9821671875107	18.9385365493167	19.3839226230445	18.9123017376264	18.8159848004638	19.2168198399722	19.0854155335634	19.0642041980272	18.8163232214153	18.4418325695401	18.6363557600738	19.2254986396899	18.7653460059477	18.6853899621726
M197.1295T283.93	15.4496336602579	17.4644244911108	16.8009094937262	16.0377020661051	14.9751888838308	14.7041710109224	14.3990816227778	16.5328471171956	17.2836007674942	17.1960657945025	17.1917005328996	15.5880196810353	16.8492333977808	16.5954392320009	16.1568266180683	16.8450114141359	16.1002834623052	16.0760502018408	15.5299997829811	15.1817144659653	15.8400158041272	17.1330048631685	15.6392516699848	15.9978186831291	15.7138718635944	15.5799931650704	16.7095847267452	16.1973225722427	16.8568268591467	15.680722450211	16.4275814954776	15.7988392904818	15.9384789653003	16.4701523895304	16.7845814130906	17.17734283578	15.1070636344789	16.1966735442258	16.056694998893	16.0899613448084	16.5172857143035	15.7689534742131
M199.1086T104.82	16.8364652215864	18.8134052771296	17.8597910724089	16.1387768730939	16.3356023963297	15.6992231590653	14.7272550225468	17.6339863494211	18.2566983002933	18.0845696052696	17.4342823777612	16.1088574113785	18.0211813388595	17.5598439162211	17.0621670799694	17.2639435623217	17.2530350560361	16.2838259300502	16.525721479684	16.4763952896982	16.1233600536835	17.5803717024795	15.5942419828637	16.9470908032804	15.735489376862	15.7965279042465	16.3177378130809	16.627909609108	18.0408466734574	16.8905329753882	17.1695247943789	17.2147800392877	16.0628198494199	16.3960061120241	17.386641093863	17.4656559856786	16.4350047070535	17.2492640744654	15.5991357459871	16.2738201849993	16.3124787095042	16.1303736267364
M200.1653T443.24	18.6253069580219	17.8639874872425	17.9094650504402	18.4450457960685	17.6958697671041	17.8621776379561	18.2722585999423	18.5325150556778	18.2269262612584	17.7456844838724	18.5632169401264	18.627607324647	17.511917941564	18.3791320854072	18.2725832096388	18.0113192604508	17.6167377482725	18.3659340059006	17.5094606576662	18.2403715519114	18.5347747805117	18.254992388882	18.5951060670758	17.3760041932816	18.9560507347526	19.2111325287137	18.4393074683263	18.3478201516278	18.1553351070529	17.6261148179059	18.3876480603431	18.2835875855492	18.5043371348988	18.0453941319404	17.986611304718	18.9523638154143	18.2717186180981	18.7932068906839	18.9485968730397	18.0525087756452	18.4552671489372	19.1261951647963
M202.1444T449.06	17.2070543468791	17.9161024668394	18.1387072806287	18.0445178131058	17.6644790707045	17.8961672706961	18.2199719469243	17.3998319322801	17.2020564094465	16.5140848496248	18.5215577264172	18.7983705354727	17.1661856034079	17.1574237173727	16.7405513454303	17.4604331664708	17.0103314884668	17.1371787604334	16.8075132034152	17.2163481797582	18.1735830712015	18.0761136725232	17.8612366764415	18.2327637972468	18.0024243651693	18.4166310250998	16.6531708727164	17.3601628515922	18.0663108945928	16.5709185435895	17.119513733122	17.9722561518632	18.2232242310981	18.4889994709355	18.5661350007632	17.8750406233716	17.3873405165667	18.0230195769476	18.5944160217874	17.6687843341152	18.6165270798292	18.2383193709796
M202.1809T60.6	21.4662653764436	21.9522204138893	21.9613423511398	21.6491407043363	21.6033112497644	21.7464665762775	21.8308035999705	21.8530220685681	22.1898252707107	21.6836857549576	21.9936962411525	21.6862215383302	21.6725191848041	22.039802331617	21.7611139279581	21.7250465600823	21.726999973736	21.8452080703154	21.7945814182037	21.9894731783692	21.7521782540271	21.7925962848461	21.5426049490397	21.8582412193956	22.288122304877	21.9436202562271	21.4417919652265	21.6884356842451	21.5513983878931	21.6874847673115	22.2740161265939	21.7425865733851	22.0745346293957	21.8735928239808	21.973441173996	21.4111827039594	21.4836876147612	21.8991791910771	22.1955505987147	21.8344337144592	21.7402461766312	21.6173017446067
M203.0534T48.2	24.2814542093653	24.3093023922266	23.8588586320564	23.5952735968683	24.5063268597964	24.3667793626269	23.7798442553491	23.8273549118621	24.3362342641857	23.7605555247454	24.0091802506598	23.5533715442053	24.3745104345242	24.3688144371611	24.6187143027049	24.4461678951684	24.2942653860412	23.7438274630301	24.3862074291997	24.0695336306791	24.2997349411482	24.1897072259176	23.9399371827862	23.7243386814907	24.0031961289107	24.3899582224512	24.0497699758202	24.5451195805867	24.0810265949424	23.9706908915301	24.3082264008263	24.0522776237038	24.1660776064756	24.3373736552603	24.3097653675636	23.7886724761836	24.2237096381851	23.99551769076	23.8300230834119	24.1430943583147	24.2066487223343	23.534987580875
M262.0155T49.19	17.1019113413358	16.8618634253406	16.7203203661483	16.3855371842249	17.1626128325868	17.0273010364546	16.4587150769976	16.6340868251639	17.0045881805418	16.5377772059044	16.7463037392802	16.4607518858168	17.066123409342	17.0145564320908	17.2512432551021	16.8195218858344	17.0095458061301	16.6876111810898	17.0821431693343	16.9153325397121	17.1118638254309	16.8785960373276	16.5117981756378	16.601660074386	16.7709222580623	17.0944529454529	16.619059189759	17.2526074028644	16.8997112130351	16.8628739817773	16.9607301682264	16.7815506543467	16.9311632059413	17.0382761822053	16.9476572701709	16.8046278338107	16.8261448142121	16.8383657348942	16.562453645389	16.6818186221881	16.9568943118863	16.386697444159
M263.0092T49.24_1	19.2457696972031	19.2162968150983	18.6366180015859	18.4868265855306	19.4509943153595	19.2375187999049	18.7185515824217	18.7049441077253	19.2621961127023	18.7474960878462	18.8885641916534	18.4820087166413	19.3065069666554	19.3566266045033	19.5491911722838	19.4049636461321	19.3024372011795	18.7438441197045	19.3299219586496	19.0882159546676	19.3139062120711	19.1478803881538	18.8551668819971	18.5858924448974	18.9697713179616	19.42167406238	18.8598752422972	19.5558028908097	18.9474288516694	18.9003486778941	19.3114379044387	18.8958081438515	19.1146250255677	19.2459426420984	19.3268884189413	18.7497525827367	19.0636441865694	18.9766130633492	18.7292417424685	19.0645371310799	19.1542859353615	18.4500183231791
M318.9711T48.93	21.113582467658	20.8910521659169	20.7018865700218	20.4959116610553	21.1520624670243	21.0021212055807	20.7997379273772	20.9229280319906	21.0627014765467	20.6702707402768	20.9866695108073	20.6719506876823	21.1477125220515	21.1497879110498	21.2410153567436	21.2158602986988	21.0904892818396	20.7464499694517	21.1118339247329	20.966339232519	21.1557397181674	21.0111610053892	20.8908056020484	20.6277397131626	20.999906514437	21.2249346758379	20.9056091913631	21.2407646946272	20.7818553353536	20.6648548513473	21.0646446304268	20.8589456186593	21.0947884521912	21.0442645076524	21.1053662968019	20.803914086705	20.8741655934618	20.8935940643576	20.7830912212547	21.0373670885319	21.0648342446476	20.5590585547992
M320.9682T48.94	20.3846742707782	20.128562118999	19.9364286583403	19.7849756383075	20.3845418284213	20.2320781785633	20.0042487232194	20.1180871445431	20.314645277508	19.9364355522477	20.218998041658	19.9323859326992	20.398261467621	20.4245806315894	20.4924480141879	20.4608281286598	20.3851048158045	19.989753666723	20.3501119449604	20.2357999783131	20.4017808985193	20.2805186237797	20.110965697029	19.8688500449974	20.2150491508056	20.4899248574851	20.1596517822592	20.4857654259643	20.0250048875917	19.9677264245223	20.3172529222958	20.0793260110147	20.3401733179008	20.2956582088619	20.3646186280863	20.0468022350742	20.1500814956007	20.126601192296	19.9882699321657	20.2577713276433	20.3347617712338	19.8116944400149
M322.9651T48.96	17.4591370144838	17.1506973577798	16.940516383715	16.784923865464	17.4008053599714	17.3093464354101	17.1252756456984	17.1723183272802	17.4463015169794	17.0160278728981	17.2983830749136	17.022631790614	17.440461527257	17.4345671633795	17.5591095144591	17.3898795251981	17.4184166685529	17.0764286525453	17.440549460953	17.2461156774963	17.541092689972	17.3159567510323	17.1810533888689	16.9618048154556	17.3690402701566	17.5884569850836	17.2662450341741	17.4669810781378	17.0091969879934	17.0418269889074	17.3503145883591	17.2469259762027	17.4915608155823	17.278907042141	17.4526407992166	17.2161817997351	17.1192584392116	17.1696507602938	17.1128224805464	17.313870450702	17.3849746782752	16.9145499963115
M329T47.17	18.940037777388	18.8013006933262	18.6490639128572	18.3079914310736	19.0989821296075	18.8605794788918	18.6144115897377	18.6493218356978	19.0044301225152	18.4786663741205	18.9198203255258	18.3347212248342	18.9860899669128	19.120589435445	19.3745119969779	19.1490189471138	18.9525892133879	18.5221640122914	19.0246270520163	18.7082019132543	19.117686099942	18.8447402836417	18.8002077832288	18.313009565838	18.9030604795647	19.2565145435972	18.8031106179985	19.2477857173773	18.8110313397822	18.4620949356079	19.0593967473208	18.9574696044644	19.0861748084112	19.0569086480841	19.1842944796315	18.4790607128573	18.709899939144	18.8075412637052	18.6020272399402	18.9501634707747	18.9677553256127	18.2391317100919
M330.997T47.11	17.2697703947844	16.951617132182	17.0186370462519	16.5808045364384	17.2341675951784	17.0935129487565	16.8175345697684	16.870653774024	17.2635957631505	16.5807567040863	17.0640597045386	16.5328173800611	17.2938814908282	17.2929480814649	17.4272426661877	17.5160482509468	17.1134567983611	16.6104018508566	17.1925861081891	16.9037876432578	17.3049073676391	17.0434390922836	16.9027988793679	16.5888266751904	17.0807721130857	17.4925995586965	16.989830726594	17.3961616203662	16.8857427171108	16.6000750463669	17.1904241871514	17.0833160373007	17.2648709433143	17.1537460548294	17.4252662340346	16.6583631379072	16.839656964373	16.9084101818128	16.7271794973045	17.0991987419987	17.1866647385491	16.44108600117
M376.9299T48.87	19.7658180239517	19.5503684881341	19.3694453184766	19.1538265397346	19.8461859390506	19.6575207867914	19.4379782433004	19.55496418914	19.7700651465309	19.3952885310804	19.6509662074632	19.4048865327103	19.792934266812	19.8373053537142	19.9273612740733	19.8654379158766	19.8064897215228	19.452851145948	19.7768311384509	19.6680588212879	19.8967034420889	19.7738898066475	19.5410086701633	19.3443638675193	19.6570445618326	19.947389411691	19.5632058693764	19.9147008268601	19.4614330681985	19.301601429063	19.6968687402416	19.5691026006283	19.7669159889663	19.7195222446384	19.7736545707083	19.5561032153265	19.5280160438227	19.6182346146999	19.4316163611153	19.692728557333	19.7815693413796	19.2487963674097
M378.927T48.87	19.6615814606198	19.4918573090343	19.2686903397827	19.1104001205306	19.8183725562929	19.6203447679654	19.3805483576651	19.4514561087426	19.682863767916	19.2859850202504	19.6026585159973	19.3474477768932	19.7371938548084	19.7476286799682	19.8564044207405	19.7636730190297	19.7495444434849	19.3288724893437	19.7244680372946	19.5875802301426	19.7881419268045	19.6942016639673	19.4624460924418	19.3145463492358	19.6199457320106	19.8555320941877	19.5317562610144	19.808687896761	19.3663628915301	19.2477835206225	19.6115742993384	19.4579436146698	19.6890087520173	19.6850127127529	19.712561546816	19.5118293877878	19.4802566334851	19.4928601753033	19.3745592251872	19.6580333525384	19.7038324824024	19.1892960162137
M380.924T48.88	17.8131024117338	17.625790751443	17.4865418275725	17.2570434003223	17.8959425716616	17.7427193803075	17.5354566938779	17.6605092028634	17.8053582372801	17.5354760022248	17.7033211120776	17.5418897162886	17.8905506822596	17.9123780992702	17.986441244114	17.914515069046	17.9796480018029	17.6125723036093	18.0056448239521	17.7789934218957	18.0105193580865	17.8248522724139	17.5767373931599	17.5040879764068	17.7121541768149	17.9841622618669	17.5817793400104	17.9292628862168	17.5259980213141	17.3115654913898	17.8561039123964	17.6992545536002	17.9069805399319	17.8536011204827	17.819765142239	17.6553149667438	17.6521603141071	17.6304099375295	17.5463848249394	17.8275834426067	17.8422498591325	17.4470773269188
M386.9588T47.4	16.5444026934303	16.4680326907561	16.2548038655771	15.9376161354901	16.7488110335155	16.381969362463	16.2046785544801	16.299604244741	16.5450647068066	15.9549975656629	16.4911135800058	15.7962020131651	16.708509325098	16.7200311112567	16.7900749529378	16.8488814052086	16.6176002872849	16.0474403656406	16.4783853309317	16.4267736089405	16.7416879488696	16.5297486459694	16.4412178083331	15.9541340694045	16.3933803194504	16.9372563531126	16.2194721643468	16.8587799115539	16.2992569283918	15.9046993661989	16.6933498542897	16.5364053264066	16.7413560603763	16.6874237083234	16.8651684294108	16.0478836582368	16.3309526640893	16.2748580437087	16.2873994898894	16.6070064055348	16.5615304775869	15.8312250844195
M388.956T47.22	15.6639586705625	15.724347686838	15.3230034710663	15.0291471335115	16.1400619996635	15.695656295865	15.5768955652345	15.3461806871579	15.9098268680274	15.3570869904504	15.7119668308693	15.1606017578743	15.9996001440071	16.0113426572988	16.1235366648619	16.2991996905423	15.8720447962519	15.2928807838117	15.9247946257101	15.4079355359363	16.0154959104518	15.6370607637666	15.5708208108039	15.3721862263793	15.7704267633736	16.1324362539282	15.681301360583	16.098229663553	15.493489307542	15.0914778988237	15.6672107298453	15.8448676060004	16.0420113771466	15.8283494755691	16.084101966269	15.4646481865435	15.5601452477013	15.7352635021989	15.3772975400932	15.8296749153434	15.8035563688033	15.1071067389754
M441.0765T49.7_2	15.7927247127104	15.6721123780969	14.7004137156614	14.632114565477	16.217521669361	15.7981660246913	14.9261457948453	14.9350345154894	15.75287937322	14.8111234539997	15.424211496863	14.3942395052867	15.8092105050226	15.9995169865566	16.5140841803231	16.0472028575061	15.8838807163596	14.8778464272922	15.9600551803056	15.4173151446219	16.3764267351974	15.666328926615	15.2664662569481	14.9103747965435	15.3386519986637	15.8764019681698	15.0844236117944	16.2824973462261	15.1846897540412	15.4861126876105	15.793031712042	15.1170423745252	15.5926513193347	15.7999608956826	15.7878679751834	14.8764830143098	15.5322884549787	15.2496622752149	14.8655304355959	15.437383784452	15.5888796827626	14.5861097810746
M444.9179T47.17	16.045796979245	15.8776761865573	15.7657662766627	15.4611069291763	16.3352920584512	15.9931293271592	15.8152466730337	15.8988558198048	16.2121948004201	15.8650188195162	16.1717511397921	15.8139423465303	16.2106925357934	16.1298084328403	16.4525728350345	16.2951887760075	16.1640901387495	15.625476942098	16.1680984108568	15.988049257679	16.2371898984192	16.1483454284213	16.0041028936926	15.6807096271439	16.0496388016767	16.5313346031694	15.7801816441247	16.3532437850755	15.8416769541345	15.5448515040475	16.1053445210666	16.2340856018401	16.2946262213341	16.1940666117223	16.4098378762068	15.8861986138418	15.8695547639787	16.0768040548779	15.8182899282243	16.203274288576	16.099401003691	15.6090137037297
M446.9149T47.1	16.0123930175833	15.8250984616817	15.6974629487903	15.4436782415821	16.1016517060829	15.9421479749797	15.7420398875445	16.0265455050457	16.1614843125308	15.4494410590551	16.0251609176154	15.5974542051778	16.1050498781387	16.2337190492125	16.2687748238912	16.1409080773578	16.1302023324738	15.6801455281877	16.0388140583703	15.8903353940018	16.2543153094328	15.9754420050351	15.8647168553322	15.6127158552609	16.0697623436959	16.3680338050382	15.9379625625004	16.2805990957709	15.8966042234412	15.5291720526052	16.122565763291	16.0829502892378	16.2644556576278	16.0158575581473	16.326829888953	15.6905823664623	15.8029079162845	15.8811786985957	15.7985172005889	15.9890256673967	16.0128229316965	15.5472213306073
M454.9468T46.82	16.2985840580883	16.3638780899282	16.1852952820116	15.852847011156	16.4702662549727	16.3475503045801	16.0415920411658	15.9948848847038	16.4562858045665	15.7451090555814	16.2888358310191	15.6985631866688	16.3450790960053	16.4044828865061	16.639052139828	16.6190038916163	16.2637250614944	15.9526124676805	16.2956975983388	16.1172002959159	16.4188278464819	16.2252216641941	16.2310719444958	15.7689450099538	16.4406770158675	16.8551205056025	16.1763065032197	16.7362503486346	16.1918863763546	15.7955631416669	16.3924729120794	16.407032824359	16.4529858691423	16.4116308725958	16.7055925505225	15.8149593266349	16.0324670428581	16.3759051166375	16.1311968276621	16.3819515492172	16.4347108006694	15.6872095951632
M456.9437T46.83	15.7065121679774	15.4203026730746	15.5927478605199	15.0234981903608	15.7786435093638	15.5901102296748	15.3713517014437	15.1999024123384	15.6186443194242	15.0047298936225	15.5704685624413	14.9456734089586	15.7736516300308	15.7681319391943	16.0370473133224	15.9408623891472	15.6960008862745	15.3557162826741	15.5881616550292	15.4847188707496	15.8577992420145	15.5761397898476	15.4058395872325	15.0928882358056	15.6006435699102	15.886898998643	15.5321472241902	15.8962924226408	15.542145953562	15.2896942191374	15.7467108828309	15.6792515705834	15.7730572063095	15.8598349457156	15.8720423950782	15.300227300876	15.2277175082555	15.5345242161265	15.547165796951	15.64566800739	15.8074750504405	15.0452500597129
M464.9756T46.54	15.4425208115709	15.3494308196185	15.1054655707903	14.8260599099795	15.5350144503936	15.3601968850119	14.9795834387729	14.9701553021025	15.3500775380212	14.8091363858635	15.2744477767494	14.8565764879474	15.4338416642669	15.53724387029	15.8882646847947	15.6471074810181	15.4947000922684	15.0092094226907	15.5128276468405	15.0651473065855	15.441864409734	15.4292973689802	15.3910081148316	14.9859342809349	15.4602348036094	15.7650002908665	15.1525068379763	15.8414075208678	15.3008992431498	15.0628668731472	15.4917273826091	15.5249463351318	15.5704475860483	15.6744249984318	15.6463948461394	14.7865234452826	15.2389098087793	15.2257300912532	14.9922173373452	15.2837297986376	15.5034172755087	14.6675151267143
M499.0353T49.41_2	18.8879635406806	18.7302338699123	18.1577433979914	17.6834994989254	19.1128483268968	18.7856246587628	18.021232420297	18.2318623462863	18.8150193005644	18.0260524825535	18.6560068541912	17.6845763073902	19.0281900651935	18.9487134445944	19.3603904462287	19.0953419872926	18.9335864910916	17.9099888933112	19.0888475831285	18.4932220068627	18.9581301320509	18.7106826970159	18.323266602596	17.8674963481722	18.4677904695294	18.9726041808969	18.5803228512582	19.1841027094036	18.3136861623031	18.48389209694	18.8614586160226	18.3989159311518	18.8947633278952	18.7923702638459	18.8832881083634	17.9662736797454	18.634411697284	18.3389456308085	18.0503675218323	18.5464181650781	18.7173078518104	17.5964943052306
M501.0323T49.44	18.2177303839085	17.9546646222821	17.5004614938738	17.0411395080473	18.4222522910304	18.0948414828055	17.3206512536058	17.5930046494843	18.0676049575935	17.3006696167196	17.9130692314757	16.9175608070505	18.3150326245362	18.2174566633568	18.596407570878	18.3520623128527	18.1844314341307	17.2742265040465	18.2919882684925	17.7670436417337	18.2530590689322	18.0014957582891	17.5780047538656	17.1028207619485	17.6977581237439	18.2639999957548	17.8955371400855	18.417902969002	17.6444962447457	17.8243220103237	18.1120961855245	17.7180017260236	18.1522599503936	18.1004880902959	18.1645920399048	17.2989536808949	17.8866720837174	17.6084733470126	17.2965937501013	17.8410084719417	18.0358036231925	17.0114170980257
M503.0288T49.58	15.3360614198111	15.1305907288693	14.5769977191046	14.2880820075108	15.4603460103369	15.1432848274576	14.475974182851	14.6822431022777	14.99410188131	14.5230643529039	15.1399751500662	14.0727868627493	15.1101479135002	15.2186721994943	15.6398157688867	15.4878860997281	15.2940709899327	14.2419743544856	15.4130253800551	14.8269807115138	15.4932545441183	15.1511266335636	14.7048484502366	13.9960313097657	14.7914558542797	15.3239040054911	15.0374708342562	15.5454177754078	14.5152714535542	14.8454617035656	15.1451571205466	14.6680436268051	15.1423457744123	15.2215418701249	15.3094642504789	14.3821595825215	14.955167932364	14.8535655162979	14.2634817645992	14.8919069720089	15.2753717698426	13.986291324299
M556.9942T49.36_2	17.1911068939951	16.9899267907898	16.5131251441636	15.9889077946948	17.4398515637246	17.092604117723	16.480962833153	16.5019257686276	17.2141175000406	16.344685977333	16.9491565975531	15.9969489103242	17.3490874397664	17.3961339520197	17.6827437579338	17.3837897424921	17.173448128817	16.3220577820451	17.4898231755607	16.7659668563915	17.2677886490227	17.1098502158496	16.6635122151118	16.2141903162473	16.8110899298556	17.4100225124373	16.8209178727059	17.4729175168972	16.757329574	16.7402185747832	17.187488239689	16.6710122333689	17.113093993089	17.1315035764812	17.3066452543621	16.3889381832065	16.7993124513361	16.764108265842	16.3827031840118	16.8739835071692	17.1004835810657	15.9820959660189
M557.9977T49.45	14.5219707072973	13.9708437189973	13.8066112710782	13.4703395852578	14.4093824373538	14.1883842179447	13.167678620121	13.6546579707697	14.2186935645962	13.856971626011	14.1102417157178	13.1636342317582	14.4854930621889	14.5405247641415	14.8011208493663	14.7272010179477	14.1467864132408	13.7747433403278	14.6179414739338	14.0103393585314	14.475195072777	14.2409676442178	13.8527646190394	13.2095920497764	14.237072199561	14.608241582544	14.1022242023736	14.8410794719032	13.8285685441554	14.2541407766629	14.1651978040991	13.9366927678899	14.2079351267966	14.2362267189746	14.4304587691818	13.1207744508855	14.2250665626574	13.9582619719265	13.5331135784534	14.1272141359641	14.3676998570274	13.0755317953376
M558.9911T49.36	17.0216301078282	16.9196099289325	16.4556422324842	15.9243853027479	17.3882352842923	16.9713922808072	16.2527277863799	16.4808378916851	17.0273921078865	16.2832951839068	16.9009716459913	16.0277213953333	17.2239458482066	17.2218967901503	17.5104789872186	17.3628029839449	17.1857001705787	16.3421892828473	17.2692362789746	16.7675620426251	17.1610091295622	17.0257493686024	16.6679538067917	16.1216253150895	16.7019098474994	17.2572825535853	16.813226858182	17.4912856390065	16.588387666081	16.6231900288252	17.0182907770505	16.6427091804107	17.0053383880948	17.1381064855537	17.1585578831439	16.3480783746952	16.8049074665126	16.6824535632284	16.2717923452644	16.7396062293368	17.0348834306658	15.9538944335834
M560.988T49.44	15.2114671857763	15.0381014591111	14.3571616872634	14.077271263947	15.6108642638838	15.1685077346975	14.3863698430969	14.7582182806728	15.1401694363621	14.4583484272648	15.2048310785306	14.2102937296537	15.4183859892742	15.2963218570862	15.7658881838098	15.4655986857639	15.4492032246852	14.3683938122051	15.4748838892408	14.9138710015576	15.3356804688973	15.150170512342	14.5913651943493	14.2261351609785	14.8774467440913	15.3438813575451	15.1163562150457	15.4163662656992	14.6796780771874	14.8326845722497	15.274494544462	14.8736404957067	15.3492663151139	15.2076455752083	15.4224550628714	14.3720694372475	14.9533867264497	14.7498539690945	14.299290969273	14.8138482773031	15.1916432236947	13.8853291929708
M614.9529T49.21_2	16.9868959314147	16.8362026749066	16.4629693097531	15.7783124640213	17.2732030284273	16.9116595169662	16.278761052791	16.6817635197079	17.03942017491	16.3511236609195	16.8424626116372	16.0812782969834	17.1102535353547	17.0884894665336	17.3758267891699	17.270638565562	17.1505202312426	16.2711654041053	17.1199579438461	16.7354509354367	17.1018152628345	17.0411928382307	16.6523752510348	16.1977229102255	16.744103562269	17.1520703690423	16.7306173438834	17.1820807305957	16.6215563977931	16.6009752189124	17.0267267454225	16.5441179912442	17.0125119296305	16.9620597401277	16.9568115684398	16.3471338887501	16.7049070922165	16.5440696873199	16.3348169546996	16.8896034591606	16.9761514115397	15.9766454205944
M616.9499T49.25	17.2806904771627	17.1938108088573	16.7298326612657	16.4015560602789	17.5355482363904	17.3250770394071	16.7182432039717	17.0366633488579	17.3212783689511	16.6188234070095	17.2376504881987	16.5299358753925	17.4109538629851	17.4419843616864	17.7056327298565	17.6009500943368	17.3646074398082	16.6537793134895	17.5440094689405	17.1357069349811	17.4640221010027	17.2775744613152	16.9296698855895	16.5845333318828	17.1399116721545	17.5123190264065	17.1540235522565	17.560027552736	16.939299853536	16.9602908670656	17.2818160770043	16.9227169925025	17.4058587317231	17.3419869093753	17.4316346082831	16.7605659895793	17.064885147674	16.9280181524361	16.6497604944655	17.1835351674337	17.2169706173282	16.394987180233
M618.9468T49.26	16.3148039343045	16.0056657743938	15.5386849875731	15.3558304365483	16.3950313689195	16.1635488961242	15.6748250016803	15.7851475079371	16.172714015415	15.5908011727143	16.1709157389257	15.2522241515672	16.3309625903552	16.4874833815564	16.6264435129903	16.5650577134319	16.2423331226668	15.5410703564486	16.3917206986278	15.9809824244016	16.3250653765878	16.0973639546308	15.8670433967528	15.3445081228282	15.9556802184399	16.3287687762947	16.0972034184968	16.5417615000341	15.7962300763865	15.7749613090482	16.30287860266	15.8024905507071	16.2592581329527	16.2583280729295	16.3247568151472	15.5518628240555	16.0537249776762	15.9337081567213	15.6680760761674	16.0410573298855	16.2267790861587	15.1000338301243
M672.9116T49.23_2	15.265303709378	14.9508733527925	14.3615947903205	13.9694362335176	15.2807247927905	15.1733603404143	14.4239816590142	14.6234402718748	14.8250575346436	14.3358104742812	15.0968536639726	14.3373876102115	15.2524899704786	15.1990380519742	15.3332875923611	15.4608205239606	15.1998230297919	14.6235088109836	15.2858051945295	14.8114500131925	15.3470222037205	15.2195332622699	14.7131839725993	14.4978153318634	14.8268718801134	15.2356599224546	14.9122248303918	15.3576581251007	14.7889681730585	14.5458106729042	14.8314857892103	14.630985525008	15.2122776645772	15.2421684810477	15.0842358364121	14.3997059829147	14.8780646176893	14.7180674382098	14.5479090282151	15.0192460251301	15.1976920583253	14.263948704208
M674.9088T49.14	15.8845636947367	15.5852638171766	15.0117131887992	14.7569963728035	16.0327744129394	15.5450990310096	15.2393451611505	15.4375599628449	15.8461448132587	15.2189753677341	15.6948145800121	14.9895906090347	15.8684081908063	16.0185399312783	16.0735004702447	16.2093162100584	16.0722882300764	15.1743405676379	16.0887036389988	15.647342835135	16.0325705600544	15.8573567319136	15.4512655307946	15.0975677224411	15.517299964471	16.0903328111357	15.5715634841969	16.0411576232042	15.4070657843215	15.3377142309298	15.785598193006	15.6031073807469	15.8822239687445	15.828159921144	15.8720061780752	15.1232980017576	15.7154439439674	15.3770178390023	15.2616916811527	15.7198183791999	15.8693711311127	14.9151135659734
M679.0993T49.8	14.8211063589076	14.6205141069367	13.7616385639847	12.9918306464803	15.1143377683339	14.7491835704293	13.8205470021973	13.9145596834369	14.7867901461171	12.2849512270438	14.5335931391086	12.4192346437262	15.0061766954342	14.8956917004597	15.4810023745042	15.2331451519407	14.8064113962602	13.3434425100041	14.9002967815576	14.0676254840825	14.7121623602281	14.5088076870548	13.7183470789348	13.0360127335162	14.3499338536828	14.8017601584908	14.4156931541739	15.3337053876553	13.904172760483	14.5673319581925	14.8274014729556	14.0231063662967	14.7855382155094	14.7708629776455	14.8344556367401	13.0023900293843	14.3502618488885	13.9658762798219	13.3368803326975	14.1011789311691	14.6900476650639	12.5636836924553
M732.8676T49.09	15.2096370896026	15.1211449558514	14.8041233597363	14.3496796182783	15.3412055152625	15.1941528525982	15.058747773809	15.129382705889	15.3709516961405	14.687080703663	15.3247208820383	14.7152191565122	15.3364916566254	15.6164148925892	15.5897629384556	15.6809981777678	15.4370288067548	14.891712078183	15.4956775596929	15.0118726417696	15.4659972923541	15.3472121784393	15.2468344656349	14.621659005509	15.218997407067	15.589734327662	15.0853344708216	15.6953898711805	15.016515999973	14.9004477597435	15.3431908072606	14.9770825457533	15.3355777018233	15.0973588485581	15.435628414059	15.0570177866413	15.0830923228274	15.1510045839816	14.9568025149939	15.5404266893259	15.2295761891879	14.6663279751599
M797.0142T49.46	13.944928087067	13.9842258376071	10.7244650248131	11.9503327640827	14.2822026958782	13.5698169702248	9.91701942636403	13.0652089658765	13.9030211788489	12.0921527858119	13.6655641623794	10.8658129574313	13.8304156290246	13.8824451737082	14.7286363036176	13.947341626432	14.12351761653	11.6541374021654	13.7095066462561	13.457113982653	14.0589093375938	13.7472948338877	13.0124964307958	10.6571689275989	13.4475251532108	13.8322552246186	13.6988556802342	14.444222656238	13.2903517604409	13.2637266410653	13.2041305468897	13.0963550655502	13.8542236443647	13.5161878729628	14.0804402386581	11.3021509388378	12.9164164365843	12.9824778001689	11.6067478864617	13.0974467706844	13.6667785306094	11.6688127880092
M221.0931T87.41	18.2935513378691	16.724815441337	17.0450557280608	16.7083441149806	17.1397568578697	17.5657368073797	16.8058993410789	18.6912861932019	17.3572370258568	18.4482847644998	16.6529856599678	16.934118136487	17.5141736008601	16.912587068828	16.9855122371952	17.0947752055751	16.7460888044454	15.7807499859466	18.0670871244013	18.9069772357586	18.1750408362578	17.0879318865735	18.2344327235619	16.747941408133	16.9700166233908	18.0323313026945	17.9072154876782	18.8375552670228	17.1923030615317	16.2657940352916	17.2715628486752	16.5736355406081	16.711046343791	16.7172771742486	16.6841132344001	17.0031620092078	17.1400904594519	17.1325063807024	17.1016988111093	17.2043473583356	16.5347785890369	17.2722284157809
M225.1109T333.87	16.0349526872584	16.9009053148015	16.507336267539	15.9024239849085	16.0075780070396	15.8714060060146	15.0431253125405	16.4079426655024	16.6071842244631	16.6987293349607	16.1773962036029	15.43551664546	16.3654884025547	16.2459258885974	16.1206299754071	16.3688537166973	16.1312058641235	16.0869303704538	15.494962688021	15.8548257574605	16.005143914658	16.1375505333343	15.6354862675835	15.38701365843	15.6158669922886	15.3620284667739	16.5353304723041	16.2442178161234	16.2742433364008	15.7407390411116	16.695572845749	16.4068747561269	15.8191577895806	16.0404501607089	15.9801159704455	16.5242850664602	16.0951151741872	15.4654383178917	15.6936541816309	16.331391401435	15.4325673369096	16.1576723096526
M204.1239T56.38_2	24.7152805011388	24.6108820185928	24.4355342278457	24.4770771390911	24.8460533504612	24.7821247710802	24.6925613208226	24.5078806812012	24.956875024109	24.6672814232297	24.4408523181355	24.8890033404148	24.6849070509747	24.6323934638668	24.8982990250602	24.9624664206706	24.6487894073782	24.9093427499677	24.7867251658179	24.8000260443734	24.4633450326938	24.6037835898658	24.7492307740379	24.6157765777604	24.7138089856943	24.7440091958813	24.8728335200789	24.9073960882883	24.7277466851715	24.7449622966802	25.0799449339306	24.4814447504112	24.4568813826011	24.5151169865159	24.6733233360623	24.8904564482672	24.9454862950347	24.1053733329185	24.6093810465074	24.9822511379765	24.6505103790285	25.3255010284985
M204.1241T347.45	16.2991203539746	17.2598809837918	16.7297642427426	16.4543993320884	16.6346477254412	17.0678217297782	15.6383169887093	15.5964909588286	17.4104676491061	16.534086162057	16.1541229181442	15.1391299639894	16.6027141594859	16.288695894174	16.3334415758272	17.3432570772057	16.9994377498278	15.7959529166427	16.4046231622586	15.7332339137296	16.8008471782889	16.8172223950992	16.1031718406949	15.586164478002	15.5493790175832	16.2433319661961	17.2325517812615	16.7109469655921	16.9464857415384	15.7331655505568	17.4269867901241	16.412191350698	16.5002126833065	16.859610004867	17.1615657110013	16.0807912417929	17.4779691528553	15.9504209099614	16.2037068519036	17.3345934984204	16.1775466377278	16.2429892881666
M205.9584T42.63	14.7512011819507	15.167470493138	15.1874548132597	14.9167434335736	14.7400854781559	14.7921641963526	14.7078172831204	14.1892957041006	15.1054303078149	14.3048900973451	15.0802556263639	14.303010985181	14.6147281185125	14.0939343663939	14.9470661933703	14.8275334269972	14.8237254716114	14.8261223969428	14.6365535086564	15.0234164569016	15.240428853432	15.0995469376508	15.1058849242064	13.9230434651802	15.073160405161	15.2147335703717	14.5761463169674	14.8730598743633	15.2424515808339	14.8302239953694	14.9090334354686	15.2198310710926	14.7203284697083	15.202561514876	15.3760414950847	15.1978981778922	14.5782982910216	14.7874967407173	15.1745942461014	14.9684352396496	15.1257562550512	15.0005441750573
M206.9553T42.59	14.9997130340104	15.5004757425828	15.4838208882598	15.3685247024593	14.8760005099257	14.9970199888734	14.858502216538	14.509615066584	15.2196249414532	14.5248950917826	15.4402098451173	14.4357796964452	14.9070358733547	14.4231228855163	14.9801651177704	15.2211568845616	14.9920028562376	15.2291874466657	14.9996552550087	15.1227707709736	15.6424201212636	15.1968680542939	15.1911836947662	14.0886682457582	15.0153589899494	15.5023004703013	14.6395020506399	15.0685401671566	15.5671809640195	14.9919253641976	15.2307007818227	15.5769794990838	15.1851214942801	15.4127657080648	15.5508178585632	15.305262492287	14.6704948150998	15.0401837766187	15.2938451374936	15.0674003799798	15.4115433933625	15.2821480000984
M272.9454T42.8	18.1867396179024	18.7657127024372	18.8262230586102	18.7266742003491	18.1660527775157	18.3304433343808	18.167280217394	17.9005650281497	18.6319071596256	17.8619362335985	18.6564238675921	17.8125028821796	18.3531729253576	17.8052103855342	18.4374650154752	18.3654094514165	18.3676006780942	18.6230200014539	18.3057499861272	18.5373090096076	18.9330947999057	18.6378424619284	18.5189810587998	17.5094388269128	18.5166207158288	18.8414322379178	18.0802433881287	18.3427346033771	18.8880265912515	18.2922652056836	18.3370484883651	18.9656178003447	18.5081415398753	18.7775248513677	18.7999759197775	18.7778391898805	18.0545082497882	18.3109789422421	18.5787449621462	18.4485058428917	18.7668552586762	18.679701064941
M341.9339T42.79	14.2748457671929	14.8550163869139	15.0426961814046	14.7813662454736	14.3316216849103	14.3973080846488	14.2724746239956	13.9637238729016	14.7873595634044	14.1923638990257	14.8031852916151	13.885948806423	14.5272124926061	14.012496200886	14.7449975548212	14.6070754557081	14.5151599517025	14.8600411806318	14.5081188004062	14.8040740184086	15.1790719395854	14.9200114482811	14.883542256839	14.0730894420262	14.7676681299144	15.0824246536438	14.2540734820287	14.8726844887171	15.0181426360756	14.630948848129	14.6863013208747	15.2558719077989	14.6930143545583	15.0237642960333	15.1949387262223	15.0375432113405	14.1431423664723	14.6616928637745	15.0167061918267	15.0203907919281	14.7238445784617	14.8759188795656
M342.9307T42.81	14.4881454198048	15.2339691570561	15.2122475392824	15.0281816003876	14.7239259320883	14.7131369058224	14.4545352319899	14.5490268469126	15.0576147219905	14.2501425986822	15.1282232653789	14.3971478652491	14.7737912128227	14.3245025754036	14.8702554923923	14.6878196802116	14.6029942320133	15.0750209711191	14.7343363579364	14.9211258395756	15.3734439975577	15.0781448699119	14.8418594481532	14.1950318217002	14.8253649027301	15.1297634419722	14.4059092246192	14.7406964889544	15.1938779756023	14.6686524639237	14.7385817302104	15.4274546625038	14.8989274061638	15.1478389132983	15.2190667797366	15.1403317909885	14.4360547496613	14.8635344390912	15.0210256937618	14.8310908817471	15.2666814326793	15.03042284432
M409.9223T42.82	14.4717274999729	15.1019233124757	14.9762575626323	14.9301853761103	14.4956186887415	14.4991965208094	14.4753279283402	14.3988978520981	15.1035384545732	14.2479636868812	15.1105088540412	14.3309846120722	14.6073958993345	14.2886037807276	14.7617959679325	14.6620031434843	14.6731138223077	14.7321255437473	14.4581406328811	14.7752719689284	15.2887581674621	14.8821126382874	14.7919824921238	13.762388196302	14.7693419406966	15.0813064714647	14.3514570588052	14.8243018246847	15.2086359109256	14.7304205911974	14.7445819590506	15.3968981050377	14.7403777763623	15.1130177538204	15.062168289824	15.2268857592009	14.3835651099424	14.544796064435	14.9497302142307	14.7472734307714	15.0982780271512	14.8422917282248
M476.9087T42.89	16.9111149073737	17.3029172000155	17.4039275205337	17.2572497608545	16.7448447100179	16.9206443655243	16.8666028877515	16.5783520720283	17.2954202993317	16.5414382240627	17.3620960654338	16.5505316097834	17.0402160590777	16.535125919062	17.0669164472451	16.9284405241405	16.9829403218111	17.1645036695407	16.8707287679548	17.1451709006366	17.4872317194411	17.2131706094691	17.1474578468381	16.2301078729758	17.2466904147763	17.3712207768979	16.8160311538993	17.0822272412962	17.3821891501474	16.9858681232957	16.9969782466746	17.676011292544	17.1712015465749	17.352088681725	17.4265479247444	17.2842174083378	16.624302684192	16.9912687315741	17.2960368383715	17.0696091925663	17.3700320532125	17.2283978326017
M477.9106T42.89	14.340846932474	14.4992454099679	14.782552913194	14.6131793805497	14.1837341088264	14.2043052857525	14.0997177638269	14.0852829644141	14.9542613853415	13.8520283693781	14.5507844289095	13.5088161345664	14.2480503408008	13.5320694638492	14.4600902659638	14.3935045247979	14.3078377263354	14.3818556524541	14.2492442885248	14.4136619635564	14.9963555212234	14.5619664973526	14.7549973074476	13.454007654634	14.616900953585	14.8694941989248	14.0792234908658	14.3158970493564	14.9161998304815	14.1663688259303	14.2989789955069	15.1262779782368	14.6098231728688	14.8207916582799	14.7779019182404	14.5415414489811	14.1951041596494	14.1703008588962	14.7297251214093	14.4398936058521	14.4974902863913	14.5648448739294
M544.8963T42.89	16.9428594747496	17.344807250234	17.4267084330285	17.208867315033	16.7174909571489	16.9556602908227	16.9332685613682	16.7801268612992	17.4141933266892	16.5882048837232	17.2532338972036	16.5998531278059	17.0340162754037	16.5720480926759	17.1665266768786	16.9812418844767	16.9559646423208	17.2493008549408	17.0170755331764	17.1917350187271	17.570242732505	17.217075900643	17.2370949101931	16.2074751022781	17.2473872532451	17.5140131908045	16.7066673889483	17.1506031933491	17.5109394988506	17.0125966019516	17.0700747038166	17.6245132638292	17.2174956861523	17.4211179688414	17.4721301935521	17.3412960502459	16.682824303302	17.0608444761725	17.3438006903792	17.1432623834743	17.2930559359016	17.1461167379782
M545.8984T42.84	14.3571831444142	15.0280863530865	14.7464457649994	14.8392812352884	14.5468450776319	14.631689724215	14.3316747872277	14.2051738567527	14.8374637064729	14.2219527400196	14.7269812259998	14.082904284521	14.5020167330129	13.9422284302222	14.6366038720171	14.5383372891856	14.5390664664806	14.9386975058174	14.4790596232939	14.7143509749622	15.0846645158187	14.9753814742875	14.5766237170837	13.8953364458687	14.677371620078	14.9616807248754	14.3374894911691	14.6969824298043	14.9089825021761	14.5552110284312	14.6746626575315	15.1015503774477	14.7572565967381	15.1365309584482	14.92944664857	15.0392838193434	14.2044096041643	14.5669717562673	14.7980641301063	14.6837068882666	14.9472554563827	14.8694852925882
M612.884T42.89	16.74595025455	17.3057051220643	17.2202892747187	17.2394231739756	16.7141421770597	16.8729175330621	16.8142584075319	16.4697496399612	17.341677459637	16.5007180066824	17.1928656471203	16.5328717028008	17.0090372093546	16.389275832344	17.0205793760433	16.8646248932308	16.8752663596445	17.1798456995517	16.9340901757507	17.1116450368662	17.4984078980492	17.1982359904613	17.0519958117812	16.2264741547221	17.1092782474878	17.3663051394853	16.7387910745453	17.0531444231675	17.3338683774873	16.9778423247442	16.896638389751	17.4930587766018	17.093153029198	17.3703727088085	17.3846021163513	17.3164650263947	16.5526054217763	16.9531913004055	17.2099133955868	17.0580543164907	17.2747114196344	17.1850596084966
M613.8858T42.87	14.642635073306	14.8716846140527	14.7864896908741	14.9176031252826	14.3188278754396	14.6003624202833	14.6629129618013	14.3766703607196	15.0593843248241	14.0006780429771	14.7886869981542	13.7989454657803	14.6177003801202	13.9814576618901	14.4946416582742	14.7573288604607	14.4901010398583	14.8216401827635	14.537545410139	14.6970844593266	15.1757724161165	14.8689253812794	14.863014924366	13.757430451597	14.6561000549678	15.0874227040305	14.354282778636	14.580373682675	15.0415913658438	14.6012980694488	14.6332423712864	15.0126311057965	14.7054342357596	14.9018551822028	15.0647661531515	14.9514894087197	14.3151504418065	14.7991471827325	15.0000962542792	14.858277174523	14.9686367813077	14.9237169983284
M658.8762T42.61	14.1942764550652	14.360560611544	14.6304709234595	14.3770833302719	13.6006743185225	14.2324697762148	14.0154760793776	12.9814577763767	14.6410556116069	13.1892869167586	14.5313044231824	13.6625891450916	14.1960896233447	13.677882371295	14.4235108873563	14.0356903201226	13.8270850434382	14.1547242328149	14.0106539961994	14.4136732208968	15.061803268494	14.5454691860948	14.1640631203978	12.7863367672832	14.4977838112073	14.8500613619517	13.8334685013543	14.4772609389751	14.6652341395374	14.34243678194	13.7347799384767	14.989564953818	13.8358784281462	14.476653047704	14.8547511549359	14.5911765093538	13.7151270115776	14.034911265275	14.1946565409462	14.0989830584239	14.5162363480647	14.3553557744392
M680.8714T42.89	16.6250754629969	17.0546681883631	17.1076500002601	16.9097058060885	16.4698670884822	16.658102282184	16.5044856779157	16.3290001333957	17.0121387021234	16.1174872617344	16.9653707866342	16.2528514903937	16.7226713595475	16.1779083353655	16.8388339356127	16.7600674533	16.5979517354867	16.9550835880391	16.6412499705476	16.8709237715556	17.2510658054364	16.9609641978846	16.8307184845787	16.0708718427302	16.7693493825242	17.1724640047491	16.3800315706072	16.8699846506725	17.1230761777427	16.7449581770359	16.5830114606192	17.2982498551764	16.8115215557922	17.1749605083673	17.0613866567109	17.0810433303148	16.3568833152919	16.6611748531701	16.9266910731942	16.9306811536009	17.1433353004175	16.919898979127
M681.8738T42.85	14.5259341645968	14.8096466914892	14.9487329439296	14.6816011555902	14.2588847331108	14.2180177236869	14.2088175198037	14.2759069430607	14.8523778502126	14.1520380116934	14.739428744181	14.0332906788392	14.5917795578686	13.9251621999433	14.6122072729414	14.3963849471666	14.4876877106412	14.6635916807286	14.4085020669608	14.4504307587608	14.9900256032546	14.642107564376	14.5475402336186	13.5735399944532	14.5803416449182	14.9129923521648	14.1749893115506	14.7203484994531	14.9474841870271	13.9359834227172	14.282337134987	15.0885682640458	14.5098085930181	14.8418404934951	15.0190419840363	14.7545497058262	14.1421769986301	14.2905506790267	14.6655548199235	14.7520130936127	14.7889796831848	14.7849232307748
M748.859T42.89	16.248942623791	16.5899684095723	16.7000242427746	16.5363403357182	16.2262157048501	16.217411946296	16.128191182794	16.014230645213	16.6601097182715	15.8428896172314	16.674653843748	15.9048278195043	16.3845379775352	15.7765088439607	16.3734399916791	16.2401584426346	16.3028182460865	16.6517526374596	16.1872841462375	16.5124588731159	16.9627633618618	16.5903976241402	16.4270002688637	15.7090977515982	16.3926444081584	16.7621481092624	16.0960210353252	16.356315157022	16.6891759862504	16.3611722532652	16.2898668038853	16.9352141337186	16.5190079735562	16.7477269988892	16.746480661368	16.6816397986516	15.983953305287	16.2748480104357	16.5288024490017	16.4674807878533	16.7272926239968	16.5123752751887
M816.8467T42.88	15.718781664762	16.322954309079	16.1442421790462	16.0759565972755	15.6317877522182	15.6767303358489	15.5990349066677	15.6104011364005	16.0951857794266	15.4445870816103	16.0876054191408	15.4171199187383	15.8391664104861	15.2672260095666	16.0021477595519	15.6721117029046	15.865941869821	16.1879350935945	15.8441340231339	15.9619563986451	16.3559983003698	16.1291584453123	15.9123303627613	15.0607622791428	16.0376092799201	16.0373147410524	15.6218053770621	15.9740935064527	16.2638732073421	15.9168573292027	15.8239780504513	16.3785373808169	16.0989856902243	16.3201827997982	16.3504033776492	16.2360542417031	15.5305038689283	15.9490657514861	16.0507961276315	15.8739155098508	16.2983284563429	16.1787965040592
M884.8344T42.89	15.3992333359421	15.665670181126	15.8866441740161	15.7241565811582	15.1943049114197	15.2825067069158	15.4462652303579	15.0090964284432	15.8534045353134	14.7780490559427	15.687821708089	14.9719178991109	15.4660829745162	14.8887916880148	15.6446922017859	15.5267306465716	15.504307314088	15.89954151558	15.3369268665202	15.6175642028781	16.105929050927	15.7465730072704	15.7728811549257	14.7708117131495	15.6193622996989	16.0366267490555	15.171177089462	15.7187903573931	15.8993773321769	15.4060443627426	15.5209656467422	16.1531080886456	15.5594602891439	15.9588816642772	15.9300823326164	15.7974987741931	15.1071664885086	15.7681652381718	15.7780418673524	15.7429565761229	15.8717260317125	15.6984561734531
M952.8218T42.91	15.0412889727642	15.3979787003913	15.5779761429348	15.2558666504795	14.7544138498254	15.032923335206	14.8805179875485	14.9350302388965	15.4150959692688	14.3628208711254	15.2752223478056	14.364248149779	15.1271637737577	14.6556156250574	15.1283595071148	14.9904817776856	15.0133051719906	15.1980003603872	15.0218179011934	15.1676386338282	15.5252139437829	15.3045829843058	14.9886681441349	14.3139298143796	15.1144216124847	15.4977493799072	14.8284828162506	15.047525399288	15.5066504655438	15.2176950869201	15.1516635610137	15.7239813305648	15.304600014108	15.4851018616185	15.4676994664403	15.5962385973832	14.8285552653042	15.1130797306982	15.419159685094	15.2209907145672	15.3204595198086	15.148457271525
M246.0099T251.62	12.6987051430796	13.8938812027536	14.3365473739283	13.5907819764144	13.0732139292936	11.9948562154239	12.7478566318718	13.3257076466161	14.1619053202623	13.9832193224339	13.8645144544736	12.4485722852427	13.6840980840103	11.7301737568306	13.206794542878	13.4642968189286	13.818576623197	14.0400957851871	14.0228102208883	13.9161034480945	13.7166994960471	14.3221727222839	14.2422745742288	9.13873690238197	13.7003161267495	13.9792042599951	13.9955599335597	13.66873488726	14.3738953933711	13.7731619175297	14.0721152006962	14.2794264306002	14.350526676298	14.1747120464361	13.8842884458315	13.6087336274732	13.3460705832045	13.9471587136111	12.9385633272759	13.4763650415317	12.8939169790666	12.6813976276944
M206.0459T258.47	15.2324154010509	17.107149866232	15.8597962393573	15.842224091254	14.9422547933467	15.6431989496158	15.6440330133369	15.3671621239685	15.702761255526	14.8910325346187	16.011242663448	15.0914209826082	15.1504315087721	13.9683030404875	15.022929891558	15.687250594205	15.7920440723599	13.8677661775492	14.7216128820971	14.7266445999857	15.8448099976967	16.5943105356132	16.4614228348413	15.3004606147077	15.6992983597954	16.1027169727066	15.1093605209938	15.1021641808992	16.8023906870071	14.773241558075	16.2298777938847	16.2286825115528	16.2876096837042	16.9509575399833	16.7860472176881	14.4438620709181	16.1569394009391	15.8478136227499	16.34413744072	15.7005148411003	16.6043603884431	14.4945260574347
M225.1859T545.01	14.0565460290313	12.4624245281765	12.575523652072	13.0380071147689	14.6006516982474	14.1419668966261	13.1020130149525	14.3342955494599	13.5534628155177	14.6414832526563	13.639597491519	15.4371074088857	14.2229616874054	14.099717049722	14.0012945829964	14.2945905853111	13.9617668428028	15.2224385175703	13.7207212724191	14.7151793187739	13.4973048373127	14.0889854149702	13.4889497551675	12.9915983856733	12.8952898865642	13.5524262441134	14.4912106830167	14.4664853600047	12.4721980041751	13.9199939133829	14.5241074992456	13.0002684337175	10.572461299734	13.4363899590265	13.0590914576337	15.372218361798	14.4790360284504	13.3099853969581	13.8050553747581	14.9092653331305	13.8918401594125	15.5378102887834
M208.0769T1150.49	15.107623066585	15.1859738916663	13.9056883555853	14.1593646250183	15.7287679168343	16.1221235189246	13.408075152636	13.7090362499914	14.8278473908208	14.8081596891328	14.7748252152175	14.6087369271448	16.4906470658919	13.4949817523085	14.2391544269019	13.7436834578769	15.7962788322613	15.3152648608815	15.2344611862787	14.7150367891529	16.6214847771732	15.8741542393309	13.4106976208931	13.9321869924462	13.6136323876495	13.6875634191322	15.4399905024911	14.5952847008885	15.4990652551796	13.8630688749172	13.6460053467758	14.9803423181532	14.9107018866588	15.6905662158483	14.1408316228316	15.594568872465	14.7564501245639	15.504009849832	14.534398535905	15.1612056222286	16.1956691848432	15.2158511706916
M211.1452T343.77	16.5523154025789	18.6222446859877	17.5710168188139	16.6551314112602	0	11.6726694535011	14.1945722038465	17.58952691684	18.3160741554449	18.4956828091145	17.6169774247311	0	18.2115338808326	18.087776085566	17.1502526650414	17.7125055734461	17.5124350039059	18.024767556699	16.4588349130252	16.3765536400491	17.1120484855628	18.3790968577333	16.8424544561408	17.1588976193787	16.2253806301022	15.8485798439722	18.3281710084887	17.0795001821057	18.0661938423505	16.4370938320756	17.1900765676629	16.5730633482766	16.8498258008848	16.9807123251107	17.6718816793685	18.4704475008343	15.2257912588896	17.0855142365504	17.0597645745054	17.009556753096	16.8948498571514	16.9033055818678
M232.1303T86.37	17.1969319377108	17.8407136918399	17.8243946885683	16.0167804713075	17.6830732432166	17.7844884178271	14.7034172335572	14.89120011963	15.9019799190986	17.5579472666575	17.2149391038557	16.5758477940393	18.3745699210123	17.4600855752026	17.1467402338313	17.9090189862707	17.7904555737045	17.037565535288	17.5839671298087	17.3740580828553	17.5553844625891	17.900542626941	16.8692336728298	16.9156789896341	16.4956917712724	17.2230354279339	18.0367300452979	17.6770492087772	18.0159287429858	17.0802072534445	17.9149297019977	17.6900872759765	17.2013335973095	17.785669139872	18.2815349691599	16.771998482386	17.2963216607375	17.6717421191683	16.7640616455013	18.0163666550372	16.6538564263863	17.2476580511127
M217.0982T298.04	17.8031004761975	18.3287948416385	18.2451026952998	17.2995295978217	17.3063039893958	17.2573766968101	16.6038299641345	17.959869832147	17.9310445943068	19.1276335847867	17.6960283582867	16.8102393244019	18.4768754159035	17.8779553755948	17.5687686969078	18.3309781535372	17.9171010428229	17.4531072853368	18.1540726480893	18.5167439990358	18.0925914923741	17.9432100347117	18.2183363936041	17.4941158876161	17.1039053872325	17.7527186286336	18.4640070467756	18.2531786204452	18.339467774772	17.4787734437328	18.2616848880844	17.663711125462	17.4907940655772	18.0262600959532	18.1118549729466	17.7859815985451	17.4625883183738	17.7107523595709	17.8094720866283	18.1330261377391	17.1621827580283	17.4321859034586
M218.1394T79.34	20.9561703542957	21.6611079462152	21.2485939663863	20.8766262511979	20.8447247664451	20.45078170099	20.7904763772458	21.1174349403566	21.2354996551689	22.1599455357447	21.599711527195	20.9068619128893	20.842564408065	21.0091812267257	21.3857193060604	21.6351170509873	20.8533315002645	22.3903296947575	21.2789409673642	21.4443691753646	20.5543741085807	20.746695593952	21.384889578892	20.7645378273418	20.7295849488255	21.1035079004147	21.555770671959	21.3216377684328	21.3517227971629	21.1004492914822	21.5164468587478	20.9238435097909	20.5607444977451	20.6146272463191	20.8582588263841	22.0515256290701	20.8454562127447	20.4243326509952	21.9591120525346	21.1101299430152	21.6165825912194	21.6845796834345
M219.0274T47.49	20.6255580395323	20.7266720317214	20.4886620903078	20.4272792692074	20.4655109267705	20.3488836781044	20.6973083269386	20.302804844243	20.5357563015555	20.1945502416782	20.401198063285	20.0048478945513	20.4140376225244	20.7588751310812	20.9279987748442	20.7642240007581	20.1743260205735	19.8393725340189	20.4740078748218	20.3942178786202	20.4970159594265	20.4838650973609	20.6139751790216	20.2367050859272	20.6637254561179	20.8660712860478	20.3274502172202	20.7887731232345	20.5432179016379	20.3016474963569	20.8755365686212	20.6676440941421	20.6920100028827	20.618914118294	20.7617675915083	19.9427445331397	20.5126913258553	20.6721800412663	20.3866409825773	20.2449668706473	20.3121681319353	19.9974579670766
M278.9835T49.28	14.3822419731212	14.5957025173874	14.2578534594038	14.2194972005475	14.0848390445443	13.6562747450469	14.5549572157599	13.7982406112175	14.2078910361191	14.2001698816403	14.1423862225036	13.2832597380458	14.2918222656629	14.9090615457137	15.0835648792373	14.98867335703	13.8024989676852	13.2314353555219	14.3394255263713	14.2495137577749	14.4307067319637	14.1774431712489	14.7061694348668	13.497572913141	14.6670759254757	14.9496647968995	13.7843579970947	14.780422790525	14.2314681263236	14.2617519451453	14.9471354681201	14.494102628805	14.3259470570805	14.1683518269253	14.8372827101759	13.6541872653819	14.1680947979548	14.5606176336923	14.0405773029982	14.2288837061996	13.9436575295603	13.8596248831371
M334.9451T48.89	17.2376031004668	17.067336909409	17.0268702274419	16.9528659571554	16.9735074700342	16.6998132443534	17.40783678218	16.9699605413768	16.9113835299248	16.8464749306964	17.1314976440858	16.7035150161641	16.9406689254797	17.3143427839504	17.3653691830657	17.5058021103269	16.701316889394	16.4473094336972	16.9692656935159	16.9516084528212	17.0892400501514	16.9691682853227	17.2820957701397	16.7345152952229	17.3317765201398	17.3869822090299	16.9026442795849	17.2781843903842	17.0078123493334	16.8233923972729	17.3816764269488	17.0372595845034	17.2879497559646	17.0738292452962	17.2543268013951	16.6278338290272	16.8380928176665	17.2313780521811	16.9281170779239	16.7938058027723	16.8097223809483	16.7310691384332
M336.9422T48.89	16.7751011070022	16.4699395500968	16.5054021317954	16.4384628726896	16.2989227495756	16.1841386263323	16.8004677545259	16.45504818807	16.4861351804452	16.2153822311688	16.5629807062602	16.0896407523013	16.4138461346301	16.7649040571243	16.8596922237499	16.8876693248834	16.1793616302671	15.8388915011672	16.4961549867839	16.377867690314	16.597053740935	16.4379244062778	16.5816688351489	16.1677240122654	16.8025479091682	16.8784433584809	16.3983511936584	16.7013896121689	16.2773915718205	16.2833992721112	17.0542578079898	16.4130394010815	16.7475747458164	16.5373120573273	16.668192673311	16.1021033985359	16.2751575442514	16.659520801122	16.4476976349761	16.275603510464	16.3727648478792	16.1754548250679
M392.9039T48.86_2	16.7010541321666	16.5986891705216	16.579353562086	16.4345237745542	16.3510912920419	16.179887916238	16.8294302173209	16.4670593756113	16.5958359129848	16.3442453925494	16.5791622499776	16.2661614083246	16.3864672521338	16.8339050633139	16.8387534856037	16.8313381855008	16.2570722719174	15.938373283078	16.3965353575733	16.4298396036443	16.5814903684499	16.6133280564367	16.6461389254177	16.2510618427027	16.8884737796877	17.010034909142	16.414277273467	16.7030139390376	16.4923185679821	16.2665561838553	16.8960673727148	16.5878333122239	16.9016657774898	16.4406390506715	16.7789133471894	16.1405093101398	16.4553114806276	16.6291603715008	16.4886648870942	16.2517422167744	16.3692713412657	16.0712487975593
M394.9011T48.88	16.770836994944	16.7260124504494	16.5644567793587	16.5232449028439	16.3708630554348	16.1992800821882	16.8362626317985	16.5122907508197	16.6325582103644	16.2855192968563	16.553881670253	16.2366252816809	16.5054176426617	16.9418664287788	16.830253731225	16.8075017804688	16.2209635517317	15.9767109040879	16.5055819112046	16.572981655444	16.6201845879178	16.5118485834346	16.6013308673228	16.2767412106506	16.9392709033706	16.9762572103132	16.3889620492072	16.7897030791223	16.4242695860804	16.2366216158729	16.918463016364	16.5751093507241	16.7617890566761	16.6015838945821	16.7601400807706	16.2275512165673	16.2993448826091	16.6485012035373	16.5764883007917	16.333527561858	16.2560994117172	16.2021241824091
M396.8981T48.95	15.0667692542983	15.1932616298382	14.8832180616963	15.0355148591253	14.8811998665617	14.722796908737	15.0937172612241	14.7322368387521	14.9456673614725	14.972567748432	15.012130101999	14.603510223388	14.679573653648	15.1693803472651	15.3378701253818	15.2937931342903	14.6228413746651	14.520357483641	14.8325563564314	14.9821850136526	15.0187368146433	14.8957784690453	14.9139126762186	14.7281485837507	15.3886038871169	15.374863588065	14.7791265173724	15.0387767540849	14.8102766027478	14.6717588961017	15.3517403814976	14.9652090857047	15.2665001416602	15.0375053545571	15.0261193792247	14.4788238124253	14.9323645540147	15.0216924887089	14.7546835398465	14.6090121746554	14.8464439833717	14.4461669294268
M219.0984T55.25	17.3653784976706	18.0025989438985	17.5451712002779	16.8525003501326	18.1932741764351	18.1692662406027	16.0711516635599	17.6671531735081	18.2068993833385	17.8430646039901	17.4003728247649	15.9886428025051	18.4409278954402	18.1523081312786	18.1777562336902	18.5627371508286	18.1538427328874	17.2156005077472	18.0089581382852	16.9879602289915	17.9245516230958	18.2068458659957	17.1999274523881	16.6226727632216	17.0964405693197	16.6791746934792	18.0928323639101	17.8053487504735	17.9623171102415	17.8424780003434	17.8960489272743	18.1711903971758	17.8675571751014	18.023580158872	17.6449935374806	17.8032959735337	17.4200346117525	16.2308669382895	17.5473509168193	18.1184269826875	17.6903184209188	17.4205900251036
M261.1244T325.62	16.6223150683907	18.7544671168067	18.6419538401568	17.6668771841008	15.5762406316848	14.9563795522937	16.354832365289	17.5197785330263	18.1326866829511	18.3613638525275	17.7330833204675	17.0842264612087	17.7738318531375	17.8613810235084	16.7608426514981	17.3220152213806	17.1501370857827	16.647381622115	7.13805574766747	16.0843191680977	17.6135665800615	18.1608667007736	17.4656159803856	17.2250022965596	17.1430546063771	16.7012373193377	17.4897562084155	16.9205175187386	18.2607297304778	16.372638470945	16.9936217806197	17.5892257722993	17.5473287073768	17.8483308707335	17.8501011530364	17.1847950766166	16.0368599075349	17.2659692207902	17.4296006555488	16.2867229612212	17.2821766155397	15.9045187641261
M220.1191T143.16	20.7410225767619	20.4560936804296	20.1683122169622	20.1835359155798	20.8802296665052	20.702752974723	20.2766164743326	20.9549785597718	21.069111505135	21.1131300132155	20.394987563082	19.6272326298355	21.1123601196415	21.1073394516182	20.6105441974689	21.062367002711	20.5769548686312	20.4010183148614	20.5467387199611	20.6932636457148	19.5453073051438	19.5606415745748	20.0474536953392	20.0565786288614	19.8320167731515	20.2014882061976	20.6010562725656	20.5763753993437	20.3351019139041	20.3021697268367	20.9878631616765	20.1493291895702	20.114994490913	20.5891737528927	20.0858247613292	20.5205488475309	20.3368387158531	19.9250678819845	20.6627639394913	20.9159893127741	20.4345582797129	20.8940529795064
M243.1044T143.16	13.359143954545	12.953105208372	12.9956976509773	12.9253790177106	13.5096297114392	13.331300999865	12.9052532548976	13.7077580018848	13.8202636531426	13.8960961034718	13.003301354316	11.6170219940837	13.8003704194189	13.9555437030286	13.1268316609491	14.0488834365742	13.4243163395422	12.8735710309075	13.357404902594	13.2364005977218	11.9292828403406	11.9226687799349	12.8800726137892	12.439718721749	12.426766424586	13.1106784133028	13.7181108129082	13.2933173702254	12.8390114094702	12.6964153550565	14.1072117075538	12.7971447646103	12.7148596203774	13.2445369686902	12.9905404018395	12.9154131261492	12.76686112166	12.707617580388	13.2858646508523	13.9604151492017	12.92621627271	13.1914112560803
M220.9355T42.73	15.9719811643312	16.591821058512	16.441976976218	17.6239843433418	17.8871532617991	16.1107639888661	17.0638085505602	14.6713443157238	16.2428831349136	16.6602619202712	16.0406667915285	14.7965313934468	16.4546585128106	15.3743316799387	17.0950193640508	16.0537565359298	16.6861250298286	16.0049653299917	15.9157420067006	16.869793532311	16.4035421892707	16.0949927366964	19.0245787066877	17.2591432185168	16.5570578180669	16.5047783451134	14.5569993038067	15.3626327018616	16.2806591528523	17.7491042610828	16.0856464296625	17.030334143041	16.1796428297915	16.1943268103566	16.0939774906897	18.3050697004581	17.8933879954073	16.2744458919896	17.7005069344258	15.7278797121729	15.9829248691778	17.6580261420303
M424.8985T42.87	15.2142299630326	15.8788036315382	15.4799419046731	16.7166053362438	17.1731305767909	15.4905863010637	16.4241230783305	14.3248838584888	15.5769536788549	15.9866903287889	15.2515270360803	14.3414505097741	15.8195926554143	14.6457021319129	16.3315415302719	15.3702698301018	15.9524314454083	15.2126066622245	15.1548689603849	15.8893082541839	15.6376134199469	15.3765064448128	18.1767096323796	16.4190956828715	15.8465670221424	15.8851638733527	14.1638677523946	14.363340795167	15.5342646728084	16.9614625940894	15.2825709944935	16.1297604521179	15.322779627944	15.4168541083602	15.3454976617855	17.5107451913912	17.0845454500852	15.6781043581912	16.9457938774007	15.017941730333	15.1338586309367	16.9896179698362
M492.8858T42.85	14.9724428249547	15.4059071558682	15.3320461425352	16.3444370164318	16.7249282548018	14.9024320189338	15.9601459766876	14.3105828378537	15.1080275724134	15.3315844579082	15.1155307974385	13.8668569761016	15.3180668121646	14.4710061195317	15.9767171006932	14.8326804731779	15.684310651779	14.9638687278282	14.7292337682276	15.7471343797959	15.1532999060882	15.2127200714892	17.72200238238	16.1122781810659	15.5984219133837	15.3869401617729	13.9228154498887	14.2519955265983	15.2181404464652	16.5297096039662	14.9551594109149	15.8208338847858	15.2531873960995	15.1278182037481	15.1950298159491	17.056565544885	16.650371143062	15.5040707841696	16.5055952162196	14.761296289789	15.0649967242578	16.4985449519894
M560.8738T42.89	14.7855425682432	15.3892178693064	15.1536782663354	16.2661176133896	16.4221286409001	14.6350397713427	15.6965795541069	13.8800077168644	14.9041159141609	15.3187686775389	14.8367187755752	13.9881650094363	15.1721678001252	13.8889843060798	15.5666320840887	14.9786657539371	15.2968783236865	14.8849299043479	14.4460827239246	15.5015565885971	15.1055842429357	14.9940606831002	17.3414991907234	15.7367750104949	15.4333319099235	15.4420891843309	13.6761976245073	13.8698748900417	15.0109580453288	16.2224164397929	14.6840505080592	15.5690342661799	14.8667399147351	15.0804976803684	15.0427628793393	16.7275943436884	16.3179759387407	15.1814680748827	16.4297329303987	14.6033462093102	14.9105706870939	16.1518462304879
M628.8607T42.89	14.7863596539415	15.524433301234	15.3664952622306	16.1457024604623	16.3445601917236	14.7128451661135	15.836307290827	13.8529955056265	15.1025131904829	15.2484763507214	14.9551660650467	13.9804337228897	15.081826926672	14.2599463555571	15.7149135771695	14.7981101473685	15.2005452298701	14.6691325066702	14.841619354984	15.4258220236267	15.2136758414464	14.8833919344292	17.3250109854602	15.737232397558	15.2947226574483	15.5060033994072	13.9867140713981	14.2909568283579	15.2608956000366	16.2204028026193	15.1145660856044	15.6882557231174	15.0780748222324	15.0018640744809	14.9227423264778	16.6247631480054	16.2849765967745	15.1462009905256	16.2576950947374	14.6539311931738	14.9328260997397	16.195137946159
M631.8699T43.13	14.7127647319681	14.8132235391543	14.7210554442339	15.293785736563	15.6183403305922	14.1054439051388	14.6852757378395	13.900154493191	14.283862903783	14.1285128349052	14.1000816439204	12.5828948219449	14.5205162288591	14.2072128416088	15.0228754698326	14.2036625469068	14.7319739319819	14.4590880005159	13.9249495791918	14.813079279583	14.5562508646932	14.5396800544335	16.3752844956302	14.9634139469226	14.5559182474858	15.0652239598962	13.2688229605794	13.6973654325027	14.2449592518974	15.2306693097811	14.3166432814185	15.087200168698	14.3419071907102	14.4120393657377	14.5480301121691	15.9107614953018	15.3561395565191	14.4581416150669	15.4563860009787	14.1038341275816	14.2045627554415	15.510124717965
M696.8483T42.88	14.8816032581717	15.3578913902091	15.2087560597952	16.0145708116048	16.1882194680161	14.609199471516	15.6709830066756	14.0366680783188	14.9021171549262	14.9802610655641	14.8252010765228	13.8491417430128	15.0285236220858	13.3384014414104	15.4522816024246	14.6752059853625	15.2176325837276	14.708944116566	14.5351494392121	15.4296366968937	15.1741493645341	14.7714750066662	17.257389804972	15.5916090238776	15.2078858879168	15.3890007406144	13.6332997501569	14.4124656367879	15.0579306726421	16.0843728067037	14.8579814789316	15.5960111649825	14.8098933699539	15.1688437682642	14.8386119321329	16.6194761703204	16.1967971139521	14.8819739056828	15.9438381648782	14.4981222938971	14.7533711670412	16.090800461732
M764.8358T42.88	14.2492910379569	14.9938435887002	15.0587764173076	15.6271262670285	15.6916357907244	14.3159681896852	15.4002977532648	13.8883845217837	14.8938140387442	14.3849010544477	14.6907158768346	13.1087748928144	14.8281035575182	13.0112158229266	15.2884977149177	14.1218099057291	14.820487478396	14.2509082937458	14.2343876813778	15.0274068968666	14.6077392332405	14.3058032656348	16.7626877549576	15.2923867870245	14.9356866508568	14.9166211892162	13.317240652172	13.9181376398168	14.7384864430573	15.7135910344216	14.5498390513066	15.4572938137974	14.6118773742641	14.5446434573399	14.8951952957275	16.2953550427723	15.5880084714713	14.6969935073652	15.8825607559358	14.1273226727523	14.4099722753343	15.591112295367
M767.8441T43.26	14.3357980257088	14.9081699900805	14.908638686792	15.3680808474359	15.1840761211713	14.3827832916756	15.0912251840938	13.726213719708	14.8728905061009	14.1993453756239	14.1446737559417	13.6678039996955	14.4748499257036	13.292200924601	14.8759835231668	14.5172818988212	14.5125075000627	14.5473682768902	14.0561393082149	14.7152004036153	14.8856609915621	14.5986026375025	16.168121839487	14.6898404714906	14.9760233105882	15.0469152822615	14.1403244917248	14.0192606503768	14.8409896562249	15.1910188711813	14.6503545389349	15.0399590510018	14.7974695330253	14.2836250240307	14.6470068641807	15.5768268559434	15.0525209766103	14.7215501074456	15.4571663822857	14.1127555473384	14.6953940819857	15.3439366797187
M832.8232T42.87	13.7530011025657	14.6593836590289	14.5143258937333	15.3787371562023	15.4770437951589	14.2107481321271	15.058650976713	13.0513376512943	14.2816895310208	14.2467755991206	14.0472999317881	12.4840072773005	14.3022122253602	13.3272599951659	14.8477613563634	14.1424207339759	14.3761332264975	13.8804014849606	13.8770902998331	14.4525696290043	14.4103293083546	14.0165921086739	16.5066875950849	14.9475408044635	14.1739640299633	14.6888581739642	12.7155191916991	13.6896931190048	14.4679552227789	14.9854066935399	13.8330964777615	14.7758339114171	14.1277159370174	14.2930655921357	14.3465284343786	15.7931244970334	15.2482935378107	14.2153666354323	15.4006446673307	13.6172882055236	13.7227470527841	15.2389118750678
M835.832T43.28	13.8651119869493	14.228715954957	14.3107712128745	14.5055067602387	14.2078049648486	12.5415733626521	14.5454179878958	13.1783769426537	14.4857683968399	13.6858405393019	13.8239662243978	12.7387321496177	13.8186818247778	13.6965672315396	14.6403533421335	14.1046269845428	14.0694446468598	13.8648058610059	13.5455058551602	14.3380255203506	14.4440722195376	14.379852646746	15.7297889562095	14.3582479602571	14.1267952731375	14.573308371701	13.417935430108	13.9190223881256	14.186496742675	14.860956864884	14.1869650027979	14.5941950829133	14.103371401767	13.9527267158811	14.4527526511949	15.1521179860654	14.5826416873415	14.3418534018806	14.7816623020717	12.9131375259135	14.0697694221149	14.7970297299777
M900.8108T42.9	13.6172472220574	14.4524608441204	14.2655579142028	14.9518692385694	15.0010042727491	13.4253193522566	14.3366330367692	11.9005991839858	13.9149473334373	14.0209761284744	13.9557118585849	12.6294287409217	13.6182440950662	9.14959411171031	14.4134298771061	13.2636612782967	14.2016121605597	13.4201104970296	13.3552815166368	14.0400728261522	13.943513607515	13.7084096377102	15.9332935137451	14.4867600947502	13.7239954034664	13.7951904015147	12.2609324950048	12.8641573052597	14.3222753396823	15.0128664984161	12.68995319718	14.5039868176007	14.0227043082353	13.9299411168213	13.816701616854	15.3897511446184	14.7159380473421	13.9716213583971	15.0438077405639	13.2032442923432	13.5216377294144	15.0266810889587
M221.1068T677.51	15.4996878044682	14.4563372365717	14.9469130411409	14.8289109198482	14.793240915477	15.4853507115893	14.8948693836341	15.5042722163083	15.2965332655323	14.9581744373437	14.18988732071	14.7122192554425	14.996293488964	13.917553078784	13.189062119105	13.6892179398777	13.8014086950961	0	13.6382047564687	14.6125018097447	14.579316509101	13.879640995466	14.5594290601345	14.3467572147049	14.4492768878339	14.0492821617912	15.1835293308622	16.1351701432948	15.2752908432256	14.7031441528891	15.5142323669285	14.7236617241969	15.0513185631609	14.6474846084992	14.5358766393158	10.8370426649782	15.1815358291947	15.3781228370002	13.6577712177406	14.6408838675487	11.7142284254879	14.7164474616234
M221.1868T48.87	17.2270659678974	18.344428989991	18.4669803823415	18.6380603923412	16.4813593673892	17.0706239641916	18.5358174101133	17.6676302290423	17.5587646695699	18.0315851732398	18.3537560596611	18.8635867173375	17.0771119267633	17.6906493259425	17.3262404678276	17.7456581348971	17.6420784678669	18.6668280055973	17.2226684808549	17.4643464287426	17.9459465730605	18.1774464817649	18.0927842476251	18.4741094843758	18.1540983712987	17.8026094717312	17.8233848779099	17.7962009468608	18.7330827894387	17.1039008700187	17.675284325641	17.6118009338688	17.3582390580414	17.1930572168782	17.8931756652883	18.9920012583598	17.1736895754574	17.9469227610455	18.9600156699559	17.6545327892196	17.6125946215395	18.7299912121918
M254.103T65.94	15.1251216759423	15.1232949190346	15.389232414434	16.1619938342233	13.4159577125562	14.0916454274574	15.0724333607605	14.1926474620674	15.3819564566319	14.8947529089523	14.2715225361469	14.1616889600135	14.0147601332398	14.9474381627738	15.405200317196	16.5234670925437	13.8210070507766	13.665197268768	13.750774446842	14.593515224456	14.2569044946204	15.4844698991037	15.4222094438219	14.6557016486739	15.3096370044486	14.3626428378993	15.3100716999032	16.1478368625033	15.7073701265595	15.3521343151583	16.5235553426759	15.3453388671635	15.5385457735744	15.1178894960722	15.9372519191403	14.4738079354378	15.2163778819094	15.5635779149988	14.0237457964361	15.0961888622994	12.5057939355151	15.9624718245851
M222.1474T441.45	18.495474262805	17.8091375002991	17.3920066865237	18.5853979558609	17.8451459725897	17.9323459333346	17.8570066732425	18.2670386955122	18.0037637968353	17.8576037600017	17.2219307985512	16.9364292469842	17.2013202271146	18.0594554697578	18.1635149631962	17.6983478347429	17.651146010219	16.3843087614603	17.2831840049826	18.2489664677122	18.0447453440099	18.3920380261499	18.2167241765152	17.5283695035169	18.7271343629799	18.8762095227647	18.0889020991138	18.0546981307562	18.1466082900939	17.253609624866	18.0840729251307	18.307709903679	18.3076572299321	18.2309586100134	17.7083973954989	16.5132912041345	18.4577265339947	18.5555843578053	17.6205523176418	17.6988692477643	16.7670875543606	17.6238804931869
M241.1039T50.25_2	14.4024038530635	14.5848775030708	14.4157681941013	13.7798568723511	14.6385102740387	14.3924168283505	13.9649464949469	14.2158627217991	14.8436401934572	13.5988915747116	14.3328469672612	13.4231043033567	14.8642115748422	14.6954954863506	14.9365632815836	15.009608189737	14.7184537572075	13.5339131330579	14.7130745582435	14.1938553829733	14.4422989461418	14.7613688955655	13.9004639571842	13.7110981716563	14.2441202899612	14.6861403266002	14.6515306593177	14.8847745843695	14.3886727211828	13.9297674768657	14.7225082704258	14.4330363132586	14.6539720304939	14.8427232197595	14.7963997602404	13.7698245691928	14.7702913894266	14.4781942754314	13.8678116117522	14.3916474256754	14.2798294192157	12.755071427251
M224.0714T506.66	18.3202084132185	15.5428902512275	14.0130605373777	14.3000612414405	14.4327376772469	16.1069585771883	13.9211862259199	19.21186554866	14.4992073492029	18.4333463208218	15.6541525124364	17.1635739229719	17.1106364289427	13.6694928559471	14.1878202424727	13.449367309578	13.9482177049629	14.2822982175216	18.5480931294682	19.2092585575923	19.8825174786187	17.9772848496921	18.9164935535702	13.7780103849034	13.6558628969594	18.1737231601518	18.2249897461797	18.7305673886724	17.4796052044882	14.1427515461376	13.8280635161321	14.6539870933388	14.8108095477316	14.824908650194	13.5517048286371	15.0031189366153	13.7823771000583	16.6171157217459	15.4978996358611	14.6680548589792	16.4976159311926	16.6533579801024
M224.0929T259.56	16.7778466307515	17.08807574362	16.7936465958814	16.2674024147213	16.8762038827892	17.3263651963403	15.4887069842236	16.5416950619891	16.8449356574671	17.5101471559819	17.0277974534506	16.1562380444737	17.2230873405056	16.9330449678696	15.8306053547257	17.6397108767252	17.116920948037	16.9569643053481	16.4697146043248	16.1368854143951	15.4151777933407	16.7508144322783	15.861605956871	15.1446637697299	15.5502714773195	15.1623001268283	16.8884634886864	16.7746899496826	16.645450579842	15.7966548300988	17.3917031329815	15.9632176096335	15.7239194244961	16.8571357975282	17.0591741199264	17.6644765853046	17.3482233541665	15.792315044629	18.0222179124066	17.8724862975412	17.6675240661877	17.5780204137336
M225.113T507.61	13.1512452272511	13.987915720469	13.9678600149952	14.1888790446987	14.3817047958801	13.6707827886648	12.2039155070604	14.645625312421	13.9348779396126	10.995325385754	14.866730356411	14.2221491059741	14.0995000461074	13.2498573051019	14.0847905220846	14.2029320769454	14.668703447296	15.6054748222663	13.9300116086541	14.1362198514962	14.2848127788976	14.1700788785928	13.6523030603078	12.9869869773282	13.2891894850888	13.5680979625251	14.761367389373	13.4032971763135	14.063329548054	13.7796227733639	14.290394345961	13.995727864352	13.818581298287	13.7905466458222	13.7114637613205	16.1489011940149	13.303328807119	13.2244902506242	14.7215896012676	14.1106207588016	14.6745032497291	15.3759079493721
M227.1037T137.14	15.2870380819045	15.9062600622693	16.2926271657544	14.8938981884262	14.7958695491354	14.4469987995999	14.6354031442282	15.4926133044352	16.0650391635311	15.7688019258125	14.5187137996958	14.7387196119371	15.7839641136357	15.3230480363675	15.4756049916953	15.7254043138147	15.8507015820161	15.167435744698	15.2153606931767	15.3575236218541	15.2792205156612	15.9197088998182	15.4246951294598	15.1633630624107	14.6240221643196	14.8251793036108	15.9712930221441	15.9155430462019	16.1820655727998	14.8838287362556	15.7814341656894	15.1738924364617	15.3637589995228	14.9672532440449	15.6157644450833	15.6382162343467	15.4496726344102	15.1102718872428	15.2584969700541	15.0721900169756	14.9824766267756	15.1512169840079
M227.14T298.02	16.6017608926415	18.8338375487382	18.0005117213424	16.9586058928597	15.0032363649078	14.6902818618333	15.0037330159432	17.3297628683787	18.0883481372344	18.3798719580367	17.3597777847064	16.0841070166712	17.6640661392351	17.9095148347789	16.3954902079244	17.3911295549344	16.5174753683915	15.561184522439	15.4214204306449	15.1031332474643	16.5667151221869	17.5919323767387	16.683924380295	16.8327515683855	16.1553107989484	16.3079539996165	17.0562608877199	16.1911270681574	17.7871697572427	15.6574645683125	16.2997468566102	17.1253385618667	16.4356696806147	17.4820367649903	17.2710104715321	16.4622604074609	15.0379201425971	16.7599122318824	17.0245101625015	15.4561062649079	16.8322773896007	14.6010284592355
M228.0313T372.79	13.5592465322708	6.62780965604491	10.7411665045406	11.4836942919229	12.4579299559511	12.3948696647495	10.561993615817	13.2594595571843	14.10474470412	13.0819935733322	11.6379841775546	0	13.7401418487499	14.1546554177431	12.8625913625751	13.7848530025233	14.3251915756343	10.5542150528223	13.8508369370287	13.6864967792389	11.4422351958685	11.9455480758677	11.7383017621627	13.1440383163083	13.7978177401205	13.9228497659424	11.9901269568029	13.4377121504247	10.5119078809992	13.0686961494561	12.7560019678301	12.1823065425579	13.8987706193035	13.6610189695323	14.2540720074835	11.5726153379503	13.2313863957706	13.3242886906131	13.9029873849713	13.9935776380344	13.4070869189305	13.4803246357273
M232.9867T372.98	16.6499496089269	12.2090259245256	13.7837988788298	14.6634681470446	15.3898371117459	15.486799198027	13.9155388314006	16.110620373506	17.0213585913394	15.8962402586615	14.8644256208983	12.4870601604515	16.3333484152991	16.9085957136518	15.9378137451975	16.6040757748388	16.891314514877	13.7278014950291	15.9123976174096	16.5349378891138	14.2478653437584	15.1701461651141	14.5131090586376	16.1729195184711	16.8226256053689	16.6631833360399	14.8410355549392	16.2483276231317	13.5666640855234	15.3796850405848	15.6959237683793	15.5842237661585	16.9832616640545	16.5459776015322	17.0086868958507	14.4406314495277	16.1234057874386	16.2637041151401	16.8899298873954	16.8336476790957	16.2241584780472	15.9834975379027
M300.0132T372.91	12.6627152662857	0	10.5559530238858	10.5315508408905	11.4247076734591	11.567677693082	7.50139184741055	12.8545990488212	13.2417864348993	12.3465689280641	10.9374617155618	0	13.0985865949699	13.3464654653599	11.7482999610746	13.161729891996	13.5000093526469	0	12.5070982812257	13.1465673597502	10.7660399912825	11.0486597325238	9.75880733306355	12.5721237312655	13.0254029093952	13.1536858641918	11.3816705634944	12.5092401508918	7.69839947381955	12.3558059063943	12.0475461439869	11.4848339603179	13.6293193886365	12.811927130454	13.482418506697	10.5337710310089	12.4104971274899	12.4473343351339	13.0986934488712	13.4514991235752	12.5830695602546	12.4720158922199
M318.0239T372.87	11.8277343199341	0	8.73726329307291	7.22101975301887	9.31917222332508	10.6608671194796	0	11.8298667610674	12.6060203766638	11.2361924499505	8.95174865122431	0	12.2160019038352	12.6097057023433	11.2149683447984	12.4748284204799	12.6799749682264	8.1368650276666	11.4845924205699	12.1098692454835	9.14858936576695	7.78404063345264	0	11.4917399052468	12.3331269540011	12.3509847738132	10.198824807	11.8563112318105	0	11.4697234238773	11.3839690416818	10.5967930147644	12.7862771082758	12.0235119050763	12.8797457970786	9.84674090130107	11.451598155313	11.6643104859599	12.2458372534275	12.3900758605613	11.5971922128811	11.2939519900871
M333.982T373.23	13.1625364584217	0	11.4865420568862	10.9322291924621	12.2163999675619	12.5309526258336	10.8976875155097	13.4845526041906	13.5653720401644	12.8569937415858	12.1389469245502	0	13.615973756723	13.5956203993064	12.5994474716059	13.4274760435558	13.7737347430691	10.4447741998745	12.771735031602	13.4172698446411	11.592503033491	11.7451054577992	11.7037761437408	13.1494011782755	13.3017813910069	13.2656592481467	12.4366674177992	12.9640569843411	8.53897439329016	13.2919937735055	12.5163235062766	12.1718266704842	14.0225887847095	13.2278895745269	13.6770406550187	11.0762424187754	12.8398671479342	13.0453150953438	13.4647363846	13.5716315605979	12.8819072112099	12.9132318769834
M341.04T372.95	12.0347601459239	0	0	7.96770645872926	10.7243302776267	10.9293512563534	0	12.3292774684379	12.8051561661569	11.5744379470956	10.8043987520151	0	12.5213815614867	12.9548074229295	11.163042024221	12.6458949089094	12.763743211537	0	11.4957218089762	12.3830198310233	8.83608708938564	10.4097556992399	7.55785665431129	11.6116782177782	12.5707591104549	12.4847864451756	10.731707756751	12.0821020845819	0	11.7503186592244	11.2583337672176	10.7042992677179	13.1128526351904	11.9971745018985	12.9509967791036	9.31871070811715	11.5338682146889	12.0417155356662	12.8490354978471	12.8228087504946	11.6619106428551	11.4374840361136
M341.9985T373.14	12.2553940595494	0	8.73926789068809	9.97468590360094	10.5469476546878	10.8383512172253	8.78472818792583	12.4347094048779	12.9991171134019	11.8057711271154	10.6627478494017	0	12.7429576733663	13.2405508419421	11.4628886295015	13.0319745957478	13.2209615714576	7.47370518527183	12.0748783113978	12.6548614735322	8.79488390052787	10.3521153690433	10.1286653491491	11.7827084203161	12.9550974142234	13.057405605954	10.8851240934688	12.0722307021974	7.26680513211739	12.0799114860691	11.5359017293551	10.8719332282742	13.5115007711776	12.4647563181659	13.2710093643306	9.90922866421344	11.9164425435118	12.3126927824382	12.8112277768919	13.1695525510749	11.9892698766907	12.0609678246428
M346.0554T373.35	12.5832259007695	0	11.1677336138601	11.4753589382365	12.0941858055076	11.8023212298965	11.2218479156814	12.8743212271533	12.9176672266015	12.6604956106504	11.845231703474	0	13.0978950471699	13.1240169527777	12.0809368195748	13.0794710139227	13.1617066785344	10.5763853046352	12.4884456967182	12.770383731141	11.6892234340099	11.8243406560364	11.5533252519858	12.7212107661697	12.7213294754221	13.0501373924295	11.7962200275063	12.6879944321092	8.37746082319272	12.788954000882	12.0488312642373	11.6038265857593	13.1089570895142	12.8402473755138	12.9444237198936	11.0909792725364	12.6256373882496	12.5971868200554	12.7627856213874	13.0801622340197	12.4918813690905	12.4970256358159
M360.0443T373.1	11.9189650288728	0	10.1542001250224	10.8333548849118	11.511333917711	11.4038057567384	9.76897031275467	11.8039860751093	12.3492080093708	11.8928676524685	10.7158399135544	0	12.3393581168968	12.5008165168705	11.3494465484138	12.6204321788411	12.3783895896129	10.4612191370804	11.6816878726153	12.2836537481199	10.8817701841519	11.2026335567616	11.4377213763011	12.1056137135847	11.8147761108159	12.3380005468621	11.1611796335735	11.9521368306944	9.22478207687631	12.1522417974275	11.5928718338465	11.1226201220884	12.1066249445028	12.1607962506901	12.4603387684553	10.76436841889	11.8278245700204	12.009835266693	12.134390485614	12.5440802691681	11.8009393063677	11.8401861408194
M368.0229T373.29	11.3084271627398	0	8.26413074776104	0	8.18541722126209	9.96892232121595	8.29239056255362	11.5186346854738	12.2449888369927	10.992095921191	9.51202141937259	0	11.6210354696748	12.2595440776743	10.3731955984142	11.9348715230613	12.2484240735317	8.08395747198515	11.2297412565037	11.8634191569517	7.41285989903324	8.20553921850118	8.58724414096207	10.8007482655732	12.093768142356	12.2620142722938	10.458817962866	11.0690130104554	0	11.0244468001788	10.6834141214335	9.93693359170737	12.5238583638274	11.4825071316577	12.7038106336546	8.65696638415518	10.8646345517279	11.5810989761146	12.0710044507636	12.5606884090516	11.1194091197709	10.9946170471933
M375.0088T373.54	15.525327714168	11.2070426812171	13.9519418371	13.9231690363708	14.6877626001113	14.6004668904235	13.4658022599759	15.8915845138	15.9078616372705	15.2902162142276	14.67107884649	11.5006261473841	15.9957084246931	16.0053629681489	15.0554004304837	15.8418186084092	15.9139872439306	13.400245007445	15.2399986402868	15.8151669519821	14.4025509751331	14.2925881727216	13.9499316934141	15.4493632631514	15.780172817098	15.7236239103447	14.9533860521067	15.4739221941473	12.8265641485478	15.653220868589	14.9679348173154	14.5828121881564	16.4196721042705	15.6123723327727	15.9362827411148	13.8264575832605	15.3029701887037	15.4268128980578	15.7106155879513	15.8361565267823	15.2512351181306	15.1817769901305
M417.0351T373.29	11.8267405900284	0	10.0028198651493	9.02382528022871	11.2648996108647	11.2679453969994	9.55942597498833	12.2574003868207	12.3926333204866	9.45522081603023	11.0527140666299	0	12.5958842034167	12.4275059382314	11.2846447209471	12.1388148425001	12.5387536766213	9.09632316168956	11.4146361857652	11.7858344342144	9.89992705192735	8.03368520400069	9.8405915403161	12.231139818454	12.1370760126281	12.0722661367851	11.3020533777056	12.0020855014832	0	11.9865685329338	11.4742036513906	10.987225312405	13.0810094624383	12.1300717315061	12.3431422636848	9.91250648064056	11.8877232636051	11.8809544719895	12.0324098121714	12.4020358324651	11.7486777170844	11.7323815341651
M426.0299T373.4	14.9778864266079	11.2467357324173	13.7645133069067	13.5444403576513	14.3733055432873	14.3664086949219	13.2077643227849	15.2756587231895	15.1329743802258	14.8182877071545	14.3199730749942	11.2693136547326	15.404639793623	15.3281196167932	14.6316470186371	15.2361404376499	15.2715558271303	13.1207001496434	14.7143894006586	15.0864931535589	14.1061674602416	14.0130578692303	13.6560600521756	15.0182113255746	14.9547588369151	15.049159894567	14.5286020994794	14.957478260394	12.6998737056276	15.2358088398845	14.6417410588567	14.1417299132679	15.5579442183197	15.0339229883441	15.2559187484007	13.6761087595867	14.9701195927191	14.9152239743495	15.0483892698069	15.1262073598404	14.8675509658647	14.545714933934
M427.0334T373.73	11.9669728692068	0	10.0710591389245	8.87414229548717	11.2851944829302	11.3638357796058	9.8745689342666	12.2598579885674	12.2882191714575	11.6956564797017	11.218876887245	8.11479339913846	12.4750852048379	12.323283201668	11.558162194841	12.1167536789333	12.2241846071372	7.44569427610529	11.5476798232111	12.2262114297991	11.0905312973089	10.8531459042722	10.4839555367709	11.8694105326097	11.9500691831412	12.0821279646384	11.4447651264375	11.8777602580744	8.16155932918744	12.3698106133092	11.8310056402298	10.9037059746273	12.5866130062358	12.1791116112515	12.2513056890667	8.85132059818959	12.0330658540997	11.9516309552067	12.0745749147986	12.0437272131492	11.6171842113992	11.5842309607669
M438.0288T372.85	13.2842034628778	0	8.35179948608445	8.77867735277835	11.5297138235378	11.5815684641667	0	12.8984476230133	14.0551463643075	12.3864804655845	10.5663752947503	0	13.2786705811662	14.0510976934802	12.4666821765263	13.651679840685	13.9239080760448	0	12.8385980965856	13.4757175685942	8.50437906146817	9.60702957680231	10.2552956437964	13.0489160854921	13.8321177412676	13.7583806425901	10.9573283401891	13.0275074874336	0	12.2283114912886	12.2227736444801	11.2071948144457	13.8587442605058	13.2106555002266	14.1500212759346	10.5185867286931	12.4490045391648	13.0416173753989	13.6892560479981	13.8339132713834	12.9855364054566	12.7905205572715
M442.9841T373.05	14.0067975153301	0	9.2193693462921	11.1813088923204	12.2218529036691	12.2847528266373	9.9046092013656	13.5811345941711	14.6866866449033	13.1284717588963	11.126510484779	0	13.6892785324772	14.5780773098285	13.2942542631258	14.0751162711834	14.3092389306104	0	13.2179396840946	13.9973909553785	10.0759428570055	11.7395111618992	10.8563370951595	13.839447417813	14.6060257455132	14.2563369067814	11.7301548483552	13.6537623430358	7.70310251426955	12.7302806933435	12.8153241418846	12.3320609248789	14.5823819105495	13.8032946037128	14.7571934795613	9.86708841626651	13.4601162736248	13.7353807598382	14.4005846808477	14.4035774582931	13.5053587991514	13.3619300698043
M230.0974T482.57	14.6964626603422	15.3867697030644	14.4051598270688	14.5340806678623	15.3005150321453	15.6550935695404	13.2353062200356	13.8801169417754	15.1296509176658	15.0691621086441	15.4243251956426	14.9556226711505	16.0592450054889	13.5666625880668	14.0469400667056	13.1129232748221	15.0457821326581	15.1358620278936	15.1209495223765	13.6153888623077	14.2109291587395	14.7697545948833	12.1792639477752	14.2765566857903	13.9833598761127	13.1479746415907	15.1875096940132	13.1962572609561	15.3697079149468	14.7555677015655	13.9225292256107	15.2493945927561	15.0670779786578	15.4219023664837	13.7903138657153	15.3281843269387	14.6836050908932	15.0081590130698	14.9216494130437	14.3597438053084	15.7665341531672	15.1598885277755
M231.1351T122.37	16.6373518865679	17.3783108486843	17.1957395729558	16.655479728221	16.6100362865189	16.7514099677598	15.8677607501795	16.4294426026522	17.0325665275401	16.5044968651698	16.680263194816	15.8181824569124	16.907923028085	16.4756426513992	16.1428998004679	16.8064790964	16.8302597442606	16.5183201237279	16.3062639957541	16.3623774487681	16.4424155282455	16.9466926897721	16.3676242661216	15.9483980102457	15.8614350817624	16.0608866119019	16.3967469451021	16.3889514086347	17.225550163519	16.0037480437292	16.6188304186793	16.8980699628401	16.3759942632204	17.0452256669625	16.8338098648852	16.4491005051213	16.3871823195392	16.1727210843793	16.9710226496612	16.6934955339191	16.959902068857	16.4558520782334
M232.1545T163.72	19.2625107747171	20.4376211750215	20.8521743764572	20.782363658959	19.4956234632704	18.4920044940081	20.9621379704873	19.6135857706107	21.0978942645224	21.1213709304347	20.1798977240905	20.3986582712745	19.719220479031	19.9596695960157	19.1815697145852	19.9194496238075	19.2723423179018	21.112743241413	19.5666129660988	20.8159872678307	19.647871125644	19.9471151290824	20.590422051581	20.5103576051095	20.4557378854495	20.8402470162828	19.9450765062799	19.4569066226116	20.8787997917389	19.9411649967708	19.6368891315626	19.983293566801	19.5557843179606	20.3249074111963	19.8882404900601	20.587888279955	19.3613381692091	20.5693005877581	19.718113873907	19.4514622603603	18.7342467606978	20.621312302983
M274.0047T326.77	15.4489353487414	14.7032512854651	14.8759857671805	15.1723940172267	15.8674088084394	15.3717945765503	14.7624205192988	15.7368940247907	15.9942754553082	16.0668811444523	15.4056770787914	13.9362723915544	15.7122721129198	15.6939003468771	15.3972356359358	15.5903331259628	15.8793555924646	16.0247588495368	16.164935069018	15.7513527929824	14.3943114295711	15.0818058546386	15.1479510801671	14.322834543276	14.7653562870967	15.2483974261893	15.9223538760781	15.7807435156941	15.4270259745642	15.8784953063748	16.0828035924525	15.66390215666	15.0027189706291	15.5229528167822	15.3117356312927	15.8386807865984	15.4963357011831	15.4621993499283	15.3204901571869	16.1259073422741	15.4426652757193	15.6315647134348
M233.0933T351.89	13.0129929950201	17.3960339106653	17.7184166027634	17.7510191289705	16.109894281235	16.0177690654824	17.8113242252913	16.6357398380818	16.910781566041	16.5207915309462	16.5140283651919	7.50106003694627	16.9040861984045	15.453968355521	15.1347622919207	16.486053222761	16.2432416778511	0	14.8265972482998	15.5964291772828	16.2101425379366	16.4081005289092	16.9411261248037	16.4590989177557	15.9227394258246	16.93984220335	14.1509798883039	13.7860221651859	16.6814422488502	15.9032452147808	16.3861612730747	17.4449299531422	16.101541251709	17.7869804892668	17.1607810656887	16.4174201199029	17.6162890882414	15.9876069025195	17.3205255599314	17.7165833214549	16.8273747333065	14.8505251330095
M237.0881T123.77	17.4212530441591	16.3988576472773	16.1568178554292	15.9713568867513	16.3695494918329	16.2886655224533	15.9689195326051	17.897029542841	16.8155580479911	17.5488122538973	16.6807971298343	15.9739729181985	16.2480151143378	16.5792753239631	16.7966751338253	16.34736975046	16.3101816863157	16.2565541424143	16.9691717111728	18.2914972936421	17.9725373491159	16.598255075341	17.8862385492707	16.2462605906355	17.9154144861457	18.0792120477565	16.7726444582756	17.9372461607128	16.4618796987994	15.4644804668331	16.2764253347402	15.8797774385592	16.0574136359282	15.7472517434376	15.8864737494856	16.5725998177752	17.4570920679816	16.4932297287367	16.7279744283496	16.4707714866593	16.3502762365725	16.8470225498952
M255.135T192.76	14.7413027691819	17.5597899270147	17.0333448923682	16.2112514702986	14.7542166522855	13.9123689951301	13.8038950042484	15.2923178629488	16.4948163035418	16.3484247715198	15.5371577011761	14.0020904726205	16.1685405819963	15.4599375450681	14.8340552126693	15.5913597633599	15.6512509339479	14.87580874467	15.1165838230593	14.1536221105108	15.9793287606389	16.3537870265022	15.3743202512786	15.6196415202367	14.7793982858081	15.229664359755	15.271763955405	14.568890460234	16.8498631478783	14.8678963753462	15.5788338367287	16.6019395264299	16.0583530910447	16.5405308115949	16.7406099978301	15.44814707667	13.6587691367167	15.9691442791176	15.2816310768668	15.1782869702251	14.6057427184498	14.0928665356313
M254.2488T738.96	22.1943551348486	21.907318394405	21.6718395819024	21.4532675254037	21.4768049938942	22.1839177490528	21.0139121580189	22.3864786454207	22.1079547345559	21.4830751016653	21.7497547119939	21.4349447187618	21.0825258923558	21.4768757544532	20.5588565971384	21.4350597890097	21.5850512851718	21.5639997335238	21.9234565884673	22.3542762106032	22.8585200968038	22.5177701158216	22.8919632944264	20.2048108786335	21.7104103195536	22.4199412849746	22.3926577926016	22.4216749593456	22.2271366251956	21.2719270875975	21.8775515153883	21.7941204955806	22.1088502024003	21.9674929553309	21.5184237071572	21.8712998337044	20.9983545649845	22.4668402418701	21.7597787981514	21.8845595504116	21.8466585911794	21.9833823195548
M238.1081T117.69	16.3881794407328	16.2111871582154	16.8860508602911	17.3489417470394	15.0193372883294	14.9911289966964	16.6027174637049	15.6428998906952	16.751357728758	15.8213646293031	15.6234097757418	15.1186127232409	14.9872965603475	16.0803368380942	17.0049523918828	17.3981445136046	14.5699968698696	15.1313344083879	15.0583869058745	15.954358303915	15.2968751576536	16.632450915449	17.0059648130107	15.8196202316054	16.4644175522823	15.6576738042526	16.4354094515408	17.4322632618824	17.0010820822792	16.8106397504265	17.8081968331187	16.7995289210614	16.7785238846403	16.3252185212832	17.109675146344	15.5828284455781	16.9530317289953	16.3949429509843	15.9849354198899	16.0041559697554	14.1449390023829	16.8916092511798
M238.1086T367.63	15.7047970892764	16.5924055894117	16.2351505122856	15.3305461407386	15.8838603895297	16.1998434262372	14.1545345222964	15.1592299611678	17.4081418601307	16.4402648518058	15.9810300938351	13.8132174181427	16.6653774482786	15.9797181455762	15.2519736260241	16.321405982179	16.2297860235524	15.3489317736661	15.4376756463414	15.1060657599694	15.7226836587043	15.6799282360835	15.2658022315708	14.436170656625	13.7538728899651	15.0632077987326	16.4178144185966	15.7683783714714	16.3256282695232	15.0533382621428	16.7042254870009	15.5555905120868	15.4444193821287	15.9864901746155	16.4145888045644	15.8155713921446	16.3395885295238	14.571069739949	16.1550748772681	16.3459447655382	15.9050620556477	15.5866292598429
M238.9927T50.23	16.6694401924204	16.8875311110156	16.1311270258144	16.5158395868287	16.6487597805487	16.7260541842272	16.2343991331369	16.4465309054522	16.4241160667856	16.1885082382819	16.7844247115096	16.4233640400492	16.4369300601247	16.4007814642276	16.4302990002023	16.5399596488082	16.5091764631757	15.6233774904334	16.3642117985456	15.9544173177492	16.3017983996978	15.840706476475	16.0260720172479	15.929696935163	16.1703138301165	16.4058377565739	16.2577045827476	16.4088239616103	16.1233743163209	15.8964821714993	16.2860265048714	16.7854673020503	16.0858015837812	16.9249940387479	16.3837732620837	16.0657521168638	16.562976665205	16.5852641864285	16.5979308250833	17.0132751785517	16.8519416103514	16.0789278322048
M239.1499T593.69	15.5793440742193	16.2887863723283	16.0646017465687	16.0727692811804	15.2966906344145	15.9698477437016	16.6041760175647	15.960734896159	16.9579092172467	15.8804774621571	16.0244381151682	16.3133711614861	15.5818048049643	15.2141882472108	15.4391163025563	14.8807368310978	15.9910748561015	15.6846791656172	15.6713729719031	15.3117018186269	15.1791970954697	15.6549850513703	15.4918544759725	15.1064061795123	17.3272216848991	17.5823179334545	15.3987256922693	15.3006443352541	15.0130751637092	14.6569578055388	15.3912969958182	15.3761448868246	14.9832562285544	15.171348491238	15.4417151750494	17.5855173977722	14.8964762360411	16.2699550142759	16.2985992976761	15.4147666449586	15.4726828364613	14.9814681950019
M327.2027T593.12	15.0711225043976	15.8781823047571	15.702499733709	15.6715436643783	14.8909580385776	15.523545003625	16.2872374756774	15.501537370405	16.8058737112343	15.7104561495203	15.2801658197543	15.9865954191892	15.1815727485055	14.5890811724461	14.9833575914652	14.1691031712768	15.5695485441954	15.2041075995673	15.2904097173588	14.7401928539774	14.5167882794748	15.1032187661353	15.0345803777452	14.4744282020231	17.0840372873736	17.3063519702233	14.6892974339806	14.6493496023488	14.4035897268142	13.8142501612685	14.8732284085695	14.4662398387836	13.9758026032634	14.7903182213909	15.0324829436034	17.3007542925381	14.2355185393291	15.9692546794087	15.9112646046485	14.9423127153416	14.8583598481165	14.3143886613111
M371.2291T592.88	14.6806088170236	15.5096085073091	15.2749537493652	15.1362516776753	14.4407559098902	15.0945026429821	15.7756609086782	15.0887855682712	16.2932150137535	15.1667020901538	14.9370061190652	15.4755281999677	14.6844105463287	14.0403977146401	14.6551217950471	13.7663591986959	15.0728171783938	14.8108056382498	14.7465837962003	14.2804192204488	13.9944831008218	14.6406010545432	14.5143097289029	14.1572583348556	16.6394109892498	16.8434884256602	14.2065337221952	14.1356085700571	13.8743970673464	13.3242594184684	14.4141883697251	14.2268191630733	13.6768787905982	14.35730011114	14.3268052838724	16.8449177045567	13.6229383114475	15.5019286312818	15.4742916010881	14.4166336960632	14.3884744019864	13.8550200590233
M415.2555T592.83	13.7317679947917	14.4894498603391	14.1966553838827	14.0788872146148	13.5800058139663	14.0257059355059	14.9864928820597	14.1459697438205	15.588903310933	14.2999796735306	13.8329238277816	14.4278185008704	13.7084070097922	12.8692421581011	13.7144140829246	12.9103250821865	13.9948919999431	13.8049444347927	13.8635795196308	13.0133381276601	12.39641849729	13.6752409058687	13.0475641072713	13.1375477317754	15.8559457641702	16.0521848268863	12.8960535981565	13.4248466154034	12.7600023847053	11.0799129367179	13.5413394281478	11.6486526080543	11.8222823453042	13.2333069260939	13.4518200325494	16.0887362671343	12.6072493081629	14.6035434441442	14.7312232169547	13.4303711959676	13.3184479342203	12.0502575406229
M459.2817T591.9	12.7936114249867	13.9468370746581	13.7711876538873	13.5937277143753	12.7231348589674	13.5341532445075	14.3477816794669	13.5047677046515	14.97559424666	13.8541274505124	13.4660880079217	14.0960723497326	12.9746544905663	12.2760473043497	12.9994566570268	10.9651058555429	13.7346462531784	13.2816697303841	13.3550603247775	12.8825729347355	12.2635783176041	13.1904930524455	12.924830188635	11.9482829395758	15.1744913564044	15.4121942068383	12.4771647392523	12.6241618174605	12.162609754984	11.7386875796019	12.4768587069676	12.3292604150434	11.2511158374506	12.9717964921211	13.0720778303717	15.5279833665504	12.3722593381967	13.8888073709618	14.026658058243	12.4168257490987	13.0337418348977	11.6500208930658
M271.0151T260.68	13.6355145831393	13.820035106853	13.7438602002377	14.2190156943703	13.9648368080896	13.8764787144703	14.1506813244534	13.201551925503	13.4580535719874	14.4655293359549	14.20721230747	13.7614844590523	13.2184115437919	13.3198701324521	13.5327075669855	14.0735701891917	13.525638033196	13.924848421286	14.0276563745317	13.9649212382294	13.3343542024287	13.6971285253923	14.3153873668141	14.0022722907685	14.1356010477131	14.200769786075	13.5789024507479	13.7354298323575	14.2970253753225	13.4743781161714	14.1924338591381	14.3992196495117	14.2469920109734	14.2860475370231	13.9083546157608	13.8160597897527	14.3271664337946	13.6622476832403	13.5663392918018	14.208592199424	13.8452715888176	14.167038502711
M243.1028T388.92	11.5208518584934	14.1581938787712	14.1073433552641	13.4450012321002	12.3638255357167	11.7834567365912	13.1888200712991	10.776513373867	12.5287563843719	12.1478570429006	12.711996735841	10.5161630959517	12.7150169045676	9.09733902831742	9.56422642406221	12.3412404958567	12.458842333737	11.7209901465422	12.0806198877099	12.1185199797312	13.3520826239973	13.1979692714372	12.9195608325069	11.9471176180217	11.8719968380782	13.364137652286	12.4509570898044	10.8625463374925	13.6685229692849	12.51581381095	12.6096363467409	13.337667588049	12.9764539733856	13.8083654234649	13.5823988964625	12.1984618548498	12.2086470914611	13.9533076100954	12.5854861187305	12.8226147010099	12.6089300429567	11.3833471596187
M441.1182T389.62	10.7383286346766	13.9960053839406	13.5039859301159	13.1482966796042	11.6643108894354	11.8332909678537	12.5225535854046	11.2897730713247	11.7026896212327	11.0646995720522	12.4881493127768	0	12.2503391654665	9.12724472817008	9.51586035911943	11.6211278853126	12.2777248405435	8.3239390006774	11.3411574656596	12.1069229644568	13.00547796338	12.7316357616473	12.4849677025713	11.1563727136943	11.8925882634935	12.9660196507537	12.2269383725053	11.8443169280054	13.4113915296929	12.0162284375488	12.3808235799779	13.4010403023429	12.869573785931	13.4516404094652	13.2836951589752	11.4468976085666	11.5083420511877	13.7390105701094	12.6246252411557	12.3670979897243	12.4857236665182	10.2689386121879
M244.9961T515.1	16.9828744766139	16.6051266291581	15.9608148707451	16.7389248328424	16.7842447953738	16.672099780471	16.460715698943	16.1327414531105	16.8054669478404	16.4560936495479	15.9511454863005	16.3790191778879	16.0231351780534	16.5291480748098	16.8007220658076	16.5330898170172	16.8142431137192	16.3951787533039	16.4166025348903	16.6091859321681	16.0173159109376	16.7312561446921	16.5187874434362	16.6674486912846	16.918481761775	16.7319288546875	16.0013683982611	16.4348862906335	16.5934895104133	15.6676456053834	16.5556978476334	17.0881086035072	16.3423167945273	16.8204203237333	16.6393779937005	16.2897799394225	16.6041157275221	16.6394262572133	16.6849449394491	16.6053367813014	16.6339362709363	16.6285537647678
M245.0778T63.72	16.7866476691131	17.9248194907969	18.939253804184	18.1405754581715	16.1285375567889	17.3966500582339	18.2738368938142	17.0363124350843	17.003229010745	16.0046449513176	18.3648761919192	17.5646834132642	16.4801186822235	15.9546604266067	16.7838228315445	17.1187205284626	15.504635440448	16.1113274975354	12.6793036884822	17.0137848062775	18.0068420286451	17.3766924305813	17.9802749948519	17.3514972310425	18.2381034449341	18.1225794087183	15.7215205996979	16.7300551149702	18.3217650954211	17.1124696439226	16.8766667153394	18.6609628490422	17.8490584080815	17.6126723943184	17.9866155488725	16.8776751528648	16.9484404962348	17.5223435836187	17.6267041747735	16.711834546354	17.366553578866	17.3018876455659
M264.1446T76.09_1	17.5406522351824	18.1960370475861	18.4413240255319	17.4260295232378	17.4897104941509	17.4017819911899	16.6852265494357	16.5950751701991	17.8635798235338	18.1066118308085	17.0801840273448	15.8720223745095	18.5590192806793	18.0479685909543	18.890384498919	19.9038522761316	17.1247411195934	17.7907557794826	18.6141683765504	18.6381043654975	17.8889753288319	19.1801139313965	18.6064354703142	17.0176048293601	18.1683592466344	18.2907313554061	18.5960493274936	19.4844747564162	18.5693662542281	18.2939854244204	19.2230474115675	18.4840082384632	18.8055783442162	18.3506716476183	18.4458095473364	17.9889504642174	17.807643679975	17.0960240348553	16.6762718100493	17.7141774012347	16.1943784525751	17.4281710122581
M247.13T107.71	18.8735772988059	19.7180165856198	19.6885037315999	19.5162962944214	18.9083106057602	18.9762135368179	19.1980757633752	19.0443209157067	18.8979710172143	18.7669127634582	19.0959066437947	18.8558522684486	18.9147004430874	18.9388491411507	19.1829879561136	19.4758807047677	19.0716693398714	18.2945772453485	18.9968018448846	19.0262593492704	19.2435493140615	19.4830493340911	19.5332982529587	19.0160925330333	19.3653680297792	19.3712592759348	19.0802881817598	18.9993945748306	19.6277784410037	18.519849154878	19.2341601348273	19.6248131891709	19.1681977136176	19.4411274464339	19.2837362065553	19.112332582606	19.4382663429633	19.3174916911221	19.5973916633524	19.5190759712141	19.3754143799293	18.963986214103
M247.13T184.95	15.0463788363985	15.8929619698033	15.7438100317326	15.1334875038781	14.7483127242771	14.4238047338296	13.9249420465626	15.5480476937569	16.7991819129973	16.1611671392914	14.4004113653709	14.3107232631663	15.8975946997134	14.8020091571347	16.2855793829322	16.293472417748	16.5253601552567	15.8061599049246	16.0345380865377	16.5863465477236	15.6613664298485	15.9313269124844	15.4879648384499	14.6503637822738	14.1440165381797	15.17483484286	16.5782918975954	16.3148752091715	16.4697409997889	15.8359404747269	16.6256129768449	15.4548501110545	15.7858198361029	15.0590728557067	15.8371571151232	16.392413394624	15.5433581185222	15.1050081483629	14.1261190064637	15.3719020653206	14.4378034834385	15.965266730842
M247.1333T759.42	15.6756093084279	17.296890191325	16.4346558433978	15.1667158202465	16.0894381308162	16.5462248483027	15.1867847772517	16.5073309961567	16.7217173848652	16.2291981738816	15.6186541771268	15.4880441441785	15.9135925686309	14.4403187746618	12.9887838448914	14.6572526050527	17.3253391463385	15.9997611990344	16.6981374246134	16.0617419246988	16.4264053918678	17.5581669678588	16.8623722473039	13.4077278283548	13.5736023810881	15.679071376071	17.6262945750545	17.225204611409	16.7506096650488	14.9944919284863	16.602974082205	16.6953142623932	16.295688517231	17.3789444388667	17.0528149811087	16.0883166874059	16.2831537321643	17.1204176645336	15.2084104902384	17.6353443858844	16.3944429133205	15.1883255886073
M248.246T800.86_2	14.4169619460765	14.8766539388357	14.2522650113358	14.7438809258897	14.3938119291402	14.5396289009238	14.3248570567166	14.879100261434	15.2105194944124	14.5401742198807	14.6904769100734	14.4320358249748	13.7975906703993	14.0144800347994	13.5466674792525	14.2999494000702	14.2779748652683	14.4065263308334	14.7653984281693	15.1211696870957	15.7017109973749	15.3603263913464	15.5347124859833	13.2462274551746	13.7244032331483	15.1489543002355	15.6313630028723	15.4895643272265	14.9296996084109	14.0195370822083	14.8825743408777	14.4654524798405	15.3421018171663	15.2250535063059	14.5964475344265	14.7525251290617	13.8082115433904	15.4941337885848	14.5361842438268	14.941899781271	14.8660289416463	15.0267076993322
M256.2645T796.78	23.750072990744	23.5686503036135	23.0277399460063	23.0832559849491	22.9505930667587	23.6022759892086	22.6409483466406	24.1379532096119	23.6669582449351	23.3009730422754	23.4317418484366	23.2212191550403	23.1015954362439	22.9792889472077	21.9256936438356	22.6226381578653	22.7183555276132	22.7428383908109	23.6257690525081	23.9037386906818	24.3674350236481	23.8472714710586	24.382832552985	22.0536039037724	23.0008639031627	24.3092255141827	24.209876922051	24.0354004143702	23.8444793231466	22.4600860974284	23.0384128122696	23.269696281358	23.6595483056759	23.833617357263	23.3197996828935	23.5855731196362	22.6479798679732	24.0147316251343	23.4199536945619	23.6627165197521	23.4954020346862	23.7621803647015
M257.2677T796.78	21.2107007355697	21.0255865485924	20.4483026310202	20.5223786358777	20.4064009273547	21.0508004045433	20.0942442239672	21.6057486484883	21.1052809361365	20.7856802687653	20.8828949398051	20.682960130808	20.5309536510047	20.3794840350645	19.3070897451709	20.0695311394588	20.1552506159675	20.1734910508168	21.1140749075285	21.3923005445595	21.855512014192	21.3371809366456	21.8593306468682	19.4856830302666	20.4355762106204	21.7876554888648	21.6765312215348	21.5188089024655	21.3236771064096	19.8591312700702	20.5097291748372	20.7100835057087	21.1317860221759	21.314579582488	20.7718364117887	21.0722371858051	20.132720562948	21.4907682688864	20.8847487593952	21.121452853611	20.940497097061	21.2368142210226
M258.271T796.76	17.2957841470148	17.066637965084	16.4564241113347	16.5733052965027	16.4514909966269	17.1284154874675	16.0697482433655	17.6400239245296	17.1383167859211	16.8297310896131	16.8919096519462	16.7473341146074	16.545902289532	16.4054324323603	15.3720804338355	16.0307037556966	16.0980306014643	16.1688251028248	17.234320036097	17.3582133895024	17.9562204067411	17.4085152921303	17.9424597391757	15.5474435792035	16.5051055292457	17.7994238256366	17.7246991964205	17.5841217522878	17.3556773802724	15.9497618155155	16.4711949693401	16.6791063031063	17.1388800264938	17.2832474506917	16.7898252941832	17.0988421907022	16.1638303736379	17.5604837021256	16.8748986892194	17.1225153004326	16.9588800080418	17.3809389163342
M266.2571T800.84	17.3615056519108	17.1324039689165	16.4966320048566	17.0398603905365	16.8004180459498	17.1252410691116	16.403034654116	17.4990892664883	17.3616124188068	16.7497716800757	16.8265986232027	16.7536010296125	16.4072311704089	16.6021608851719	15.7200691047948	16.6247462384558	16.7925427393116	16.7086067984278	17.336264865865	17.4661117171637	17.8347843078547	17.5652170221285	17.9664711930246	15.7798908457529	16.4413940663045	17.3630172947189	17.6663296812737	17.4357988013085	17.5097760880321	16.1689496421121	16.7937261203356	16.9815900682842	17.3205125129469	17.3715812339317	16.9294550058133	17.2008181755724	16.440895173788	17.6156772150893	16.7374364658028	17.0465462208532	16.9859149492047	17.2545178454873
M282.2805T800.96	27.1052706287283	27.0393952386393	26.5208696005748	27.1265272053337	26.7276511866515	27.1875031533789	26.6220975940499	27.4296630336907	27.3520074595435	26.8929750114545	26.900479860992	26.7542148459871	26.3886066703079	26.695044865136	25.7609408006004	26.6624330575991	26.7022867248147	26.7436576865689	27.1858024547737	27.3706864191539	27.7022925137983	27.510180703292	27.587159604068	25.8073584303074	26.4580471568222	27.7101373026591	27.6208303385806	27.3189544260893	27.2316751248403	26.1555771279672	26.7702395686625	26.88953591683	27.3619631175193	27.2650812301902	26.8856404285049	27.0033404756432	26.4273440076152	27.4360703953018	26.7757240412494	27.1252806939302	27.0476903199584	27.2405174486877
M297.2909T796.79	17.0714673911301	16.7438251367613	16.4149203147457	16.3392290122932	16.1528705028489	16.81609089461	15.2433648082602	17.4739635956666	16.9570854986007	16.6221956658388	16.840786733743	16.5846577031748	16.4414992130035	15.7413995058375	15.2282231682064	15.514192081128	16.0405323758793	16.2039698251376	16.9294952198963	17.0048257605956	17.6253238255268	17.1653608355843	18.0769182897838	15.0458568823449	16.3260213777951	17.4668237519116	17.4666574620596	17.3783478425822	16.9960571635916	15.6417979874178	15.5818852416163	16.6846116251099	17.2141631861432	17.2140405194734	15.7868807169611	16.7841322085292	15.8109378273474	17.4259696034011	16.7070920352201	16.517677976044	16.699302419639	17.0286348682802
M298.2942T796.7	14.6406225092075	14.2175767406229	13.6090296367374	13.8052525854788	13.3280238958784	14.1573420100542	12.7106833723063	14.6620254239731	14.5049394094444	14.1410567215952	14.2949472513908	14.1179434788205	13.9449269229342	13.3447307799226	12.755366384269	13.0049646664426	13.1726960442247	13.6080193393172	14.4604542412992	14.4777439154468	15.1308853149472	14.6560186036629	15.6551053647747	12.2915680012055	13.8550609765349	15.0047793448764	14.9542889387256	14.7943157512197	14.4146304446579	12.8919725063736	13.0344061447349	14.0618411597233	14.5900677547431	14.6340450420358	13.1854648336347	14.0720340087877	13.1305376444687	14.8552870613476	14.1337935338711	14.1809419247553	13.9911717791502	14.310531844625
M248.0255T286.26	11.3762089210577	12.026586459583	11.7734738176649	12.2922777715252	11.524635334039	9.9936504838511	12.0380248794253	11.6026612166652	11.3139000573199	12.3659002733225	13.0330331718395	10.3302450762758	12.1071289274079	11.8126916239569	9.50849925804886	9.47168442224613	9.12643634553763	12.3547391278671	11.1253331327796	10.9973795614545	9.84027398264644	10.9358166954988	11.2154914556571	11.6634110594087	11.9156094026496	12.1072517764783	12.4127105868575	12.9923880446009	11.4080938233791	9.24317134564344	11.581904736029	12.4345465078584	11.7625213141977	12.7216780851609	11.5477387609286	12.0357820205372	11.8918868846086	12.6672866016691	12.5831046220918	10.0800643423053	13.3374554345683	11.2135707073924
M286.9559T286.53	12.0481047428137	12.7147904578699	12.7466585419815	12.9982356232566	12.2802257356835	10.8276619281644	12.8451115378551	12.1277714261036	12.2045321127639	13.0028416495949	13.7513248584025	11.5938174999472	12.7136809747449	12.7434604444915	10.710641268999	10.4016586080165	11.0494163476576	12.9983898412442	11.8706001088805	11.988308230068	10.7348775328493	11.639878055779	12.0888801746255	12.3805756081005	12.5811000805108	13.0528517891262	13.1585351670426	13.5973068883542	12.3458683003065	10.6284539650635	12.1866600775119	13.2005051651159	12.5824857942461	13.3517089832662	12.2408734682538	12.656794608297	12.6000812139144	13.3825222590967	13.3220185947858	11.2323202252275	14.1485934860916	11.5906749168378
M248.108T569.72	14.2387476276048	14.9165534288531	14.3883307217231	14.4269786636145	14.6144858877872	14.8582474698046	13.7430685362751	13.1175036923228	14.8604454656083	14.3654514594219	15.1862558447027	14.7529200016759	14.9991804133185	13.6047280544918	13.3740949271146	13.1501287485747	14.3375816725365	14.2293497733124	13.9381803353396	13.481409447987	14.1117927064675	14.4686435037863	12.385738701656	13.9519177182594	14.0589294706778	13.1715189828612	14.6642045076299	12.8390682675292	14.8587934107747	13.8635454101653	14.2216416892408	15.107552652861	15.0029404492514	15.0915585592881	13.7905403551638	14.9687694338902	14.5324195779852	15.3681622539818	14.6691319654707	14.4265155544353	15.2966973172236	14.6982598688435
M248.1501T63.36	19.329924204506	19.1277492063013	18.7141240474866	19.3408235564955	19.0182322513471	18.9606824877854	19.6853820652346	18.1175973607292	18.626357197537	18.01803020584	19.2221605511211	19.5260586335514	18.3263259895138	18.6922086245278	19.6102286116879	19.4337714110614	18.1538793876796	18.5198396219664	18.649345914271	19.2678736414712	18.799215513317	18.8914799271096	19.3817908965807	19.4541706093468	19.7212789396322	19.3607320374314	18.4806205661006	19.0071425558008	19.24470049125	18.6759751152146	18.9871610233403	19.0805266444216	19.0816246525994	18.8355339908536	19.102900791596	19.2550521010984	19.6577533985486	18.5679924270365	19.6265056075268	19.0459687836793	19.1443797322012	20.4915085349099
M248.2232T307.2	17.1807698803248	17.0201816455385	17.2412966882157	17.1562992706298	17.2421314173221	17.1498974018966	17.5267245713349	17.3064370689745	17.5222902040053	17.4306709038754	17.7922436113882	17.4970214756942	16.9047607315397	17.4473216400821	17.0275458140061	17.2408776521548	17.1888449100363	17.4729549715188	17.330801795407	17.6528678124866	17.144919633764	17.369922096188	17.1435118053058	17.4030470411421	17.8583548838799	17.6711887593233	16.8791320561826	17.1920875617758	17.0997059805124	16.9303166202666	17.754400143683	17.19703550114	17.4005615684973	17.2903347048289	17.1751791073341	17.2993358466857	17.2084066146941	17.5397835991697	17.6021195641789	17.3436919202512	17.2452729634161	17.2888758944173
M251.0498T287.07	18.7437432746068	17.5883293635136	17.4976745769497	18.2364492905156	18.9965112710493	18.1195269611375	17.8310533248163	19.4842662817029	19.4779789244325	19.3727978692598	18.2785904293563	16.4457098153158	17.8248097501927	18.9580091480137	17.8574716022648	18.52986170365	18.6544502160611	16.4064340019116	18.8229255279231	18.1081996205477	14.0733458089723	15.9378326467977	16.2503747623222	16.9825762744107	17.6952415212208	18.2367392710507	17.7859690013675	19.0029754817719	17.3025998212413	18.7196784872001	19.3088651627861	17.9130541995736	17.3226031018535	18.139532616437	17.9455615054389	17.5143955795391	18.8440008596789	18.333929074697	18.3131563863645	19.6456599646093	17.5328830962386	17.7178576438816
M251.1287T497.47	16.3722633671265	14.7862874810792	14.7969395569824	14.6209801962042	16.184671763619	16.1703114303221	14.7468367089904	16.2545479849133	16.3792919689061	16.166480468617	14.2317776882754	14.3486668275101	16.3926538354314	16.2695679928974	15.561239644469	16.0277879935469	15.9205336615543	7.71117463936855	16.2213605755928	16.2105316341328	14.3319279056488	14.8851864137527	14.6386429957489	14.8754128380051	14.9305075057355	15.1518534291544	16.1814978749087	16.0267440125777	15.0153442858024	15.3778549930575	16.0453010569872	15.0563780984204	14.8662403940229	14.8291344839718	14.5304696334561	15.906083693096	15.8689746358785	15.1527694344211	14.6283989080245	16.1916473299224	14.7348770386856	15.7803369643657
M253.1445T545.24	14.5829896227706	15.4939313592111	15.4058894557527	15.4419170404719	14.7814104123637	15.1608395548103	14.8131946301479	15.5798629849325	15.8355939305524	15.4520871380723	16.5705250407171	16.0313367637045	15.3308621635582	14.667291132541	15.0001728818144	15.288481451413	15.3261377091155	17.2776312108258	15.5040116783752	15.6002658177327	14.9963275296029	15.439531122177	15.404565994157	14.7611043935989	14.966664526329	15.6457645873847	15.9306239226673	15.0167654520336	15.9322891802184	15.0800263689366	15.620706188401	15.5587968633124	15.2980555397079	15.5499669528533	15.437960097219	17.3713096517739	14.3725641777097	15.7237215668971	16.2520743463045	15.3084341976321	16.1172076271478	17.1073441985015
M276.1299T544.84	11.0512596729559	12.178802609382	12.1342093455887	12.0828904495432	10.0016390429327	11.8906436844496	0	12.0384351499051	12.4086585171326	12.3598889529886	13.4150187151545	13.1161962458435	11.8322920394385	11.9050412582038	9.92912543865133	12.1928602614229	11.7906191936673	14.2129787101072	11.9101069006058	12.2296618469358	11.552306414052	12.0009979622002	12.3719053133598	11.4843785773299	11.5105402169259	12.4097165920592	12.7575960331067	11.5191875584455	12.4437910631308	10.2821599254653	12.3419075054418	12.1037615194546	11.9515138157394	12.3334052632839	11.8001447946699	14.4908254325539	10.7080229804563	12.4951382059803	13.0250043886799	12.3341350748068	13.3014876328188	13.8327497168715
M254.9947T269.17	12.9476943249974	11.8435823444718	11.3301526763051	12.3831981623733	12.9813829605985	13.5872488201948	13.0989954008913	12.5000339383093	13.2663843363021	12.2117658415511	12.0643430258725	10.8157312506735	12.8936552043777	12.1111364369166	11.8866704288663	12.793164511636	12.3751296293435	12.8225713236922	12.60839684293	12.3107140914947	11.5290947681766	11.0573041607941	12.2473469652956	11.4107402768363	11.4179813176815	12.3502727393792	12.2403601308148	11.7555492718044	12.4474947392231	11.9852494239389	13.0802269477353	13.1530238329811	11.174453291148	13.1460022573995	12.7385495841984	13.2156230577728	14.1042682035067	11.5442356257796	12.8582402478619	13.410421025032	11.6402392166129	12.1525830981648
M257.1582T477.11	14.574314813977	9.58752226620307	10.0620817055938	11.3073146627998	14.0831951114619	14.5891931154952	12.8359794033899	13.7893457643915	11.2900462209988	12.396102024942	13.4067953744421	13.9292921998127	13.3355281352186	13.3461742185734	12.8612464982739	12.9347187161772	12.0463676815486	12.1857109259687	13.2851854143502	14.439467386712	11.68288600378	8.95938115973077	11.976518744678	10.7145065071832	12.4815499074864	13.1433239081665	12.1422242685147	13.7602094882296	10.8598212424376	11.8103125225369	12.4011293589033	11.4196970473106	10.6474791895971	12.2069950960294	10.3324209208848	14.3447572017855	13.4857597080566	12.1283540239423	12.1996109788104	13.4808245464625	13.0382847111898	15.7342104380845
M258.1713T212.28	15.9384587560057	15.8864784130086	15.9794524223233	16.0243517998071	15.9184862214408	15.6061386556554	16.2402067515749	16.1154889585431	16.3351248340086	16.1877157925902	15.9960532326513	15.7108162230461	15.6893417636181	16.3722582745634	16.0075038092199	15.9766515267524	15.9041919899208	16.1033539340858	16.2985181612045	16.5771071701302	16.1681560676637	16.2959558595787	15.9199114018113	16.2513670362887	16.6530693846929	16.5320426969438	15.6080075215854	16.0024787591429	15.9119662128667	15.8437248044097	16.4747446321225	15.7932471928285	16.2395767088363	15.8495887325677	16.1606704229864	15.6903755035401	15.8805911757409	16.1501558034522	15.9962100809128	16.0502929253828	15.5031209490583	15.5145350537094
M259.0935T65.05	18.8918302330811	18.0344704425925	18.1256122543633	18.3407675503695	17.7527372857066	17.3443715281405	18.446170264911	17.9244306364655	17.7825569645165	17.6552584745423	18.3070072046671	18.5144702656897	16.8534012629206	17.7360886131521	18.5479533957393	18.6190012695042	17.3331752059663	17.506173065493	17.3429190400087	18.3277007655915	17.752586225567	18.1020507001964	17.9619926298	18.7412433466692	18.8533829011547	19.047096013112	17.7360420250919	18.3830145141981	18.0124197638611	18.8877165896973	19.0657732347323	17.9161274335627	18.1547100393594	17.4135560769504	18.3031316623878	18.6628202229767	18.9151204838832	19.2344376392537	18.6507966044744	17.6707218142105	17.9466484767143	19.4166319889452
M259.6191T607.54	13.914911236884	13.500411369748	12.6162517046733	12.8676660652532	13.7306226681651	14.0572885876667	12.9705935745863	14.2832852956017	14.0884805084674	14.1122369815696	13.5277031255316	14.2140813171291	13.8490890260543	13.4528061640922	12.1175042177801	12.8872736178425	12.9516973412651	13.0611895429544	13.8625155183335	14.0086334467485	14.347667266921	13.9982870270874	14.2872182595006	13.1465634538045	13.0651324710682	14.0105661042169	13.927410309879	14.3762623331671	13.944176899965	11.3828633026783	12.5053410535158	13.3166401880219	13.3716101889138	13.6074021242822	12.8251596502151	13.4737829056714	12.8384116406273	14.0506442301577	13.2772182061922	13.8386795475904	13.8260484551236	13.3453764959188
M260.187T350.71	16.2734458275291	15.09354293235	16.0112196988653	16.9731766630798	16.4519889825459	15.677233369262	17.86168055623	16.4375748149886	15.420138407188	15.5130800327257	16.5111051217468	18.3029049905806	14.9135531447059	15.7263889381121	16.3469401436155	16.0982225994911	14.9041314580278	18.0404748430275	15.7510857980926	17.1715169434656	15.3314473227196	15.1930715698005	16.9846651570469	17.4208930532835	17.3114683304463	16.9490500107854	15.5732245510784	16.0950925535711	16.0361810332567	16.2774066349732	16.5672779411524	16.0964630691606	15.8355817689978	15.380266449956	15.0715120226277	17.38297224032	16.5481060224311	16.0715111119326	16.3103000874663	15.7619793411195	15.9081419849214	18.3140587930315
M261.1459T259.75	20.5461239021425	21.4194936876111	21.087610312598	20.8483602547335	20.7621039631342	20.3149125524838	20.2930847363784	20.8433520387234	20.9079009009919	20.8940364519374	20.2045967632427	19.6208301615143	20.4931863287355	20.8931859439735	20.9953434852398	21.3252966251998	20.8527797115794	19.7720407875637	20.9941310580494	20.791920321527	20.7487425899474	20.9788996483785	20.9243348042367	20.3996386515873	20.7034097374999	20.7845007216611	21.1703850721379	20.756474257029	21.1254672807571	20.489290734816	21.0137549422097	21.1089992068153	20.825108805285	20.9496203368848	20.7195897476396	20.3626477165881	21.0892950083261	20.4464223291228	20.3859341117629	20.7736198967171	20.1452869702365	20.2624596804575
M278.2489T729.19	19.9927743161723	19.6044753759762	18.048303521475	19.2741044367609	19.3336804207435	19.7777996973321	18.6935651895984	20.0169567333915	19.4306756389796	19.2521022794756	19.5384913094188	19.3201591521918	18.7035732249052	18.979270659401	18.2599509591566	18.8826760831945	19.0176172383911	18.3718168241966	19.6699516035076	20.071736969797	20.6235728815362	20.2918742846967	20.4471016778008	17.9764886186456	19.02108091103	20.3421879900804	20.0913555625604	20.1052217309303	20.143704816527	18.4266700875137	18.2990389953137	19.5871162734405	19.8326087092939	19.8555069968308	19.1769054678456	19.7367948106388	18.8520995260425	20.313002776582	19.3780070581155	18.7120973866532	19.6016601723277	20.0029331329229
M263.2016T610.3	17.5936378414984	16.7155765594564	17.4342450774385	17.3581663204276	16.6088875489274	16.9384325635623	16.8706785748521	17.2229139408085	17.7044767861624	17.7729007426384	16.5043712433904	17.4364025500179	17.1953246277974	15.9054189410521	15.1067979313809	15.4928625123061	13.5452429858941	13.4938828408333	15.6523624898147	16.3437637407918	15.9547381135386	14.453267067021	16.2673868478955	16.7156229674078	16.8107070209452	15.5718802148923	17.2687555559554	17.636543490765	17.5552368864639	16.2175567974882	17.1458545670079	16.89789691804	16.8504274858544	16.8087659321601	16.58882168846	15.7096986536045	16.4896803647849	16.756834178476	16.7255183546119	16.8167150336492	15.0963170336448	17.0474548449817
M282.2519T679.22	13.1629352405274	15.7576864721531	14.8626705838449	14.7718175270456	14.305131082787	14.3285019117878	14.6600958550639	14.7244831343092	15.4663160647687	15.0004310506917	13.7587665710838	14.3311123038985	14.8704832395466	11.1047638881889	11.7341867783084	14.7702763236645	16.0486554862268	15.4582803846903	15.8318424091088	15.553282327617	16.1626210687948	16.5927676160395	15.84856473357	13.3881961859837	12.5038556753575	15.5915731075336	16.9266458933368	15.612240772231	16.4799839260844	14.6737514897647	15.5553954681531	15.0977285492888	14.7867984529891	16.3299417673267	15.6459256730316	15.3084485957707	14.2020775585077	16.5102199352436	14.1935792354565	16.9189341531827	14.4182454992716	14.8734015222511
M299.2592T679.22	16.4841187542442	18.4809891748129	17.953504071949	18.0861643527273	17.6369670853529	17.3377149314523	17.7753678865405	17.9598595677304	18.4792127385123	18.0190545881346	16.8273283928187	17.7080649129575	18.1588102329814	14.8332897156101	14.8860924642535	17.8886653894937	19.1645231310518	18.6383908224096	18.9421483757998	18.5672180226283	19.2519110270478	19.7394137737742	18.7478676844093	16.5583424878514	15.9757626990041	18.591902946692	20.032587395191	18.513952090099	19.576048029862	17.4483255118886	18.4356535559317	17.9336880940574	18.1346468346703	19.3171422530253	18.6970956989581	18.3980266305716	17.4116021109494	19.2556821249673	17.3960910726293	19.9069709649333	17.2994488605077	17.631551044639
M380.2576T607.47	20.5603387498839	19.985580561257	19.2048481908018	19.3989776074233	20.090752488955	20.6393393360203	19.5507593214553	20.7476133990026	20.4834767461664	20.6992349941369	20.0147822091661	20.8144956562607	20.2932612231848	19.7329010438372	18.6478305405758	19.4544290465454	19.4835881296425	19.4274669591684	20.2947768524331	20.3980010003141	20.9811466802766	20.5168018548027	20.6146813844448	19.6471924579888	19.5476871837113	20.594907596841	20.558603446388	20.7834968727955	20.3225440294221	18.4666600131906	19.181419379846	19.8839325772585	19.8911044083306	20.2128822231819	19.3109242864492	20.0715950863194	19.3853629845089	20.563837722642	19.9329515856281	20.3416767282381	20.447767371742	19.8713840312071
M267.1347T66.16	16.634632148934	19.2471472198413	18.8349008477114	18.8694056170621	16.663116637143	16.9675934191969	16.8856754559583	18.0439332919765	18.7169471734655	18.1288856928008	17.5341035856784	17.0430053620359	18.0562687193373	16.8389501086153	17.8026204696403	18.0959512334357	18.563223895932	17.9636354969534	17.829083114077	18.0594152517982	18.157113658471	19.0856526764591	18.3973021059974	17.5855541786557	17.4800081996791	18.0947746068459	18.6330119571006	17.8262475798981	19.4225391383064	17.9170228975375	18.3061606810145	18.7510858852577	18.5683266612731	18.1827645570947	18.754911040864	18.4496430596728	17.1495794159057	18.3321171499262	17.0091170693499	17.6673026700555	17.3712972482623	17.7063507806136
M268.1381T66.1	13.451067530594	15.9745926871827	15.6017971325663	15.7901008631865	13.3719150628121	13.9915207980927	13.8940190437997	14.8951247412013	15.6223471183757	14.9427579248057	14.560383071502	13.9870545164513	14.9830676186973	13.7939976345314	14.7327444813901	14.9710594185789	15.422941622322	14.8362110414434	14.7836844959411	14.9054204949271	15.1480776541989	15.7940051728043	15.2583212211639	14.2779457214738	14.2585685886085	15.0053805421884	15.6220622525573	14.7263333059298	16.1658291771621	14.7947382818817	15.015554537179	15.4878984576946	15.4771804791374	15.1832449919594	15.7111893341279	15.3043735685313	14.0585342663472	15.2716970198333	13.4587463435187	14.8118206329821	14.4096844985055	14.5070970191047
M271.1409T62.71	17.0063203947808	19.9522291845724	19.6646165244657	19.2669550168231	17.3712745906196	17.384061740184	17.4866198210662	18.117423641506	19.2508071018261	18.597714737793	18.9621826536547	17.4235637678901	18.5339340893546	17.3256977892735	18.1763136961099	18.4668288392448	19.1627873262486	18.5083361509896	18.6085099338117	18.4611492559828	19.5438117044806	20.1795116656293	19.1275440789116	18.1485825107854	18.4254430191876	19.2937095488038	19.1351644954473	18.4512497558976	20.2827987033181	18.6778656010236	18.9930442424304	19.8253684637012	19.665188314375	19.4292500102487	20.1337184618163	18.7800240157199	17.7016922296884	19.3558570505948	17.7773361896546	18.250891048842	17.9323936983584	17.6176778716616
M267.1352T373.26	14.2693450895073	15.4616472610763	14.7638455967935	14.107889197055	13.624661614373	13.2870472591834	11.3276763005761	15.3706873152023	16.9367213232086	15.9531422199391	14.590638688642	12.5878604814069	16.1875204304377	15.5880944097353	14.1005681201576	15.8599049904401	14.919968332121	14.3083978925846	13.9358427647557	13.7439541613326	13.0291459307673	13.9938587258084	13.0764106589807	13.6778999006277	13.2836756458764	12.7976441218462	15.000602259254	13.8210657260191	14.7697275690328	14.0856267768954	14.3631257558957	13.542344286847	14.84154925334	14.7156147030164	15.6405933069666	14.3155082037313	12.2154770528074	13.8855702034202	15.0265160685163	14.7000394458186	14.0816723184483	13.6512129057222
M267.6108T646.4_1	15.8889472668052	17.4842623398247	16.7395190061138	16.7695586062838	16.3298844388613	16.4797659260381	16.4214898647604	16.9415200104927	16.8552420738972	16.8108516701857	16.8049247400953	17.3187708584754	16.3887593636448	15.7208744323227	15.1194330203099	15.8934401051658	16.6855809315142	16.7832181123246	17.0364055005414	17.0098584747049	17.4378284889561	17.9559344520254	17.5845741732247	16.1618762471082	16.2143060783269	17.5204423230431	17.0908807719198	16.8905943160823	17.6433665222044	15.4847639474557	16.6442233308127	17.0337773139417	16.7129572490607	17.4363754861948	17.0293752554532	17.1653072015571	16.3710812779687	17.7526778092996	17.0497433442717	17.1098475918301	17.3944345112403	16.698865699524
M268.2646T770.48	18.6738660170655	18.1305364956369	17.5527433222069	17.8900724867631	17.8422916606272	18.1898574370043	17.3949728084404	18.7580417495701	18.336184993958	17.9630132795011	18.1286397225708	17.8955132895036	17.3699240876401	17.8542950080846	16.7940379678641	17.720326523646	17.6938808244893	17.8453394883005	18.4420600040543	18.9795587611129	19.2574383687904	18.9078399989633	19.4953874814401	16.5101073606977	17.6676650314197	18.9914975319009	18.8981318497069	19.1629886629751	18.4608964146635	17.0397652328679	18.061331775966	17.9758285191932	18.7302778140598	18.5121890704254	18.1168569412342	18.3537788364344	17.4881048745977	18.7944285017161	18.0730681524269	18.485244060192	18.0970499704	18.6025961864363
M269.0909T373.4	16.1464080850232	16.3237699113025	16.4307359558366	15.9963101813932	15.8835096896776	16.6570563011278	16.4740318513349	15.3795203993565	16.5005808076622	15.7157930321627	15.8466741985336	15.5948740709549	15.5353026070391	15.8771775780415	15.7481129865708	16.8095051658983	16.57435744828	15.7710748760924	15.3820746708654	16.4103676492715	15.0895790412004	15.6974980436692	16.0962316238293	15.3843765926591	15.7274694177996	16.4480587269523	16.2192354905271	16.1973588188153	16.2621990159629	15.5466893689312	16.5977854926322	16.1404628940723	15.9257854799227	16.2019318437669	16.8847605899046	16.4371062458261	16.6670349761722	15.7391382896597	17.1014362412052	17.1426311925314	16.0908627271055	16.413994676075
M269.1372T393.61	15.5170490721479	16.9738619958883	16.5134220185159	15.5443488610076	15.9915653212585	16.0534298890446	15.4744613537055	16.3602065252206	16.5310212060288	16.029052568023	15.8718622178264	15.408296225191	15.738428940043	14.6867925877775	14.5154892454565	15.074600944436	17.1900276024567	15.9815262432832	15.5595454849083	15.7485594040126	15.782911828563	16.8713957945978	16.0740262344449	14.2487023470554	14.8252623966093	16.1695313072691	17.2112706883808	16.2759108646876	16.4324394780946	15.326935547417	16.4106858451254	16.9192103438015	16.2763949821848	16.8508727767051	16.8737589814748	15.9147002751499	16.9815179602331	17.1804235181487	15.3963430115113	17.3153532943898	15.8327469598578	15.2165601178691
M271.0935T81.45	14.735212130356	16.0682840619427	16.82582750482	16.7745553910243	14.2326661944372	14.0313992010425	15.8385783740649	15.0930435003218	14.8999772833721	14.6310666423767	15.3751567482763	14.5245013805345	14.5925980628147	15.1517761667911	15.4290118867068	14.8821719415971	13.6680634076096	14.4361835601858	14.9381766497929	15.5686701432136	15.0952309738804	15.1978640885923	16.0771338006222	14.3898791103989	16.0397901012158	16.1974172951498	15.0062944796334	15.1826929448297	16.3640412704116	15.3587841281905	15.950266745709	16.3084170468114	16.6480234815525	15.965581409091	15.9897292220636	15.0833809668106	14.4483511596348	16.1506451735686	15.3494235507848	14.3014233519498	14.9244349598569	15.1683829916916
M274.1226T640.69	16.4177648361842	17.082053488362	17.1330513380568	17.2065689850541	16.435767737207	16.837161353759	17.1301633235585	16.8556686919615	16.6155117576976	16.5132110487514	17.6157287344098	17.6769913713543	17.0112779977932	16.4550875932589	15.5833029161546	15.645767784681	16.0822290968893	16.7799634286343	16.6684429526224	17.0993043151512	17.5075289509138	17.2149511589605	17.0663540820519	16.9867934218182	16.9343096746511	18.0154490799242	16.4123997067548	16.583788857121	17.7117940635346	15.2040931252841	15.9336761321162	16.9245629039148	17.6220880567587	17.5176553638501	17.0440569544585	16.8019352796424	15.8646429192093	17.6562739346391	17.44978585408	16.728234229177	17.2682529686645	17.1105509572454
M274.6257T640.86	14.3868764992655	14.920111678432	15.3602208477465	15.0240784138326	14.6610130883151	15.0277087132115	15.246912668329	14.9463534337306	14.7270543342173	13.8019321552564	15.6832953953886	15.482809521725	15.112995982006	14.3233918703203	13.4899733355654	13.6881615991501	13.6923386577083	15.2309508525616	14.7125127778683	14.936574680719	15.8328294032762	15.3985616578836	15.1275989481194	15.1297498523893	14.9411595222628	15.6007734835436	12.0721230752373	14.7251873736317	15.8391556694219	13.0417621099604	13.7879035751052	14.9954991378713	15.6354781404453	15.6621162598117	15.1030089618723	14.9537750610383	13.8812413388906	15.8312294179268	15.3970406532578	14.6981093335323	15.0354194473115	14.8224782499897
M275.6266T640.82_1	17.4555488056383	18.3511646387455	18.3009673782825	18.2311418237104	17.5610985873213	18.0559611098419	18.3732024414447	17.9782643880598	17.7925037991537	17.7493981495256	18.6740717598002	18.7065044897014	18.0152509505788	17.613462555285	16.5975678229203	16.89735519603	17.1123216302467	17.8337148322582	17.7948952134097	18.3094578818303	18.605730878756	18.1759408495269	18.2284819838667	18.2200880187979	18.1923748164694	19.0971357269393	17.7090368279895	17.7648193439462	18.9254429277749	16.2701621584539	17.1126352521373	17.9519609550251	18.6350292108088	18.6969393160767	18.2006452866568	18.0381615347473	16.9410848523758	18.8119731314368	18.5148562607993	17.9316432294361	18.4911422977278	18.1561717823451
M277.1259T640.8_2	13.8016809491854	14.840787878115	14.4820392149779	14.557313238581	13.8950891316558	14.4492275672365	15.0295441353395	14.4739292363943	14.2258953590629	13.8185453979397	15.1150711151388	15.2898501367142	14.2910136513789	13.7937132586227	12.7011274459669	13.1497517066426	12.7244449156889	14.2318498619909	13.9815931601929	14.6739368862072	14.8953325364249	14.8999900988741	14.3865758309337	14.7129362320618	14.3856601664638	15.5125926098132	13.615531705653	14.1698327254867	15.2151600349595	13.1229835438018	13.3180052204782	14.2520560684263	15.0730350289816	15.1640236000733	14.7760834250726	14.3885099743318	12.9680591112522	15.1298234843392	14.7948900805686	14.1332216921847	14.8690245292012	14.5385961670599
M275.188T477.03	17.0000800621295	11.9754105919312	12.1762564549247	13.5118091616937	16.5578263109293	16.9378851049298	15.0493177976247	16.2966375689431	13.538969929432	14.7270396603141	15.8291434192409	16.2028680592784	15.9844514188844	15.6879424686236	15.241179291729	15.4583705567759	14.0890637493974	14.7081782385482	15.7643803563252	16.9597183687776	14.1464337555605	13.0911917223738	14.6210741653872	13.1570580990081	14.9411976542219	15.6723944414181	14.5300015034907	16.1306014334754	13.1817881332028	14.380160690299	14.8186938254872	14.0221464449183	15.0121600945786	14.6760032597428	13.0608826091821	16.6522396112025	15.8749038454501	14.4935404417012	14.6597577829473	15.902386058512	15.5382979058435	18.0334390083553
M318.211T482.43	13.1227193635802	0	11.3008919903267	11.3637008084498	13.2699831982094	13.2913925457872	12.4458276895095	12.8304584062192	11.4534478674341	11.2794123822171	12.8195627932729	13.2906891280144	12.1304832033471	11.8887910089495	11.6381705716902	12.0454631601619	8.34217892830166	11.1086017552838	11.924809400807	13.0177102551948	11.1930551344727	7.60470945678322	10.3022314651615	11.1124710014956	11.9552579945515	12.6049927973762	8.20772018777889	12.8934510107208	11.0379927147275	7.91921816859135	11.4399210784119	10.4222226629472	11.0804479121141	11.8541477856502	7.42406115461171	13.0214711571869	12.2168699119272	11.5411519145354	12.2580826800916	12.4832514898966	12.8487515264659	14.1791705389497
M284.2961T860.49	21.1448467254857	21.0415179543888	20.3224000256085	20.6224939782343	20.4371192292074	21.0779222429523	20.1551297854575	21.7409216337849	21.1406105267734	20.698921990155	21.0809207541199	20.7252050803008	20.7186234438562	20.3192323649863	19.2893908626623	20.2167327429519	20.1347536508259	20.1392603033245	21.0774929926998	21.3532863120718	22.1182723897553	21.4485181288646	21.8656451591795	19.6040036064261	20.4667326919075	21.6151564100427	21.6422911700674	21.5325465349286	21.4345785486301	19.9023560097972	20.487431275057	20.7840733162847	21.1375280426335	21.5234410976852	20.6404592192903	21.0736030094683	20.1323718269702	21.572862902869	20.7993328278016	20.7721984861212	21.1246234577182	21.2131411601627
M285.2994T860.49	18.7201548768312	18.6337029751967	17.8738239279356	18.2203446834464	17.9900754972508	18.6626798519001	17.7037825431669	19.352623028367	18.7467864817992	18.3015762319925	18.662878088892	18.2958651513472	18.3431577986209	17.8821192710191	16.8429561544376	17.8004360221436	17.7132028230275	17.6905007692487	18.6617709552164	18.950960523837	19.7228942322597	19.0654769587132	19.4981153265543	17.1539782062568	18.0624609892888	19.2025305475275	19.245469555402	19.1302812337232	19.0623528902511	17.4804980988741	18.0690734126179	18.3789058981784	18.7387555273636	19.0942852764248	18.2221999026683	18.65603451411	17.7096804578145	19.1744346389729	18.3952699347724	18.3454070528907	18.7287074785774	18.8445942746727
M286.3029T860.49	14.9199334101599	14.8867728215754	14.2254589159459	14.4188110136867	14.3214766683631	14.9714328352373	13.945601442746	15.5497853053986	14.8807574604917	14.4711824186631	14.8290843876428	14.5984360323533	14.4923243446463	14.0328593674683	13.0237211130973	13.9914814417779	13.884712715767	13.9861461415091	14.8693976931413	15.1199349351133	15.8898290031308	15.3273295085824	15.6480012561411	13.4038767494005	14.3128826478073	15.3780902218112	15.4349040781158	15.2736850964492	15.2062692031746	13.5211192316956	14.1809319944835	14.6269260450468	14.9630015054175	15.3136977046358	14.3579951444628	14.8360424166675	13.9002375377854	15.3597380489392	14.7176980057503	14.4766149646063	14.8272049424877	15.1142552201238
M294.2893T859.28	13.3233883497203	12.9694253716928	11.3750606787507	12.7002743852662	12.5886131970789	13.2280845896883	12.0372126076255	13.4136627382401	12.7396482695896	12.7900286205976	12.8475062250929	10.1675487993302	11.8121706912058	12.1752512028964	11.3037152087629	12.30549846811	12.1428622066939	11.9183524342278	12.9654248436802	13.1360767461021	14.1988567824678	13.6429275305768	14.2431963598891	10.9889035816448	12.2789467274437	13.8030266862791	13.388695332512	13.5141250211382	13.3847786631477	11.7100377455383	12.4878506452351	12.7344355141176	13.0647960977578	13.4090581395851	12.5049827752804	12.9986005347025	12.0858253242935	13.7748789010544	12.5198470356545	12.7872367383265	12.8900437967033	13.1700083353981
M310.3118T859.4	23.8394827772653	23.3129904514033	22.4532271274424	23.0241116172093	23.0218591606021	23.4792233134398	22.4276964798725	23.8310747243537	23.2460707193002	23.0103395768296	23.3698865013823	22.7545775039229	22.6128716792829	22.6363628891604	21.8398597229863	22.6526859520358	22.6429476087056	22.7021102430463	23.3992140975081	23.6013073715561	24.5470897612165	23.8822829743453	24.3396712509124	21.7134911442864	22.7896816443034	24.0620096544991	23.8349048793878	23.8298204991405	23.8641213957689	22.312111111005	22.8898006879126	23.2556137801412	23.5053163698897	23.6173773525578	22.9331111634293	23.3667360355964	22.5941902196086	24.0648149441009	23.0196047316152	23.1752055638759	23.2708123724411	23.5150899972894
M325.3221T860.6	13.4580903285727	13.1837128853732	12.689311969829	12.6816776134285	12.4448781767465	13.1246624831058	12.7303280861457	13.9023882280956	13.5366687291963	12.9294450091795	13.2482972556781	12.8716726482091	12.9626853367832	12.8718999182082	12.2079389512755	12.6072952804926	12.3474102346859	12.6835030622096	13.3759650235222	13.6611317226515	14.3143046296287	13.7686837690278	13.8131543825859	11.9691481201323	13.1140174094417	13.7440024944281	13.8501812647948	13.7105440212877	13.8063450020653	11.8932835790477	13.022351499588	13.1435167522752	13.7883452460441	13.8901571524191	13.1021928089374	13.4708237095521	11.9120725797118	13.8535815530673	13.4825211003415	13.1525786003838	13.4564280721963	13.4231663979561
M276.1242T673.82	15.1186330103166	15.7620955824729	14.6717018547496	14.7998457212963	14.5964022947847	15.1914010038289	14.469937370251	15.432730884502	14.8892337451075	15.192934853101	14.8092863899412	15.4645031361151	15.502960768916	14.6319912226681	13.4152508539136	13.960664526976	14.5108592392792	14.3393490476465	15.4874194858615	15.6246275054938	15.6267927625613	15.7543041216249	15.3139991632315	14.6197545493073	14.3789893313887	15.8212395120012	15.2832530617174	15.3926826482355	15.9897420799457	13.1269510266799	14.145129505976	14.7497464425462	15.136683112779	15.6219686661217	14.7280463831961	15.1850119341353	14.4168587567733	15.6607125000383	14.7434834422138	15.090014166756	15.1748777077868	15.0360869064129
M294.1552T73.42	22.1871311603549	22.6298095151524	21.491815865674	20.671134519166	22.8975469905355	22.9237538129044	20.4389921475217	21.7378784653255	23.0698879589306	22.5243254590647	21.194483716736	19.8485270481093	22.7703733726711	22.3462303070248	22.7610509277667	23.6240755329967	23.397733027744	21.1051256256567	23.4122297575035	22.4381507437133	21.7105525540594	22.1327686989491	21.1588635397757	21.0270079416002	21.3663334217475	21.9231819352111	22.880240299559	23.4683080570035	21.7917364908681	21.8171219282281	23.0998966870156	21.4469817726154	22.0163651266601	21.9145940070878	22.1029322291888	21.5723731160821	22.9690113685859	20.7169913961002	20.5942851394992	22.8107858747623	21.1339964737879	20.4820263546561
M277.0969T587.84	16.5259691717137	16.5118053922159	16.6826273900957	16.371385849571	16.3284577693235	16.4456426287264	15.9864663154479	16.1738687998135	16.1379608186661	16.6924979319703	16.5222368364996	16.8098958937524	16.652467757847	15.8831449457396	16.0384943566704	15.7988972671636	16.4672645482184	16.5262103135206	16.7665109445204	16.6651750041537	17.0080504465014	16.6260360182077	16.0916471483926	16.496418593665	16.4433730277916	15.9772289342479	16.418452511947	16.4578340581134	16.270943341021	16.1532485066428	15.764326096144	16.7525382630043	16.7584600588706	16.6941867028446	16.020787946341	16.1714718186152	16.6383115566128	16.3470787735856	16.5033987889793	15.8508936368239	16.6354440435909	16.5467298552848
M279.1015T114.79	15.2122406911002	17.1130405992892	16.6669342504536	14.725757940853	18.6250119912839	18.3170372141475	7.09533314218389	18.0117539486322	18.2624657448799	18.8375131567724	18.6144983411249	14.9959303304579	18.9294718889136	19.1887368628154	19.017333940479	18.8350351118936	18.9359189051055	19.1377598432239	18.8523870120403	15.0972821727066	18.2166088452212	19.0209940285126	15.9167243671382	14.4494895159662	17.2599970305366	14.2956588300687	18.3046186284045	17.1308294271381	18.2566398090513	17.6487197830802	16.1516783337321	19.1589001565099	18.3724158307681	18.586260124528	15.9044544111445	18.8127007930552	14.3024687333593	12.3269578531864	17.9772224392619	17.5198134898466	18.9853933502149	17.577814319318
M279.1353T180.87	14.838586487176	16.4590083137934	16.0683384914816	15.7918050772443	14.8505064194297	14.4621469983383	15.7287407832609	14.8587687848308	14.9020876914425	15.5282770661813	15.618763018354	16.168494929217	14.7806185737908	15.375590187526	14.7455760840949	15.0185652421401	14.3646001529788	14.1724717168505	14.8923863837802	14.947468423006	15.5282366863816	15.5525558119249	15.9100133569875	15.7433829279387	16.1511128370783	15.9631439630252	14.5103549297801	14.6334352434133	15.8497102998426	14.6108061541999	14.6324661725552	15.526783445674	15.8163703248857	15.5546144474408	15.4864600032782	14.6885738092015	13.9120574903699	15.4347375728997	16.1670214595901	14.3587198303546	15.8916803608894	14.9631844845241
M279.2328T657.14	17.2818158574831	18.1710801907222	18.6970544478244	17.7223184190595	16.4077853480567	17.7969211220175	17.2600644994495	17.8035038463539	18.5596975572085	17.6151396646748	16.1344869791398	16.6604869332235	17.5986914350383	15.7623419694665	15.5611709932888	16.8261283929348	18.2906600363186	17.2327702186872	17.4527099370525	17.1424836238251	17.9410703352225	19.8729197079094	18.6693433698333	16.8548689627923	16.8004839317488	17.3637378177195	19.384257620887	19.3552823216842	19.2385329051684	17.7502648835288	19.0191251514789	17.961818024795	17.8858449668457	18.1306230282593	18.6388457915967	17.1551050693128	18.2375793524877	19.1883801807158	16.9840994280742	18.4008774952788	16.6299771330934	16.9925577190483
M279.6109T645.16_1	18.1431515747166	18.5580828720516	17.9949302236229	17.9474166565618	18.2983998389759	18.3770574973521	18.0996289084906	18.5882569908486	18.0234671555811	18.2963963592038	18.1255570907721	18.5296954964274	18.5454772837818	17.7327875522054	17.0120206520878	17.7085453219128	17.8915426307971	18.0406446746254	18.4642473537341	18.7031408368485	18.7102613924237	18.5261044690317	18.5127047468782	18.0347372714635	18.0907658643876	18.8295691870149	18.4663282040964	18.799416296829	18.719607658377	17.1261052242551	17.8868947330574	18.3512808364528	18.3172808559243	18.5305751211043	18.0610357227797	18.1946678653324	17.9568797589202	18.8635874321791	18.2745643661165	18.46023647671	18.5582186731404	18.0112426693941
M279.6876T276.18_1	14.2796059350034	13.1012361373665	13.7080076572329	14.1170615434835	13.0996573918933	13.5327251888323	14.6359200513755	14.0193425603244	14.582955553758	13.8948859833513	13.4294401540496	13.9589129730055	12.9751619032685	13.5019770760399	13.8404242939457	14.0791093349958	12.8245652293987	12.2142891976612	13.025858706379	12.897724948225	12.9138946615232	13.3175828977745	12.9103831252334	13.5723921335692	13.960758765354	13.3556169016255	13.8721676901589	14.0890736424147	13.1234418171238	13.5212333354482	14.5763397215612	13.6104532039048	13.3938452187258	13.1492730985718	13.5377997864995	12.6994835191479	14.1049225961465	14.328629043096	13.9954934006023	13.6539771546255	12.7377163020263	13.7514750074629
M280.0932T46.37	21.0548214747274	20.8576755649942	21.1673892057123	21.0662524883186	21.4799353621644	21.3124094856534	21.2700775772072	21.1299411780687	21.0409246353799	21.2048016054259	20.1660609428785	20.2172163453319	21.4278949315352	21.4790254029993	21.5032224648244	21.3548681405892	21.0344628958686	19.7592871047986	21.2081937344884	21.5650853340661	21.055087425767	20.9269176539735	21.0027650416423	21.0806212962311	21.6144591460741	21.8393838278573	20.6443604244322	21.4459268041319	21.3257636241497	20.7096797343827	21.3395996225334	21.3424074511526	21.3050208483601	21.4257567550643	21.3429919790959	19.5335088988298	18.23896861455	21.4536325803008	19.962806672377	21.1455695355069	18.2103861864196	20.0656674553229
M280.1401T56.05	18.2022605110784	18.7253149159722	17.9292832094439	16.8199709796308	18.7738715270032	18.7711089358543	16.6855146711316	17.7280464688746	18.924916643252	18.2004410590833	17.521232469999	16.3368281750042	18.7724083492804	18.2485477926303	18.4650604837262	19.3097053818241	19.0315339881178	16.9483982267703	18.9320538130908	18.1316543433165	17.7353361050381	18.1363577951772	17.3320943246035	17.2452461785699	17.3002045614887	17.9488034255479	18.6420988041809	19.09645829131	17.8863790556813	17.7947106416192	19.0184281589627	17.7533384678942	17.9882096750863	18.1315535448721	18.1414095868603	17.796292810167	18.7316674945961	17.1059910761489	17.1145842744835	18.7418693250504	17.6474268866293	17.0360522089225
M299.1501T587.79	16.3700108139433	16.6472612488216	16.5555480627154	16.4832718175091	16.3731873210846	16.5462289253213	15.8888023090244	16.2278647918892	16.0066735893232	16.5764086679397	16.5018856678759	16.8069412924385	16.5605303905442	15.7967383029794	15.9927981864139	15.7486009242035	16.3308718478393	16.3085733356627	16.7140889654451	16.6968496807695	16.9028492025008	16.838081754853	15.9783860673622	16.4384679093372	16.4800345136955	15.8228463809669	16.4662179134259	16.4077421279039	16.3714959183666	16.0210515774812	15.8479324749046	16.8624901890934	16.730072117491	16.6011350936526	15.9944868000853	16.2889222359782	16.4723644285106	16.4515373879945	16.5854415233421	15.6629605634889	16.6652494895762	16.6315294218267
M283.2836T581.1	13.8487714129979	12.6912901051586	12.1712060272631	13.4278455787345	12.1157255553183	13.3042815610161	12.2432778431304	12.8920181866781	13.2805240492151	12.6744734261212	12.022280937623	12.7386480942982	12.410658878628	11.1729363216782	8.32164554595128	11.5584231162083	11.9733864895812	0	12.7698256091599	13.3870213494971	13.5816450016388	10.9709196362923	13.8743924421502	11.4000911450909	11.1413655710884	12.6244211199745	13.7682015941279	13.663722189045	12.8916913562913	11.0407016177179	13.3936517318935	10.8296544826477	12.3108582705116	12.5612539595677	12.7855566465738	11.7100709642503	12.8347852346469	13.3716226913947	12.3432871139692	13.3710632761836	11.6808866269228	13.3275762400431
M300.291T580.91	19.6798353632529	18.3041138177399	18.163948951965	19.1057956519988	17.985226501094	19.0835901413526	17.8306496756903	18.8879816200119	19.0856061653898	18.5810890347367	17.8025589729931	18.4753228825208	17.9854964811571	17.3148147141974	16.5161721329701	17.4497767768644	17.9139336263114	16.8991548010496	18.5552722955541	19.1642520950198	19.4173002056674	17.7640290201149	19.7897818300235	16.9589203167248	16.7444187383743	18.276934548574	19.5694143173306	19.7140016012446	18.7607196443696	17.2697877740817	19.2069729896026	17.3030502397327	17.9758931414443	18.4826250348169	18.4340197748954	17.6930329213726	18.768551278646	19.0056389701932	18.2484924028787	19.268899583311	17.6034859958316	19.15016080191
M283.1321T623.63	14.6591335295112	14.9763833146318	14.5775468409157	14.6698302834482	14.5324837826683	14.6887328303804	14.6957799823679	15.1435050754642	15.0082795820697	15.1896907239122	15.0513395473377	15.3157648377479	15.1652512541108	14.4514398944118	13.3614110437506	13.9920633665605	14.4318283586032	14.5307311603005	15.1054291767828	15.3774803203911	15.1245673262415	14.7518667156016	15.4652540155736	14.6628839610153	14.3435168350274	15.8146659917328	14.9356298292769	15.1178968507278	15.5513441219837	13.198384999884	14.0807420951716	14.7246889123329	14.9330953064213	15.2123992267008	14.6911170760755	14.9480526413776	14.1000784269327	15.4421237515888	15.1716893143454	15.1589009777063	15.2869233280193	15.1277222669972
M283.1766T277.5	14.5110524585416	15.6343639114965	15.3764914997002	14.6360357274719	14.2783997642876	14.1583453356579	14.0398210403414	14.3636113731773	14.955731756593	15.4890370155902	14.8287040143938	15.0241494695459	14.9350525782762	14.581283890404	14.4753294019781	14.6416878518849	15.0138101958036	14.4703192032405	13.9955196329869	13.9639504310775	14.5562469696109	15.5216726129739	14.3438256147765	14.7963836727703	14.8098959839471	15.2660376811498	14.7861014027878	14.4524414075139	15.1517836194707	14.8928574112494	15.0297881172366	15.4595432538739	14.5017970563327	14.9349853170324	14.6504859700791	14.9232968877867	14.8449334960569	14.5361062211696	15.1678389911744	14.4867083563579	14.6174974512451	15.0540629753563
M285.0053T264.22	10.8235264474936	11.2666938216942	11.6388249160294	12.3409117895842	10.2829811706293	10.5568049604884	9.83391318269186	11.3954611693778	13.0384804271334	11.8347997492822	6.67496044553651	7.21254751814548	11.7665718118455	11.306441005695	11.2903849351984	11.5380729495052	12.6301584989416	11.9605160160403	11.7065120636309	11.5204327256112	10.5726289334149	11.4358009967867	11.7602167822764	10.609943088511	8.35095922726932	9.55693209938333	12.3415436584612	12.2247710494031	11.8558174408814	11.7159592651155	12.8360609990036	12.6976317451622	0	11.0117577372142	11.4157651059944	11.9726404137189	9.48706048494937	11.765360840793	10.636185175112	12.7039450079812	8.12791554372304	10.8535876932012
M285.1095T490.2	7.17149971125785	9.69552957552774	0	0	11.8670411504025	12.7638682693261	0	0	11.9265869533125	0	15.7173362540021	16.3176599988802	8.09665439879698	0	10.1874536644096	13.1868494410938	13.0204803549173	16.8345241459802	11.5499156492564	7.85191702232647	0	0	0	10.423487383459	0	9.08772526371039	12.0199463930922	10.8889531547532	0	0	13.4857418017959	0	7.9938026475455	9.42976144880626	7.47036361932723	16.8985730749418	8.38296080132581	0	16.9568511868583	12.8909497076116	16.6845156276721	16.5507547070022
M285.6112T490.2	0	0	7.40680259486767	0	0	8.5361131340088	0	0	7.85358812768669	0	12.9590861408347	14.4753655094888	0	0	0	10.8328020745327	9.79613599616679	14.988594369851	0	0	0	0	0	0	0	8.10719885418657	8.39235535042853	7.72087531159393	0	0	11.5083220192607	0	0	0	0	14.8822349197407	0	0	14.7933036926813	10.3448906560386	14.5619507027496	14.5432619231785
M287.6122T490.16_1	0	9.56649389298758	0	0	11.2872864974024	12.1395124164751	0	7.16701382569659	10.8225502954757	0	15.6621012206916	16.2467803145272	0	0	9.44337145015173	12.8156153770064	12.5749946361486	16.6359302474786	11.1286063204511	0	0	0	0	9.52160107746044	0	0	11.5765457307931	10.6429126073066	0	0	13.2369174716641	0	0	10.2524101093156	0	16.8146425038648	8.74734332290413	0	16.8752359038926	12.6726969167126	16.5447262655456	16.2594635448162
M305.6228T490.2	0	11.5139913690365	0	0	12.3732256286292	12.649446697637	0	7.97056555447263	12.1288327262919	8.16659675227567	16.7550550118467	17.4339583440745	8.01479896116011	0	11.0457012716317	13.959174801899	13.5125029316959	17.8944167743735	11.9040492962101	7.91468708514201	0	8.06664639085908	0	11.0811209449031	0	9.11505250896661	12.487443628149	11.936681628358	0	9.09642922731793	14.2078500956789	0	9.42096121617728	11.4933507385483	0	17.8870196004232	10.0162212916602	0	18.0671486350413	13.547498426948	17.6129896870324	17.5295761795448
M306.1243T490.81	0	9.20685184897859	0	0	9.24898102760583	10.7460956728716	0	0	10.0518698549718	0	15.0683110789846	15.3199198284502	0	0	9.00109236937166	12.1453626205562	11.8869360387934	15.8813753564497	9.12349922347478	0	0	7.47129754182278	0	7.72495134280977	0	0	9.38834079538888	10.1983688101631	0	0	12.4658137157941	0	0	0	0	16.0304629830719	7.23063484904573	0	16.1872883197612	11.5569324988422	15.7573006479498	15.62260936957
M309.6298T489.03	7.78433952166482	0	0	0	8.61046741130579	8.39683134332748	0	0	0	0	14.312913192343	15.0132907476792	0	0	0	10.9543751308281	10.541645355929	15.1981074955298	0	0	0	0	0	0	0	0	6.95069547234151	9.24230740614903	0	0	11.7598269610451	0	0	7.04594540165726	0	15.0728732080936	0	0	15.7743839268854	11.1024101728619	15.5126371223999	14.9300507695372
M327.6404T489.84_1	7.10124962485748	8.92972302713734	0	0	11.5458123447538	11.9725341214658	0	7.92513322407543	11.8338177105259	7.67058523132704	16.3092680846234	16.6758041348328	0	0	7.71858448483086	12.9963680842901	12.8744870645576	17.1029563812754	11.4113548967168	0	0	0	0	8.1699473167717	0	8.91891217136526	12.0096103929797	11.0016828879273	0	0	13.569404096631	0	7.5033650054232	10.5853707579881	0	17.3495547804847	7.16894674485755	0	17.5629401491786	12.8801793007267	17.121175101311	16.807808884157
M328.1421T490.2_2	12.1935854059673	8.25227048297004	9.84619760748051	0	11.1552412404818	10.8670986455153	0	11.342141928815	10.8355027215772	0	14.6918660463926	15.3188620211096	0	8.36847557540969	7.73189174744161	10.2239107460888	11.3338250704562	15.2675485259975	9.08021725092552	10.6383936689248	9.41693224225676	8.8858943415249	8.94239719382863	8.29826411896686	8.2289099393476	9.90502059635129	12.1929878806974	11.8707022131047	0	7.56648168567319	12.5685661095053	8.84534680408632	9.9517737776454	8.73202952576185	7.50600809680837	15.5111750007127	8.79622994955567	10.5431893219898	16.0198182636118	11.5325684448102	15.4194264065167	14.1137873252849
M328.638T490.14	0	7.74136724813166	0	0	8.51616431665927	9.94577948538634	0	0	9.00459295817783	0	14.9500930119483	15.4553707298084	0	0	0	11.371118892357	11.5763943488698	15.9161601629622	0	0	0	7.19993985714524	0	7.30151641413493	0	0	8.75254087257983	0	0	0	12.4505868474982	0	7.5219398569318	8.52883659906813	0	15.9327175362859	0	0	16.043431641864	11.449105001608	15.8689337317198	15.4710120968149
M463.272T489.55	11.092376478222	13.2041322574417	7.52776693854724	0	13.9287274572989	14.7016653373432	0	11.3454519900833	14.1640438539356	12.1882448387444	19.056175630556	19.7537394260042	11.6878183183874	10.7699133924327	12.9452520974915	15.6201598100086	15.2256750265697	20.1501369944687	13.8205978511885	10.8314905842829	8.35691918683763	11.657355658971	0	12.5818924030636	0	12.1553285182559	14.410629364761	13.7894775634364	8.95574240134698	10.4717039742215	15.9263156178273	9.67346347828619	12.4432066977485	13.2326746504761	9.24268501665183	20.7906832554676	12.2908348686863	7.81494813625339	20.8108997807412	15.3737941575751	20.4987584251248	20.0952958122257
M464.265T489.94	0	8.48944157491006	0	0	10.0123028048014	11.2553161199917	0	0	11.2485725510673	8.27452623802268	15.9602681394997	16.6864090496659	7.63992856974965	0	0	12.07719553454	12.169823939636	17.2609965871947	9.77542729626019	0	0	0	0	8.21651076003068	0	0	8.14416659321436	8.25142699248663	0	0	12.4267447134189	0	7.65679842499878	9.21275419714158	0	17.7812390368021	6.81495836934947	0	17.5375052021255	11.7361264453498	16.8765962849189	16.6339901585988
M464.2848T488.07	12.6869833946908	12.7779231163927	11.4164533235165	10.0809571336861	13.6121965088085	13.8172057875057	10.8235503584669	11.5888270702256	14.0260460951028	12.9800379993019	16.7032068724238	16.7582858225653	13.0469263806549	11.7003887573054	12.9290957429086	14.95807683192	14.8332291161483	18.5536069299008	14.0795735524358	13.049049874735	8.90093593701827	11.4456075948008	10.2723728116009	13.94871766269	9.91815850806818	13.3151319360297	14.1842133055824	13.4472523624766	10.0990541854971	11.3410611212923	14.7758803470217	11.4677413241969	12.9477522508531	12.8580105049191	10.8416943921571	19.4979215642353	11.4304524827474	8.83745500284616	18.7400091057204	14.8989969411738	18.9078992171309	17.7198929284627
M465.288T487.47	10.6060639640961	10.648379761798	8.24376148634466	7.35738427463037	11.5028789593203	11.5181230192309	0	0	12.1309166662951	10.8451287506551	14.6774307752303	14.9567863378792	11.2026779307433	7.73073273423953	10.6156406429827	13.0162259620761	12.9296198021157	16.6174932213998	11.7450153637944	10.2274373304627	0	8.17274210937303	0	11.7598646017722	0	8.71727656191852	11.9219359395793	11.653103631839	8.30160367979361	7.84970344082664	12.8482900346815	7.96264599209626	10.3483507278574	11.4882342630824	0	17.6774133339686	9.44552970449563	0	16.8105493921577	12.9121227149934	17.0395873234593	15.8313492529889
M466.3181T488.05	10.9660009727874	12.7472367041111	8.81267395467448	7.55469998082233	14.0855888477476	14.4979646578246	8.13950698043415	10.9353552609472	14.5725716639937	0	17.895052612659	17.2172415583865	11.6329952300659	9.73084480933974	13.4758461457015	15.8598904897979	14.7844108623783	18.2150370086078	13.8665517729528	11.2225043011802	9.75918019376017	11.2449107803894	0	12.9417244822571	8.16689502042583	11.2375057945685	15.0145499994139	13.3404061351922	0	10.3260688565318	15.81704909952	11.4605940934876	11.1263550856251	13.0399887837155	10.3003109155014	18.6470111903665	11.8898939358276	8.53902436186625	19.6566433964696	15.334193675266	18.9628772465518	16.8726494005749
M481.2827T488.88	11.4530657907462	14.1015465691319	10.8886267960087	7.68024814717273	14.2689169725446	14.9709082342704	0	11.534345160779	14.4642744076991	7.85433294311021	19.2041550741559	19.8654960753769	12.2249544684648	11.492417236113	13.5129732791667	15.8234334126775	15.515350654019	20.1239811629335	14.1935609547024	11.8956982099871	7.8902231162015	12.5497477736106	0	12.8289023001904	0	11.3186890704176	14.8592522304308	13.7996338779233	10.3646191455859	11.3592880380474	15.942326063681	11.0307009958226	13.1359011501823	13.9279791754527	10.313851896745	20.7683829345265	12.7068418847201	9.2996905397173	21.0188497549158	15.6386545127502	20.6498646612207	20.0193086132718
M500.2849T490.11	0	10.7808959065196	0	0	12.0730124480561	12.4551698930382	0	0	12.298609231027	7.98026760549897	17.2295697425065	17.895393695445	0	0	11.0051322389311	13.7018573724862	13.4472148890053	18.325124716131	11.7382288806497	7.82304266997496	0	8.16512107604121	0	7.79424128316676	0	8.3160063866664	12.4656328345626	12.2549717187818	0	0	14.1273998760149	0	7.83463954395181	9.52041985825803	0	18.8922854576999	0	0	18.9887776930559	13.6499520375133	18.6182280787107	18.1618867646097
M500.3064T487.98	14.1012831856639	14.0789308336331	13.1856063506047	11.9476276270717	14.8880170078015	14.9776093315729	12.5179701385393	13.0937465391372	15.3100473325606	14.4646656670007	17.6051398709195	15.4303556227444	14.324200825874	13.7650584532906	14.346664852483	16.2960891561101	16.0670976028085	19.6518267131693	15.305213267382	14.3718243697145	12.20585118114	13.7025716072655	12.1189413073214	15.3069188452659	12.7200284051937	14.7317785177011	15.3578662764892	14.670177008459	12.4288058695566	12.8467471109241	15.9418138744564	13.0673563506474	14.3893485997707	14.6289883073525	12.3088079791054	20.6465272260282	13.3917169194181	12.7770476066664	19.7051536620492	16.064746323834	19.866913881209	18.8791865552499
M501.2878T489.94	0	0	0	0	9.31026315924038	10.8067430014239	0	0	0	0	15.1771875917762	15.9226013431034	0	0	8.2529485551179	11.5254195003616	10.6154643438643	16.4143508620816	0	0	0	0	0	8.11796483321752	0	0	8.29803533360692	8.74749046552433	0	0	11.9555444732879	0	0	7.66785090470983	7.84957858529481	17.0382386559423	7.03228667723512	0	17.1691779054505	11.2937443599071	16.7729888588046	16.1487857776942
M501.3095T487.36	12.1361145319519	12.1900426005132	11.4677388586726	7.98637313127505	13.0356209003789	13.2176639364921	9.89194665159009	11.4784265350227	13.3388373378423	12.5977380624394	15.8014285874972	15.8498253677786	12.5413837190228	11.6858333488391	12.3891108384856	14.3834108043289	14.2502320718519	17.7528986103647	13.5030437000969	12.6721150385044	8.10051530531103	9.71868934617262	0	13.3750268616435	9.12733937177478	12.3105354185775	13.4856411212302	12.5787111986501	8.48068448079708	10.6546791463146	14.0265719466068	10.7507719681022	12.2993330922515	12.6425825816467	10.1392009805696	18.7442482624458	11.3645602346099	9.4268786240401	17.8757134997256	14.319172850528	17.9772913751979	17.083697933729
M516.3008T489.93	16.7706916395755	18.6180075014269	16.0830389812907	15.1875016064651	19.4680594736053	20.0532372044363	14.9510536401109	16.8822577622364	19.5945415812195	17.6786610364394	24.1867515663097	24.8560089494194	17.2126112248809	16.5322682844696	18.3350220839348	20.970966258981	20.6820765667773	25.2444370844837	19.3208180168925	17.022965215568	15.4806643035183	17.3003736211073	14.0244966495304	18.2585320417555	14.882149373995	17.6279837528509	19.7317360021159	19.1975201367951	15.4111494597182	16.6107462206863	21.2243277878023	16.5824560884756	17.920486095214	18.6360173687189	16.0472825605643	25.8529273635399	17.7985996722476	16.0735936826929	25.8770704429593	20.7335249351318	25.5574207910088	25.1517074814992
M528.2794T490.13	0	0	0	0	0	0	0	0	0	0	15.0825713753322	16.1208356536602	0	0	0	10.9446128717532	10.338679927001	16.7659082366703	0	0	0	0	0	0	0	0	0	8.57225764374602	0	0	11.6092414518491	0	0	0	0	17.252973032625	0	0	17.1246385897364	10.1900793339571	16.9117278861009	16.709753374566
M534.3304T489.76	10.0324071453251	12.3574404168878	0	0	12.9187540289979	13.5150516085145	0	7.35682125836951	12.8491745222832	10.9688882651376	17.3847317055765	18.5508292250997	0	8.98448860383373	11.678597405418	14.5731383332373	14.1759571343452	19.2288717725447	13.4961814570638	9.35424213928829	0	9.52634712611246	0	11.3431766313969	0	10.5022843567439	12.9856609650954	12.9503959513878	0	0	14.7666379740921	0	10.0608564409483	12.1144352266944	0	19.4340968005525	11.1408220338127	0	19.5685880826833	14.2922165023846	19.1815122423235	18.9092821072629
M539.2857T489.95	12.2867798815269	14.0082888850803	8.71244104941839	10.0882034623339	14.63350376016	15.2602471966979	8.63265924707467	11.3729972107426	14.7104338907787	12.9599718979288	18.2799600197216	18.9258453146576	12.1381874089934	11.5227498894084	13.463180527956	15.7896826906633	15.7392416696195	19.0696716109703	14.4431790520797	11.9293282255925	8.08935870218054	12.646241126643	0	13.7042135273169	8.19682710785611	12.5131858667275	14.6433931752944	14.3413844920687	8.98459023901393	11.4903083124038	16.1103595364085	11.925879972096	13.1015022820652	14.0696012309755	9.7287422341962	19.4919724983436	12.9713675358228	10.4726858980817	19.9303051241903	15.6848641198305	19.4915826870363	19.1802984574973
M540.276T490.3_1	0	0	0	0	0	10.723868976162	0	0	10.9429538640295	0	14.0248607647502	15.8348189627697	0	7.43036169000716	8.77498353886928	12.4863000621602	12.0613863401613	16.056868980417	7.67365918687866	8.24581843823904	0	0	0	0	0	8.13883814304738	10.3424762709904	10.4914586536858	0	0	12.9059735260185	0	0	7.43269071355641	0	16.2412527203206	0	0	16.7713533001053	11.9054335810091	16.4216018496117	15.949760426204
M542.7562T490.3	0	0	0	0	9.07680786235158	9.09389706988983	0	0	8.60444555493619	0	16.811715741964	17.9955303031217	0	0	0	12.6163756975993	11.9073173743072	18.360760446199	0	0	0	0	0	0	0	0	9.47882636654162	8.03124113805482	0	0	13.0409078955978	0	0	0	0	18.9051848684615	0	0	18.8496460841782	12.2865023073189	18.601359652357	18.2746365795995
M543.2579T490.81	0	0	0	0	7.27237197599328	9.5018772745984	0	0	0	0	16.3210516164375	17.2237914650284	0	0	0	11.9464330210138	11.5774746352632	17.7292671646963	8.7234092308495	0	0	0	0	0	0	0	0	0	0	0	12.4980652996499	0	0	0	0	18.2125551309177	0	0	18.3129152406789	11.2488080695081	17.9533725181343	17.6207276075425
M567.2156T490.88	0	0	0	0	0	0	0	0	0	0	12.2177023319592	14.1782819238372	0	0	0	10.7857481705979	0	14.5259305581988	0	0	0	0	0	0	0	0	0	0	0	0	10.7509359969057	0	0	0	0	13.5102271722837	0	0	14.3508301210616	8.46776459308745	14.0942092265165	14.3228396958153
M569.2117T490.14	11.3168689107826	12.742753804532	9.32771732689091	0	13.7854419944352	14.405908620826	0	11.1516431238158	14.0565523357413	11.8514853299735	17.7452169767924	18.4343753412566	9.81560546087021	0	12.8377497709899	15.2699590635703	14.9985681668331	18.6226234857188	13.598127246589	11.080798398232	8.1272793554377	11.3217137161626	0	12.6234869647069	0	11.8524768455358	14.0528965181715	13.4478932925817	7.94678588726705	11.3715098681269	15.5780949300432	9.91041281237627	12.0909197755654	12.8710720131672	0	18.9016396028558	12.302079552448	7.91367718891972	18.9419450568105	14.8535323579019	18.7630214341972	18.6381494268618
M586.2643T489.54	0	9.8031218779183	0	0	12.1335797155423	12.7076650282781	0	0	12.5474992724849	10.6830589585206	16.2541104914451	16.8803785822854	0	8.16343209337053	0	13.630305252025	13.5839289536831	16.9883468628064	11.8988847276402	8.00173906684209	0	0	0	9.01107947316966	0	9.94207339526915	12.6425109177689	12.1346293666761	0	0	13.9961710600029	8.06225342469452	10.3119683971619	11.1584603299238	0	17.2537731477854	10.6209744054224	0	17.5352658000642	13.3561028222495	17.2591430246788	16.9842528631066
M587.2666T489.24	0	0	0	0	9.25064431855591	8.18851404246405	0	0	7.93086654429963	7.37695860335213	14.1765814668832	15.0306268234707	0	0	0	10.5842672303127	11.5195123716234	15.0411191959072	7.77740459887078	0	0	0	0	0	0	0	0	8.55770565826388	0	0	12.0977627119501	0	7.71917137026454	0	0	15.4900456036781	7.55238455271599	0	15.6818641227241	10.4927989120864	15.4445356995353	15.0883377324339
M592.2282T490.2	0	9.88567351763862	0	0	7.71412145084136	10.4748074122819	0	0	7.11811859724637	0	14.143276563646	14.268027670111	0	0	0	11.2888277170561	10.8513741064368	14.6617044026319	8.49155619873318	0	0	0	0	0	0	0	8.18552883730815	7.94743340645722	7.54877437410147	0	11.1851719399478	0	0	8.65283560243707	0	15.0874596392039	0	0	14.7779043976827	10.9129482862253	14.5258538148172	14.7292279569644
M610.2392T487.07_1	0	11.0812700032288	0	0	8.66781632202673	10.8626107245474	0	0	8.24993664234317	0	15.7035056922575	15.868904729654	0	0	0	12.0208452378078	10.3671613516461	15.9729979656611	8.21451292745201	0	0	0	0	9.11129661720984	0	7.80435664829123	11.6719589623826	8.30748228099753	0	0	11.6849068612705	0	0	10.550186612515	8.37636738935939	16.231305740289	0	0	17.2356556559872	11.1578484342661	16.5716050824505	15.6093538974847
M613.2469T490.3	0	9.94791848338025	0	0	11.8336896586852	12.2501690785058	0	0	12.0855060160599	7.45716491820462	16.4499159355904	16.9676151338837	0	0	0	13.6459915062598	13.3650803763978	17.3586112083365	11.8340020014383	0	0	0	0	0	0	8.08635391679598	12.2932327856177	11.9802852622374	0	0	13.9651928866053	0	0	9.9695751938936	0	17.5795568609951	8.77874369410348	0	17.7544489972513	13.0975434062758	17.5213167476747	17.2251768642144
M614.2503T490.3	0	0	0	0	9.40757826170044	7.69560274253389	0	0	7.81076789529195	0	14.5533111639081	15.2902711667926	0	0	0	11.2044260032025	10.6383944263037	15.5035630963185	0	0	0	0	0	0	0	0	0	7.78629593602504	0	0	12.1141884911376	0	0	8.0004279376285	0	15.8232043653667	0	0	16.1372661609167	10.8331632456908	15.7551280473931	15.517432284972
M615.2422T490.2	0	8.54682226868279	0	0	11.5256716544962	11.1350018281062	0	0	10.3081025752443	8.07712449020947	15.2475842874932	15.704128029004	0	0	7.57863839798273	12.582664878213	12.3547733210375	16.1966542175045	9.81044764460618	0	0	0	0	0	0	0	7.90306520898948	11.1330424246851	0	0	12.4608708131827	0	9.28731991627773	8.10351224880934	0	16.3140737651814	7.22020935492534	0	16.4325005866668	12.0206684342123	16.1499525279954	15.9490285790532
M313.1084T387.52	16.3467188924078	15.8925205900561	15.560450071889	15.8182384055604	16.1725251213544	17.028718399643	14.5735255570005	16.5222242524768	16.3352587950691	16.1681287231207	15.8008499053455	14.6425233196527	17.2250870981801	17.0437780752668	16.5009010303705	17.1842006300091	16.470717878067	15.8007369858487	16.589797463619	16.4921279873567	15.0147979608516	15.1442233939496	15.582839651219	15.6166456449556	15.484142152109	16.1169677756635	16.3717879292136	16.5634123203169	16.2081648881421	16.143626329182	16.9624537287746	16.2283628184215	15.5645209805335	16.9038838494346	15.7169678053512	15.8420650332123	17.0151753874394	16.5925832539591	15.6191253200003	17.6451966191745	15.9698919038987	15.371351547632
M331.1191T385.74	13.0567370537401	13.0837782217369	12.9356291879767	13.0261187093644	13.8359096715146	13.9048401506409	13.1433696404091	13.2452078448748	13.2051247013659	13.0000663816606	13.3857346229951	12.0324381846134	14.0093079351789	13.8533740060797	13.3056339428844	13.8659930080644	13.4610631481229	12.6955289899357	13.4551116814084	13.2264970393531	12.3603814417924	12.3976563830397	12.8405599638884	12.5991683081229	12.4347040682701	13.488956054849	13.1556157295844	13.3819326935735	13.4495670311502	13.1952634105145	13.7111145237921	13.3834708445457	13.1485907603594	14.3688568489577	13.055842678875	12.8651270431533	13.4551450802214	13.9624511782709	13.0442013450452	14.556017046043	13.4691924818004	12.1925193070744
M353.1011T386.95	14.7386551750955	14.7227951276931	13.8265821810041	14.4962495451487	15.3750128253908	15.7436183947089	14.7787848862977	14.8513571500855	15.1089305553511	14.4454204507584	14.569701687515	13.2416477935293	15.8113125694936	15.4952167174501	14.9969094906141	15.8343050838379	15.1733523251776	14.033007622748	15.0459239799284	15.176134652327	13.7994241485723	14.0425105947318	14.5659674405273	14.1566095437688	14.2111471838108	14.9952402387724	14.7067113896837	15.1433598298195	15.0139649718835	14.6511083948333	15.8030596352446	15.1548359067622	14.2711950531807	15.9674266724187	14.7248725724598	14.390564452923	15.6556641722771	15.3858869978747	14.5392645075786	16.6367649625293	14.6388885298343	13.6173088566421
M354.1046T387.01	12.211926201645	10.3358937867026	11.3172934465712	11.9911121688014	12.9614778948801	13.2696441611904	11.9721966449609	12.2472194702295	12.5126230834899	11.9295000733654	11.7072105741072	9.93261380383467	13.285200455437	12.8795019881804	12.5146572790146	13.147781005457	12.6904374242302	11.3667068895533	12.4787901031354	12.6088511658586	9.50232675662191	11.1583301017954	11.530748281134	11.3031331512127	9.53444311590519	11.92330112277	11.7616897265186	12.3918225839733	11.3564927497163	12.1913424515079	13.1650934484382	12.2830432946466	9.21976019967111	13.4880654023574	11.9653892971515	11.8115019325498	13.1799016262561	12.7084397365865	11.532150300578	13.9080151607779	11.9408274848474	10.3096259423852
M286.2257T677.52	15.076676275891	13.906531742633	14.5307782483368	14.3616492387609	14.2298994053558	15.1545160970773	14.3514558005659	15.3100882286747	14.9118350412087	14.4373346210122	13.5709645770073	14.2433378538429	14.3151444674854	13.2511284241365	12.443315159646	13.2379112673464	13.052686504979	0	13.1500085988955	13.9520457525231	14.0274424371193	13.1203195189258	14.3573837992088	13.7144010445843	14.0240330501981	13.8378366442087	14.8683416465528	15.9014582605049	14.8800810917949	13.9579057733693	15.0868779844187	14.1789644535705	14.2112879298201	14.1010869367444	13.917295013885	12.4695397805616	14.7119573913941	15.1004116878565	13.2785266399912	14.5160149193162	9.86566758184237	14.2473857375926
M303.233T677.52	21.8844330579076	20.7311845300413	21.3654408233449	21.1971253434629	20.9428914137138	21.9190523651794	21.2297782421259	22.0312886758886	21.8096795284068	21.4815180189071	20.5201607440269	21.1995613988043	21.2066541484407	20.2521810654975	19.5591850812223	20.3032736344176	19.9339424738133	17.6243254025603	20.1940315279593	21.0244870521409	20.9247598305195	20.3039683782071	21.3138311105417	20.8143421079706	21.0782822232644	20.7000583102718	21.7210012125762	22.602909496102	21.6987378427456	20.9960919908279	21.9509375219703	21.1769092423634	21.2590125530035	21.2176960950785	20.939409144849	19.4680698787162	21.5928244980834	21.9351798529436	20.2621455783465	21.4026966055915	19.2218526132007	21.1748453034907
M285.9041T48.32	16.376425084974	16.9772921295883	16.8599727021377	16.9342212133472	16.5564403693418	16.3722441670003	17.2083372978051	16.3506422418978	16.6661279062515	16.3456754273517	16.6689753739433	16.6876745611168	16.3154155404006	16.5500594031957	16.207219426809	16.3859159853043	15.9303594114865	16.1178751327146	16.2061386034882	16.7789271366251	16.5420641634309	15.9059937833959	16.804590656029	16.5041658697329	16.6458168613835	16.4801736755597	16.3122357539227	16.4164167597567	16.7642404204921	16.6425927774436	16.7481021972707	16.6682995569907	16.4733740441865	16.5495681077954	16.567653282177	16.4361961728084	16.3317328751615	16.4554497491043	16.630510093198	16.4098566978755	16.2169565203856	16.7105339740026
M286.1227T629.42	14.2095087418436	15.1011318012165	14.5533788642485	14.2004933292348	14.3285443340433	14.5895991180659	14.0786127330545	15.1306720002523	14.5160395584494	15.0547939935999	15.1474255740992	15.5403694910402	15.2293868396517	13.9612022036577	13.5402234238749	13.8555468706304	14.8035523308389	15.3234607512477	14.9449900370843	15.5401878425287	15.4573254697267	14.9136852019787	15.1677007157593	14.2776501350733	14.7385110242051	15.9493092100967	15.1581837010035	14.9947021508863	15.5530905362272	13.5086876361014	14.2580978242869	14.8949928963805	15.0293449098199	15.0962139093551	14.3140727034745	15.5282405412998	13.4559273838516	15.6721141535357	15.543141540604	14.9315957104921	15.1645912948659	15.3244985728118
M287.6267T629.43_1	16.0232461492216	16.7512332510474	16.4413646329755	16.5083621762335	16.0529710604196	16.3830291998239	16.0584766520849	16.71519958206	16.4599276429285	16.7949200427258	17.0125618989033	17.4238060892153	16.8074122879768	15.7027004018851	15.4584425569142	15.8099473764721	16.4666336681905	16.9712851972873	16.7911839182145	17.3301158618838	17.2803215270658	17.0356798289703	16.9084125755754	16.0767241109594	16.4342430634198	17.7106166789555	17.0064642574027	16.8262650264738	17.2081409600714	15.3527175944784	16.1335748919739	16.660275580483	16.8723879007394	17.0156616091089	16.3899004685008	17.206067090295	15.5232116581831	17.3632748201194	17.1932567288367	16.7388583040433	16.9932193004299	17.0339634006885
M289.1261T629.46_2	12.601044106245	12.4302310891879	12.9917790740975	12.5784840824526	12.3609104058505	12.3830432340531	12.2980058658982	13.04430737178	12.6386659264176	13.2436602490897	13.2727894872928	13.7073417928581	13.1542560813611	12.2313487201506	11.5028142855673	11.6325678055413	12.9269440763091	13.7104868417387	12.9189879843726	13.6850076936753	13.7243426376082	13.205886841016	13.0213869098914	12.0249332765895	13.359407765755	14.296626222744	13.6008448602428	13.5726010290717	13.3655513062327	11.1840978148086	12.1839129554828	12.934547418613	13.3994567982501	13.2699065532644	12.7489113551831	13.7993802154138	11.3194653824554	13.8781661045663	13.5425215771938	13.7686584247656	13.3594901688201	13.3599044171066
M286.1412T185.8	18.5951532097087	18.4598725905685	18.5283344089851	18.4675587520771	18.534816900354	18.2466667611132	18.5710445156838	18.4828473692779	18.5320208016997	18.5329951602058	18.361524915811	18.4847035017306	18.417302610553	18.5848819001393	18.5806736885253	18.594948109884	18.4143142684709	18.507833622482	18.6248848563568	18.4842096327241	18.5635154402288	18.5306715610612	18.5143366248914	18.4394872118912	18.5338569646792	18.437732396335	18.3802169650943	18.5502399014875	18.5486364442986	18.1385308231154	18.6615315569344	18.646727155999	18.5458067645678	18.5601270555148	18.625383685749	18.624628388938	18.5422355300827	18.4394002398135	18.4509201281163	18.5681725096226	18.4122694336005	18.3618439747755
M287.162T285.78	11.0765231927104	12.990868147029	13.2357784861812	11.6415265008078	11.010323193138	11.863124898879	13.4831292965167	12.2919053385182	12.3922994937862	13.2639615152173	12.0383382901969	11.9065136787683	12.8013645031745	11.6743596002754	19.2514894569019	12.3710455586022	15.4089637343464	0	11.8408365835804	14.2556145378468	12.1012115879914	12.5479938990099	12.7195707804332	12.0346447537966	13.8423492673341	17.1894830337322	12.6499489939302	12.0157691554482	12.948385025088	11.5543748690179	12.0063521359314	12.9773161020104	9.73949873356838	13.4449381631864	12.3750002427039	12.8318871463066	11.5015044031612	12.2668461594606	12.6859183228234	12.5385137837607	12.7470392368491	19.250312613487
M288.1242T646.39	16.2808094173478	17.6228977503661	16.9944465600623	16.6724547142199	16.424826079525	16.4955650640895	16.4811532635468	16.8536109608629	16.6129766761145	16.6624329354828	16.8874966447259	17.0024297291777	16.5841292177348	15.6805929107741	15.15322180369	15.8844454765322	16.6523461436634	17.1074228853408	16.9154425747665	16.8920469274973	17.6017511980747	17.9005297169132	17.6645681690049	16.3239329848385	16.3915265501756	17.5970505941133	17.4553832294651	17.1313954553839	17.6361400284309	15.5470248253754	16.4430563567093	17.3497209132502	17.0994121009219	17.4074611739792	17.0928463328984	17.157637529555	16.3144320091852	17.8449901460447	17.0479818946658	17.303752144586	17.2799673719173	16.757943731272
M288.6345T663.25_1	21.7019378507089	21.900394510341	21.8905250117589	21.8643901528269	21.6634455181018	21.7592564982241	21.7386911694012	21.9557190612978	21.8291327082703	21.9276649990837	21.9262406802208	21.8668398874881	21.8799595867288	21.6221243325166	21.236995422715	21.535775596619	21.7817633977427	21.9601761206891	21.8760218120849	22.0264476651289	22.1189646245725	22.0486816097145	21.9570369438243	21.6484337024345	21.7774586869751	22.2096630775988	21.9708598160707	22.037198894507	22.1777341104774	21.2624053524728	21.7027913551874	21.9152641575469	21.8718262943232	22.0362925157629	21.7644843111746	22.0887375815898	21.3659620286828	22.122814335886	21.8864105497184	21.9637349024596	21.8929560886153	21.9196465323168
M290.1338T663.34_2	18.3056277685508	18.3811984598208	18.6065745930381	18.4990806279469	18.3665131787631	18.4071365473543	18.410110847309	18.6119866157334	18.5289318976566	18.5754248146503	18.5420003979945	18.5264088800885	18.5768608165338	18.2094481239895	17.9341563400681	18.1604838266712	18.4732335193604	18.6380618682589	18.553745654073	18.7142175224313	18.6958262634322	18.6825506744767	18.5885077209266	18.2377523479194	18.3379860305885	18.840138794899	18.5827675443062	18.693403343892	18.8424532143493	17.892903510441	18.2777157132882	18.549915626249	18.5521464162631	18.8551281510762	18.4352995700982	18.6979652715263	18.0039580640429	18.8014040643542	18.566996458257	18.6285931729335	18.5674183717141	18.5237432405058
M289.0326T246.69	15.5736764042761	13.9143296073197	14.9896536533313	15.0337715831291	14.8189079747004	15.6161140063976	15.0222224415872	14.8193538530077	15.721316779441	16.4673649110115	15.1040416796342	16.1398762785717	16.197298833289	13.8042390031312	13.5194551235645	13.8048467342517	12.2531920817418	8.5303986575139	15.3919621402698	15.8994980223554	9.42236933341149	12.270354585228	13.1716950408548	15.2411044757675	14.4622896556029	13.3744777161358	16.0190730443643	15.4295405265885	14.7629984250351	14.4083446973069	15.1461640644253	14.1186186237293	13.6335794171636	15.6144296853994	14.817532585981	13.7509244562345	15.1574058849046	14.8347267331476	15.3538924596789	15.1783373056854	12.8773078780323	15.3685458392251
M289.1317T688.59	15.2762482412441	16.261146037298	15.9141822926456	15.5722967666044	15.4139608487018	15.6214286307191	15.6171191553495	15.6776300555583	15.616132200706	15.6889747746436	16.1014173315656	16.5421110008054	15.6760905984654	15.0701316602155	13.8151978080451	14.921026839472	15.3197732812455	15.9061396799128	15.8672971962104	16.100661445311	16.368980564425	16.6351467552997	16.1472848323126	15.3005917717426	15.1968287606163	16.5301583049499	16.0501843787571	15.8317263347428	16.7935981050115	14.0982858108981	15.2812067668544	15.7856009573987	16.050526491042	16.3366280698193	16.1731111404205	16.0114429837288	14.8488206153587	16.7801510028461	16.2816627756108	16.1904141658083	16.6352417804963	15.7513484649746
M289.6422T713.7_1	20.103767085622	20.2518137919999	20.1682553346941	20.1169014384997	20.2510177717944	20.4662517457058	20.292070627874	20.4359575436888	20.2044824361742	20.3799339757685	20.474148867916	20.6200459640288	20.5007038062363	20.1405151854378	19.3866231897743	19.9605505429728	19.9393485801113	20.2009572032225	20.3174075353571	20.7897899298813	20.6326692735698	20.4402595469265	20.4790519774819	20.2186281337867	20.2037240399457	21.123150268208	20.2316855547373	20.683423107553	20.8945941712101	19.2635300308052	20.0317075847992	20.0497910283763	20.3610418933443	20.6325676344118	20.277609092118	20.5531637184814	19.6771042403539	20.7638962181082	20.4297551582485	20.5061821087063	20.5374009156723	20.4269936962678
M291.1415T714.09_2	16.8499445772765	16.645734446684	16.8296074623318	16.8409713963361	16.8381909195226	17.1905661826145	16.8688990860961	17.2791298944522	17.0907752133322	17.1363221496748	17.2816890233443	17.3450090889934	17.0844151573628	16.8488667570063	16.1829438758056	16.7751760194372	16.5102730849663	17.0506194325356	17.0293028012753	17.4257145627619	17.454558765255	17.0955967680423	16.9990682663396	16.9102174433381	16.8065930380617	17.6349509205183	16.8862626980265	17.4651149850594	17.5642230479737	15.9575654128493	16.5768347576824	16.7743007640591	17.0353159491179	17.3851696756111	16.7882896274356	17.2746160143517	16.2178937379654	17.48149807196	17.4210707752176	17.2360999119892	17.2788963767487	17.1134894235958
M290.1355T61.84	17.8616782090235	17.2932907079498	16.6517953714329	17.1180359863556	17.2193704010296	16.8838238489032	16.8082116778599	17.0257047748985	17.1165624493696	16.8706381747358	17.8289511438553	17.5806068101472	17.5119343156454	17.5833437180194	17.7404111241904	17.2794621700087	16.0450310036341	15.9772349613582	16.5270949415436	17.020552884155	16.913503318382	16.9611449411981	16.9456663250424	17.1005697281831	16.73595294229	16.9311965749814	17.2340197586314	17.5814209002481	16.5283203506994	17.1830772867695	17.6274729205313	17.1285993042183	16.2942279045911	15.9619903923412	16.6856998522115	18.140869509285	18.0352620078664	16.9477194254926	18.0793211350672	17.1313921053675	17.1813804683252	18.1280238040473
M290.1612T123.88	17.494933572249	16.3039324029369	15.4109301149114	15.8560227869442	17.6522049191227	17.7974112197286	16.4262553843877	16.7385614979779	16.5329132809999	15.5117810706543	16.4930310820183	16.617794020676	17.0414908442795	16.828873821775	17.2721899605791	17.5536387341948	16.3537429477953	15.2816925450791	16.6057221026555	17.1496778706836	16.0643194090096	15.7509068529009	16.0507271590821	15.5446601450516	16.2982734672483	16.3622770159683	16.1337138067337	17.0904675728824	15.9181595897708	16.2782252032092	16.9340177431692	16.3466550635009	15.8374725832875	16.5364465423037	16.1649882518338	16.2440295978627	17.1589941341643	15.505975973511	16.4999752766389	17.4145637797716	16.5011298146179	17.1318416891656
M290.6103T641.36_1	14.7559111937118	15.4144536444657	14.8472005936734	14.6966662835595	14.8185836579667	15.0003633250495	14.5236679998976	15.2363182274199	14.5782987823556	15.0012252967034	14.8274459372023	15.3872473133637	14.9245210916438	14.1941177126966	13.9229365731693	14.0175988315822	14.1750537352382	14.8097729674567	15.1191849086851	15.1860703450148	15.6193998004408	15.5026654618432	15.1615175360868	14.1626035500307	14.8112696391424	15.3861407993216	15.0421218830146	15.331944978042	15.14299601365	13.5962585960943	14.3616489222152	15.3238386874578	15.075412666196	15.4006624028584	14.5048100504371	14.6022539888348	14.7567935070102	15.4672343417996	14.6801625299595	14.7759079727516	15.0338879149418	14.4782432410656
M291.6109T641.43_1	18.5643148692641	19.3077990300207	18.3585031822923	18.251401857355	18.5650070232353	18.6070095307631	18.3193635526877	18.9439391522613	18.2865902002621	18.823651332219	18.2450169587615	18.7709390166378	18.5505723464444	18.0863769769789	17.2844205353789	17.7283037138863	17.9370190942439	17.8419772151164	18.6807842332068	18.7302649548178	19.0040214664098	19.243841668543	19.0739039957082	18.1217110299088	18.3251811815273	19.2065234898266	18.6367071028464	18.9421271332674	18.9405566020194	17.2124981076426	18.0924983987439	18.8360090145764	18.9194258979158	18.8526174061246	18.3275865577207	18.1336846456628	18.1630310516643	19.0460312236943	18.2191396419271	18.5925609795663	18.6118534367213	18.2493733967282
M293.1103T641.28_2	15.2808455976311	15.903264023831	15.088657590898	14.8413038761423	15.1609218346328	15.4806613513397	14.6327223157973	15.6073563485568	14.748311737717	15.3320845953535	14.933757630342	15.2316400487561	15.4413610652401	14.7394416815278	14.0261025859373	14.2078873137529	14.1984074653962	14.4703082535787	15.4516159738097	15.4403270523349	15.6871970989117	15.7634336816695	15.3747971742755	14.6447410432924	15.0796374452472	16.0217749985011	15.4236291338275	15.4812728346387	15.6677287204548	13.7946972624652	14.8557119561541	15.7097640355623	15.0579855731624	15.5868948647864	14.883291819144	14.5723717701888	14.7636026922018	16.0016712562522	14.8927923427284	15.1521710610602	15.7952373614467	14.9394007792465
M293.099T63.04	0	0	0	0	0	0	0	0	0	0	0	12.9300544686738	0	0	0	0	0	0	0	20.4690453857874	16.0839301377513	0	25.0077092969932	0	0	0	0	0	0	0	0	0	0	0	0	0	0	0	0	0	0	0
M293.6441T528.77_1	11.2164451015128	13.7095749689899	12.5521310050404	11.1437352778294	13.4041117348837	14.2831490066672	12.8012784551409	12.9783369571055	11.5804244485039	7.51909740419576	16.8526671772346	17.2483989070177	12.4364772100866	11.1955195431406	12.8151717930999	15.0691168343931	13.2192943863258	0	12.704929101115	13.8262731503619	8.35270090847137	0	11.9157953502506	12.4484001069388	8.44320973735459	12.7606989618182	15.8632037326955	12.0568920560345	13.6112816192102	11.8627164951545	13.5064408668387	10.8571274885044	8.63779685984549	13.6793397673972	12.3982568708227	17.3585512973447	0	11.9857806256967	16.8139301447371	16.1166919088972	16.9374304250045	13.5951763359444
M294.1883T360.69	15.4491774925992	15.5207712388452	15.6162841410952	15.5687742698965	16.0931410808235	14.7044855667655	15.2945013660007	15.4617846169238	14.6818341834621	15.9959706137649	15.2667069895781	15.7490650752878	16.2508125528861	15.5476592384148	14.2100276456098	15.3503148971915	15.2409898490429	16.0483440373254	16.0211389340584	16.4313554264459	16.1663720126545	15.8042742696726	15.5636933949437	15.1598534763562	16.3529877577886	16.6090201424324	15.8259200312374	15.5013623053121	16.1046408773	14.764176284581	14.502509057479	16.8794499335999	16.0228444837163	15.6363726187051	15.3760286750466	15.8017138095424	14.9296415152526	16.2884217979435	15.0042664247481	14.9891287114988	15.0084570717352	14.2185103692395
M295.1304T283.88	19.3808418593223	20.2498728431863	20.0998057929241	19.6407028328196	19.2529315834338	18.6841368862844	19.3390706066013	19.7075387734114	19.7991407870447	19.8648309198932	19.9216869314513	19.2129303886353	19.323746552487	19.696571657465	19.7289980142716	19.8662443324077	19.3413888623141	19.6192460396958	19.3907059486008	19.409372530601	19.4788597399137	19.6824373352438	19.9870225444677	19.5004300391042	19.5340989767097	19.7548775739197	19.9218383527727	19.5759265128675	20.0354614958996	19.2702717160086	19.6169446047921	19.9154637034197	19.7348655272467	19.6921235222726	19.4629510551366	20.3169250372038	19.5360365835137	19.3066727371253	20.2674181349452	19.2433387528596	19.6229230363511	19.7628559442507
M296.1399T640.7	17.2457861198355	18.0695412446084	18.0102435026441	17.9958215370309	17.4213178473491	17.6999164020827	18.049468789969	17.813367941365	17.5262022282617	17.5557515474141	18.6278838163234	18.476580003385	17.8529063619874	17.4062241103639	16.2897972612976	16.6523807106665	16.9733423467	17.7944950191708	17.5276602500468	17.9701174022622	18.5306324159225	18.1000724969177	17.8853421207371	17.9097535742845	17.8479553751328	18.8851663859435	17.4774146812336	17.4704704371979	18.5953634207796	16.0699395791166	16.7861026131912	17.7914774998415	18.5720360265973	18.4590152472562	17.9738223196359	17.8058064855429	16.7388250729921	18.5244724055591	18.1954023120807	17.7250139113772	18.1466705407234	17.8856378603511
M297.6393T640.79	13.8394505748312	14.6607480195637	14.2259193419453	14.3920309098993	13.9608033626575	14.1210716331135	14.6665543492818	13.9883016235222	14.0542063666423	13.6049107586984	15.071948157939	15.1935388010843	14.3664218197508	13.7379673103339	12.5871580304396	12.7303576016305	13.5339313528988	14.2438382891787	14.1201238141591	14.4274995605537	14.9089407826964	14.7110233758366	14.3798478074058	14.2928779688654	14.3977330467202	15.4111415442043	13.7401867873777	13.922316479568	15.2907365497102	11.9213920949386	13.0008391632534	14.4940882325737	14.9341736283819	14.9861257092385	14.6111010250143	14.3728685881643	13.1633559258651	15.1358281193373	14.7784744504508	14.1383161750597	14.6708383507671	14.2946633492227
M296.6375T673.81	16.6586341328207	17.1989866621631	16.425331013724	16.3728948449654	16.4911495282732	16.685496030053	16.1458864755958	17.115410817581	16.4927070313326	16.9950641430841	16.4185616313857	17.0062509231989	17.1998007361974	16.2490943140335	15.0725043252687	15.7945466317122	16.3331717293437	16.1175427835042	17.0338647871199	17.0701640270639	17.4567488239677	17.4252377522046	16.9643887519348	16.249112323051	16.0863682729044	17.5094180438355	16.9512709515012	17.2130671256537	17.2840715020782	14.8337184130455	15.9548576435945	16.5617699456595	16.9583765389768	17.2176400848511	16.5171218302484	16.6086475268256	15.974438596961	17.368857333201	16.4224994391084	16.7122111062635	16.9077975540156	16.6740454000136
M297.146T137.14	14.1861405456345	16.1814499993666	17.0620787448053	15.7173718474883	13.8982696267757	13.7067433800423	13.1567323896251	15.5465237919317	16.8359598631044	16.0726142394611	11.7616737803337	13.3216016627262	15.8075839376294	15.0959028854643	14.2266930758306	15.8530258363433	16.2081504343468	15.9383480759001	14.9358907420599	14.7415263658715	15.6937237532413	16.3086910592208	15.2741943938453	14.7339972712005	13.0594306545077	13.6715336863285	15.9465231064884	16.0676583196299	16.101206297042	15.0806141412654	15.4846102521086	15.7287365313064	15.5388090834043	15.6334145281498	16.1279932396548	15.4434574139167	14.0998253788753	14.6916538953484	15.7154155104858	14.8170717679274	15.1400500989004	14.7835766618474
M298.1227T623.73	14.5160879302813	14.8570214339999	14.8707792484953	15.1345651908592	14.4795102177931	14.9173256287267	14.497189256651	15.4352860927944	15.3125804738373	14.8156840359123	14.8214776731613	15.129771831698	15.0019316698187	13.9483095086163	13.5250998881462	14.0735072752537	14.8237005481585	15.1967008242805	15.0822360857247	15.6494463166069	15.4681886934882	15.3574183303716	14.9415777468214	14.1718489415353	14.6899769823534	16.1422247473634	15.37340054311	14.9347388563017	15.7994979931459	13.6283197807813	14.4564229966159	14.8585260996955	15.4100818876154	15.4229084521938	14.7159008817305	15.297314699907	13.7276351370643	15.8221740786842	15.1160155605188	15.261804709621	14.7504992603028	15.0619134083488
M298.6252T623.7	12.6970617795131	12.8403868091614	13.2035211886385	13.0732659781194	12.1772897338386	13.3063736928424	12.6842922789683	13.8927679602597	13.4813669407825	13.0286492661189	12.9488780418589	13.2007281716473	13.3545853917976	12.3443124650718	12.0375139306215	11.8609468070557	13.2582395846065	13.3094171626913	13.1894067538637	13.7995737576661	13.7545894538136	13.5139939023067	13.2364934893873	12.2062547260211	12.8989415842451	14.3608592974646	13.4195829904462	13.5216405381521	14.161725586698	11.7253744534971	12.57359091623	13.2837650519273	13.7096142192702	13.5580866855827	13.1453481092367	13.3788570786935	11.480033108796	14.1084393843002	13.3926222660463	13.3498543595565	12.9597804652316	13.238854743163
M299.6267T623.77_1	16.2732927611927	16.7583380006337	16.8145315391572	16.8480144644926	16.4658032913447	16.8708523133488	16.4376265025793	17.385687787532	16.9576705255527	16.6540952870411	16.7515480417728	16.8790905285868	16.864054616893	16.1480152653143	15.4947889768922	15.9818863132058	16.7763213528994	17.071003839804	16.9958410895003	17.4588481570352	17.4298175484067	17.0892074322265	16.891433250733	16.067138057014	16.5772814989865	18.0873893396899	17.1280044175308	17.0009614848225	17.6569523024672	15.5117679914219	16.4496748865963	16.9181632764745	17.1366349622072	17.3020132794756	16.632864271644	17.0421099881185	15.6229649484441	17.6405217232963	16.9311874882259	17.0832277161722	16.5935800690633	17.0067592646438
M301.126T623.73_2	13.0294693436057	13.2263415870542	13.1507717341202	13.4680938433619	13.1460317389096	13.5699163042223	12.8279229285531	14.1649005836402	13.9168906852931	13.0003486830548	13.249694665195	13.5029855185487	13.6999185542905	12.833639380384	11.9915796588542	12.528027557675	13.0963164641128	13.5407176182544	13.7570983227595	14.0980641403974	13.991318421846	13.9035251572963	13.8650914060255	12.439437380655	13.2737330727703	14.8250183604066	13.8637310599372	13.5169684616327	14.4463028083145	11.6227185258711	13.1268685098422	13.5040119173923	13.6045341392624	13.9908700376067	13.189818984828	13.7349638998379	11.9790613655681	14.3850108939881	13.5842209124224	13.6589730521619	12.8951130070891	13.5274668456422
M298.13T130.08	14.5398918224224	14.9872288074921	15.2674998370866	14.243006510434	14.2116797099711	14.0345148128029	13.6752060740582	13.5663825508106	14.8946500075785	15.1610266100018	14.9054130182808	13.5106405188446	15.40010000806	14.9057777144114	15.5871167227069	16.6156626947075	13.5178932876655	15.2634833335292	14.8897478839079	15.270223978883	14.7002520897119	16.1756361591266	15.6360373116355	14.2721045981762	15.26629335256	15.107777734945	14.8395644983046	16.3287327349426	15.4570987494489	15.2441949501308	16.1610089306647	15.2419510126405	15.5111849917652	15.0014415098808	15.2143763478009	15.5552454091839	14.9542442448473	13.8454439532725	14.4479621576499	14.1724583258838	13.7092459656458	15.3946871500758
M299.649T533.35	0	12.342560705432	0	10.5842995529458	10.3224397167928	11.5924295971735	9.4822181548988	0	9.8733498216614	0	15.7739043937492	15.3764242898928	9.03136498071801	7.53083441512249	10.625587617554	12.9230852757151	12.7771161150862	15.30589466578	7.70293622579698	10.3659794757146	8.66005062230238	0	9.07907839480398	0	0	12.570853334059	13.6673625008212	0	11.8275195320224	0	10.8313656334169	12.3919572518454	0	12.8555054807196	8.35051897833155	15.4527215899668	0	10.4439129204986	16.1151696603484	13.8073468266185	15.6255546074822	14.0620187605827
M300.1242T645.06	16.2622502660911	16.8205042202564	16.231964972024	16.3002233005819	16.4106538302791	16.4434749685802	16.2428299390724	16.9134688916326	16.0558723495854	16.6681561156822	16.3128148149713	16.9985442583699	16.8388521413741	15.6070631220704	14.912180351595	15.619508844053	15.9363632187165	16.4949158035029	16.726908962118	17.1084071372312	17.0484765714804	16.8390313403202	17.0844478889901	15.9796283931973	16.2379356469543	17.4200593224533	16.7022370483344	16.8277291285711	17.1302418569663	14.943637844882	15.8844109847827	16.6964569624406	16.7961037813433	16.8463637158465	16.2792403540416	16.496819176352	15.9403740882953	17.0726814933237	16.423294461072	16.8251619638837	16.7857740394714	16.4530875551394
M300.2003T502	17.8351641369515	15.3649624406197	14.5694747038037	15.7340096699288	17.3644306222322	17.7304988109127	17.3034089764186	17.5529914195107	15.1883815459517	16.3549897365449	17.773859416003	18.0074128738003	16.9501129408816	16.6130324814788	15.9634507298322	16.437315945346	15.3614875090072	15.7205070276801	16.7064261293696	17.4177817998708	16.9016800309402	15.8044775456383	17.4667754706643	16.0586615519338	17.144982137873	17.794185616063	16.3783512901862	17.6675904883369	16.0177399051352	15.0167639027695	15.9249711880316	16.4697172126478	17.0573555759656	17.0969115662857	15.386173612299	17.7469953702069	16.7017036553309	17.222219105797	17.3323311637861	16.9812141868904	18.2624386379172	18.4251627708739
M300.6344T658.06_1	20.5453373814479	19.6922630859488	19.4888427671008	19.9156611917809	20.406366954199	20.8824340517193	20.1452447474456	20.5149211301102	20.6944462274295	20.5758539011972	20.5705634283237	20.705838508215	20.8931603701901	20.5251197508313	20.182181160468	20.5129751093672	20.1937110725363	20.5110150628392	20.3389600604217	20.8984563004376	20.1172912277328	19.7518675477786	20.1518803392903	20.1186656426048	20.1438463656444	20.5444620666018	20.3052143300299	20.8616627546397	19.9828024718853	19.5897679069324	20.2737477391668	19.7787784007402	20.063639327043	20.1680256185482	19.707179542969	20.7929921645925	19.8212480301679	20.2063839165168	20.9269757986249	20.6953559647537	20.7277298019031	20.6205641168666
M302.6304T658.2	15.3975318034081	14.9043667535951	14.5745888911214	14.6299107815033	15.6028966661763	15.9487090938618	15.5542289188981	15.4403770654181	15.7279120482791	15.9171450029634	15.8689512147114	16.2100262673412	16.1598181931454	15.6736560117909	15.2173367330078	15.6568968580537	15.4193655928096	15.647778385518	15.5508582704094	15.5755705348648	15.167403500489	14.8574552156494	15.6229280812987	15.1805630287302	15.3934928429845	15.5306131162106	15.1334122775452	15.9964678863715	15.1927235133032	14.7034609063758	15.6149915616773	14.9626309346606	15.0195763880885	15.3368035674529	14.976237374706	15.7851511431863	14.9481791996154	15.6317440036335	15.6906153978681	16.1066778904688	15.9138518920012	15.8588278692932
M301.6422T687.44	18.6726637194512	18.8639556110751	18.5504433506114	18.7491075963079	18.8960229780352	19.0652530421896	19.0204818679426	19.1811418730547	18.7158382891787	18.8599581951776	19.1020495193008	19.4435154357263	19.0358147452616	18.8160294534085	18.0245516307138	18.3999387681033	18.6791836802339	19.0630105894801	19.1975866975352	19.5975412177648	19.3711257577143	19.1701680683808	18.9968818059128	18.8596587790871	19.1387308369588	20.0773254211236	18.9153070743049	19.1579125062144	19.669529546285	17.9027699171788	18.5748069259835	18.7435372257901	19.1208897135268	19.3318502828862	18.803220754533	19.136421980374	18.0969211498961	19.5192937950275	19.2878407466806	19.4335702467604	19.2334623950009	19.1538899882412
M302.1977T181.99	19.2780972084711	19.0521218761214	19.2807409367568	19.1955345406744	19.1373893673434	18.8996305308577	19.4636576075018	19.3680846123384	19.5624960677163	19.3536087962036	19.4400339168237	19.1490348773488	18.9352027243402	19.466316004964	19.2875567607578	19.3121014848654	19.1202689474901	19.456259382372	19.4816238017123	19.6340817780135	19.3503229535486	19.2909524787013	19.1078538052371	19.3541043806545	19.9041209977175	19.7044172629489	18.9693269578201	19.3880376379087	19.1852580086372	19.1568807879068	19.7663836164978	19.1865424925196	19.3468971401083	19.1206208990531	19.3779895551679	19.0903610797885	19.1410066498041	19.5900108545051	19.5207670635612	19.3575962184424	18.8837246530266	19.0712158535147
M302.3066T592.55	18.6415089305669	17.042151249656	17.0982273954331	17.940525086165	17.0823668377978	18.6133983296025	17.2249713197285	17.9921521300062	18.3470116139934	17.8615300122959	16.4634059802073	17.4746345299694	17.6710317583331	16.3694734194637	15.5627989423628	16.4605909495335	16.9683545527106	15.1688391585554	17.5418951387983	18.3097788546475	18.1604313857077	16.3735176721292	18.8469510817604	16.1510723812165	15.7922095512022	17.2107134632813	18.7902176275518	19.0527147290948	17.5369294167779	16.4502117936368	18.4353801295812	16.2459379962109	16.8614334386811	17.4086340201569	17.301008110472	16.5129152691922	18.0079420959209	18.0273895458578	16.8224367949069	18.5080009945937	16.197342436604	18.0545583892511
M303.2194T526.68	16.0883539342096	12.9272585897164	12.5119321643484	13.749645237205	15.5711085325812	16.020878032523	15.6178375013208	15.6447346016035	12.4480802131713	14.0656942624941	16.2774856306406	16.7241368742666	14.6814811208047	14.5809090892545	14.2643374096796	14.57480935238	12.7991420285242	13.8021762753233	14.6560458849298	15.8511028808709	14.9737256716808	13.5498530396298	15.4659450734272	14.2171993742105	15.400348229328	16.2678469599024	13.8133658015698	15.4350417091443	13.8743847414707	13.199179893546	13.9818295512185	14.5354443204788	15.3815036555984	15.0095177872889	13.3220570853403	15.9471759784537	14.5743176252158	15.3379122952256	15.6447511261801	15.0509712876655	16.6054190218635	17.1550563296666
M305.0882T175.23	13.0399484022157	15.6060357039338	15.087311927323	13.9987713482642	12.7903018363445	11.7643899755496	12.348285419153	13.683215815307	14.7050397136342	14.3336703295077	13.3467687828868	12.0609416618227	14.1414910470061	13.1436062587013	13.6310979951371	13.938606399247	14.3378935448645	13.6113315542901	13.6660864369837	13.4770295273574	14.1854756323229	14.5148818440967	13.9976031237134	12.5421417783899	12.7141775759806	13.4163742747346	14.0776252441936	13.4758178852309	14.0438569657158	13.7441107512391	13.7971767453941	14.6729145809982	13.9519980042772	14.7972859714	14.5195175248	13.1865545443906	13.8748233284917	13.8556606865136	13.3495900891886	13.4410347789243	12.9873181637599	11.9916214032538
M305.2486T779.76	17.1703539096443	16.6204731231906	14.8411991809285	15.7531371406394	16.7775025782533	17.3322132694182	16.17272696002	16.7232365150834	16.6557847605719	17.5587882458244	15.3094777956677	16.6315220917677	17.4245180176116	16.6276322471533	15.5775004008359	16.5015551030521	16.1480782310889	15.9459098567326	17.103456357934	18.0367668719919	16.6874817205031	16.6699847547701	17.4269486956869	16.1468701437291	16.2137405723788	17.8616085141521	16.7784909328001	18.0043514050657	17.0573579564778	15.1889603601864	16.3190325721753	16.6183327295042	15.5085726724395	16.6580432787342	15.919410271674	16.5237648833983	15.9766639505649	17.1512944538095	15.9072194101069	17.0482054394563	16.5621605047455	16.6646034888973
M307.0842T61.42	18.6041689296726	19.1633938063691	19.9820319659491	20.1159134018774	17.7980383235302	18.5751292671802	19.987755376261	18.7314528685967	19.9380654331148	17.7516885823058	17.4533063982171	17.0556033104188	18.508555066315	18.3647783713882	19.0810750198695	19.4955582469058	16.7131110743494	14.9634719027491	16.8661325279013	17.8992588738693	20.3167747637939	20.2054940813764	19.9575734037689	17.8872747833232	18.3065512163576	18.1343532501237	18.3115264481849	18.1298651694614	20.113789664224	19.0762814969082	20.1337273944629	20.1356506457887	19.2636352782596	18.7297757631179	19.4387139230902	17.015072462343	19.3057842473398	19.4010748348178	18.1138341854711	18.5953390801595	15.9368399385972	17.189669232301
M308.6322T563.05	14.0195239994371	12.7924558180385	14.068364349179	13.9001906690252	13.1777718547491	14.4039395312994	14.2978619765545	15.0784129082875	14.5372776760389	13.1388862077675	15.0791542634008	14.1428941248015	13.4943179724883	13.3948012743527	13.1094216144441	13.7153363591656	13.1023460436119	0	11.2311906011825	13.2628373334632	12.3696157000193	12.5114359732713	13.5432057711053	14.202446819547	14.1420799288085	13.5256635175134	13.949766025536	14.8713008796089	14.0884492635285	13.7713280702252	14.9770014452701	13.1173457119771	14.1598035766371	13.5729302932896	13.4882434123972	12.6435016727927	14.3373144746504	14.3890784352904	14.3485435489801	14.5516034746328	12.784842314732	14.6714889337027
M309.0858T295.81	9.79612841477595	12.3493571413318	12.9894226167629	12.5558244669189	11.4463190608586	0	10.0782348079106	9.65681098831744	10.6744625371736	11.6050099635996	14.0199726134577	9.23008111272608	11.8139768042481	10.2695169405473	9.99988243789904	11.1542752747692	11.1235943642377	13.7879209349979	9.09026900165906	10.1084289856612	11.8449022147164	12.4771400288948	11.9994092086505	11.2034715868227	11.5821082976315	12.0333276361038	12.2715662390719	11.2426782026435	12.6760908094961	12.2053121000605	12.0346604111563	13.607700912036	12.456185974208	12.5545835634892	12.4996773968508	13.8941136886777	11.8030455898406	12.611643107297	13.2847021548784	11.8639495266463	13.1199016382888	13.360614938838
M332.0757T295.74	10.831348500537	12.8935938796454	12.8623195365294	13.2539633470043	11.8977709595824	11.4858638950161	11.9139259843987	11.0626135093787	11.9807151031128	12.1642889535243	14.2240881079733	11.8206137073407	12.238387245281	10.9842161615293	11.3265456437301	11.1744269215065	12.2332683568662	14.6187739163729	12.0092601345421	11.4575480146386	11.8123875037131	13.1182342991302	12.8718437184335	11.6675836202443	12.3817024134505	12.9293141058343	12.1921954518316	12.1003111769107	13.4771920305715	12.1519646547389	12.6278494931335	14.5408638455615	12.6894725554894	13.1971501529627	13.1745463691083	14.7904103642506	12.512120163314	13.6039518816894	14.003323888029	12.5874887851676	13.9310554912231	14.1864432412229
M328.1398T112.75	19.3816188095909	19.422112210697	18.4560947978398	17.6125218085977	19.8699543967089	19.4453770934645	17.658196012493	18.7429965255987	20.1783842827563	19.5577158561091	18.826705457119	17.6325979118381	19.6855291840865	19.3877392821632	19.4813496958591	20.3341084026557	19.9212359763107	18.5137926551309	19.7605416651722	19.2594983798131	18.3914865835221	18.9782546020074	18.3426342185345	18.4330788715259	18.3179036621256	18.8472262497542	19.4154466350207	20.4215076252862	18.7612310715537	18.856792357504	20.27560595079	18.1917430109948	18.5996808191012	18.617954697807	19.1581719235067	19.1083532727142	19.9805459544598	17.5349857955241	18.3539319848825	19.6589386406226	18.6241060948765	18.5072657163196
M310.1555T713.66	19.9268888672196	20.0244518048255	20.0823759233279	20.0163982027517	20.2411125341276	20.2519904106515	20.182427592466	20.2835093565327	20.1429750263386	20.2514504286394	20.492996453328	20.4510492804312	20.3315574682116	20.0015673590643	19.2557765012697	19.7815153896456	19.8369666256974	20.2832958828892	20.2966534590577	20.5395761859924	20.5499330754621	20.309081352414	20.2967107426069	20.1253625558809	20.0825813548862	21.0032462288905	19.9720781696777	20.522861774629	20.6909432812424	19.1165529499531	19.9468980752964	19.9368610359134	20.3874904276031	20.5054665449362	20.1804238134118	20.4281095790737	19.6199822227372	20.6515627763073	20.3459396456171	20.4602739271907	20.3769219296184	20.3492190824873
M311.6549T713.86	16.8812355215903	16.8615723586797	16.9368580091716	16.7823676270055	17.0771807107726	17.1300073016894	16.8515813325715	17.228917861043	16.8580970047759	17.0482736567481	17.354657037609	17.4435583670602	17.1992563506442	16.9794667326776	16.2114249229043	16.6157966618294	16.5508490308705	17.1368309032696	17.005363598681	17.509087376205	17.5519874826116	17.2698540746421	16.984706996084	16.8494321693537	16.9058863464881	17.7961090861435	16.9340977171037	17.4652509511471	17.7090915666884	15.9976568655967	16.640504688421	16.7847005224312	17.3283720259262	17.2406621330201	16.9736909761566	17.1523326850916	16.4205612726302	17.4590036883107	17.1649371634701	17.0579072547637	17.2110738201396	17.1238024359318
M310.6529T743.65	15.528350783589	15.8685749656368	14.950656004724	14.7779755203761	15.2823975490188	15.6626443461756	14.862716832789	16.2451533782246	15.5544897298085	15.4063497936637	15.1087656454066	15.6205655691779	16.1470560837532	15.2883947336004	13.4371581622979	14.4956321782172	14.8518897833141	14.8037798053922	15.5444449836428	16.0934219961446	16.0335582266384	15.864267516404	15.7517654221819	14.9045431171754	14.6073143913811	16.2735150923747	15.8787225320174	16.5008741335071	15.9639067857779	13.565304662651	14.8756145385122	15.3263467106089	15.3294472586768	15.5379163110158	14.9665836150282	15.4176427121515	14.674605361647	16.1020001146333	15.1129775248158	15.7263643917855	15.401122569537	15.5632587197329
M311.1253T135.59	18.8591797299349	19.8455076439257	19.5518622975829	19.1397373088735	18.8214673931262	18.5550194925255	18.5755457145636	18.9104393185373	19.0873420263485	19.3438041522637	19.3949780760644	18.8140953765997	19.2665463485113	19.468035149129	19.0151498155692	19.6410323208829	18.856878213117	18.9057809257591	18.8199462411439	18.6949781512275	18.7426214237896	19.1104614784236	19.4444161781677	18.6620346063253	19.0960875391358	19.0470232732838	19.0617928831646	18.9728935739115	19.5078165484747	18.6038539739111	19.168373908891	19.3984509798222	19.0927196480282	19.1564716565928	19.1309073932774	19.830427435171	18.7814754787889	19.0153395864233	20.0448956308283	19.2258234687526	19.2099720686552	19.538351400188
M312.1121T62.19	18.3043447152181	18.9792515430188	17.7189477371718	16.8532314981893	19.176903980288	18.9822455543038	16.6274927229039	17.7777827200486	19.5876704896438	18.6980878526862	18.1393661021871	16.5656053634521	19.2198968463563	18.8598907898459	18.5985138986948	19.6304472238738	19.3527837950839	17.2200183569171	18.8784841041257	18.0549566958497	17.0474946304986	18.3361973668364	17.3780793613901	17.5211678033057	17.469809171438	18.0852496785591	19.0410426213211	19.442082719151	17.9765103761593	18.1651525006207	19.5543235124321	17.857438150499	18.1733705677229	18.239447670153	18.4718536304414	18.0397425078254	18.6919958510737	17.1746935584825	17.118172819819	19.2081392133226	17.5851531492359	17.2649011391937
M326.1246T64.66	13.3893755604842	13.7784001585915	12.250827866484	9.68206643936858	13.6521928864251	13.9230187717553	9.94346786691792	12.6537392064469	14.3100749835513	13.9239003042218	12.57271262009	12.1363091313881	13.9115766621591	13.9508346369267	12.4683053622664	15.0735075181405	13.9036185227927	11.083110359442	13.9921334727404	13.2542153358319	12.752386433145	12.7402279136723	0	11.9292905695823	12.2468588188642	12.3271415884085	12.9520423347054	14.6153303640767	12.9423523162809	12.0920557637348	14.3458682027348	11.4414815792391	12.6011549814471	12.9943487420492	13.0392437375287	13.3843226166055	13.216354013648	11.593186328261	12.225514107013	13.8556254720236	12.6153301225389	12.9166819067025
M345.1385T65.1	15.410855912933	15.8422895535584	14.9360686772568	13.8497557445943	15.9995328334298	15.8353622706433	13.5395510258037	15.1856618584763	16.063752933038	16.0795778046261	15.193384200245	14.0036804310183	16.3207789023825	15.716616223652	15.5762277830574	16.6370205702236	16.0293502586041	15.0626264609396	15.949916739198	15.2023438167013	14.9157130250354	15.362507716969	13.9273702423559	14.4761313004101	14.8857080428408	15.0101733446822	15.7651392198542	16.4373368850784	15.1961827265769	14.6763240775241	16.3348497787312	14.4857419021232	15.1250246868225	15.2699761023424	15.4693605504148	15.7523645655217	15.6542202814875	14.2480750747982	14.8800833514134	15.7576338129121	15.1464239968176	15.045839584902
M312.6344T653.6_1	20.5548778583571	20.1322487315389	19.9042348184956	20.1418375875172	20.5406188257103	20.5737188419074	20.2717433771935	20.6729395823623	20.3437514484896	20.6154012139867	20.1653950272931	20.3409148624489	20.7154368251435	20.4492319211639	19.8847337646531	20.168230157494	20.0371461892579	20.1403336049529	20.3750177519387	20.6757007413917	20.5660368582066	20.1839542714543	20.3519412490762	20.1457847487046	20.3035269422373	20.799134757121	20.0901558935354	20.7361262332903	20.3914789536905	19.4473396541152	20.1544427014584	20.3152682595423	20.3899004556514	20.3337837964576	19.927108721571	20.3321802691196	19.7952563304212	20.5315601932908	20.1921600564561	20.5070215855847	20.2677347286158	20.5049234523306
M314.1338T653.54_2	17.3587255169276	16.7526149644115	16.786944509312	17.0740670047477	17.340469679013	17.2488843088263	17.1840279671312	17.5929127518337	17.1703932662378	17.5563024958978	17.2359289766721	17.1246031126925	17.4663674183662	17.3430286397781	16.6281114723916	17.0477770121612	16.9267057016505	16.9815571136922	17.156165986974	17.5805527667838	17.2856215213035	17.1146894194078	17.3335707441239	17.0120173186568	17.2189943516481	17.6379679725054	16.870574169648	17.553872898402	17.1648250903576	16.4465953773924	16.9774536806522	17.2956915379059	17.1233308625562	17.2340285852299	16.7047386036029	17.2263984330805	16.6481036674418	17.5769531869154	17.0440693000775	17.4843715566942	17.1217895980758	17.1487416391113
M313.6422T690.75_1	15.3476738081657	14.4918434370075	14.2856195648197	14.7491250888128	15.8023352093771	16.0720613330749	14.6846836419199	15.7624019547324	15.3333443800185	15.9984101484287	16.7598557233518	16.8851345287931	16.1239206807465	15.6323204707101	14.7386165006613	15.072061258428	15.6461883191376	16.622956479227	16.1206756697275	16.6141751638045	15.8139995898306	13.1844513545092	15.3652006706254	15.7505231366692	15.6825524520438	16.4754271687978	15.6822423204781	15.8481007907414	14.4708152800178	14.2842719632824	15.383402434753	14.7266079720172	15.4016431922239	15.5952287553255	15.0587297185062	16.5593420462397	13.6360157864666	15.7485558467504	17.3243826775926	16.3467853161249	16.5857310620468	16.575805397788
M314.1571T356.11	15.9405884568403	16.1403647897952	15.7366971837915	15.5649717001504	16.9458129962108	16.3429479243019	15.0938945128605	16.4195631575536	15.753667837287	16.0388727945677	16.3336821044961	16.4471368449988	16.1932056107688	16.5524270992757	16.1342198055767	16.6920743765904	16.4881253667783	17.1392009862548	16.6039415206504	16.8529624305904	17.2430259242899	16.8649041479518	16.4197425945099	16.369526095083	16.8231379958961	17.3219967019571	16.4670697136201	16.5874293154982	16.7589921069731	15.866639183598	16.4296756745442	16.4660674972504	16.8279104998522	16.7591513964581	16.1833140247758	16.8041111345358	15.6347357698588	16.6858759210512	16.3665589639318	16.7997655758044	16.7762448137129	15.9639436836104
M316.2491T490.71	15.1984416557228	13.5644421747991	13.8491757825851	14.974359378988	15.2081962627112	15.0440299253439	15.756251033885	14.8298336715696	13.611644003084	14.1946242016184	15.0744233273623	16.9823020594444	13.784518332638	14.2213647108237	14.3959152027904	14.653672303357	13.6836082424833	16.0687650379356	14.5503223520126	15.6620268254849	14.222456351582	14.2903840861434	14.9411650005735	15.3830227355472	15.0924755259438	15.4487543634458	14.3575212566899	14.8663392630268	14.451022538106	14.6360038743187	15.2291926720025	14.4259887239091	14.442406424169	14.063506911613	13.6350261767286	15.8567253516671	15.1579499587904	14.2331026371461	15.2663773160919	15.3440669617952	14.8387914965704	17.1908194891974
M318.0774T418.36	15.7779049936493	15.4196951784144	15.637663430258	15.379661728903	15.8860098691285	15.7074967444833	15.5868400554823	16.1305290322258	15.3410611296282	15.8271766574869	15.4339919118872	15.5671542286013	15.8271802428328	15.1796953837596	15.4922386247137	15.4320489060436	15.9647515952483	15.6081399716564	15.433432891945	15.8547541727646	15.9442027561441	16.073705277525	15.7755713672756	15.1685590468192	16.1011296958663	16.7730446607888	16.3993985431996	16.2100167495704	15.7643964305273	15.7965816532604	16.1656251384073	15.8619830688189	15.9841593819936	15.5332088580305	15.6613177330259	15.7117079445005	16.7802283341038	16.290391912881	15.0810791240931	15.9697896861566	15.1112699123162	15.4630622753135
M318.1694T311.57	18.4109147154071	19.9731418094492	20.0972401211984	19.8312124392344	16.8906442794666	18.6460433235535	20.062256791	18.8988391196486	19.0208503905386	18.9083238574099	19.5484429964494	19.5317854702656	18.831077590968	18.8207519696964	18.7596777972009	18.9309519344304	18.9465634952871	18.5773699228052	18.8424942648326	19.0980046333488	20.0343172802272	19.8116753049415	19.884018375133	19.8496158703029	20.2071764848216	20.4273054359839	18.97708807249	18.7737200456282	20.0361214055837	18.7656031168673	19.3031626036912	20.1687312508787	19.9819676964001	19.9721653387382	20.0032332426296	18.5876459237912	18.7417230647641	20.2014264241535	19.5625970928232	19.1476922183809	19.4943537316068	18.4019205529156
M360.9932T287.07	15.3295420541422	15.4909402109312	15.8135176911507	15.8534473440704	15.654105191572	14.2429247402324	15.5581720824293	15.5751481215881	15.0854093724596	16.0025241673357	16.3577369020793	15.1579513400751	15.7343208759676	15.6554053234189	14.7866444034077	14.4483506915891	14.7368076037359	15.7397324467728	15.3681464654013	15.2359672077318	14.9170735048477	15.0454444180549	15.2487910760374	15.5249166519301	15.7030549197811	15.8297206344682	15.9710175371819	16.0812923905593	15.3648702408477	14.8134058116223	15.1802023173994	15.7720775130269	15.9727039794345	16.0708468941756	15.3678010131321	15.5571760235107	15.638279573572	15.8222696132455	15.9007936109021	14.7272741520535	16.2167680516107	15.0264549686884
M362.0578T403.36	11.8661381951493	13.2472824167965	13.7461404830666	12.7285652339524	12.6830295083207	12.952749246162	12.6814752241399	12.5941470063862	13.1325500101258	0	13.2128912850441	10.6611385616995	14.1489598956768	12.0372691333303	12.2375480350229	12.706532638	12.7254889231521	12.0236450522782	0	11.7641093531283	12.9157597615524	13.0064277419983	12.1512452779583	11.7976669028591	10.940521379228	12.5704386824438	10.7128564341806	10.7634342361714	12.3263272450419	12.75569420874	12.9818843425896	12.7221951055663	13.1213544196743	13.5433014733484	13.55512272359	13.3321125602234	13.6884523574996	11.9829753701573	13.9492400553596	14.0177131379673	13.7562454035179	12.7439251050466
M323.0126T50.89	16.0276013036233	13.393131686469	12.4508331852531	13.8589358121931	16.5196832193679	17.611606794934	16.0212334412204	15.7257255274443	16.5969515691153	16.388904578117	0	16.1194158153372	16.0693532878637	16.7614410992352	17.1629442111332	17.1370421936284	16.8483891204179	9.98066564564953	16.3551917366242	15.0225841092237	11.7398033691187	15.5347877822851	15.0211329187861	15.8199387382695	13.3855960225235	0	16.7981956539823	16.9518950669381	14.1676069623731	15.4226727280015	17.2375101078465	13.1124030011578	12.404262882421	15.165436461633	14.9119469097684	12.5504155967566	17.7246414584502	14.8192078052589	14.4628650967522	17.6037469971218	14.0650898375962	15.3792407891203
M417.0739T293.26	13.5938673281594	13.3351409972989	8.7329344893282	13.9948026296678	13.6814122017318	13.3782339624093	13.592476900372	13.7516991533466	14.2099094364844	13.1001694174937	13.1906920156252	12.1041238286595	13.3926045079203	12.4549885730222	13.3342169607683	14.2450034456154	13.6248059774388	13.2967503441572	13.6232605320395	13.9997920910199	14.0691774722573	13.5583134231514	14.1372868058828	12.7633048718121	13.2123918486275	13.5537900681998	9.76371656850492	7.76508021742012	13.6154574854733	14.6106309162095	14.1077220611607	14.3386880210446	13.7674937460567	13.9254953960527	12.8798810374385	13.0012529837173	13.4827764187545	13.5680785264039	12.7619499055435	14.2344413185422	0	13.3774897263688
M325.2069T361.34	15.9808433960492	16.4394630625282	16.4007713622732	16.3713702484785	15.5796895757279	14.7311570754221	16.2783029461997	15.9318397580386	15.0223511869578	16.2399290837139	16.5402120492707	16.0789732227728	16.2802282209666	15.8844613965143	15.4221188124457	16.2650195066609	14.8853530183661	16.284209908291	16.1731945544001	16.6870011900903	17.1253929372547	16.6449375874756	16.7005828693836	16.3374809020574	16.9236273108644	17.2747154852612	15.5673651503815	15.3212764546948	16.9450751826719	14.9057828901744	14.5465540700977	17.1067246621628	16.5287703783464	16.1837223583811	15.8947884150299	15.9990285235695	14.8891415051141	16.5194131546758	16.2846009672804	14.6659729343649	16.110591776638	15.5010142888646
M327.2331T670.76	18.2779411565798	17.0047805988344	17.7373219047006	17.6608561371538	16.8101790041631	17.8595255608357	17.9665764191929	18.4713925274614	17.8114289368942	17.117666557893	15.9382591471398	16.3298035781774	16.9860613112409	16.6148471455998	15.6087782151874	16.8586943739653	16.2790094510061	13.8128514562555	16.5658247773662	17.2017612685097	16.4820214951739	17.1327403703866	17.9055753287578	16.7829727143619	17.5818021947216	17.4404354209474	17.6040345508795	19.1592131363153	18.2754651514201	17.2288177287404	18.5961193915871	17.4874941831985	17.73021718696	17.5907184424235	17.3667478888186	14.9349844889888	18.3367889489584	18.85494279618	15.6992544905934	18.0249313532065	14.8496802811008	17.3854490519756
M329.2487T768.44	18.3583041352242	17.7662851160548	16.340759129574	16.9988360251798	18.1934117158102	18.6141704276971	17.4575820514036	18.0645491652242	17.3943152522492	18.2902224842942	16.3078923342763	17.392719125006	18.2885211900586	17.7219561503122	16.3367341878063	17.387934098748	17.2835430659733	17.0095733038815	18.3512324314911	18.9226960716928	17.7309372776629	17.89281971014	18.341204086463	16.7459727665293	17.3303174707612	18.6275228563396	17.5559685052487	18.8507163156458	18.19047504675	16.3826234605498	17.7023295526167	17.7163137722262	16.6859846573771	17.6960170049188	17.0829220026295	17.3851929303164	17.453398766804	18.2649675003046	16.7257815958753	18.2092263779586	17.4335132776177	17.9157725194162
M330.1732T330.35	17.1641144128374	17.0335798799678	16.924151074481	16.7805141927447	17.3860636341303	17.125837264616	16.1084442738468	17.2524815428745	17.176367364809	17.2109472049193	16.8571818813094	16.6104235858892	17.1676960327606	16.8714309157033	17.2209996336856	17.5366243519297	17.6330502977075	17.2247812565892	17.3718212245093	17.6301045433351	17.3072984208626	17.4679579575536	16.48085137287	16.0945568171917	16.6022468790597	17.2070279255508	17.6049117329516	18.0795745949985	17.097098936803	17.1829899812232	17.9417081711766	17.9572426469895	17.0088944688513	17.2026140814818	17.5472310056873	17.4661243690981	17.5835998916304	17.3438040510248	16.8613043172463	17.6957289368014	16.5205485418238	17.0546671916295
M332.7517T48.28	14.7227065959478	14.445268822188	15.0962234536774	15.3096058884167	14.3220868060185	14.1344642711251	15.393333893467	14.8563987311277	14.3730814492686	15.163922916499	14.8345693924896	15.4120211185379	14.5329080565173	14.7530985094588	14.507538787513	14.5188922658276	14.2222248375843	14.9695755378308	14.3006661870811	14.9978337318572	14.7430224767519	14.8028621575807	15.0281924747542	15.2011069145409	15.2236554211441	15.1377795086764	14.6531071430839	14.6991947934957	14.7105916571192	14.2102128137611	14.8044512503788	14.9222253540704	14.7568556522679	14.6700870497908	14.724261204131	15.1058928645717	14.4396121509178	15.2875269579283	15.2188134639646	14.5247629586013	14.3116549125346	15.235964343793
M388.7135T48.42	15.468257738581	15.6232447998182	15.6457445707059	15.9013119941034	15.2374742407391	15.1620666441015	16.2521173746563	15.8300668384993	15.4312010437805	15.6661560513834	15.6706808997588	16.037605089917	15.3191174592587	15.719466659009	15.4722660767306	15.593884920855	15.356201624288	15.5531259625152	15.397709733671	15.8170643827806	15.7653100233876	15.5769345956968	15.9845222273425	15.8696386665671	16.1128922258469	15.920520153698	15.2295082944395	15.4301554500236	15.5987562008568	15.3259013937142	15.8291264310513	15.7419034652618	15.7283612538933	15.536617071607	15.667657766603	15.9844414869181	15.3806195128611	15.9091799907768	15.7772727063704	15.3538251165711	15.6773805196187	15.9054865586939
M331.1657T114	18.2569730593106	18.7799698920815	18.8713869972039	18.3915471613304	18.1274096865579	17.8961223253323	18.1193450442406	18.1158906333085	18.6009656882561	19.1001641075176	18.5804240840314	18.1383305278105	18.1363805649016	18.6098729310619	18.314198883947	18.7545563004572	18.3407951157024	19.0656975376901	18.54655363718	18.4778416833452	17.8620562897332	18.0968943150812	18.2383292811424	18.3808309766106	18.2755369458929	18.2081668893909	18.3246304566873	18.3413253618892	18.7429854986995	17.4958531417505	18.6472711665396	18.3464391705714	18.2167054901931	18.1764468329579	18.3715905484503	19.24477011947	18.2488870630878	17.9426345027871	19.4304383122389	18.5181987267504	18.7177364493018	18.6219403855058
M334.1415T314.25	17.5030536087731	17.9078923591412	17.8614044021271	17.2590672746892	17.5489791872459	17.0673585072274	16.8759659178355	17.3976800753543	17.7055695901149	17.6071688613597	17.2324011057298	16.9061714586461	17.6215139089898	17.6965493817103	18.3276457296369	18.2700986219253	17.8517391022385	17.2165184175098	17.5809290674068	17.779702599949	17.3138549364043	17.2167236515929	17.7045461285027	16.9439917861671	17.3307031370046	17.577144834111	18.0548981413218	17.5144107837271	17.6192775532319	17.7821780127062	18.0638987681791	17.7359076333795	17.6576141203869	17.2549051940816	17.1918353062301	18.45513826305	17.9432606019412	17.0506336715567	17.6690001007189	17.5753976907043	16.8733940132293	18.2060518523951
M334.1414T221.76	13.8466388846066	14.1498288267087	13.7151783862146	13.8245599347665	13.4709057657843	13.2055114677401	14.0575314115315	14.0535906308162	13.7166464529761	14.3185810602829	13.1833255584131	13.4181609231535	13.9793973797048	13.8429200912487	14.1111737776747	14.7013061559112	13.2956307490843	12.9842856350686	14.2634805312549	14.2781444093698	14.4213485097685	14.2874578249923	14.5522194381191	13.8917738489118	13.9981076702952	14.3982884277374	13.5827050959532	13.5421513046758	14.2256650456956	13.2347574055881	14.3467503835624	14.1249404936324	13.7726349385354	13.516321494807	13.9185353905558	12.8880341556648	14.4190362148538	14.0801983432588	13.2840339085555	14.156564516694	12.7313235895924	13.786481145593
M335.1528T755.41	15.5568960355179	15.7563966051589	15.2332100528336	14.8080058829636	15.1551436724903	15.3765603332918	14.4796214135468	15.5783557548503	16.0026996003779	15.6408549748495	14.2263763020655	15.356996869943	15.9747112045129	13.9869802722582	13.4998582021367	14.6989422369684	15.8701812781949	15.4195694735235	15.8968023846821	15.8681092414047	16.0719490419568	16.7527099574223	16.4598273498437	14.1866513213587	14.6005926223116	15.9056980960827	16.3969042700515	16.4927300977193	16.4054190705182	14.8334428009022	15.5969018678196	15.8225538336848	15.1471291107654	15.7840873247164	15.5972951927437	15.7049519101006	15.2166765956209	16.2951312463141	14.7404168886104	16.0235553211684	15.1594592252517	15.2474920038634
M354.2522T500.17	0	13.2752749685823	9.57033060448434	12.1415319533269	11.2956106565955	11.6402229244497	11.9526942276907	8.39354766183112	8.36109324715343	0	17.3780563265176	15.0777112219427	9.13275588984783	9.40956357498924	9.29661820633052	13.3915669077851	12.0094707738647	9.63728308245588	8.5015531572481	10.8267135479027	7.80662111341356	0	9.64782307863745	9.82250584497386	0	13.0773391755182	11.6461998837947	0	13.1729361793923	8.74716466028978	11.1349026936529	12.9207024046998	7.44784862986977	12.7051358541154	8.83776011664937	16.5615787282153	0	11.2897777854536	18.5948199655326	14.4069884419292	17.3338332203691	13.9301773093717
M372.2629T500.41	0	12.1161635421396	7.82634904997975	10.8981146268412	9.63552278192345	9.90809581284268	0	0	0	0	16.2281034146869	14.1207565178162	0	0	9.05939210314119	12.1967518548139	10.5484041764185	15.8178322015267	0	9.65680598257352	0	0	7.88794810655134	7.67470820601462	7.27490041870918	12.0516085807349	9.9567548800964	0	12.0467431542835	0	7.32605770850074	12.1451482758147	0	11.9346069364792	8.80136143951422	15.6931814061083	0	9.09089541022602	17.367152896399	13.2267060708982	16.4398907434482	12.9092520686433
M389.2701T500.21	11.2589254417527	17.2061628071664	14.3316274792599	16.0322606633945	14.0423017517735	14.9503847561044	15.6057029106565	14.2548658340926	14.171077055104	0	21.034376508164	19.0240839019552	14.3828545497474	13.6306099824475	14.7384762004336	17.3338124222629	15.9696796191541	20.5540955084843	9.71513938206375	14.6869532479295	12.873499064497	12.9205403476656	10.1041731550052	13.322561005224	12.5969822833277	16.9110890912878	15.8791885546933	11.358317253949	17.1245076243961	13.544725674504	13.9994204433004	16.9758527739798	11.8823070717098	16.6294750332978	14.2435779191074	20.2533991082891	11.8528401514624	15.371609237855	22.0023320350723	18.3371975360282	20.9959050757819	17.9810664028416
M377.996T251.62	12.4703160262982	13.3686674831294	14.2228534635736	13.1727600876039	12.7081059315441	11.4489283529949	12.3682812036312	13.0030768085449	13.8262116317763	13.8839810506733	13.5353612477518	12.0787664554928	13.4328097407667	11.5211993161594	13.0442795386822	13.0156175137867	13.5077770808007	13.901149682013	13.8447789070915	13.5469243181932	13.5598906826659	14.030235559726	13.9185883346621	10.0359402708305	13.4891572228439	13.5657256566953	13.669538227339	13.2151584011406	13.9847550522465	13.6136925125912	13.7586979055634	14.0359830172849	14.0608164219585	14.0178935312124	13.5604542564024	13.1184002863177	13.2121151576366	13.6622386602231	12.7644244081974	13.086036042232	12.826362758167	12.3397913664625
M337.1684T789.69	17.6917246745451	18.1198180382959	17.1594151950105	17.4471932491346	17.820260647368	18.1313807423757	17.0572451638007	17.5471550505912	17.835718199102	17.9744296982886	16.8757568233646	17.7420435290604	18.0001256256195	16.3483932570979	16.3159928198538	17.2327112148976	17.9492015909565	17.7942993112067	18.0933209977315	18.1807815500145	18.366751937395	18.3258759744481	18.4335027647371	17.110018344362	16.9948119321097	18.5026647240171	18.0964072545358	18.6278978622411	18.3805090997771	16.9360427961017	17.730044120586	18.054159988637	17.2409245182369	17.9611065966062	17.4015244188056	18.0803570850809	17.8083205681022	18.5885739056087	17.1105094144369	18.2357921035273	17.7911629992347	17.7860709153414
M338.0519T48.38_2	15.7507126222794	15.2290265947236	15.9071904889588	15.9665924824962	15.720761207024	15.372637043278	16.1440950591729	15.7872423866684	15.6268832434073	16.2014002925871	14.5217614242518	14.9260482276257	15.7506717111709	16.0497617323535	16.0011884610005	15.7810621047084	15.463426585041	14.8104353172062	15.7903030084621	16.2756641721585	15.3650712870973	15.5806916972602	15.6221639575136	15.8516567807641	16.3228413769575	16.456812078508	15.3142504158805	16.042937754718	15.9485248175208	15.7199567182068	15.8911967760293	15.8075825337376	15.6043819172926	15.7482102384381	15.788589338052	14.5138164427683	15.3416636542056	16.2071150528744	14.7079268687682	15.4908614506573	14.1443001262693	14.8803738171328
M357.2803T611.97	17.4279315507077	16.8488632675935	16.6216692688175	16.5850838636918	16.6620441089741	17.7286526386087	17.434051021209	18.5823336154431	17.2585804104555	18.4590435239216	20.5376675833183	20.5251803737312	17.6735686256904	17.3065181525684	15.6615396413756	18.4834062786603	16.6246358273451	20.7446540394173	16.9170078784702	18.9277728397167	14.770057776404	15.7891033482089	15.310392932573	17.6405456538944	16.2428086167776	19.0929206916699	18.0871612350904	17.7546394716035	17.7353268041081	15.3010401941426	16.9829097460666	16.065810371323	16.9152302376565	18.971437322869	16.3635668851847	21.880806307474	16.4327219524572	17.9740211245561	22.172171152455	19.499853218722	21.3655770313052	20.0099800011702
M373.2751T614.75	13.428856956809	12.5159923030819	11.3084701017915	10.7133417009908	12.6011486789864	13.4331059788127	11.6960112828454	14.2719101768429	12.8659507220326	12.4530149899423	16.4024180106061	15.7292991564504	13.2812738041248	12.4919029790598	11.0414767585131	14.4830925881973	12.5036162011347	16.4107124436354	12.2932457524909	14.2745385493226	9.71873493307068	11.2767426115995	9.83408919336079	12.5061113955771	7.80282178100778	13.0641402129882	13.6954097622508	12.5893639182747	13.1708777562153	9.22153469840667	12.7449458709526	10.8874506637944	11.7566892482463	14.0531176125919	12.2368541996723	17.5349647227862	12.373046384335	12.7997194754572	17.2700110796527	15.2902036914614	16.7540912121453	15.5147107520133
M376.2943T611.96	14.3393412183359	13.706001078255	13.5742260709219	13.4114679130951	13.6340274610471	14.5629600415065	14.3235166912457	15.5805685778171	13.9383315428302	15.4623919114181	17.6258938575919	17.5498492735984	14.5922252487626	14.3215478734214	12.7592084461163	15.2690421769627	13.5706463378076	17.6404186518027	13.8404387436819	15.6857738599897	11.845645307305	12.8287465011065	11.4991100393372	14.5393690082697	13.1794936004034	16.0235927166751	14.9586035244526	14.5415689982325	14.5113361160254	12.4545945417077	14.1283836999724	13.1449404728271	14.1136126698051	15.8420549488805	13.2709198763303	18.9535433875142	13.3187062778893	14.7931211220972	19.3401372611766	16.304645624739	18.4017527448527	16.9289723226611
M531.2751T612.14	12.6058290112164	11.4022954088617	11.782063913285	8.77471816562925	11.6063505271786	12.7284236610157	11.855656966178	13.5548501230337	12.2007905940632	13.5735688740914	15.5356003731961	15.3248147200426	12.8925277890053	12.3434957280501	10.3246939300862	13.8119183029128	11.0742252834802	15.4927343276385	0	13.8511297565286	0	9.0102118046125	9.28619374435448	12.9028426752423	11.0196371092963	14.0702297104802	13.2578262368857	12.8082536162992	12.9706547224184	9.47374974857949	12.5175268473886	10.1041388661813	12.2853775706048	14.0178207930368	11.6893851021969	16.8346640586137	10.7401918773314	12.7082698762442	17.2994997043101	14.568496761359	16.297172398142	14.9691114016134
M343.1234T107.62	10.4941161284955	12.6743558893464	13.954067969949	12.4542838263508	8.65884642151004	0	8.92093084069449	11.700411280546	12.0074877545097	10.9746190191176	12.6972751284103	10.2794231837906	10.792161353336	7.22317974250276	11.7156628908623	11.6545877035097	11.7677265123879	0	11.938363264778	11.4048768687101	13.1330368761204	13.7817738881107	13.664056947042	12.8859951269627	13.9019244204116	14.0340691686161	11.290573352732	12.3238682709315	12.9818943535593	11.026101198261	9.97722629880416	13.4626303426916	13.1513735125049	13.9329359213627	11.550427641435	6.83229870653973	12.6219330011708	12.6064366189624	12.2646644471824	9.47955377538948	13.1801875743815	7.01774322728052
M402.1527T107.58	13.7518385368188	15.7389298782146	17.1153377020302	15.2178317558822	13.514746028303	8.89245344918394	13.1585464760719	14.8153591581697	15.1947909514439	13.5799114567754	15.9851605110862	14.0959024447655	14.2941919346663	12.964731351057	14.6559620604829	14.6336230061696	14.1938598534285	12.6983717453193	14.367823940548	14.3224704548349	16.0014358544276	16.795746585755	16.5322715437809	15.9728452678664	16.9962827405739	17.1811768429082	14.2849940044809	15.4063872655133	15.5573819564861	13.9275438729675	13.5095913670344	16.5133031427116	16.2349477873386	16.7768665134692	14.3770835390178	12.573777504825	16.1383642700824	15.6336594791111	15.5071322703036	13.0234121001541	15.7297442572646	12.3933371381419
M507.1986T112.73	13.2400834377219	15.5032879340224	16.7827867365383	15.0406868704069	11.3832594367564	0	12.3523335576137	13.8125460311566	14.4611247199996	11.4729513829891	15.4342621322619	12.6933508064839	13.2666191252866	11.7038687919944	14.1696913063882	13.8110718628361	13.7285713240867	13.2877063772196	13.4272246401058	13.8883261055686	15.3997144113296	16.2179635049845	16.0351771608284	15.6176603279592	16.741676055107	16.8037169928723	14.0067063818198	15.0980768009553	16.0234025435378	12.6890962216953	12.5145628472309	16.016143789409	15.4561377945989	16.3326444393718	14.1918880286093	12.6885527682489	14.2841739368736	15.1576396208846	15.6289408401842	12.5580809482014	15.7493972330441	0
M344.281T542.92	16.4415469013016	14.8286199738418	14.5150901098932	15.5861137921931	15.5402768776663	15.80329039023	15.9465832570133	16.182906943281	15.015267923978	15.447698583163	16.2998399404844	18.0094787372103	14.8923507762054	14.6606912599558	14.7400223057518	14.7415812760553	14.2448442707977	16.255978563434	15.668862085755	16.9177738824498	15.6957907570773	15.4951137846454	16.4443452044659	15.6629612371727	15.5204900570464	16.4221117943939	15.649874663249	16.0540475644754	15.7537886745824	14.6623727981742	15.3716677958996	15.6042975042841	15.7712659231404	15.2981964815373	14.324436019544	17.0627208406363	15.3049690546976	15.9719645717571	15.6530946086673	15.736975809155	16.0518402458313	18.0930297961724
M347.0224T55.84	14.3142601459847	15.9856164450552	16.0206792044924	15.6215370023817	14.4843774114529	15.4904932708081	15.3787872185258	13.613040624158	15.1998242861677	14.4384898609827	15.8570724814744	14.5888830117308	15.0328896780477	14.5228745796457	14.8154809689741	15.7525201190351	14.3156715531797	15.7110129935474	14.2895871174697	15.0593176885421	15.7277930759335	15.8580315882556	15.6660771245799	13.8362643832945	14.9071550864784	15.5101782440406	15.5143696009727	15.2751010258602	16.5188514067767	14.9923412851729	16.4467442008408	15.973044849746	15.5058023534874	16.074510959276	16.8133893935668	15.7690003876207	14.894631683822	15.421859794972	15.8169783924795	15.8498136037033	15.2536259777547	15.9343276405696
M347.2232T484.72	20.0392146884405	18.157581533991	18.1606674734684	17.5917185810102	20.5022302320462	20.7128019814003	16.6056686512506	19.0611167874561	20.2713766850395	17.8444858421771	17.693090971159	15.7936812355306	21.1145826106942	17.8373749487696	19.7869599588661	20.4977855303328	20.2288953807978	14.9070059358908	19.6369191727719	18.3103882568835	18.8958282147139	18.5950049870417	17.1878723433707	13.2918378223501	16.0042834615034	18.6010900209543	19.4826188276999	20.0407783133719	17.4947444373146	19.6595902995422	20.8247947389803	18.5524577450698	18.7436929087692	19.2413987467927	19.4193943652035	17.9339000894316	20.4575052550122	19.7590562108477	17.1034606045367	20.4109287013864	19.1368900074444	17.6403085938187
M352.1793T777.62	16.4442240103689	17.469066744048	16.6627168109982	16.4818975666561	16.4878201196329	16.9442503367529	16.6187040643963	16.2712005153288	16.0658014089265	16.4575844229042	16.1357283931241	17.3873144087646	16.2264697796647	15.1274218678265	14.7433412321224	15.525130927067	16.0892889610861	16.8181621140152	16.9031731635252	17.2106719065012	17.2687784325332	17.6375317244476	17.5831124856823	16.3499281168386	16.6631200714541	18.0898130797066	16.5803399356833	16.5644438727411	17.8901734712245	15.6798202994717	16.4550949658164	17.0606530298714	16.8158788760351	17.3586934205803	17.0398287018074	17.227668453391	16.3560660978252	17.9396452497631	16.4158015227203	16.8293740909776	16.8701123871359	16.8651253150071
M356.2679T533.44	10.2535670229009	15.879857279945	11.8880017483918	13.9113849509682	14.6081800455039	15.3817383019921	13.7647849418187	13.0610050428871	13.3510122962504	0	20.8528161947953	20.769954396259	12.7992445906183	12.5387522129491	13.5375881029157	16.5246214767418	16.1727196480448	20.1533508936443	14.3048088345686	14.474777957084	11.2318710760099	10.4108047715915	12.1805821704512	13.0125957765715	8.77710560455954	16.1771769215273	16.7824609203628	12.0460402627319	14.8007098672183	12.2061381038509	14.7693981340982	15.5421286586225	13.1442725482346	16.2209859605659	12.2643603985346	20.5762768841602	9.67339848652901	13.7734074444627	21.4764039270421	17.3683393601128	20.6240895878022	17.994409673401
M357.2715T533.47	0	12.138068980267	7.48183424691547	10.8452051800384	11.157006577974	12.1429907211975	9.95534780805555	8.01814478352257	9.31031493029147	0	17.4767004847134	17.3456099684754	8.62126767649134	9.74764955790849	10.4142293472034	13.3345383923494	12.3772347062316	16.649730814022	8.18414222025174	9.59125642286399	0	0	0	0	0	12.8450567937296	12.5618339004196	7.70260457139757	11.3390997306898	7.62249972071609	11.298160237287	12.3221402996546	0	13.0348638247818	7.92878425356134	17.1228238131881	0	10.2815632388826	18.0563432175844	13.849790665889	17.2280056879947	14.6342221965304
M373.2752T533.6	14.580434607755	19.5963304270753	16.4150260879928	17.8469275811049	18.4712632625865	19.3131703173979	17.806365481224	17.0094191853124	17.1919219161082	8.69757944046409	24.2736410768284	24.1365186167228	16.7393985248403	16.4590996954461	17.4636787775392	20.1942614609707	19.9731072183759	23.5568393949398	18.2912207028614	18.3911393422842	15.3219725089371	15.4513249735615	16.2317331905904	16.9949164356339	14.8836517332841	19.9917367033668	20.5009490882349	15.7095819872814	18.829794942782	16.0759998966707	18.5894389854099	19.4094738257794	17.0409966922503	20.0827528330445	16.4462974306795	23.9660786895518	12.7479665821	17.7883248292004	24.8682357971898	21.0760385613575	24.1425376298179	21.6109627233799
M389.2703T528.96	12.9833515420642	16.0896764353868	14.1207587419896	13.8173054513155	15.7503204097162	16.6193765304559	14.4490678365377	15.1324078777807	13.9320493562636	10.4948512731109	19.8218043919182	20.1609125683552	14.7002498558139	13.0350992618624	15.0995118616733	17.275990492928	15.6098197292206	19.0726152698827	15.0241774815409	16.2840092417203	11.1522219510724	10.1284891934563	13.9936968317633	14.6893527269826	12.6911429655873	15.214511188051	18.2279665593846	14.4745345398059	15.7345612697529	13.9659183417303	15.7619818555659	14.1296012508296	13.6972489970934	16.0652747091785	14.7435189358524	20.2976041921947	12.4065116291958	15.131175350489	19.9097441891422	18.3697601881066	19.8711402325928	16.0698990472783
M392.2891T533.52	16.0456243632776	16.9845891797337	15.8917687852154	15.163384350401	16.6871399781354	15.5025099528259	13.8324016867172	15.3060247461047	16.1189407372209	0	20.9847596998364	20.7597604811924	15.9240605175858	16.0877108539032	16.1520672904947	17.2714179085818	16.7307578275825	20.2384752763337	12.3444349619293	16.2700396842908	15.7512386879188	14.2857634048043	14.8847563141299	15.2293430079467	15.3891319342096	17.2229156256436	17.1927585451537	15.7035111035124	16.1916348118819	15.8605512693714	17.0290769824134	16.473808184469	0	17.2698817573685	15.0872705009106	20.606045035529	15.1594237621179	16.8689650882204	21.5929196268383	17.5459436710314	20.6955739275889	18.1513190147763
M407.2809T528.66	13.8319335482636	16.7754392138173	14.7781263193937	14.362171505894	16.2558020746304	17.2653051798587	15.5321883201243	15.6821344731305	14.3531209461071	12.1310649662264	19.8687706362839	20.6611815708821	15.5216537039366	13.9462565643979	15.9807530055813	17.9561639035848	16.1949906526767	19.526445955289	9.38037890995783	16.8519510538542	11.7622357724129	11.7685912724952	14.740792736455	15.4090528528809	12.994064703599	15.1308262185441	18.5849119553594	14.9580922811012	16.401940983743	14.399955442167	16.4812059260658	14.4736079898153	14.5224799944306	16.7331987626635	15.2957830619536	20.7461320998198	13.051782711101	15.5743354198254	20.2613717418909	19.0487550850868	20.3275485005895	17.767302903877
M408.2842T528.81	11.8122910877545	14.5402188574459	12.8692745413069	12.0730337583391	14.028048371001	15.1537823532186	13.6265692926805	13.8571322315158	12.661623655118	0	17.9530133715163	18.5345376840699	13.3724266231669	11.7108111997504	13.557268826828	15.8653145384602	14.0085210689907	17.5518889688302	13.3784751203068	14.7486210331905	9.6172613651149	0	12.4401009884082	13.3150926150266	9.28337347699145	13.6174295274829	16.7618356985944	12.9907100042396	14.2324135277551	12.5540142847519	14.3333836016541	12.7167984118338	12.2145069067479	14.5854822665571	13.4016545707149	18.8024452810583	9.44082522033975	13.6108799192222	18.3818002894708	16.8243719722346	18.21139118506	12.917887700193
M410.2998T533.24	0	10.7729216047774	0	7.87950622072729	8.29075105355806	10.5397870356101	9.34454010917025	0	0	0	19.5762171580333	19.0280425842628	0	0	9.15287613698048	12.3205888180283	11.1079160158406	18.2420799294764	8.3577902438179	7.7604434635556	0	0	0	0	0	11.4452554186086	12.8588056998632	0	9.02926824784987	0	10.1061827090313	11.3037912257777	0	11.9387249923771	7.67176042112905	18.8202767092527	0	10.6820554078485	20.2762349814176	13.2044979067586	18.7918709074878	14.5536034907385
M426.3232T533.33	0	15.4171034462754	11.7583211426818	13.4825048129145	14.0827054175828	14.9803141984211	13.549776224727	12.1787490129189	13.056120898754	0	19.9197827864374	20.2321641202402	12.3992021085723	12.6043542309691	13.2166894292735	16.1365031296767	15.6973614233947	20.0069274706849	14.2489631988675	14.1738688302534	11.0726340251389	11.1659109244311	11.6828513403446	12.7271722790829	10.6843231370895	15.9340691923558	16.1747528722843	11.4138540945027	14.5843269585645	11.8725087195969	14.5157397615557	15.0605534161938	12.1947742625377	15.7531440348589	12.4422516459402	20.2662907795736	7.81023900550446	13.5116407972328	20.9912499487991	17.1212511518428	20.306826673795	17.8417554228472
M431.2787T533.45	8.70886612034939	15.6235666551691	11.6773417089892	13.7712378039497	14.4514752959775	15.3920864328902	13.7644868481902	12.6873682638509	13.2925566372486	0	20.2462574890587	20.3635436958908	12.3828963744628	12.4566682771449	13.6027524668813	16.3365560808433	16.0177701509696	20.0065921838019	14.1465901818818	14.4494965052017	9.75286160596629	10.794402627099	12.3101689006928	12.914754017572	10.7769524997874	16.0377163726639	16.3858516012299	11.3229313910078	14.6600476664339	11.5655712510646	14.6088218023377	15.6039792928512	12.6392043739513	16.1962183813151	12.7561956792057	20.3237781864632	9.55926449560958	13.8443223008885	21.2173716883509	17.2672255127694	20.5128940059241	18.0136497258378
M432.2818T533.31	0	13.705175084714	9.96759552255685	11.4481693005371	11.4896112899437	13.1850279181611	10.8379829445459	8.53014449168462	10.2441083367223	0	18.128958578663	18.2395097055677	10.1311480303859	9.55192910710001	11.4930259943763	14.0694945594908	13.8562465235031	17.8882535999725	10.4921496986824	12.2769943068041	7.76467400046254	7.54885558061613	8.5310324927431	11.0200012656811	7.83765190879217	13.9462788968883	14.2704202638052	7.30608398824931	12.3842155428066	0	12.7816212544262	13.5981420551631	0	14.231026431869	8.78294303626345	18.2035427199913	0	11.5341651336979	19.138234836101	15.088308402101	18.2951608643152	15.8895457035695
M503.2344T533.31	0	11.1857718883415	0	9.8723494823833	8.67981828448453	11.0822764449848	8.21039312434966	0	8.60972260197088	0	16.2562278133449	16.0429527271274	0	0	0	12.4483810313181	12.3535417734694	15.6365967643607	9.67165380472848	10.4045375026069	0	0	0	0	0	11.074584271018	12.7550455668388	0	10.806479794063	0	10.4283900961677	11.2261817980891	0	12.1380197067507	0	16.1229226131371	0	0	16.813341012985	13.2457498902995	15.9451264239229	13.8186031716568
M506.2429T533.4	0	12.57929679078	7.66440636045302	10.37792041403	11.2188560644218	12.255336981172	8.76369789091433	8.44515372343154	8.43694658026118	0	16.9330202554505	16.6000108894394	8.92726549689183	0	9.19866107242664	13.0649127758117	12.7502784180025	16.1806371331891	10.2655239036761	10.7022286636137	0	0	7.76675440522416	9.93432820095806	0	12.8146383161291	13.41575573884	7.8293322022242	11.2208262693005	0	11.2643197804219	12.2518626871247	0	12.8413735663605	9.08101316613714	16.5912920572502	0	9.19495667656408	17.2325778978228	13.8904092164718	16.6023455838272	14.426307843586
M544.2617T533.32	0	12.9325222927635	7.63048558847413	10.5154112413764	11.6454096663382	12.6954689317772	9.04516388574018	9.50644962533883	0	0	18.0083713073321	17.7457413170924	8.73471227293031	8.12834201100288	10.3911530166534	13.7423740627562	13.5775836081851	17.5061868086931	10.6430890961007	11.5121195904976	0	0	9.41690664186476	0	0	13.6679169006054	14.1549438167097	0	12.0437129298129	0	11.9613358426137	12.8745141161672	8.527469806979	13.4538641066983	10.0468544027952	17.6074175732145	0	0	18.3788198991041	14.7406897474597	17.6183954398351	15.245402194258
M545.2646T533.31	0	11.2079307668238	0	0	0	10.3129768385203	0	0	0	0	16.2722174897023	15.7697550595282	0	7.98593184600754	0	12.1164259258086	11.900280914221	15.6345493956168	0	0	0	0	0	0	0	11.7338426563538	12.5514633726864	0	0	0	9.09670288441785	10.529889641011	0	11.9843780939266	0	15.8142839397087	0	0	16.8422773449012	12.9660723816038	15.862404560236	13.4084306126173
M547.2699T533.26	0	10.8038859299454	0	0	8.73902886078682	0	0	0	0	0	17.0738171501678	16.6594170252517	0	7.18417318619376	0	12.2556571939456	11.1865640956732	16.4367526807211	0	0	0	0	0	0	0	12.2563919548198	12.8454935140509	0	9.06978929915878	0	0	10.9631770977349	0	11.3954854392182	0	16.6970289741821	0	0	17.5346647777085	13.2497874634774	16.68269417859	13.9713008619556
M554.2559T533.49	0	13.1604481159097	9.0881312997309	11.3581887003742	12.3963550327799	12.8549894080598	11.2159898245827	10.0686958940894	9.58034214185841	0	16.6658028387783	16.2571210049671	9.14674699987879	9.66090079748391	9.17245667766409	13.8161990302874	13.3625468991637	16.2357611662005	10.3863014925514	11.9687752890674	0	0	9.60083640754129	0	0	13.6037243493125	14.3092213200469	7.95676667884675	12.2838654264327	0	11.9705590509516	12.777844940209	9.4231616271652	13.5807604316186	8.51818013707633	16.3835524001251	0	0	16.6608603728276	14.500011942042	16.3841960647682	15.0516272622502
M361.0638T61.25	15.1927251897121	15.9906227114931	16.7605676354255	16.8353531145368	14.8727038713784	15.2773605003724	15.8672548113853	14.0105658685189	15.3965924099589	15.4297551984739	16.1073919997291	15.1180853410772	15.2131154000689	14.9166509499794	16.0318292811184	16.1480744075086	14.4093280900161	16.2281323376401	15.1596281338773	15.8811774346021	16.2906056625122	16.6311185841893	16.8827678973221	14.8422913435316	16.6223332484059	16.6342496446744	15.4479913875857	16.0633276614059	17.0343745170063	15.6240775867112	16.7625219395931	17.3083537346238	16.6735965686585	16.805424367259	16.8213290148574	16.1812351042172	15.4745547581387	16.4882327805195	16.0620574256929	15.643655423316	15.5241160410577	16.7171761732914
M361.1685T779.75	16.6760498105197	16.2405752654045	15.3194483781427	15.4868526651887	16.4599166637939	16.8252554768285	15.8914936547806	16.6536011019862	16.3527818786068	17.1134660268916	15.5611711409592	16.2177606313693	17.0072391130214	16.1156780502703	15.3222388112409	16.0673894785971	15.7833758091791	15.410173243298	16.8295265512083	17.3844496526524	16.6639221079325	16.4363227648221	17.0905700246706	15.9570690620045	16.0443550854716	17.3973888685169	16.6245655195717	17.3753380771848	16.7744786216046	15.2129162833319	15.9497845102655	16.225591360141	15.7122103712706	16.3209480020607	15.6618822338259	16.1454401244121	15.87184612992	16.9502957127349	15.7303621197144	16.6391948616156	16.0679366489854	16.3483134078076
M364.9176T48.22	15.9342590738428	15.4215307311226	15.2109462928186	15.3749159910609	15.804449081918	15.4755309509031	15.4609998865137	15.5904457714662	15.7815700300299	16.2120470200299	15.7151541608231	15.9042090265476	15.524115163253	15.6229981330335	15.7781769128622	15.7979115502206	15.729958740019	16.301258983522	15.7362882472897	15.9718155155747	15.7867306111609	15.6764990281852	15.593585607698	15.7832371666768	15.7381114666155	15.6340528852526	15.725634712093	15.5832770360784	15.606325281461	15.4797871642109	15.4470195079056	15.5559292135288	15.644329835082	15.4961286310119	15.3379287255158	16.2076413016795	15.5148338914309	15.0643032070622	15.9020302939102	15.5919465390597	15.9285954937563	15.9223275395492
M365.0583T55.83	13.3797576940523	14.6381431353445	14.08470377597	13.689382215086	14.4054107642091	15.1497367268686	13.6712518360515	13.5635592201386	14.6752169653426	13.2282210449667	14.4795364521945	13.6060749679464	14.2710118953965	13.5214110066994	12.9093979678871	14.099274999493	14.8649925483865	14.2386530312469	13.7783914844456	13.858612945023	14.1136779650157	13.9299240110493	13.7640779789253	13.296000013901	12.7104828220739	13.7310762428554	14.4060622580972	13.7107560130114	14.4437455742566	13.3116289652984	14.621830137672	13.9500049975693	13.3599339517218	14.6548581817127	14.9078153190664	14.6939426959956	14.5396117353141	13.6877420339154	14.5658554231786	15.6325723584072	14.9025619853379	13.9746346970332
M367.1518T210.7	18.2209604714531	17.7134292234943	17.1178875656259	16.100024472576	18.7157472873711	18.0398450059705	16.3068615940618	17.1761251806716	18.5747089185364	18.3823359444155	17.3472854973813	16.1531083375096	18.3529821266122	18.2354608115913	18.5873443013948	19.0411816548428	18.7776893964713	16.7399721897962	18.6501848832085	18.1449847117036	16.8690121601	17.3553988822768	16.9564998621118	17.0119957181969	17.3100815148205	17.7120456152408	18.1577962296112	18.9886549765307	17.2748899345479	17.5444691907425	18.7185472721232	17.0153902015032	17.8069939922792	17.3730452239145	17.7119016654126	17.7542809059288	18.4236431580835	16.3073494133805	16.3952723774602	18.0391548344632	16.9098782476682	17.2809225097529
M367.2479T352.07	16.2982848464246	12.6151535998102	7.93090923361112	7.62347573405768	10.2543159701698	12.965948677331	10.8156599758428	17.7859915988694	10.7298781980327	15.539928384823	12.2036008251217	13.6569878344124	14.7050087146624	8.09218181906086	11.3413310431999	7.61446911198266	9.63416219254374	0	15.8230095365877	17.4322967185419	17.9720896504637	15.5549975451004	17.5235208176974	7.4861807412604	8.62075755564792	16.1374033639775	15.2116065505466	17.4633110205298	14.4172291540722	8.1070012832969	6.77423320038867	11.2027459258591	11.3821986702501	11.6663212019385	9.05837814545905	11.4594083007999	0	14.0737684278201	12.1337618278631	11.684784171302	13.1533266015736	13.5451358495478
M368.2811T537.69	15.1194113304171	14.1607198040994	13.6678588116417	14.575854801508	14.8596212697371	15.128236883716	15.0845882361743	15.1124176751942	13.6700915505401	14.7564578443548	15.3867922940423	16.5003784246935	14.1515004205455	14.2011482648715	14.1693896178828	14.4332002329372	13.2338684843388	14.8872160938671	14.6938779621708	15.7807364150855	14.2857047971057	14.508457050744	15.6075789093126	15.0119855474741	14.8905805843207	15.5709017215952	14.4991444241359	15.0794265372824	14.8223877513548	13.9723694871071	14.2507374498709	14.5436886935393	14.7747430933278	14.3380614688297	12.9528584420605	15.9106331597889	14.2197345010904	14.5939461940391	15.1513694776015	14.911482809164	15.4357236679543	16.7829568042918
M369.2105T310.85	13.3837385913947	14.5344766792104	14.7437456507245	14.3826066311868	14.4168430826516	13.8242806488569	14.8893292812073	14.0659259784407	13.9356822149649	13.7966801383611	14.5754289138583	14.4050085162119	13.8475230137347	14.2320902250302	13.9287098295818	14.0502936779117	13.6943853667942	14.1093537613551	13.917741415209	14.227792211827	14.9162418491869	14.7825479978856	14.6077340397359	14.4236148707308	15.0631461854671	15.2212385021184	14.0107549524033	14.1518521551001	14.9523055436035	13.3226251249158	14.4798691420117	14.7936457978714	14.8727660472868	14.7898152550746	14.6944165733611	13.8215993188972	13.6438956761499	14.9775668728228	14.551620514847	14.3002299266395	14.2786895576162	13.975683109264
M476.7506T311.8_1	14.685092377393	16.4255349045146	16.3753815342246	16.2454306382051	14.8961676790931	14.8719313003794	16.3130547603842	15.1412112041401	15.2090725041355	15.0156694946393	15.7721702303267	15.7869652973882	15.018961038217	15.096246537265	14.9128149831595	15.0504276512622	15.1110441594928	14.7702520128329	15.0424835540756	15.2098772543734	16.3871112433574	16.2650982477991	16.2293283112762	16.1595017802345	16.5105909591726	16.765476701887	15.1631349068201	14.937912156004	16.4404116508745	15.07608168762	15.565466875303	16.6312659255288	16.3233464109356	16.3629420995903	16.4230771282924	14.7107426325776	14.8709300819488	16.64232057183	15.8473152079816	15.2842599407692	15.7652088831153	14.514992252777
M369.3535T1194.96	18.5829996002924	18.6143220027526	16.550737261011	17.2193806353941	17.7800812489664	19.0411075010514	17.3995926872761	19.9219251387755	18.5216778213317	18.6192058940083	18.7255847265165	19.548695340111	18.9093984290249	16.7561206552736	14.6873457594877	14.7936401971465	17.2980754232608	17.0259077355311	18.4193613606892	19.1624499095058	20.6319816949575	19.6603331992185	19.6535420967161	17.1449988748867	17.6173640176393	20.381680325692	19.0847099784835	19.6146548984932	19.4861762895768	11.3784249426362	17.6394559185955	18.4541653617386	18.7645662494148	19.0506821120841	17.969043408548	18.7393196523617	17.1147668744234	20.0510892870989	18.873900836453	19.4455096704736	19.706366948483	18.637634424105
M388.256T308.42	14.0627781911624	15.8139117421916	15.4733766224946	14.6390699418901	14.1387617238233	14.3481661165005	14.6008187853914	13.860937131698	14.5541494039331	14.9908115685347	14.6891487361791	15.0783936038532	14.7991319521872	14.4413124847078	14.1760363992483	14.7906849024944	15.0871960039776	14.4678042686953	14.2546765346736	14.2990498019371	14.5865560704401	15.5069238314826	14.7320257968139	14.6970833788632	14.4944398770715	15.3113889486108	14.5395230647768	14.396538971171	15.4827637773664	14.9971877712889	15.1556974692823	16.216572856916	14.4114171514783	15.1561098189146	14.7542686809853	15.1980480156734	14.8306596245664	14.6295479610224	15.1936748342796	15.0541057303708	14.7006511295778	14.9207075045367
M393.2115T308.45	14.1991601931521	15.5230775239899	15.1286255485025	14.3771336813346	14.0392119190513	14.3419240304874	14.4610552368693	13.9804444215337	14.5791602259715	14.6862192436558	15.0492464912502	14.7037019054019	14.7570313417192	14.29024704854	14.316842486666	14.544711715303	14.8301694553596	14.1266762526946	13.5803967046209	14.016830837585	14.6858524326868	15.409616050031	14.4558009537965	14.4456480180809	14.5310946657448	15.2559406394406	14.6164585805495	14.3008014627368	15.0899505993546	14.6830463827943	14.9893863839401	16.6108450855609	14.6888349425165	15.1707848524447	14.6964206551087	14.8365767918971	14.6584041505248	14.5858892562872	15.2885923776822	14.8775942829352	14.3880254699047	14.5910346132052
M394.215T308.34	11.385283518338	12.8395874544669	12.4281949253786	11.6997901168266	11.1120189550776	11.4632799002484	11.5719865739471	11.5377528746168	11.7588811402796	12.1313000568163	12.4497320131363	12.0558299438759	12.0349811109519	11.4243841356764	11.5805439427395	11.6148683259788	12.2066695781827	11.3167844736382	10.3212039003445	11.483850296952	12.0615523640483	12.4067399372618	11.654912268169	11.6182036789689	11.6978601210658	12.3923762773149	12.0806591510207	11.6540249626828	12.3556449838123	11.8712615715372	11.995590945493	13.8481884999078	12.2151203925206	12.4825115173735	11.8615751027727	12.1559943241427	11.8475585839492	11.9180091428838	12.4573382013007	12.1996830287633	11.5015045595052	11.798702684044
M389.2709T1042.55	11.0411709533213	13.0955247846168	12.6134191736557	12.2158750222685	9.11407359281451	11.0336630045091	11.7003407333401	10.8753108423973	9.6452724189232	0	13.0209695778706	12.2111585945273	11.7190088014436	10.2036016937978	10.1625267546626	8.34344856019503	8.2034104224312	10.8332261464583	11.149710755646	10.6037534066556	12.9057784249918	13.1099668991941	13.1364170623944	12.6193151806465	13.3732362408748	13.193279684401	11.4908458119865	11.3276798614641	13.2204783450668	8.64304449679278	10.5034166495667	13.1005853406157	13.1976565940622	13.1055308605978	12.6713601599752	11.1605952361182	9.89574808871164	13.2586753151954	12.6046609050877	10.2003614381473	13.1225849189057	11.4800846929475
M372.3124T590.76	18.1508382649327	16.9392112135891	16.4081544486343	17.3449060849618	17.8833764520517	18.2479256341267	17.8483562674893	18.1664053922048	16.5673693560749	17.3409843513985	18.507355039823	19.5720575465458	17.2996910676196	16.8250821274943	16.5547380489857	16.9008269992759	16.5276697957807	17.6925133833471	18.1630422833428	18.9139659160604	18.1868085182905	17.5900434602003	18.4836836599565	17.0334977290375	17.5207552399723	18.9644271758093	17.897256611144	18.538227751529	17.6720725018891	16.4731976104646	17.1730715776561	17.8558498722879	18.093223969398	17.6140755128176	16.6812028114448	19.0618115372015	17.3726633063251	17.9064389733439	17.727214314671	17.9692368237917	18.3478167897361	19.7402960867895
M446.3289T590.53	13.5498825613908	12.2261934914331	11.4046334866113	12.8592811291566	13.3110047075645	13.762613911029	13.345743232892	14.1199373716799	12.4991567688564	12.9580377577694	13.3687595864499	14.4281508670267	12.2622461267623	12.1162140353385	11.6231109648036	11.3844700167376	10.7375912848875	12.7815413253036	13.1673338272635	13.9043025869989	13.1747798623488	12.9445628781713	13.6559630637673	12.4103821744429	12.5043261688172	13.5254034030752	12.8078295734001	13.3894875174108	12.9006946455204	11.2863964982511	12.1196659024462	12.8491607572876	12.7408364450316	12.5439545967789	10.1720578395258	13.9674065333691	12.397472831599	13.1359002193817	13.0123925653295	12.7990586433934	13.386617400705	14.9835359212954
M390.1417T275.95	11.9113715391067	13.1192381707358	13.5756627280934	13.4875399550429	12.2719867683422	12.4775133959362	12.8499723853903	12.5258075910407	13.1271842410267	12.3201518078098	12.3847180636694	11.8498601413738	12.6726980812556	11.486068470336	12.7268011384396	13.2507452607792	13.7767287870907	12.9383532602812	13.7600434571571	13.1438206292275	13.509508949209	13.6227296698753	13.3870796124231	11.6420215678731	12.6234922307353	13.3709511072	13.5843629115645	13.3232697563154	13.6389686652668	12.8425703630748	13.754249406154	13.7259492815471	13.0853034689821	13.0926476986161	13.5285033562128	13.2126382682766	12.2937730569898	13.3686382600932	12.8972919940511	12.8150549644502	12.4693062926705	12.7997655886621
M395.0972T275.93	12.239315696391	12.9534270509662	13.4331137115942	13.6616324186621	12.3170828707931	12.2937459455216	12.6031749322867	12.5594108090925	13.3412214853337	12.2731288872135	12.3808353960492	12.0935768161889	12.2648607320686	11.367488355242	12.7163323650592	12.9725647380831	13.6339783943498	12.6985845109917	13.5835071453116	13.1220511419392	13.4633239617967	13.9337954768736	13.3072214794293	12.00587383199	12.8357111126076	13.5079516097064	13.4768105653375	13.3421531015377	13.7037709465926	12.6309560391512	13.8163138187073	14.1553393250058	13.3381532530984	13.1737482344411	13.4897682032802	13.0068852667827	12.2814324502286	13.6204080858514	13.2066291033953	12.9895481671791	12.6050968112389	12.5373589255336
M373.2749T489.01	17.1796146312506	19.0090093946108	16.6932616085071	13.1722054872415	17.6860552701455	18.495547359824	17.0126146886398	17.1799203578068	17.3999454750908	16.1372474230765	22.1437246839848	20.5045342443017	18.0955557320299	17.1816656129181	16.6959738810343	18.2454797437996	17.5902309760968	21.5466120554573	13.9835384452278	17.5718776564398	13.9786062652474	10.8794987416027	15.4869862617333	13.6152666738269	15.2550071211569	17.5954879097513	18.4622647749387	16.3036440866207	18.800082853172	16.3658851993546	17.190589004634	17.1596087442542	15.4097257945775	18.9687645009747	12.2560379490806	21.0572081214481	15.7266387155476	17.3544482346588	21.4421817161176	20.0591074903768	20.8015364786124	19.3086256717644
M374.1094T66.62	17.4808362633816	18.0729787017114	18.039415011498	17.9396961218391	17.8737158327935	17.9830097647307	17.3304089293695	17.1803070542198	17.7649841774411	17.7809079915738	17.961115706126	17.5697230875627	17.4689058633943	17.4463771401797	17.6177311791188	17.9520470107582	17.8202773219576	18.173820923247	17.8676855803361	17.707614779768	17.6486919791248	17.7110833069249	17.3965713544799	16.7989351717891	18.0120979532067	17.8645942661001	17.5305226543678	17.9065524548166	18.1363904804801	17.3839314524495	18.2115006995609	18.015653655335	17.7290662393275	18.1288948754694	18.0440481330036	18.4644088345688	17.9292112848358	17.3646912439863	18.3620722515062	18.3441716708134	18.341994598846	18.2867899505655
M376.0757T522.01	14.8617137352678	13.9531553171075	14.4508924120294	14.6846502090012	13.3813636811447	14.2461246880955	14.9031005636607	14.5850348537121	14.4860619691746	14.5808432909059	14.4309582073327	14.8167296968963	13.1790081762762	14.1223996862151	12.3587918504035	13.8696621176056	12.3692219650651	8.74673380126887	13.5610551774021	13.3534685583914	0	13.5852465758571	13.44737851458	13.8219650031623	14.6508955004998	14.8565781245393	14.8526068844503	14.443481802851	14.619328890593	13.2417756586606	14.6681512492126	14.3775405173948	14.973152703459	14.2782997830128	14.1064211719854	13.1493627918552	13.3745797387655	15.1833563809014	14.5279328827957	14.6286516904203	12.8618824198144	14.1612537099873
M377.5799T522.08_1	15.7034362276024	14.6670053235559	15.3657426273153	15.5549576975909	13.6774555913804	15.1088992112595	15.740446203951	15.4301670671983	15.3803131515073	15.3044099980766	15.0586307020754	15.7353574654718	14.1804361725411	14.8836408931457	12.8943893262227	14.5281181729723	12.9052850255395	11.4911104492786	14.0799704673372	13.9815319326941	0	14.5025252972138	14.8533779661969	14.467043010979	15.4497931610899	15.6241078490698	15.9377878426767	15.4778417817179	15.3960277105043	13.7801351959362	15.686777883635	15.1083788410722	15.5206155199637	14.850754296505	14.9908280902481	13.7674809698922	14.3390380797982	15.9293492841417	15.3601536349247	15.2552769636422	13.4868023041854	14.9561288234375
M377.1636T677.5	16.5578037011239	15.4478867109834	16.2623247501774	15.9413347483636	15.7717810833174	16.6268015667279	15.8925753849009	16.8994299694553	16.412854163405	16.2162741336739	15.3573815188663	15.8090097812232	16.1167573546221	14.9931206430936	14.2716371549664	14.9477180375725	14.8141432405151	9.11139393910161	14.8359899873789	15.6381216132755	15.8046516154346	15.0643574777756	15.9177757144536	15.5301609994031	15.8560747798535	15.3678844792859	16.5936362819606	17.2206664631266	16.4326520492292	15.7910687817171	16.661815074592	15.848308025832	16.1574708942203	16.0008215348189	15.6321824157202	14.1574345841711	16.3609773937576	16.5706240732791	15.0195714934147	16.0445082271592	14.1098567236372	15.9447783142759
M470.0203T269.16	13.6203149246123	12.5581183488622	12.9097236303207	13.2830539875825	13.7643379968837	14.2098526993084	13.7574175622373	13.8171694736776	13.9356206475952	12.9278534961932	13.2837656195669	11.4950412591781	13.9654335853554	13.1392581889406	12.9035025198337	13.7636277263414	13.1407404822043	13.4855922737484	13.4334445455521	12.9305437509583	12.5945252632487	11.8502900886676	13.0965335675129	11.6590572683424	12.0207744324957	12.910018773512	13.4302062645818	12.5987151923638	13.0803168656063	13.3285943609906	13.860635838155	13.7224774231421	12.9159594171741	13.6775467203975	13.4502378426213	13.8271636383035	14.7345526867804	12.4130891685489	13.5863196976249	14.1325355534814	12.1597693130235	12.5572309960786
M378.7334T593.79	12.4348618012187	13.0876361947986	12.6356649701574	12.4669663097663	12.0441856848253	12.6706042048317	13.3832280292679	12.2674833651863	14.017509171766	12.5224166541951	12.3220181054397	13.2447936974302	11.8641742420206	10.2872077284176	12.3432981475389	10.8909146929358	12.7210741964454	12.2301686654739	11.2496477530325	10.5528130590396	11.4728173984796	11.458950627968	12.1358597771384	10.8920099641384	14.5342408911182	14.4614514336682	11.0220888470767	11.8660086943356	10.7121722274867	0	11.9962622690303	12.0595270570346	10.8707346715754	12.0156407507149	12.1529382734514	14.2069647815925	10.2406602369863	13.4234431047562	13.248153181649	11.9722203867918	12.0796557265693	11.2118410060477
M397.7673T593.18	13.2902048051619	13.785094101311	13.5659956166831	13.394870325999	12.754765809136	13.3991819835076	14.2247893426372	13.3148830680027	14.7917574746221	13.490680189152	13.1871615171226	13.972302415228	13.1033932496177	12.4762991422948	12.6308930524341	12.3484438201216	13.6902764592264	13.44710662467	13.4162734730892	12.8006369623437	12.3086285396	13.012208529939	13.0355183284446	12.6455599828735	15.1787485900524	15.36876089641	12.6945330041616	12.5255952945875	12.7905363353268	10.5068302261482	11.152258140958	12.5958061033059	9.85231469831552	12.6781786609723	12.8682550042073	15.3519718556031	12.3307455075161	13.651164227882	13.8641484658099	12.9257638603696	12.8622231836325	12.2328265761798
M400.2449T593.2	14.6098008204305	15.1093443097585	14.5131436978364	14.9214086049268	14.2279552213589	14.6000047688033	15.5072342572126	14.4200696495091	16.1612365081346	14.6962052485209	14.6233764363734	15.1388924112049	14.1241148589607	14.0125394752248	14.4959391962383	13.3555102813636	14.9549568241682	14.3235870067196	14.425359940827	13.829055507076	13.2600563459322	14.3227897369335	14.12106961194	13.8162796496941	16.54677273063	16.5753683477041	13.8427886779925	14.0512681979444	13.7302639558961	12.7900129453543	14.266441361741	14.0704993553218	13.3521781260937	14.2239931817276	14.2250520373552	16.2879578255629	13.7105494903887	15.2830624466562	15.4164821427523	14.1951522477007	14.1573566577626	13.5318273593355
M400.7466T593.18	13.3324063425564	13.6929037993584	13.2614439170539	13.5537802045713	12.5603423694453	13.0348094335618	14.1463841206169	13.2298053974917	14.9461949144117	13.4925868232526	13.0443009422646	13.962569254316	12.8424868539755	12.7197527143814	12.9965263302005	11.8685167597539	13.5507768239724	12.7770155772181	13.1883290587182	12.9317586048736	12.0952032580422	12.8610226430496	12.7835889091323	12.7617210725774	15.3313536294738	15.2340824924862	12.1054473865569	12.5943227234455	12.2220707082172	10.3586201685137	12.8272436437063	12.697018667222	10.2715512154292	13.0837273652148	12.8019159515912	15.0403160960712	12.0099803949462	14.0398898428012	14.0739179721111	12.7458919862081	12.4247508510355	12.6347159167362
M419.7808T592.57	13.6136096616232	14.4007679506573	13.848430171519	14.0735209707456	13.4819046882135	13.8388208788925	14.6097350375575	13.7789045263409	15.1831776758401	14.2169873707617	13.5703408386004	14.5276977732368	13.3087244614241	13.047594981735	13.1599352138597	12.2655555199478	13.9704834216766	14.0331559591465	14.0677568077103	13.2301129224299	12.7650382357306	13.5322209416779	13.3198181929744	12.9686911479134	15.4187344263781	15.7583265411466	12.8716665907757	12.9479639731724	13.008651525787	11.9209104421202	13.2782979141507	12.9799029586686	10.0068831558964	13.3657881233167	13.0105488906831	15.7785870436564	12.5463452963743	14.4688683991475	14.254157978769	13.2144657714669	13.2248791027854	12.7007708916969
M420.2824T592.49	12.3540160435984	13.186914551779	12.9234054415056	12.2875184651906	12.2545942184401	12.6665365217247	13.4865857552485	12.2885365671335	14.0523347136755	13.1903352929017	11.7424639038093	13.1045796051856	12.166122617883	9.64120155766838	12.3992907973334	11.0818052939848	12.8374219536008	12.789884183938	12.6768608347151	11.6336191717144	11.2289185398957	11.7228934794584	11.9754050646386	11.7361440771821	14.2118580303174	14.4846296537164	11.9371715823241	11.1991487859315	11.8250944414663	9.28144590154641	8.98893680347813	11.8398365361601	10.2821397580053	12.1304649139965	11.4687051073276	14.608978144664	11.6370307167927	12.7588557185714	13.1998626233127	12.0056652947838	11.2863284421517	11.5569477306119
M422.2581T592.51_1	14.791528956572	15.3504887032979	14.9153614952507	15.3934739575186	14.5508121211722	15.0506305383466	15.9477482064465	15.0052413826438	16.4829333370726	15.3094260741601	14.9906105059076	15.4714785520249	14.6503579173474	14.3315645642486	14.7300223730674	13.5842321992678	15.2832407257387	14.5702896658725	14.8327808452846	14.4251954635981	13.8336058705666	14.7653239032263	14.4724520612681	14.2048636661043	16.9092497230357	16.8844286864017	14.0978980375621	14.3157472789299	14.1418195986874	13.269719595556	14.4365736383341	14.5920580609484	14.0439722324004	14.5532554422074	14.5215202258602	16.6604486211671	14.0735467131563	15.5435799153084	15.6106680929587	14.3500370289419	14.5227180530174	14.1877577005017
M441.7934T591.79_1	13.8073522509347	14.4415387149173	14.2433981446075	14.3220511326186	13.6152044403167	14.0721105471075	15.0467970903993	13.8122911942804	15.4259052021445	14.3034247450995	13.7660247139067	14.5574846642355	13.5579674103202	13.330245685859	13.7109603509872	13.0426878853298	14.397019634246	14.0907859306273	14.1254107115587	13.4853664755014	12.8983326323859	13.6873894227738	13.5088649413487	13.2799929497795	15.9311811969046	15.9080762152706	13.2813614290471	13.6227746012011	13.4889912236057	12.5713241362565	13.576970258986	13.1647526036423	12.8390422726159	13.4350391586083	13.7936230946982	15.9888474061121	12.8099840795667	14.6246737819494	14.6066196133093	13.2824405576631	13.4537497771659	13.1034336539678
M442.2952T591.9_2	12.867202551247	13.4650925102231	13.0792351217185	13.1077189105348	12.1394800241587	12.9792361731447	13.7760161771267	12.4365434452106	14.3630059399118	13.2943827891471	12.5661788252437	13.4454915679388	12.757793690248	11.5903510051805	12.4771514212114	12.0269752277356	13.1260559072114	12.7596972218094	12.9910629195288	12.6887190692861	12.0319400785271	12.6798025437243	12.465793122465	11.6297181060995	14.5791185187124	14.7998125911829	11.0614323444788	12.0417120361441	11.8821288086575	11.4940638347136	11.5862006209183	11.7340326160402	11.5546687727177	12.1998133541371	12.0659797774526	14.8740857495159	11.3443512437491	13.6441435885941	13.3673055555727	12.6000021325113	12.2859368486491	11.8734444952912
M444.2715T591.88	14.7273262351495	15.2385944824212	14.8269634511517	15.170475812291	14.4603508680259	14.8609460721388	15.8567764927413	14.7532688908902	16.4174407772724	15.2631181437993	14.8614706412119	15.4988199049675	14.3742424211376	14.2191133918331	14.6561461110011	13.548866601255	15.1262363231068	14.5774825742211	14.8413097818841	14.1303963194336	13.6735749701195	14.57737686614	14.3963286275003	14.1420229405313	16.8721111264041	16.7708305495577	13.9738352825772	14.347544096191	14.0639344936668	12.8605462795185	14.4174236438402	14.4191291502359	13.7265637325355	14.4268697708057	14.4913737624626	16.6817914833284	13.9551012426695	15.4439444754023	15.5540731817849	14.3842781767797	14.474562338878	13.9406804494259
M444.7731T591.78	13.7210710197827	14.1308757416919	13.7287336342126	14.1294901336993	13.1306840866553	14.0179230967358	14.5804497257292	13.8079367441615	15.3137386780814	13.8440427530871	13.8546566748013	14.3398081884049	12.9146959569489	13.0264587089741	13.3076108420461	12.2595893607836	13.9913238037728	13.4035269513178	13.6533425753272	13.3928072915557	12.725276367765	13.2774663321384	13.1716859844786	13.2157659253092	15.7749994530442	15.511193670232	12.8353707274901	13.0578043210219	12.7880270215973	11.1409104511367	13.3001916230422	13.1531340018682	12.2970454255808	13.4670706162159	13.1622290696384	15.5657584049547	12.6418849168785	14.3156816358296	14.4316018179344	13.1684149633969	13.085856104659	12.8005188788364
M463.8068T591.09	13.6191910301005	14.5200699031138	14.3971535937959	14.3356690502573	13.6053698914502	14.0041258330064	14.8921810246438	13.7647842678011	15.5240518371616	14.0830038092426	13.8396527203242	14.333979366668	13.8484922437856	13.4726889631143	13.7448972750722	12.8555234701497	14.2484768352539	13.766097517531	13.9353438343581	13.5657641761992	13.3011631619966	13.3874631895801	13.6195425234284	12.9448054319405	15.8253431455672	15.7432426029983	13.1442861514175	13.0367083269563	13.1436117076323	12.7957543031628	13.305436788336	13.2327016394878	12.766660534724	13.0701416680621	13.005228368578	15.9717518235356	12.9614772658747	14.5229890818113	14.4743755530161	13.4090734562191	13.3962144320801	13.0478946796485
M485.821T590.47	13.1924422825114	14.0519106006348	13.7172420354173	13.6430255690705	12.8058299543927	13.516606280474	14.5112301249122	13.093936826079	14.9675513081365	13.9484464776925	13.2984980993856	13.8072631180322	13.1321803978757	12.707724454273	13.3428064248277	12.2901963448368	13.4396251057012	13.3703057045608	13.5756688357017	12.9001112738351	12.5910365697154	12.925628158095	13.1012456569675	12.5213751000148	15.3835678694634	15.3623022096592	12.3764939134699	12.0315172923755	11.6533618491156	11.8729358559629	11.7708779651012	12.3659952224348	10.098595937335	12.9488055745148	9.85387050822736	15.4389853000232	12.6028360883573	14.0402721345173	14.0779773128803	13.0779821358085	12.9642663860987	12.1538664371931
M488.2972T590.37	13.998211510926	14.4606810894588	14.0641959026141	14.399608009546	13.5792997387968	14.035495593731	15.0669545416096	14.0538358883945	15.5457848137928	14.6101271770431	13.8969171648113	14.4966742970482	13.6511250109617	13.3727501020085	14.1110230521709	12.7989383501726	14.236599292841	13.6376733552052	13.568703111538	13.3923851845454	12.6688390379779	13.6728830744031	13.5682715158151	13.1034151466259	16.2299429745206	15.8076510454489	12.9007494526501	13.3626225588537	13.1861177375749	9.97164724571724	13.4072003933559	13.6436367102717	12.5403081245685	13.51856006415	13.3598015172777	15.9525444897995	13.2905734475477	14.7689765210276	14.8064676585027	13.5369281469627	13.3093423676076	13.1225453149279
M488.8003T590.38	12.9237659338097	13.412895430574	13.3870787230421	13.4573600964668	12.7177623266292	13.0719766112198	13.5432833729039	13.0199920990953	14.501730865269	13.4814710786827	12.7476311878268	13.3617080216602	12.6065094338839	12.2313304025071	13.2242346420975	11.5995291856106	13.4606454869915	12.7224759499309	12.618815127014	12.6990202707548	11.4218514004065	12.5643937846191	12.5089334528161	11.034024237548	15.0933322678919	14.7344200489082	12.0911831241245	12.4403619443798	11.8227743477767	9.95959556035942	12.395094374692	12.0641387808002	12.1479481889139	12.0830230321587	11.1354409164684	15.1949144534129	11.4422053131207	13.5382727819437	13.8280877528195	11.9537658426208	12.8264015755055	11.5882022397655
M510.3121T589.58	13.3483664582841	14.0039962534201	13.4177336543548	13.9042104653131	13.1856431618951	13.6383296675385	13.994556928299	13.37176774355	14.7894750562282	14.0621281226066	13.1742366479619	13.9750391382164	12.8119620448827	12.0922000608797	13.3116723169737	11.5350763368223	13.4186230007155	13.1279468295259	13.546318970023	12.773773393324	12.3126258219475	12.9837584746608	12.8194535355942	13.0615414985663	15.4929313286412	15.0614204703486	11.9792516713579	12.5104058421956	11.6247831592115	8.85950518226044	12.4503793033588	12.9591418632594	12.1820455918253	12.9807042312184	12.7932690289914	15.3479855991329	12.766381813995	13.8947822756176	13.9672271825225	12.2527468781437	12.6317310803207	11.9513889363893
M380.2108T828.37	16.7558225782823	16.9827797150267	16.1989602026626	16.4535076005645	16.7198238902772	16.9140607186771	16.3711124176491	16.6701760817905	16.6770301613517	16.7340361504005	16.3575057806811	16.5903406729503	16.7148227159575	16.0246361477229	15.8542185069929	16.2917173350727	16.7204740140477	16.9993959922038	16.7543548677262	16.9721890861029	16.9984667627299	17.1044499570484	16.828929739835	16.1439003526147	16.3653242601005	17.2607077386864	16.5471783996528	17.0920581426585	17.1010439129971	16.470433785408	16.758663323571	16.722188300215	16.5741149433021	16.9666133381285	16.5642033097158	16.9689607849629	16.680996881918	17.2429642205667	16.3524867418067	16.8146204255502	16.6929683239891	16.6095657552001
M381.3537T1118.8	15.1838263965978	14.7767718329199	14.4005984509024	14.4474699073285	14.9511075315651	15.2444798956936	14.4742676506061	15.4562750253973	15.1503292457179	15.1923470396324	14.4355504079659	14.9248930754513	15.189302889389	14.4580698392233	13.3623909770483	13.9658618335634	14.5297897583537	14.2735219448255	15.075982751758	15.2234333008794	15.1135691239617	15.1051150439294	15.0377936437631	13.9893875339223	14.6022345650481	15.5705071310174	15.1986802057328	15.6382108469168	15.3207309210189	13.7081408731442	14.8236939129175	15.0403207301692	15.0089104175515	15.0174474435542	14.3623032682512	15.0868606863878	14.5864696155886	15.6064117896786	14.6504366266447	15.3104059341816	15.1436944950349	15.1724205654449
M382.2733T622.11	18.4001836288024	16.9183427603445	16.1939217607339	16.6844455463638	17.9561287002711	18.6704529382151	17.1230081750299	18.4439926157934	18.4241024156723	18.2825471297406	17.4280665172575	18.378664091447	18.00604671765	17.4965854197088	16.2792166564939	16.8887157756472	16.7118377064682	16.4482423600501	17.4849471575795	17.6809290251442	18.4070778746017	17.2959666204218	18.0910533571933	17.2983172546244	16.8368724395129	17.5310141275141	18.2823263272599	18.2470867447419	17.4611191732647	16.1098966629596	16.4583126451489	17.3348866363038	17.2698956913166	17.5097070637011	16.6422373961852	17.2782178225605	16.9423664872091	17.8797003162649	17.248961197824	18.1412390216589	17.8107373274417	17.2557882954622
M384.1159T161.77	16.0578857341638	17.411611995442	18.4901373434073	17.3861576551269	15.8788485490105	16.7133746504506	17.405328627686	15.7981032380663	16.8993243365589	16.1889586412366	17.0498563132957	16.7698957195199	16.6077464362491	15.815356798692	15.6344851007089	16.2833970079627	15.4655445675778	14.2997075192405	16.0217335922689	15.9885512302433	17.0318702700256	15.855746377615	16.9314764355916	16.6420824927878	16.7596147785523	16.3707548893295	16.346965098289	16.285060710364	17.8092056165152	16.2670277067338	17.3574912555903	17.5347711505179	17.0516214941894	17.8372730756673	18.0525032361356	15.3594743466886	17.6467751811162	16.8559666117105	16.6670238606981	17.0557245387244	16.1044451464147	16.3952965596705
M385.1687T768.44	17.0248749675531	16.3175124126519	15.5141908213161	15.8829466628478	16.808735086963	17.0490966327289	16.1474159504386	16.9423789539876	16.2514768938689	17.070808506547	15.353232656198	16.4215127392421	16.999338967106	16.3383798349821	15.1315556140166	16.0371983283732	16.0717557069938	15.7499859394988	17.0253143831767	17.3276252463392	16.6940843042273	16.6801394958609	17.0595920133228	15.5856052186784	15.9902358769214	17.1987692209504	16.69333324428	17.3146205862522	16.7248909298031	15.4183603489442	16.3101965137791	16.460807854033	16.1248791131295	16.7026797602541	15.8843003769489	16.2059591860507	16.3371687245099	17.0686057383822	15.7268360185809	16.9115075588021	16.0852496446489	16.6001368069048
M385.7624T341.26_1	16.7386001373538	16.5649731980222	16.7561622394125	16.6379244587327	17.2126676260003	17.0633250453889	17.1694584112444	17.0327025043253	16.9685745888001	16.9232209284202	16.7686957240937	16.7720805516567	16.9304611062469	16.7290997545778	16.532660815985	16.6831828586019	16.8027963601923	17.0456211882247	16.8142573829923	17.2067375384473	16.7627193319315	16.6514998048553	16.718587616914	16.8981086278296	17.224254558111	17.2920330118705	17.0737792367096	16.6083475828956	16.895696516241	16.4156334242803	17.1173921596765	17.1564737423921	17.0007670916085	17.088244493246	16.7314053123307	16.7465397191477	16.5650850764742	17.2862512203412	16.803052991764	17.0844027213791	17.0211209423545	16.9715397075539
M437.9746T63.03	17.7760848398695	18.1054804377686	18.3577808184205	18.3674251845826	18.2163749252844	18.404749955025	17.9046460384586	17.5109699853288	18.2227246979655	17.7426958896584	18.4461331752238	17.4719354358615	17.8449677230766	17.4406324920596	17.7359197547072	18.1016718728054	18.1632756950181	18.1888468015964	17.9520660870664	17.796882189701	18.1145633795567	18.0704492969508	16.820272308509	17.0218291060354	18.087174532185	18.3358595406609	18.170549282006	18.1168791814433	18.444201301892	18.2103778470286	18.6149321706693	18.5922040471628	18.2429156809743	18.4303846749072	18.5130424978698	18.3035461670631	18.3504853108888	17.8933590275556	18.1963519205765	18.8368598835494	18.3962648476371	18.2928745787685
M395.2218T822.32	16.3601330531789	16.5876956268858	16.0980016155334	16.1270681684023	16.2907011488366	16.3752367061987	16.0920347054917	16.3262248921319	16.4773201851939	16.4290405689245	15.9886319524677	16.4257114685023	16.5683508762835	15.7591813499259	15.4235509678247	15.9320824539776	16.3575794225203	16.548593404926	16.4829024754488	16.5393329528219	16.8403826776629	16.7676239858163	16.752618201748	16.1269147064309	16.1899198471547	17.1023562925489	16.4412096637451	16.8312611683175	16.9325685529841	16.0334942232035	16.3465581007734	16.538067610597	16.3278768754805	16.5570185796568	16.2665609611847	16.632561139137	16.3140250868103	17.038933356283	16.1881834207633	16.3970955397379	16.3483819593399	16.3742876043905
M415.2133T587.81	21.0966699695929	21.379240373324	21.2601753633184	21.0991386027141	21.0332414962261	21.1998602195545	20.7047843600851	20.7808209435449	20.8325653212448	21.342366053225	21.0362531939767	21.4901842687792	21.2484013252612	20.6108523958487	20.6645758839657	20.4562171511342	21.0666942140652	21.0843290088199	21.4999966687012	21.3413516799848	21.5865167863702	21.4656623345893	20.7876872860823	21.1737592743725	21.075330191313	20.6225165001182	21.1112230280693	21.1759044978888	21.062799953382	20.7165188678402	20.6058674438321	21.4617095447031	21.249514786918	21.3064842739917	20.7820994565131	20.9515385497009	21.203821777703	21.1428071347932	21.2158854136944	20.4144358879099	21.3704263881058	21.3387535323892
M398.3283T602.5	18.0205122683711	16.2890920929057	16.1640527905707	17.2058624281565	17.8759991211441	18.2094541522895	18.0391559705561	18.1260616601568	15.6421887813506	16.7726347010399	18.5055596931881	19.7452611377445	16.7154332294502	16.7640943534773	16.6519417528185	16.8768771200682	16.2721674013697	17.8168048221219	17.9980917203799	18.8712905402677	18.2036585583844	17.4431046930176	18.5487799169098	17.2070672171664	17.7296747645807	19.010643364129	17.329235298521	18.1778134052618	17.4744381986181	16.3606994820712	17.1447527757342	17.6857935969134	18.2007542871016	17.4717206547314	16.631968638564	18.9722679683831	17.3207198857193	17.7479020699427	17.5290768760069	18.1121413514026	18.2890836197259	19.5373769593385
M400.3438T635.04	20.6609357949975	19.4037918397581	18.7608083454343	19.2527155504926	20.0204603434992	20.5663167091545	19.6842298543262	20.7744558637833	19.3355654442736	19.7460201281279	20.4392827604035	21.3005096384374	20.1559102813024	19.3185923210963	18.6248025187178	19.2207659875153	18.7515698016261	19.0795039338294	20.2079485971774	20.8033305500123	20.6237721546228	19.9293528751126	20.5210083502117	19.059953440887	19.6940132950048	21.15137569573	20.0494039274074	20.8228045480135	19.8892106061263	18.4068977417836	19.1487162779132	19.9427803692623	20.047284978341	20.068832883821	18.7000396507302	20.4360573883901	19.5952012866495	20.43609522122	20.1156302459414	20.0708544529934	20.7061089604325	21.3240916728193
M402.0529T48.94	14.7279299673717	15.1980810054262	14.608811413887	14.379697883709	15.3816018057832	15.0654354162289	14.0513721048608	14.5974038228868	15.2220896632211	15.0187116629192	14.3641205379273	13.1484133484812	14.7810452861806	15.1890738516184	15.0384110046679	15.3421935545708	15.1896396523566	14.1272223130498	14.9684516051432	14.4281634053415	14.3795881374055	14.7074786851056	14.3131196042935	14.1745983942606	14.2049509702245	14.6207786991028	14.8942175263842	14.9532165141371	14.6669742908844	14.6719806905537	15.3351947893794	14.7946418539958	14.3330214407317	15.0910852097156	14.587054120685	14.3721636230744	14.4462990101846	14.5252785617216	14.4082723302366	15.3127317901823	14.5365571755488	13.7186465730364
M406.7132T99.33_1	15.9008240714324	17.8356217981007	16.2705918543071	16.7195794949195	13.5459210671559	15.6590645201587	16.6262491368733	16.406476580601	16.4864130053712	14.8038074906682	14.3165567041514	13.3940968973597	15.678163415937	16.6825910065656	19.2274644064676	16.5507551496963	18.9271135294461	12.9110253527758	11.325386327654	15.3104524433867	16.0185149615573	16.102449743701	16.0624345422906	15.4647948255875	14.4479457645236	15.2794732473658	14.0503328780078	17.0216020509725	16.0696501870655	17.4283623530563	15.1166759315369	16.0420429445	15.0604924378466	13.9225252132743	15.1648147641063	13.9841499097508	15.4797346856629	15.9509457588151	16.3301925569802	16.4724302322309	17.4337249003081	14.9755494471861
M407.0449T63.1	17.4162551021193	17.5967359563804	17.9742862065034	18.0766323964049	17.9281167294426	18.1783333071094	17.6084293263375	17.1019088240215	17.8331053343011	17.0814317601527	18.0010012019563	17.466806182829	17.2994836891839	17.0017246788383	17.4837744089666	17.7444060948191	17.8367369684673	18.0665048109214	17.634883426946	17.9017174391788	17.86272673785	17.6130739135559	17.2566168739004	16.3803658132147	18.1002633522092	18.2192262155133	17.488123911296	17.9244919204801	18.1323227548051	17.5353695633468	18.4198783781744	18.3750407616076	17.8471519393445	18.0666640843584	18.2023428658058	18.2503231578405	18.1653266461149	17.6406430448203	18.0665051926323	18.6111652585107	18.2869515993143	18.2607871884786
M408.0095T49.01	16.8234602126759	17.2643027957679	17.0023429479579	16.7479147286918	17.0913409424074	16.7400802867091	17.025238464187	16.4037461333818	16.9916046585	16.3219602406812	16.9311097129335	16.2352748602616	16.7699726058178	16.915510618459	16.9116140054054	16.9441872744365	16.3046391320681	16.07034528773	16.7484979917386	16.9707020195322	16.9537789571824	16.2283181999513	16.989378217497	16.4293353772588	16.8000317763068	16.8542306733555	16.7432100468103	17.0261808839975	16.8223351965515	17.1989886255557	17.1866854076293	16.7571346440669	16.9219457011553	16.9562468966372	16.9957132141197	16.2320663714691	16.6305128748103	16.5619517245885	16.448032791541	16.6183000525935	16.4728626795952	16.3435443304055
M408.2263T309.26	15.3165679363149	16.1203469609468	16.3148509012838	15.9676796777115	15.7889247747167	15.538261520691	16.1883150274615	15.7688180374507	15.7084649928652	15.7906122195655	15.5126445860518	15.6782329834888	15.8555928417348	15.9413776883159	15.5868061152654	15.716003142402	15.4756951952986	15.2767382509353	15.3973732529408	15.6766330184337	16.1541172394779	15.9987374697749	15.7476735197191	15.7457110567698	16.1499068515937	16.4053706159127	15.3685349057543	15.7268614254977	16.1688337710123	15.3236992811909	16.1017013042379	16.2439949650136	16.1088458666628	16.0695578026281	16.1673449909796	15.4592626938985	15.5654564291476	16.2721280265997	15.6172549302927	15.8762796715368	15.5297707970662	15.1038125128344
M409.188T229.81	22.056604601044	21.9581522148204	22.2506247329141	21.6014389763048	22.2266610584663	21.8271215666906	21.6327362447152	21.6554565510043	22.1182676868255	22.6869185401836	22.0209919329999	21.5803615732599	21.602102008874	22.2742386469902	22.4595400191432	22.6789163166869	22.2665223114765	22.0215110646611	22.1188033026676	22.2636483080923	21.0577541483086	21.5500823657138	21.9951709713875	21.7621968904924	22.1863947637744	22.1014077950909	22.0264145901405	22.074546921455	21.9159804907752	21.5038866252124	22.3618031496194	21.9764174395173	22.1470832029762	21.7687827188211	21.714201458784	22.6093481692344	21.9513539638187	21.7568796603782	22.2471288018903	22.1086649811308	21.7956841212158	22.4129930135887
M410.3366T840.36	12.8593345953668	11.338906160338	12.0355212307681	11.3061890816797	11.4196200739711	12.4854489343739	11.7440979954366	13.1053015408563	12.4786405559601	12.1648892348292	12.4224123505031	12.1497762364996	11.2273700765103	11.0233904680176	10.5623245053489	11.2391216176091	10.5796399066487	0	12.1470936285798	12.4544062330997	9.79030084142981	12.6690512288232	12.8807261435619	7.97612590470597	11.8380161235498	13.2272504856032	13.3020825616708	13.7964084840761	12.860813135466	10.7988257891528	12.0225956793841	12.3365020790651	12.287253905081	12.7900364277933	12.2403326661831	12.4263544690759	11.2346889769441	12.4333989253794	11.9231758718393	11.754935615658	11.3626078096784	12.3934587633502
M431.3154T840.39	15.9177914955778	14.4812399414844	14.3975099382708	14.9167263444926	14.9244355858281	15.5876280244282	14.6877658805973	15.8950598701296	15.640737869358	15.1477066907664	15.017002534834	15.1833018078919	14.0208433375509	14.0730799955135	13.6779754316027	14.5679841472152	13.8039910549287	13.3001791675221	14.9824584801826	15.7574930670633	13.9896891462667	16.0154415626974	16.0230550969212	13.3900841296604	14.9866088564586	16.332238837767	15.8248121022042	16.8822523927261	15.9724477262933	13.8279048003312	14.9475900143733	15.4308524365267	14.9641561471218	15.8379895419608	15.3722370213726	15.5155966633464	14.1768659948021	15.8124322939366	15.1761470688069	14.7415224390663	14.5371207784713	15.6037038327216
M410.734T404.93_1	13.8171694779642	14.0165097918571	14.3208806058551	14.267576784596	14.4132376774608	14.3269155084928	14.4094421057814	14.1067709427349	13.8770828162199	14.0738575918689	14.0588292500357	14.2363141469671	13.9495486552323	14.1100542188587	13.5381482607985	13.6555122964219	13.8085721184379	14.2059533256789	13.9085428424765	14.202991084426	14.1079397689923	14.0703272180865	13.9080617625542	14.0515062998732	14.3428326976363	14.3606136047565	14.0738797427106	13.7375817467292	14.3609288128913	13.283281008187	14.250826999628	13.925916308294	14.2253907906519	14.370927075945	14.4235373950211	14.0875652147693	13.7063969573255	14.4828426705966	14.2520375586554	14.116749714574	14.1403185955743	14.0686455404208
M411.1202T597.28	16.528657073256	15.8067444857729	15.1124975901649	15.793986524067	14.6333000482215	16.1822816683662	15.6889488637716	16.1394696963146	15.7558569086177	16.2095234447524	16.002801154782	16.7651782982563	15.4747784769031	13.9013030058582	13.875233998105	14.1478944282946	13.3970440127594	7.64583374333164	15.6262807295826	14.7900344981407	7.93268232274364	16.0385170666791	15.7288003575184	14.9678581710072	15.8895441646227	17.1430655846336	17.0471888646937	16.3729265482697	16.7218741806308	14.2022352800629	15.5832777778585	16.1514334622335	16.4716166469983	15.8216428704483	15.2383402540641	14.6324649720931	14.6414874505852	17.6623469950322	16.2461694753818	15.2017884220623	14.9102394892716	15.9022066010998
M412.2117T343.64	18.2359628288624	18.4719193948844	18.6466849807933	18.9449401017696	18.3364715394365	18.4804739403417	18.9601456178341	19.033935881234	18.5614449762738	18.7692737376892	19.3334868468342	19.1737594558029	18.5469413819533	18.700919879939	18.8481023807192	18.5217378574271	18.4642272327168	18.9560361733064	18.4371713605575	19.067990037847	19.1711699295681	19.0122168825474	18.7690625801844	18.9472927888193	20.1987825440252	20.4465117646886	18.694499301779	18.9253702530814	19.0966461219928	17.965050946871	18.4724303471369	18.8881501488415	18.9218724699854	18.6941228462171	18.4938817780157	19.141383846566	19.0544357763926	19.4376366316042	19.2489464985828	18.8971257784873	18.7213778863902	19.1086311803913
M435.1972T343.65	10.9018612250438	11.0342799118454	10.841573866452	11.7869044702355	10.6955727531322	11.0233470458519	12.1344161084101	11.2050910915487	11.3682873477191	11.3239378329173	12.0747812670447	11.6435707872664	11.0377078031719	11.4301043003308	11.7866100376479	11.3988246992967	9.62479699325812	11.4641900966456	9.73530744859657	11.2011671948602	11.6365070277338	11.8485684644851	11.5512429419206	11.7902238961552	13.3990862667432	13.6817733290245	10.6237064263199	11.6976075733519	11.7878169972205	7.95461786393263	11.4003876113745	12.1427030870035	11.7343047068528	11.4540404182019	11.4464518682805	11.7165431116694	11.9679850247766	12.3676390412293	12.5237991405887	11.7674460561276	11.3212700153006	11.8252490338647
M452.2045T343.6	11.6307748651243	11.7069848380492	11.2668603604863	12.3308547038974	11.319086757641	11.5127598704986	12.128250029125	11.8348151760043	11.8443548745228	11.691609700213	12.3232811794224	12.215300440271	11.6119149341294	11.5871499386156	12.0518569814543	11.7783257635395	11.6077971535745	11.7740733364265	11.3192101233891	12.2359931937732	11.8842792376548	12.4406009714097	12.05727979447	12.258122673932	13.6723003399664	13.7845394783018	11.4674812185985	12.0722382802274	12.3475195119213	9.67790877165196	11.3974309995204	12.2519078347454	11.9533733287881	11.8936757214743	11.8336154164127	12.0157518481778	12.2182104473742	12.751326510357	12.5904562687235	12.0646328716128	12.0974867588515	12.4409410827902
M413.1872T255.93	14.060300666502	12.8234491111745	13.140370492928	14.1038094036983	13.1638166765006	13.1599699241736	13.8609250023896	13.2022195093125	13.5101583043293	13.058410451921	13.0554363540261	13.7513115190116	13.6409480611882	13.0124778692207	13.3833183482553	13.5186138652428	12.3709683706444	12.5178156143785	13.5759848875956	14.5440395429984	13.5595357343678	11.7928532927062	13.8750915121251	13.6818915097963	14.055678936217	12.9356573662214	13.6992371915807	14.2755109114932	12.9440825085628	13.2831633333651	14.6209037954449	13.1746141104405	13.0453956232584	13.6969887121039	14.266909498342	13.1630435440576	13.9256811443888	13.8441617408343	13.6280122240754	12.9160124854444	12.4900763655981	14.2000327866193
M437.2379T319.09	13.8823495273017	15.2275781382463	14.7133007548587	14.189729915955	13.8460261982409	14.2558578343912	14.2904380189118	13.7040576222267	14.4714012759752	14.1785662859455	14.6071329810039	14.5730958829148	14.1701156431983	13.9878235754258	14.1989324341924	13.9509472069652	14.568008070271	13.8472332793523	13.4669737611343	14.0286155298642	14.3670569206498	14.9698980499409	14.0430763356633	14.2200879702948	14.4384061420126	15.0518411515723	14.0341134190125	14.0157290623518	14.8336482773334	14.480148234981	14.7476027560675	16.5918592119587	14.147876345969	14.7970944636927	14.4213448961661	14.4306733325641	14.2936407925056	14.5270643680615	15.0042404637499	14.6602156652977	14.2612232464974	14.5169145557908
M416.929T326.03_1	14.5987561170671	14.5700260407874	15.6495191302734	15.6457641936815	14.5009334996567	14.6533914236738	15.6010915740415	14.6719178932279	14.5200089876149	14.1256187416933	14.7268924358712	15.6479206507808	14.2113326396687	13.7233443625009	14.390878872152	13.9707452917459	11.4991008452651	11.991633523429	13.0580827443533	14.439671402479	14.5597470984706	12.7118462265353	14.6122087478747	15.0592919266571	15.8463640492077	13.4794555355341	14.0440609385182	14.935137073205	14.9098684704823	14.825181091959	14.93879712736	15.3533177056394	14.7230253659223	15.7027733105356	15.3148488313591	13.3630859664113	14.4634937379292	14.8915502229052	15.000998419821	13.7651226643435	12.9567162319318	15.0237592818535
M420.4263T325.99	13.0571676016547	13.594789871605	13.7060422890873	14.2884056755441	13.1857818961334	13.5012099852175	14.5641984296438	13.0689492771003	13.1343969470703	12.4159095912858	12.6088646930124	14.4565486900758	12.7166657569877	12.6602306550797	13.1851097025474	12.82373294775	10.9018995142863	0	11.6746324420909	13.014098957103	12.8212268273334	11.5833168529007	13.8042940680984	13.9975962342502	14.6831823618608	12.7374554320995	0	13.7612909494614	13.9949523245197	12.8963270673954	13.8326385382105	13.9641723767876	12.9184957457358	14.3656348799494	14.2888291599149	12.4733248036158	13.2652797280335	13.5911681197919	13.8153386686157	12.3114969334201	12.2525154486799	13.6950913500098
M418.1954T91.05	14.9095520758434	14.4353433776351	15.1734400364713	15.730359533676	14.2216719324975	14.3779241718256	15.213419036766	14.595615550767	14.8443938480216	13.792538697585	13.7742467114901	14.979168062328	13.8145237135178	13.92820142893	15.2160443164912	15.0588189892648	12.3239173213903	13.0561442613454	13.5767891770726	15.0772951169334	14.2084407415326	12.6944020721141	15.4450174143355	14.6890190703519	15.6566468991522	13.8425134378033	15.3008905835525	15.6110399646351	15.0655904087402	15.0465319184837	16.1388776228028	15.6973248364809	14.9568272173561	15.4770634834988	15.5879641683745	14.0317276731122	15.0312810119373	15.2366152447465	15.3192007902334	14.2339104162163	13.0552354557167	15.5020589027247
M419.3153T869.84	15.0332348454142	13.8957069782643	14.1427880762568	14.4312723791342	13.6861052612443	15.236082951172	14.0874938415972	15.6218914809338	14.3521629096171	14.7992848466913	14.3245766094924	15.5773030373874	13.6579293719918	13.3531814365012	12.4521912375225	13.5297074233209	12.7312033606458	13.520703014135	14.4046718229859	14.3984757979472	11.8612977539174	15.6483353473398	15.4666739499591	12.911430446936	14.7306547780249	16.1884915355689	15.1891954245793	15.6614554319625	15.9520887508121	12.7037379098986	13.4864780600204	15.5266558589456	14.7876043847807	15.8110241942921	14.7464138488675	15.7322610406647	12.505989642962	15.6999756208063	15.1942082329915	14.1288410315047	14.0542371519086	15.7310499461324
M419.7302T327.41_1	14.5911874965785	17.5219119555996	17.6731184275261	17.4591299191421	14.5399848546461	14.4838392612342	17.8432673369529	14.8352068677517	15.205300246132	14.8191975963483	16.9649354357487	17.1175381891758	14.8994274984151	14.9585461465252	14.9036246744937	14.820682475223	15.0248833016876	14.6249841978717	14.8678880315906	14.8815999186666	17.347558008424	17.0960252442028	17.1535920108103	17.6935760197444	18.0655916736264	18.0183152703886	14.5657898075097	14.3069602560043	17.5258479053355	14.843491829706	15.3461907525136	17.7644483056237	17.735216045611	17.530780135928	17.6052755282171	14.6477875969584	15.5140570378528	17.9671528172264	17.1558393809198	14.960943703458	16.9533180686756	14.5332405291844
M420.2369T307.39	15.7600197912029	15.7763346095606	16.0333415698436	15.942913390646	16.1312858517121	15.8134938325236	16.318234851091	15.9512715288182	16.0316306599118	15.9307861727187	15.8147982436885	15.9821258660324	15.9811861356078	15.9496947038749	15.5793791990561	15.8334445409291	15.7774466411504	15.701463732477	15.6694479385859	15.981186841753	15.703659919217	15.6651693273562	15.5700624191157	15.5469765117462	16.0122805815932	16.1619544674957	15.7792722826999	15.6636627925491	16.0250761423826	15.6076831195043	16.141485430466	16.1252614942625	16.1226665445483	16.0289555978702	15.8064346240094	15.7256621971801	15.7103011528329	16.2961634373976	16.0480097805013	16.0616857351797	16.1475444408775	15.8043641928104
M423.1874T568.81	15.4770572753425	17.1020904090284	16.3607056215286	16.1671429203745	16.9620831623293	17.0272077130937	14.0917467895808	13.4182229489976	16.1564451469422	16.3593468335284	16.9888186677849	16.6574289959354	17.6647233338531	14.5771708441987	15.8275891855856	13.7021006985751	16.7251645322986	17.0775348546651	16.4572709034647	13.8590042208432	14.4900068105772	15.685621008438	11.4043976701991	16.0852256613831	14.7965972140599	12.9009479870683	16.3401854006289	12.5632557825113	17.0101765953294	16.5769527228814	14.6323421905891	17.2876018214977	16.5851499497393	17.1682656659736	14.4566370989673	17.188699660934	16.2144479077431	15.8111503775475	16.8699183348198	15.5056354324714	17.5806182608879	16.8263257442011
M423.715T368.08_1	17.0218140838758	16.2588577099517	15.7798647098591	16.0101020275473	16.7777908212543	16.7839410626595	15.3090222119694	16.8591758355895	17.3130891198571	17.1426202742966	16.3921576215864	15.6371655882918	17.5747098035995	17.1573993374386	16.9408854719991	17.2107393414269	16.620505098863	16.4449403136134	16.9047399583583	17.3134996262774	16.5251117916022	16.5252998820784	16.1652667308078	15.94643448008	15.7821296778767	16.6076290324007	16.792646246235	17.4512814199719	16.4048266965387	16.1790289513544	16.6245086499509	17.0446061094146	16.3505037235997	16.1810892995703	16.6058804178263	16.7668232990101	16.6992345532983	16.5504377910852	16.1854464406834	17.0609120044625	16.0488459420369	16.6439181908612
M423.7526T340.17_1	14.2722660204861	15.4033515061619	15.5419230924792	15.3492928969914	14.3506884720494	14.0445704337861	15.5410973089256	14.2537812996361	14.1871196348438	14.2368273913839	14.9036836437347	15.1345175107019	14.4415112950279	14.8890076340351	14.4901338483084	14.214721609292	14.2132640603051	13.9397475171889	14.1304206882261	14.2818531602211	16.0101040359208	15.8973481292535	15.4183141053248	15.2590119380385	15.6721973349109	15.7296585230386	14.6618743462929	14.7891330016598	15.5747670655456	14.2941993981035	14.812631195732	15.432839651497	15.5373393524159	15.5231114915886	15.3391873500707	13.8138656878233	14.5059653267466	15.8116220620104	15.0704045188506	14.518498765472	15.0677179079995	13.5895080913672
M424.1673T326.05_1	15.1805657550292	15.2370271385758	16.4617178909718	16.1512956007602	15.123864838913	15.3677047704512	16.0333034053792	15.4810304078392	14.9119396559574	14.7330897759302	15.3952760432699	16.3488071554575	14.6602407133928	14.3889139978485	14.865925530223	14.6680482393052	12.4604440969568	13.0543422727909	13.7587930264546	14.9926448971983	14.9404626570762	13.1985223638833	15.2876739209054	15.804008346041	16.4712042841688	14.1164326429956	14.9374402828452	15.3853553757237	15.6816116722487	15.5051055091961	15.3720286060635	16.0955181625222	15.4471326131118	16.2373800203313	15.9149363975396	14.0068014812316	15.0652200033627	15.4159218430181	15.7337631005907	14.1315677245206	13.8266275297345	15.621339431111
M425.1704T325.94_3	13.6697819213174	13.8667046730221	15.1025572784934	14.707619614844	13.6957933415829	14.0686706591753	14.5458995619385	14.1777843395419	13.6981567204488	13.3527761347238	14.0643411070773	15.0623596166188	13.5907633041492	13.2079614507538	14.0109940412613	13.2617167640008	9.66593808059846	11.435518920484	12.213857647729	13.5796321948822	13.801157054491	11.8228212047616	14.1680698488601	14.3915440442779	15.2172218210394	12.8315447915704	13.378538574696	14.0731049617049	14.3337406729769	14.1469562201343	13.9954803519555	14.9280177529984	14.103162291569	14.8833795835598	14.5345172598222	12.8556848925544	13.8695985238467	14.132556338143	14.4469744853063	12.6802188861092	12.4483668423284	14.4290668904332
M562.2227T325.87	12.8655245364439	12.981361789119	14.0546425608725	13.9998191734522	13.0532638353377	12.9143456471338	14.0953859704991	13.29026601544	12.7401751793589	12.0474000433692	13.3211860085787	14.3036002162522	12.3735460323963	12.5542947210195	12.7537337303056	12.7058780199138	9.32240806051543	8.19790300747334	9.43104405927532	12.6273607753202	12.6677705875642	11.4342364115235	12.937877071755	13.6224615990202	14.4152177297182	12.3123850270277	10.8480901477069	13.437733934453	13.1999395505874	13.2249984510969	13.2062766790455	13.8312393567054	12.8681710401742	14.1276678734311	13.8396216961691	11.6463284616308	13.0098812997964	13.0779350511063	13.4339895009552	12.5507768695422	11.6253846736759	13.2423567647743
M565.2209T326.07	16.1470841663913	16.3084383926509	17.3595668273252	17.0614633678418	16.0086134952859	16.2038060634121	17.15075038099	16.2585123440575	15.9530672572763	15.5401974336986	16.096299809618	17.5244978130951	15.6789947742865	15.2965555648964	16.1564448291113	15.5168390800071	13.2268800099139	13.6011750351953	14.5191239964445	15.7082577033497	16.2440287719161	14.2971698835762	16.1110423710497	16.8314888344622	17.5723073702662	15.0978504030175	15.6051431692189	16.5554370233575	16.6387306358069	16.3249747949988	16.3872904172781	17.050320333982	16.53359168903	17.1697504890501	16.9074858618562	14.7863096302953	16.0727565712666	16.3201021535439	16.6471747538486	14.804148897286	14.6457407589409	16.3497514156266
M424.344T615.84	17.7549197238624	16.6179018808832	16.1132481798115	16.7144727047101	17.4515960228476	17.8506444800273	17.2962097519387	17.946560308671	16.3229764124914	17.2607452798378	17.8551115063185	18.8737580324442	16.8767824588027	16.579788705367	16.213417595479	16.7722444301117	16.2167383026686	16.9391072280381	17.6467454159032	18.1374414454174	17.6557933955499	17.1338625224782	18.0901837106312	16.5582446503249	16.886410598112	18.0414771577215	17.4334379627422	18.0612385068688	17.2938909658114	15.9308328459169	16.8269757603405	17.2933689529273	17.3544782231382	16.9365330998871	16.2883195873501	18.2781200064999	16.9164671182856	17.4242932686263	17.1792904803649	17.6446217397079	17.9721590737074	18.8055492971318
M426.3594T643.59	20.8159849852819	19.0267045378817	18.6356954842927	19.2560103652421	20.7936705913831	20.9805612114323	20.0337083732908	20.8475151676199	18.6276601378848	19.6851965278822	20.6018261429775	21.5480834303416	19.8665985519713	19.638778005213	19.2576350131087	19.6541308132385	18.9552184796126	19.5977201878202	20.4749023753283	21.3616549602292	20.6625799686155	19.8317673387487	20.5386467484055	19.2428415568393	19.9486517321163	21.3777820724803	19.9321599737758	21.31813471924	19.9559495308718	18.6884617695785	19.4917362380788	19.9945200977942	20.2771642708152	20.0688179345648	18.839693769097	20.8993271816254	19.8770676512062	20.1577898103093	20.1761061275821	20.615764259579	20.831863458848	21.5419648097954
M428.3752T675.83	18.258261717111	17.0393953506411	16.5871501067258	16.7912644622349	17.8589666563951	18.2970532817113	17.311131494614	18.6793843582694	17.3229584632694	17.7997813099786	17.9152342442507	18.9165799103691	18.3865793461472	16.9866892093244	16.3173325813948	16.9645604413576	16.3768740775325	16.6123189354167	17.6530721730559	18.3268362688978	17.9877851876862	17.352786448532	17.6559429503431	16.9518448403734	17.0108517551006	18.5084696853414	17.5313671454087	18.9298449452815	17.508194959413	16.160869110598	16.7993268061669	17.1907502804245	17.2657235668033	17.5139624680602	16.3078360632639	18.1647102575199	17.1758356688103	18.0397858464036	17.8984188090157	17.9613432105147	18.5414911539988	18.7055327360925
M429.3752T991.02	18.5041496376735	20.457455049679	19.5411780893528	19.0981323648737	20.6861725342243	21.2685877423045	18.7327017527147	15.6164053793579	20.7226521028353	18.676638019454	20.0056525249133	18.9723256159911	21.6038549526306	19.2461083760485	18.9907863544037	19.817677182173	20.6970824891639	20.0464662203465	18.8668083539741	17.2741572899486	18.598663173888	18.8226326045307	16.2083333925362	18.8044109120261	18.1869628220319	16.5101775111077	19.6296819183974	16.900002462026	19.6942876735846	19.3082454554305	19.5642991003224	19.7514326386862	20.2350399186972	20.6664739057322	19.9790947746576	20.5439927093125	20.4280303742602	19.1852885392692	19.4384644717094	21.1235842913358	20.9118864401258	19.903182942941
M432.3904T991.02	11.3818333359366	13.2892083197997	12.1794078405661	11.5137470754286	13.4026898426633	14.0234914738586	11.8586559026809	7.55121843730724	13.2709116841137	11.2830661196708	12.5046975481374	11.4508817080694	13.4328128469031	11.9798422073639	11.8683297658054	12.6093713802051	13.2843018090312	12.7405004441036	11.4485474770414	10.0592543395319	10.9938183108775	11.1929492590197	8.27090656068999	11.6497979849973	10.6783441296082	7.84593133584109	12.3666078643225	9.03874565847956	12.4578065875926	11.850807269882	12.5586726149354	12.6554039049368	12.6900187126295	13.2508292836234	12.7124457199691	13.1714926987215	13.0489100689626	11.8789465802951	12.2832209510234	13.7806413356894	13.5979224524382	12.6431037683184
M452.3651T990.95	16.1729669358264	18.316076633894	17.0531320795894	16.8422126143737	18.6634689176061	19.3696871613654	16.4417175613146	12.3979597790821	18.6011629792391	16.1817576206105	17.3786499921345	16.3788141549944	19.3323374429191	17.102113279155	16.7208119761972	17.5358119908504	18.6163496619839	17.9862372328374	16.2994933298272	14.5367441111084	15.7919628933151	16.3796946203886	13.0830690704991	16.5479317368881	15.875668000585	13.568307692708	17.1318318613482	14.3146162114202	17.433944539096	16.8954705733095	17.5329876025314	17.4085086074724	17.5714426955644	18.5306438877158	17.7915030293508	18.4995671129074	18.3944310333281	16.8480683315416	17.1766590878116	19.095115121958	18.8315967177686	17.6679776271016
M453.3684T990.95	14.4366387873726	16.5127456918009	15.2733300112816	15.1536352897589	16.9206706638998	17.6740930457542	14.7170639406278	10.290256683481	16.8434443093763	14.4166729471784	15.6387636873142	14.6131975961115	17.5944834210271	15.2878129743058	14.9374766637611	15.7989021497658	16.881522193853	16.2305226512363	14.5333673907554	12.816550114831	14.0338500586348	14.6062393029388	11.1942308457955	14.7663779582568	13.9550026904063	11.9149610006987	15.263506751208	12.596913767752	15.6389548520556	15.1486469216323	15.7912013274161	15.6208282302139	15.7985248383262	16.7968445024554	16.0175803891791	16.7614030145538	16.6643746315619	15.0926778869205	15.4388080206152	17.3562869353258	17.0776365648607	15.9712228785778
M454.3718T991.03	11.6730376381938	13.6594071136889	12.6258860923109	12.1852824059238	14.1536196733797	14.8577623461331	11.861715558352	6.80393875650949	13.9732843503556	11.4890832333551	12.8376809059332	11.8074862538436	14.7475761172273	12.4938753371567	12.2436238512397	12.8724621053438	14.0724804945771	13.4984679848978	11.6425172239082	9.41234290781581	11.2126402648905	11.8087401332949	7.08975619282894	11.9836354550627	10.9820949000341	7.56140724831631	12.5280383934797	7.88513846178012	12.8931139146652	12.16962321674	13.0400014758269	12.8217953472401	12.9502128507565	13.8505085441986	13.2902143955272	13.9338603471571	13.8580822441786	12.2540511824272	12.7063943427341	14.4890907230943	14.2279945189074	13.1727115909291
M468.3388T991.07	9.97893518778835	12.1482257411903	11.1857860120678	10.8510352009445	12.5196729554563	13.0580271706561	10.3876883282574	0	12.4426394369301	9.04252950240538	11.1327043380627	10.3400592972262	12.9984643341947	11.2401164684101	10.9541817184586	11.5373961007095	12.329362249494	12.1406682756403	8.92378532821854	0	8.75987096378255	10.1874807263217	0	10.8899338835376	9.00461603860635	0	11.0778941989978	0	11.4104648943001	10.8718368297281	11.8170524865476	11.3137140617205	11.5695461201718	12.4871819077073	11.9359993136279	12.4048624714984	12.4931329639854	10.5902509497612	10.9327836467549	13.1089085084925	12.6260655514302	11.6516805801844
M494.3952T990.85	10.2174077810446	12.4720365956354	11.3358035976877	11.0338123170516	12.7365310370879	13.2790833885517	10.5870394123373	0	12.7640520454414	8.36706168096457	11.7239726673548	10.530955643434	13.287569379861	11.2658955638192	11.0173127818815	11.5757377482342	12.6167859737192	12.2840210953086	8.76248450886792	6.78664100346804	8.19398827417238	9.65437529985567	0	10.8434677013696	9.64562597134307	0	11.3178306265566	8.21693167204723	11.6782279898227	10.9348471224703	11.7912451522227	11.8493109053225	11.9602425391996	12.8646131584384	12.0084081879844	12.5794546941005	12.7000826822975	11.0841905721292	11.3504053821986	13.2139262583467	12.8355687376054	11.7821201456483
M429.3754T950.68	16.2997271131205	17.6431521574377	17.8821177597012	16.9875967763264	17.9147780987923	17.913951008127	17.6960032717483	14.7339457093914	17.9702924768185	16.7382809961812	17.6360987182701	0	18.3738538280278	17.5992196204922	17.008129680566	17.6514796799873	18.2863044659449	17.7222808714378	16.8189699980323	15.542908174021	15.4306094007405	16.7790054462822	15.1730000735515	17.1638202420658	17.3959272404598	15.78832037846	11.0183213062545	15.6339161110916	17.2301586446226	17.3076274421567	18.0484036729192	17.5310441381845	17.6471566241374	17.9472029864524	17.9082866756517	17.9842324273244	18.313172667212	17.0551996426136	17.4691227583973	18.2969491227008	18.537263179848	17.4203001671961
M429.3753T935.06	17.3130836667493	15.9232470448663	15.5205700443902	15.5194795286817	16.2693167044066	16.9677677717138	15.8241267512513	17.1828629646267	16.3510612587425	16.7532754286348	15.7690737205892	17.6745254854636	16.862431769718	15.3353856070811	14.9046099154633	15.7203112439344	15.8412925954009	8.87541797168271	16.8713533927994	17.1815964695184	16.7836802320203	17.1033223303638	16.9570161774789	12.9086722668579	15.8251591539456	17.1299230484873	17.3693672970627	17.8724367718739	16.5383334573289	14.9909528293132	16.080144496202	16.0479484822113	16.0866578658285	16.3034692792392	15.9381595261425	16.3017653135499	16.1083081046678	16.8913837444827	16.1338366157201	16.6286779230669	16.4474434647642	16.4620764960236
M430.7863T399.41_1	15.6384471788994	15.5420126250867	15.7650499276894	15.5131553182631	16.3264961466599	16.0681495318464	15.5467273261999	15.8021822578029	15.8211331133285	16.0691742264049	15.8162613078495	15.8537274060165	16.1745692266219	16.0910737852831	15.8231134226914	16.1067569059488	15.7358419671981	16.1735304008894	15.8137918257296	16.1481181757318	16.2633327830859	15.7609349742786	15.646722029195	15.9876637505817	15.9921664888654	16.3472456133633	16.1245369430177	16.1878005913191	15.7301474889906	15.4885307567251	16.3001106666838	15.859139432569	15.9139221573721	15.8838814866558	15.8283808007641	15.8104088358057	16.0268940578551	15.8980417025815	15.4534351361566	16.3315432539051	15.5305925031901	15.7267349068411
M434.8889T48.72	16.6569492708702	16.3574177891788	16.3570039742306	16.0718664135886	16.626611801342	16.4459225422803	16.5158888316219	16.3752436910501	16.7082249238012	16.4439647675087	16.7255551728995	16.4785536388967	16.5963233088954	16.783640529884	16.7461317560104	16.7586659913483	16.6112549734612	16.4896719878804	16.6247794810813	16.6262911666058	16.8736746604766	16.6790150936645	16.486399520116	16.3407331867714	16.6834322458595	16.9432319687057	16.4918532639693	16.857254892137	16.2971780927257	16.1008043062351	16.5439044561393	16.5073981008115	16.548499342496	16.6696202892276	16.5806697953996	16.6000410332604	16.3195855428222	16.6240764900814	16.4629867368453	16.6195021467149	16.6953509284457	16.2777147188762
M492.8478T48.76	17.788424306787	17.4421440121297	17.3405587465158	17.1657599303318	17.7671126258766	17.5570148229002	17.4821453247245	17.6236329296179	17.7484403995966	17.4465578615117	17.5988546623875	17.6363327356631	17.6806421593285	17.7699983465104	17.7745028511437	17.7906505359865	17.7964931754871	17.5348471191003	17.7470446115823	17.7364642363775	17.8197088026719	17.7679442873341	17.5185799715378	17.3855612881116	17.6845475975299	17.921822359843	17.5474684745526	17.8379516817706	17.44992760713	17.2451712240781	17.6294852160038	17.5894048663314	17.7146240151432	17.7313341407272	17.6872451350338	17.6813233660646	17.4879395439905	17.544854182792	17.4393293667327	17.7762041093758	17.7750857844543	17.3867699766466
M494.8448T48.77	18.4264377115181	18.2137393774215	18.0835988487225	17.9169966030468	18.5254142746579	18.3174171919678	18.1187852616717	18.3207589432046	18.3994802586757	18.1058844875561	18.3733942502494	18.2653998674311	18.4188520848119	18.4632773960744	18.5069542598364	18.4948024003503	18.5472808769504	18.2555850515405	18.4162886051447	18.4332958432366	18.5388074431217	18.5034406920963	18.2592328410648	18.1374822949143	18.3310101363791	18.589523216139	18.2529978462979	18.521655470215	18.1249174145918	17.9017960503639	18.318191490498	18.2420341166365	18.4455440117027	18.3841271403254	18.3535323925278	18.4283429646557	18.1465816407305	18.2660243399405	18.1787569566648	18.4805508963567	18.4655639959139	18.1428586270889
M454.2948T673.81	22.3139681650606	22.9185369571671	21.9991580436767	21.8505624163553	21.9281933306206	22.4671947825005	21.6333299437992	22.6742604117353	22.0531382949413	22.5726849995278	21.9736691874817	22.5690159998796	22.7420058231587	21.5678399741933	20.5003403452185	21.3468769298554	21.6887849079899	21.6552068134736	22.6462432899605	22.7460446645511	23.0230171397922	23.0138392885977	22.6205508030896	21.6778251837496	21.5804595757168	23.1321437396462	22.6414394058269	22.7165270590065	23.0353902786653	20.6468897012774	21.27860609009	22.2742639546437	22.4633551974519	22.7718395929356	21.821184281736	22.1488670611374	21.3939453092722	23.0747429839344	21.9680677383998	22.2980744439888	22.5085093868768	22.2831098383901
M477.2804T673.86	15.5336359212362	15.9489069245665	14.6333502799243	15.0583270308607	15.2646177710246	15.5982311301854	14.7899862920947	15.4089086700029	15.4375351194772	15.435051167761	14.7137440646024	15.5153487989256	15.3866831146627	14.9824937083289	13.9641176508328	14.3154462860977	14.8861021958092	14.6396436200115	15.5905905354102	15.9248851954926	15.8367085830699	16.0591367672556	15.7057377795322	14.8511799561251	14.9582388588681	16.3283540391656	15.3760187009291	16.0389726903158	16.2965717993616	13.0324275201319	14.6138901793479	15.6426819884472	15.3351096879143	15.9490567289493	15.2075383275309	15.1935476372636	14.3759079613109	16.2300554557957	15.3378361398835	15.471869483291	15.7518226049688	15.5085319748068
M437.7164T371.04_1	13.8517079260292	14.8262566607909	14.9784576354612	14.8818007403903	14.1644655349838	13.7407584104297	14.7519159071802	13.6950533714864	13.7914284428963	14.0005664385764	14.3502490270136	14.3066070362317	14.1190857522409	14.1895110619588	13.877897394317	13.8974734067465	13.8992033012079	13.9182390392324	13.8819773853122	13.9087885656441	14.9098577919884	14.5686406510274	14.386784546882	14.3219193594239	14.5452481237443	14.881973336993	13.8502363807068	14.0855109582482	14.7422883100481	13.5862533467871	14.0642171665541	14.7213633621767	14.7052852724856	14.7361165656178	14.8875527258296	13.6419309881388	13.9707017685287	14.908778893122	14.1301336308404	14.0052409017122	13.9836209030204	13.2548852599338
M440.2431T410.49	15.6024251692859	15.394946035755	15.7231597338412	15.9669527409326	15.8134310350219	16.0274319121561	16.4064048491021	16.5246471548552	15.8067802089428	16.2421578690274	16.8937361413209	16.6217368864494	16.1268707456128	16.1093746568214	15.8861474626484	15.5343955262356	15.3456242768334	15.9568089077866	15.6121984684269	16.3794488597173	16.3064100715492	15.7171269027556	15.9602910031371	16.4225452108954	17.1378983020091	17.7456411147498	15.495359257318	15.9912424383286	16.0938026906151	14.8658024538308	15.4451167994834	15.6778111869376	16.2788609325308	16.0874588125006	15.8077193674928	16.1780328578341	16.1109889324292	16.604096726316	16.4989821515558	16.2470210480848	16.1991226131934	16.4781973684485
M441.3366T880.7	13.2250044671681	13.33915511856	12.381218509336	12.6780289440045	12.8252824659621	13.435262322029	12.8622776115855	13.5966058840364	13.274987374746	13.5227891841026	12.901936123262	13.6476787457806	13.4125201006548	13.004892678735	11.2858755559008	12.3529860074478	12.6789000983088	13.2662175033558	12.2466757505223	14.002185549834	13.6047489464649	13.8402798447871	13.5288728708042	13.0566982990102	13.4338635313187	14.2461711864984	13.1586414013622	14.1755164476236	13.6253196672493	10.4131077092856	12.4735047905552	12.8802054395858	12.2337803730823	13.4072645920507	12.7896004851156	13.9508686717988	13.3558189297839	14.0597219120072	13.2352817800182	13.713603188289	14.1534522894356	13.9874364054419
M444.2429T344.21	14.5573314474713	14.2996931341935	13.7465261467327	13.898487992487	15.1161135838534	13.8238802539205	14.5666656647556	14.7536263842751	13.9423726827448	15.4650809806737	14.6035545802965	14.6983313508349	15.1401887631379	15.3548639291994	13.8097248624648	15.3799702502704	14.4244013313946	15.5417433610448	15.5438926237811	15.3461068159484	14.5805313170966	13.989146142651	13.8866395597361	14.1154464353855	14.5060301272133	15.0080852975859	14.7097446939856	14.5627220305482	14.150085819829	13.7684224351625	13.375703419687	14.3978371023817	13.7670238788234	14.2534401406286	14.0166356981593	15.2581766843027	13.7504159974358	13.8733367306965	14.7664329145848	14.3756514515019	14.3782301957911	13.9455262644543
M444.3703T632.03	15.6564812438673	14.9874373524161	14.249486243219	14.5388767584925	15.7069629341198	16.1512081832182	15.0303348226891	16.1115829506551	15.2421020314389	16.0748764410754	15.9308885406807	16.7139670285765	16.3645885677007	14.9318250275763	13.891184887712	14.7862401584919	14.3764953937181	14.5463546064259	15.8179095812831	16.1726003950904	16.2753487739055	15.2395255698129	15.3107421926308	14.9200510690591	14.534067409128	16.3087917656478	15.3825306863443	16.4244570160698	15.2272904342613	14.1438366705547	14.7852964048249	14.942348551712	15.2004950109847	15.5174210762097	14.1717806264936	15.9921092614662	14.8368867449599	15.6235703550293	15.6067951418176	15.9809779805973	16.3942109009257	16.6353084421219
M488.8367T894.05_1	13.4983786951004	13.3113819362467	12.8788986052218	12.9424573630659	12.5718599122845	13.3132504588073	13.0364869414755	13.7217797719017	14.2351333345369	13.7884686260342	13.4048829879724	14.9581527492885	13.4799222848425	11.9091865702804	12.3127995248614	12.0154807659578	13.0559957341835	12.4311709870186	13.5220805685386	13.4050636396786	13.8098865740703	13.7558656970765	13.4830317155954	12.3903547328086	13.792823389165	15.6974906751433	13.3921511101619	13.1935724317619	12.9701395270483	12.3943217352504	12.5345851804681	12.9509284237468	12.9549567751717	12.9488678783901	12.4221743563286	14.5472248110783	12.2919270294507	13.9270021800359	13.8425314996227	13.3397113690806	13.9663213352462	12.7696895851796
M533.3647T891.63_2	12.556532740396	12.4228157063412	11.7736876066251	11.9095742554955	11.6708106087069	12.0898128027728	11.9501167408205	12.8229266279451	13.4795739366686	12.6917148736855	12.4391604462927	14.0001246317237	12.4131533908621	11.2950785465143	11.4049523799238	10.4968132374958	12.1491077556476	11.2028060325806	12.727508344718	12.2792350998247	12.7643199589478	13.004722024649	12.6647379621914	11.3626031077012	13.0180425143901	14.9820784246058	12.4278018791871	12.2907564818886	12.2492503820348	10.9452221320451	11.3268028953043	11.8549265864614	11.6427634650135	12.0712303396208	11.7583619979594	13.7668517826525	11.2758382149452	12.9137335440033	12.9062272743739	12.4249752723077	12.9684129617587	11.7431676847076
M445.3315T876.2	16.0653534473931	13.7104120913652	14.0208629116023	14.62462531298	13.9972812511891	15.082080710809	13.9952394618326	15.2878694935937	14.845050430018	14.4387569975285	14.0448468229843	15.7359335397121	13.2810016364251	12.8263478347438	12.7329542280013	13.5556255797961	12.4658162883498	11.6034622692161	13.8821354919157	14.3867447876757	12.8329253168733	15.8305271991329	15.7199517795762	12.5855214210779	14.1270617560583	15.5431856588959	15.8108119089968	16.1477032517029	15.4250087962407	12.9843925946729	14.1829455110925	14.8605320110887	14.7221845145378	15.3742223636002	14.3427665980486	14.2075366153697	13.8574762513843	15.6098119820998	14.5800331834753	13.9627770795766	13.0250890112286	15.1119040976005
M448.3441T613.57	16.8451030574654	15.0165373709523	14.2652775160175	15.0709639183321	16.3259486448806	16.599395407847	15.8824402022878	16.7809909415573	15.2067945250363	16.4116780402755	16.7246499735387	17.5912008773267	15.7481852978624	15.7498161468634	15.0456464515647	15.6068779899226	14.9773698145347	15.9524799819983	16.3711590401542	17.1477131630842	15.9842045556796	15.2218638518307	16.4303872820321	15.3481302433647	15.2725928387589	16.8711492552515	16.091587110084	16.714430155635	15.5763087313518	14.7235880111956	15.596190545437	15.4549832175844	15.616478106392	15.3971997171299	14.1560499565579	17.0576835745603	15.5727794413169	15.7328762953438	16.5623169103375	16.2658685574717	16.7892847342535	18.0374254049019
M450.1986T67.49	14.3468271749743	17.1795256941936	14.8586465746583	18.3097363469169	17.3918380785271	16.6075515398659	17.5501748287633	17.59255340619	15.5563273106207	15.5451811075244	18.4745192236832	16.2128580449397	17.1498653014074	15.4918377436272	17.6028236562099	17.534820179143	15.6912824409068	16.1273141973041	14.8885488150266	16.0844346223284	14.3027514156562	14.8214840120964	15.7668187568096	16.631570493333	16.6433058696148	17.3031774413492	17.6975992317028	15.564137382034	16.3890983693691	14.8723271073817	16.6456539307551	18.1342924626812	14.1457367832355	16.3073481196179	15.7511724669036	16.3571403062316	15.6818012706887	16.9666422535802	18.6150590694143	18.396206478549	16.4287432331579	16.2031024451034
M493.9099T298.78_1	18.4697002423961	17.3221963869172	17.4183249030229	18.5877534220737	17.4922373916147	17.6036878744512	18.8138674344326	18.0971071203488	18.7274355920808	18.2481656596305	17.6533127373103	18.1538757704369	18.3312925575496	17.8454764043515	17.6720352204518	18.1070480012506	16.1411740014137	15.4298341864281	17.099545468844	17.1674152154003	16.7591959392779	15.923769893624	17.2234203493589	17.9283767324932	18.0474612163138	17.0080356358717	17.7678908868131	18.1647691731984	16.8686510040191	17.57926570077	18.9502241714295	16.0005269212189	17.7917092821659	17.3097365634566	18.0059476701818	16.3205036681919	18.2228583188526	18.1928409176276	17.7964273407656	18.3957966046031	16.1684711027678	17.4275505827157
M452.243T416.12	15.7427509851634	15.8623623458406	15.8363446348049	16.195183468112	15.7186806166961	15.5741163180159	16.1501721113044	16.308737851384	16.1399821171234	16.2371519010887	16.496253302491	16.3586987106411	16.0791684699025	15.8204946838808	15.9964451513272	15.6982044292286	15.9207554607341	16.2205400693709	16.2167853855095	16.3606820220307	16.6916614472659	16.247359902818	16.2962610848294	16.0633060861193	16.612160038766	17.3211825301727	15.9996889425927	16.0231636157945	16.5669684872672	16.0104551475174	15.9410136911606	16.3780903856821	16.1791588420443	16.0279048137003	15.8022569097784	16.8821629780082	16.1385729146639	16.6267546026313	16.7399309803675	16.1968676102342	16.0583015505347	16.841343271708
M452.2793T626.17	17.4297555414225	19.4041900911459	19.2411136837956	18.5658227359983	17.5624031084223	17.9793743113913	18.4985710850974	18.3163580149554	17.8859369653533	17.9715769996913	19.1409698930856	19.7313176893136	18.0848951945741	16.8677588147267	16.0452416250867	16.5486004799778	17.5922659575496	18.4104081740779	18.3398230507742	18.6489788035855	19.8240059217141	19.6963369030788	19.1857970775319	18.226974942368	18.4170682752837	20.1387806598942	18.4578173386336	17.6269753056318	20.0161024382289	16.2783709724826	17.1281482524973	19.0855813498838	19.5981163446438	19.6089990241993	18.9846304778878	18.3918422792783	16.9914488053585	20.081814545688	19.1933520079654	18.2466219446755	19.2866689320702	18.423056582348
M454.3914T681.89	15.5359560724545	14.64578246257	14.0016538084184	14.473572787363	14.9855673032899	15.6087292967708	15.3816896593324	15.6823531935436	13.858452098503	14.9422942581897	15.4792668654094	16.6086887345857	15.3976229604544	14.5360545214076	13.9984405264858	14.6122755647913	13.9725598769075	14.5373602983208	15.1731571714015	16.1912674944194	15.9440917470792	15.3043237574562	15.6962987921874	14.5639010837833	15.1428983993853	16.6385162467265	14.7507522746982	16.0824119244358	14.9647492668912	13.5781145214788	14.1119740948544	14.9562839975769	15.4088224646035	15.4465197126763	13.9434696238251	15.593913892818	14.4387104248764	15.7206898439211	15.7951745608822	15.6014624729786	16.1803778888421	16.1610390867117
M457.7584T301_1	17.2644090388131	18.182733760465	18.4938878572913	18.3272660534228	17.6278773966614	17.0495381532422	18.4084622890866	17.5075277704579	17.406342436651	17.3633636350038	17.7031880556643	17.9025357685615	17.3869375102641	17.59265043326	17.392842478525	17.4299033463319	17.4440980721664	17.0683249485534	17.3213868768651	17.6319228637139	18.0222580360536	18.2793837703779	18.120813405674	18.0499214324329	18.2652452213218	18.5450745362089	16.8162892125696	17.5151673508478	18.3604962658728	17.154213037387	17.607742323512	18.2567979760817	18.3508039485764	18.3362416111611	18.2632178841157	17.1437718028511	17.4235737671745	18.5049043934899	17.7992117679775	17.6435636520942	17.7159295515557	17.0122604493502
M459.2321T362.42	12.7006879483672	13.6172472996368	13.9303776991699	13.679105891492	10.4314409094898	12.5642538354387	13.7920901024428	12.8545282956652	12.7973401207124	12.6473842506501	13.2844417255853	13.2144182775443	12.7595992784753	12.6452058126331	12.8791302721063	12.5475769871364	12.6947242125459	12.3118202531409	12.4663917530198	12.6787642920787	14.2571350301534	13.6470074748944	13.4659271622618	13.4156403252327	13.6865124504789	14.1969290509881	12.8993211543864	12.7625844796705	13.8581607311033	12.669229656161	13.0759774490297	14.0290849890577	13.6344088156242	13.4374735201268	13.8734150370737	12.3147829043871	12.7342879612231	14.06405081026	13.5279283189442	12.7534773378135	13.3151242141265	10.9038559228334
M461.2867T646.38	12.7820934603985	14.5251205313608	13.6535883155416	13.4248573341189	13.1323055233745	12.6770200166286	12.7708216100833	13.5549285112255	13.5399846435363	13.6540124146772	13.8648393547028	13.9157464838145	13.3132114868931	11.9293441347712	11.8469980992235	12.4554136492492	13.148534231257	13.9588505263585	13.7102056792159	13.6737146702304	14.728241981054	14.955493221326	14.555166537874	12.6861774384902	13.2667756572337	15.0554917997804	14.1770132697474	13.6762094134481	14.7313315659945	12.0010783864834	12.8656669907052	14.4463270556583	13.8339595288536	14.520250938289	13.7096723992004	13.9119308803986	12.8641310572866	14.6578325051295	14.1954370306979	14.2463303912303	14.1212416340303	13.5640396634792
M478.2951T645.88	22.2375424918649	23.7857826532554	22.9213908892691	22.6890000765753	22.3756153380349	22.7380466810595	22.6114417693097	23.0716814085017	22.636435648905	22.9331471381792	22.9901857435997	23.2543545549069	22.7519100090692	21.6243861043461	20.9148408348102	21.9312170632866	22.5266632993666	23.0088985436506	23.2110048807617	23.3273534507193	23.8825450840574	24.1743842554238	23.9350809543922	22.2646086079366	22.7064435742586	24.1945791387188	23.5137482439598	23.2138197072107	23.9814732521701	21.417284789947	22.3864025932714	23.431903122091	23.1934196822084	23.6061425863325	23.0127439772904	23.5184343270323	22.1567079268931	23.9244226014167	23.1846154062138	23.6615192220896	23.4765359043098	22.8153969673071
M501.2806T646.13	15.969652747478	17.0433420305294	15.8119448711614	16.142640196323	15.6804877644272	15.9777356531695	15.7376158111318	16.0021650616659	15.8819375745773	15.7620455164203	15.9296147422072	16.2721611296703	15.6049353122998	14.8756984615688	14.467091738711	15.2044634752013	15.932766903462	16.2900192966099	16.3712582449851	16.1229455457942	16.6297448493127	17.3852378003965	16.9166773576673	15.7258063433687	15.8617512003926	16.9984916814243	16.3879618888343	16.4748272701747	17.116124389335	14.3243490552936	15.7064175181111	17.0232707694594	16.1680980213064	17.1988120667758	16.2497442774457	16.6066142976199	15.4557506996607	17.0522901824242	16.5149140514268	16.6224518373019	16.7450876611329	16.1853905941542
M516.7496T645.65_1	12.9323410562337	14.7563644242186	13.7739352520261	13.0852689588219	13.2942378385771	13.8615913598797	12.7646263392422	14.2316056370671	13.5970795575891	10.5997665712551	14.2219666163493	14.4086993620607	13.7594242990905	12.4505206564073	10.3033275948164	12.6676278889793	13.4497406354634	14.3339363760755	14.2823685686125	14.5035479348296	14.8866528516217	15.3932533139698	14.8544286775501	11.877845503327	12.4868960849092	15.1594977640511	14.7308192163669	14.3341903255405	15.2158777531933	8.96770156806889	12.7360626922187	14.4297493082638	14.452628035468	14.9680643050252	13.9447199396207	14.3939837086546	12.7232994076822	15.0636686682895	14.1722106698925	14.7215170085519	14.6112663207016	13.6812797975574
M517.2535T645.65_2	11.8699486914556	14.6456105243624	13.6088584455923	12.7013377621897	12.0690881486641	13.5462281254281	12.3832782408405	13.5480766592215	13.3511667915797	12.5884716234316	13.392192608808	13.374002251615	13.4909280919353	12.2358260402065	11.5751952336	12.2929308388399	13.2772454282136	13.7089825288777	14.328753403964	13.8705106916893	14.2217089440496	14.8173461984973	14.1605654200093	11.6355666274385	13.0070991723968	14.4826196409605	13.8690582614787	13.9465085606483	14.9775883951864	10.4457344788477	12.5106653394826	14.1895055871562	13.8074779947407	13.5087992836321	13.385807700617	13.9077311915032	12.9024812351377	14.5290116984205	13.5148059064972	13.969002455011	14.1035382030788	12.0346794363295
M518.2545T645.89	14.3500368645886	16.0792004006983	15.0749285968332	14.5862986478168	14.6538529693771	14.9880247168469	14.3832560841206	15.2562335121705	14.6697518447766	15.1673256917349	15.0742000768517	15.2927802196539	15.1597272295179	13.524451966826	10.2892659112366	13.496082765835	14.5155281912053	15.1815121217419	15.4948713574216	15.5353173026694	16.1417005074245	16.2573211878969	16.0681939254024	14.3540690836003	14.910480503324	16.3308278126231	15.6747250500987	15.5154983240532	16.2774330288022	12.6254376799638	14.3114132866432	15.7172059305724	15.5504806099863	15.9783859608653	15.0440031977338	15.411819612408	14.0726578380883	16.21776561043	15.3813751352866	15.6679700640838	15.7005058620338	14.6966272709473
M518.7559T645.8	13.4920941252987	15.0346038774056	13.9222758729671	13.6675141959394	13.9604923892543	14.0803156454627	13.4985985780291	14.4282522701454	13.4710184505712	14.1132305725707	14.2925846162785	14.5218696122791	13.9617847592246	12.7304196048143	9.32419843386138	11.1756441654257	13.5392504806232	14.428828426132	14.559205646474	14.4015925243938	15.1995576080714	15.3292463201511	15.0331708926197	13.3946106923463	13.4382606743824	15.2495674055419	14.4513106421854	14.5906198107243	15.0514444860476	11.0056443788321	12.9146618854836	14.6405128835152	14.3020137451347	15.1084776755983	14.0772159211049	14.4683941158434	13.1941133856401	15.18889806916	14.1067860745747	14.5858701038467	14.8886092506147	14.0637683797707
M461.326T869.29	17.1230244863917	15.6026377616552	15.1959553755261	15.1837454051189	16.1766289076858	17.2693334174405	15.0211371211108	17.0800658764488	16.8937047106549	16.5861583325564	15.9132124528002	16.2868557311055	15.6364741527751	15.0879945466586	14.7803953577178	15.9061721413218	14.6636732583056	14.0895351421737	16.2482481376273	16.2095695485196	12.9776286731548	17.3207531632088	16.762941851413	13.5690500053854	15.4892025975301	17.0835304775696	17.1452802427616	17.9146157900197	17.1057437080246	14.7587119534518	15.8662406686268	16.531503690987	16.084489434299	17.2121320462596	16.419932151705	16.7483496369942	15.3076812373663	16.4364520807523	16.0090294024193	16.1660152136815	15.518540106163	16.8153210232459
M480.3106T687.38	21.20411233971	22.0370022602783	21.7818187676828	21.1393268969828	21.3482123489627	21.3803746120301	21.4455489451917	21.6115165144625	21.3759355857713	22.010245118039	21.9761014696614	22.5273073471857	21.4746737006957	20.714382252295	19.8508488625624	20.6013808375112	21.1975441428783	21.6407774777083	22.0690738600571	21.9704024983569	22.622818948935	22.5274107083229	22.3577907984029	21.2680893742284	21.0030970141721	22.6600276921433	22.0997175556242	21.7872953992149	22.7049228062631	19.8039981412703	20.9399040844969	21.8366028308878	21.8567513077608	22.4342290773645	21.84163563263	21.8964447399868	20.8041021708632	22.6237390645416	22.0608760726834	22.1248785469809	22.6776804571993	21.6600567042301
M500.3066T566.14	15.629398124258	15.5615057677865	13.9967781206755	13.827850803187	16.2025928792038	16.8332482190478	13.9920138713582	15.7940875898106	16.8149360146374	15.9960125588409	19.2469275769716	19.2356987690694	14.9148736603461	15.3032742419595	15.9023323086996	18.6031922352296	17.0395547717023	20.2407148422623	16.7714764109539	15.6443138923017	14.7182577308353	15.646809666377	12.3582695840401	17.1951215449333	14.4248737886544	16.9629853961595	16.1781179369736	17.3615898424644	13.723766359569	13.8576909796443	18.0274815351805	13.2629175946907	16.3111584169582	17.2855013413891	14.328309524559	22.6654177955177	16.1652472590678	14.4630316031723	22.2388774628941	17.7074016130607	21.2134468575821	20.2989245230097
M523.2924T568.05	0	0	0	0	9.94684295890876	0	0	0	0	0	13.7886131978187	13.6569932353854	0	0	0	13.4115879060425	9.40355389156755	0	0	0	0	0	0	0	0	11.9258416980518	0	11.2886751083336	0	0	0	0	9.06533653504243	9.45322958379331	0	17.5236668581376	0	0	17.3127929388771	12.7926334947323	16.8688213361224	15.3319502289133
M467.7432T284.28_1	14.4470415391532	14.1124846464017	14.2753198680242	14.5299424919213	14.9160188221487	13.8898944061541	14.1158375441351	14.6669269948531	13.8301630786935	15.0575334702592	13.7312705349256	13.7938708849685	14.5356184748655	14.831379443803	14.6505815231676	15.3382047100812	14.6901365798122	15.0189774005048	15.071111654131	15.2153276580056	15.3849156175381	15.1867095743515	14.9715144223209	13.8793366348641	14.8955160992458	15.0894805152064	14.9335692143148	15.1660930519206	15.136137580478	13.8715522560169	14.7663346963421	15.6998677365081	14.9085980862539	14.7361895163305	14.3185262935094	15.2584183308346	14.5175453639602	14.8822966552338	14.5711210778025	14.2050714879517	13.9718747174464	14.827624572963
M468.3106T623.63	20.7633529684678	21.0923194323071	20.6258007950873	20.6789075824239	20.4586902700132	21.0028730343613	20.8333543667708	21.1657447114364	21.0172510624708	21.3690186544936	21.2210348083166	21.4390476158105	21.2520930352215	20.5453215798739	19.5887989054328	20.0828313184608	20.4288666184647	20.8061421168118	21.2410143324375	21.558020072983	21.3488181999949	21.0184054071445	21.3566543189904	20.6159804389179	20.5036310674629	21.9979239821079	21.2657915860671	20.9677430554435	21.5469786407352	19.2840192476084	20.114046870975	21.007279675298	21.2853426186588	21.1905626366429	20.6731769765313	21.1323669943523	19.9202559816327	21.6695068067855	21.111196164424	21.1193718728656	21.3074545658116	21.2079735780809
M469.314T623.63	18.5224278715138	18.8917609129413	18.3717431020287	18.4470943319672	18.232869269193	18.7920428713127	18.5853802497086	18.9704169568299	18.8178578841747	19.1677621426631	19.0128209877457	19.2436463878619	19.0329698303961	18.3190337800049	17.3280025600319	17.8499765814211	18.2138626809473	18.5832543673747	19.023976553506	19.389384908324	19.1491102012876	18.8258394416072	19.145685450447	18.3670374546632	18.2954213503322	19.8470843085635	19.0518534145827	18.7689095904387	19.3639276378862	16.99354319925	17.8990984094219	18.7759324528538	19.076881065216	18.9929855962807	18.4490672202172	18.8867642827966	17.6499051165064	19.4904787407366	18.8834980017621	18.8959347781081	19.1178452680121	19.0131065345429
M470.3164T623.61	15.5679026025123	15.8887531546655	15.4349030864503	15.4858694624517	15.2363653271099	15.8412008030751	15.6333194867411	16.0075257834536	15.7149959951726	16.1704287366117	15.9890727338388	16.2514924818526	16.0639637821798	15.2818613102929	14.265050883691	14.7885600747757	15.1806543548108	15.5752191433641	16.0337604437487	16.4019049080649	16.1515846313922	15.7930030620733	16.1818021490532	15.3907561210934	15.3133485036407	16.8366187352194	16.0330113577063	15.7188554939987	16.3347310223399	14.042839507506	14.8957684681243	15.7715102165824	16.0845368034587	16.0254429228262	15.4890017121823	15.8773048023652	14.7427226228194	16.4985685414303	15.9186376590324	15.8291791882025	16.1245182711664	16.0065983570919
M491.2963T623.58	15.4902621142727	15.7247958987841	15.068634844606	15.3997178651272	15.2569194498982	15.7240565567079	15.4742959407049	15.7975983640081	15.7575668726207	16.0425670050245	15.8190580662163	16.1002056189144	15.7584762078235	15.1312010616416	14.2206450466212	14.5267794758155	15.1858002536108	15.4508337126311	15.8674171460917	16.3641969789185	15.8996364562362	15.8023896385724	15.9098190302806	15.3521434244827	15.3328991595291	16.8225606017977	15.8330415779699	15.4647082632725	16.2843158965162	13.4555759836735	14.734134459669	15.9413157969069	15.8929151510515	15.8873413971318	15.1391688924529	15.7524144942452	14.623116613119	16.4553552187079	15.9175936478483	15.664868400978	16.049158423276	15.9830003070444
M506.3263T631.7	14.7202704293987	15.2531474012378	14.9223547849507	14.9921462849138	14.5283201266661	14.8596433334172	14.7096777755922	15.2536217071377	15.0548723434811	15.4211436470089	15.6017328871742	15.6687136552012	15.0208620086551	14.0390149996064	13.7495416558555	13.7608193316367	14.7183319182762	15.162620133941	15.0469024861642	15.4927052857508	15.7372712856325	15.395663142742	15.6188659931002	14.6651338505087	14.9093501931858	16.0761867193535	15.4655169440223	14.9273734486191	15.7513354584206	13.5547674992296	14.3552925907027	15.2001413064989	15.3891881913032	15.4391393175943	14.504156959446	15.648523625574	13.8533157645544	15.7811827312507	15.3807048321358	15.3187907165299	15.514405820444	15.3970936553256
M507.3292T631.5	12.3417023153446	12.6056114510003	12.5531198129231	12.6878898733491	11.6868956080766	12.3590841974998	11.6929358194831	12.809133973811	12.9319399315388	13.2437336614569	13.1261104740829	13.6285817351003	12.9233396151484	10.5737612833	11.3423609932843	11.2292177821942	12.0389026799511	12.8751212157539	13.1113243542294	12.762867806836	13.2053027039121	13.1526052584417	13.6243308970002	12.1722643956353	12.777936290485	13.9841447341513	13.2705459328276	12.8868816296427	13.6231709422692	10.7486632706138	11.4424449486312	13.2083696332204	13.3107687977327	13.2168815131604	11.8982880318464	13.4165323366541	11.531803048299	13.8679951080783	13.3862762333683	12.877099604994	13.3217142352286	13.0908460388432
M518.3265T629.42	20.9026292718482	21.5657482831175	21.153061579137	21.291334188024	20.8892344595683	21.3316044859662	21.1840158162557	21.6575350802931	21.368055382131	21.71959192303	21.8921202059781	22.3238615578751	21.6666345237621	20.6440873511619	20.4252934082321	20.8376095893831	21.3276176103998	21.7051110174995	21.7227690535044	22.1689722554864	22.1379510010955	21.9194249394422	21.8143050331399	20.9873482082147	21.2971879461881	22.5064640287186	21.9606635389748	21.600057840089	22.0744242681075	20.36537367041	21.1373940147304	21.6712674687584	21.7637404362127	21.7827256115083	21.1719020457734	22.0661645816484	20.3797902128033	22.2216421425152	21.9754420367825	21.7721786052284	21.8814966439424	21.8759921980156
M541.3121T629.43	15.7227532473865	16.437583936432	15.9160581532143	16.1769603176796	15.698948281353	16.1659970303654	16.0242186887404	16.4218018643143	16.2516299448718	16.4682167033494	16.6919471095484	17.2599102248656	16.4198907332176	15.3860770168127	15.1912697241729	15.4934059519542	16.1589202202039	16.5663497437077	16.5448654727552	17.0784157455004	16.926517436168	16.9175885971052	16.8071397722932	15.8823758109521	16.2665201600064	17.598468350995	16.8477249883045	16.3407203597856	16.9740131070127	14.8401289689902	15.8329718518666	16.7761703370561	16.569991316864	16.7021487936623	15.9161584938959	17.0168553765586	15.1941669058717	17.3411515936307	17.0743710373193	16.3933275684241	16.8046249702064	16.7312461677065
M542.3264T623.7	20.9424160629915	21.4684218485355	21.4683093735848	21.4896821522426	21.1509042946984	21.6035802726781	21.164657423785	22.3630937557917	21.6102322131867	21.4051184247895	21.3812246259993	21.668259799445	21.5410771223498	20.7351136698827	20.2009817473693	20.5923080929772	21.3988423999406	21.5873540444665	21.6405070829994	22.0930047274949	22.0326590423789	21.8341341713155	21.4702578154753	20.6802620592343	21.2510141303135	22.6792277851999	21.8822388073578	21.4837629635128	22.271374006224	20.2510355920343	21.029434478323	21.6569551476777	21.8160722635622	21.9151342258418	21.1839952776853	21.7261514570224	20.2470441360721	22.2984839931015	21.585170414414	21.699510379807	21.3783547557231	21.6286667159623
M543.3298T623.69	19.1000539939793	19.6426474653082	19.6500222837887	19.6690535423646	19.3182171913948	19.8004866235546	19.6838960253969	20.2257302215048	19.8104481433363	19.5774929220524	19.5720594960273	19.8597837234351	19.7307111856752	18.8817044139832	18.2817144174819	18.7621459081647	19.583150041091	19.7654094966615	19.8364972123787	20.3193681120192	20.2544109503498	20.029408152442	19.6749719251979	18.8279146377789	19.4215088527965	20.9288386525054	20.1099534699456	19.6747371760618	20.5396172040149	18.3957989755623	19.1618296438651	19.0612808611836	20.0563543918179	20.1134384237604	19.3797576700155	19.9328922077556	18.3894130056003	20.5351907067246	17.9481412505843	19.8810362497712	19.5546608779837	19.7956235694277
M544.3315T623.71	15.8734334731804	16.608806285978	16.6908193230497	16.6039349655034	16.2268515363891	16.7821060979474	16.3007262277524	17.2019346387726	16.7914038906009	16.4746776442256	16.5238991256857	16.7977473841691	16.7121030483813	15.676291588792	15.1737336502476	15.5288458204674	16.5078195939629	16.933882337709	16.830591240552	17.3137942282247	17.3950167748983	17.0063565866037	16.9140848015739	15.5975754485918	16.3107042746979	18.2058423437283	17.1162483935118	16.8053124165815	17.5185694208208	15.0419001393626	15.9552186573063	16.8736877931301	17.0519974823298	17.153267786711	16.2976882126672	16.8894255703908	15.179368654213	17.6240774565853	16.7439137309343	16.9810718657715	16.519703364318	16.7550198978495
M545.3338T623.5	12.7110429743335	13.1407567979908	13.2379066932881	13.2655509206628	12.8159089064416	13.4702382502771	12.9170857277896	14.0558213577805	13.3046026612517	13.2826157960632	13.2007362745158	13.798133092749	13.361639846087	11.9097745816907	9.07178224523379	0	12.9869636953506	13.6549625760347	13.6228499464357	13.9697914176924	14.1809986309844	13.8301578770623	13.7729133319753	12.226972640563	12.6188742099659	15.139120381168	13.7776788098729	13.4136272089285	14.2465918848312	10.5130305378372	11.4229832495422	13.5211063664507	13.7540920082219	13.9937862965018	13.2718222432263	13.4740853959896	10.3528517217657	14.3943953374358	13.4858959265052	13.7751991089827	13.1917645500781	13.349940359413
M564.3083T623.77	17.8242358963104	18.2918915138177	18.0707716401385	18.414709477622	18.0525401526442	18.4616317343892	18.104613273774	18.7938885954801	18.5607274209792	18.1828202164366	18.1528092615003	18.6439271729878	18.1909941736928	17.5686282913254	17.070139520055	17.4799495410614	18.3197092400133	18.4279949250297	18.4923903415162	18.9897672814937	18.7632411743164	18.803241133334	18.3987821578406	17.4732794555131	18.2255182734787	19.7533714722017	18.6746506156719	18.3228543493846	19.1608867901339	16.7709577599979	17.8767940629082	18.7869387844505	18.6030624333342	18.8680997682284	17.9997247823564	18.6376773056511	17.0990583839732	19.3783086839362	18.6669518265604	18.5753730209271	18.277563393469	18.5212845302995
M565.3117T623.73	16.0457458446986	16.5126699085165	16.3197408376214	16.5972012694227	16.2061487891165	16.6602219134495	16.2593178133544	16.9792206815889	16.8064664228813	16.3747200649374	16.3892435563138	16.7212637801304	16.4450794237386	15.7876899266921	15.2440826906994	15.6116211062305	16.5511482890322	16.5877359235584	16.6468336505415	17.140278193502	16.8956046461689	16.9585569850498	16.5363090590657	15.7191051768584	16.4144835016518	17.8433968894074	16.8645433048927	16.4782123091563	17.3861334071484	15.0035879083104	16.1097523092479	17.0296699945554	16.8694049965496	17.037701158783	16.2345697393755	16.8492869260929	15.2848530934347	17.5585677804848	16.809170722543	16.7361406036323	16.4657966957846	16.6981091839168
M469.3681T936.14	17.6522421346747	16.3811637677176	15.2730382532985	15.8620610035497	16.5793423187467	17.4475589184711	16.273497073411	17.3905550965802	16.731187839769	17.0576630863684	15.5260059454571	16.7321149733891	16.6594155392614	15.7003931891537	15.124433537915	16.0582449515752	16.040730335389	15.1067318244047	17.138543758746	17.8952719039343	16.9005539712525	17.5690040082674	17.415489715962	15.2867149662097	16.1906755975528	17.6452537183672	17.4419330416115	18.6176952753216	17.1502208270861	15.0360257354891	16.5451998256656	16.3386655974387	15.8464214202215	16.6176746351837	16.380520928396	16.76968837658	16.2142970227657	17.4364249564968	16.443810673828	16.9810974524981	16.7781179591981	16.8475780759558
M469.7296T322.63	14.6123441833335	13.3548254392346	13.4939809936619	14.4922310988755	14.1243563599126	13.8898952808921	13.9490014424975	14.4003577944745	14.5499901772241	13.8499351083576	14.1283482720413	14.7460982401332	14.6538724687055	13.9386180691462	14.7531992675921	14.753638168994	13.8340607933186	14.6462909628134	14.8810146361879	15.1333197762501	15.2684066026164	13.3308261736225	14.4674305723364	14.6968720891786	15.3174005981733	14.4615280896607	14.7819655546276	15.1496433000735	14.1144085096391	14.1839275798904	15.6847994981939	14.3126678654973	14.6661339966468	14.5492160363423	14.8363297233555	14.1095749472407	14.5976160675242	14.5176106363153	15.3920944719391	14.047891827674	14.2601948707043	15.17641788886
M470.8034T364.32_1	13.9496179273521	15.2118212709529	15.2183751842553	15.1865566661642	14.2899946440427	14.1190820084813	15.2218712878089	14.3489148890011	14.0701170313324	14.325963521237	14.4559704666771	14.6989956189175	14.3669315638822	14.3081270098676	14.215845403735	14.2800022480728	14.2906266358171	14.0835140373939	14.0453213391872	14.3918769121738	15.2433455961988	15.2116475705009	15.0332991492462	15.0360150750174	15.1358731002178	15.2902776470222	14.5543255433625	14.4780333677373	15.096312984333	13.9271380069027	14.4820098656155	15.4731769642796	15.0889169717428	15.0647216897858	15.0818293687818	13.8236923704499	14.3784674063104	15.3742614705188	14.6429097795391	14.2789630468326	14.7996657728304	13.9704899730084
M477.3176T359.42	12.074342191329	13.2392583476782	13.8413921305871	13.3399080288665	12.4706341881201	12.29918265758	13.1980075439405	12.4973990356114	12.3775074049426	12.7687194293681	12.6647622426822	12.6583059802346	12.7992203179595	12.4603675408396	12.1689327019547	12.4262597953168	12.2512808972492	9.20711293227602	12.2081389541122	12.527196019996	13.590663162877	13.1962442755265	12.8041336870011	13.1205043373655	13.4648181390382	13.4885814455617	12.5233093149661	12.3679982998095	13.4504804264376	12.3691701068251	12.8062644759103	13.5859641225068	13.3359642451846	13.1547157838567	13.1851716845071	11.9062329691172	12.6477801568841	13.6136005187359	12.4696109248941	12.5525691000165	12.2309147580952	11.0845441977005
M472.7826T317.66	14.7820966733772	15.6767715463581	15.909840392724	15.3692290757796	14.7952042673449	14.738495186603	15.8092585327821	14.9384465176746	14.6954354508142	14.5169566103467	14.4158151504245	14.6905157246996	14.9434144957591	15.104028152667	14.6416328849363	14.7864723659087	14.5832779088208	13.7999751487692	14.4253142892006	14.8029587597469	15.554492894325	15.6194076912353	15.1313691855711	15.4026209308279	15.7624213542059	16.0730676807889	14.7605910811553	14.7208099970045	15.7954361510202	14.6266113529008	15.0091231526262	15.8307105255314	15.757781258502	15.4971195601419	15.71214625694	13.7203813511692	14.8144238388613	15.9538159582703	14.7323925806177	14.8796688121861	14.9427075727147	13.934137594682
M474.1759T243.68	13.8491951191889	14.5008073402012	13.7658501684547	14.1754072109147	14.0594483144916	14.077084211514	13.6123437506967	14.4391210794861	13.5118100598925	13.7620369291338	15.4407237105617	13.7010598965696	13.6912019531886	14.0132492352595	14.1331772590758	14.1541565681719	13.7246980045904	13.9260286629265	13.5258089063952	13.2525255294431	12.9083504363407	13.700393808647	14.6190301062191	13.9996398807584	14.017812664783	14.5408619020367	13.6643800121732	13.8583097132943	13.8485602644287	13.2528244849284	13.9137618020044	14.5670696856343	13.5351068481534	14.8757788024196	13.6239858419476	14.1235000543999	13.8740839735377	13.8203615077161	14.6209305057522	14.3564001082813	14.5650245467273	13.9940644339456
M474.2897T385.13	18.1389204298153	18.6951923677472	18.7841690537407	18.6218314601435	18.5674504489933	18.3829893781212	18.7616986593131	18.7725269453871	18.183380632362	18.533209771296	18.4691288679713	18.6491622137992	18.7714722140832	18.4270554447609	18.2400492474984	18.4540643764922	18.3380685118621	18.4596441211682	18.436447911961	18.750767823785	19.2860635232803	18.6209612935269	18.5643134346764	18.7309439424034	18.8098618081958	19.1620495169939	18.4431080229568	18.3642430453574	18.7221712851972	17.8398963611439	18.4182333768317	18.9063821055487	18.7220482118379	18.7698133560972	18.7639047708264	18.3763305050475	18.2555507653681	18.9767889824521	18.4958338860192	18.5681070316996	18.4519799414556	18.1406907686559
M476.2796T613.33	16.3363964559665	18.418768902677	17.492878651225	17.1273777730519	16.5397394270657	16.8083469218461	16.6842467723232	17.4707189190955	17.2401834977812	17.5775338965693	17.4550875497473	18.0066155295115	17.2453917760939	15.5009130411624	15.3478637842309	16.1426647240228	17.2135645016398	17.6516188897933	17.7809145066654	17.6395914891271	18.5988559548932	18.8449586688845	18.330902119569	16.6530613767398	16.7346109541634	18.4438690202291	18.256790501104	17.5693913442216	18.4318427609003	16.0466728263792	16.9220239217049	18.0136590598041	17.8290267277681	18.2051192464306	17.5136472900241	17.9959140190994	16.2786342799826	18.5571538775564	17.874730195735	17.7902530016892	18.0807367971356	17.4015786878536
M479.6903T342.39_1	15.8893405781137	16.9061214107907	17.1915886350258	16.687108379922	16.1086369242723	15.7968728684573	17.1497144862527	15.9931058862159	15.8552645708353	15.5876534155633	15.7151259332351	15.9927696235375	16.0209477959685	16.3956451345277	15.744445298818	16.1485017755576	15.8810865396279	14.7219144225258	15.7122570316439	15.794462309477	16.0681944908783	16.820888279757	16.4922459566919	16.7718847299315	17.4861859175603	17.4658302505458	16.0863392581239	15.8911335147066	17.2715110812423	15.7809415485028	16.2220546481423	17.26470855549	17.2138620789011	17.1021101564148	17.0137484527713	14.8635481170392	16.0843198835692	17.3149502013683	15.9046648493321	16.2831143649662	16.1889877944899	14.537074658795
M524.0012T879.03_1	15.1462151715586	15.1920606351868	14.3436828663523	14.3907688652456	14.1834309762925	15.1732942299319	14.7238828692057	15.2502911526496	15.9952906475022	15.1199846860649	15.039011838911	16.1737437101043	15.1179572981002	13.9069364821303	13.9876459604201	13.0619176338888	14.4803683216442	14.4103552515034	15.1575909600664	14.8734794762358	14.9195415381989	15.1250995988064	14.9648853451162	13.5458530163946	15.6030385508962	17.123759769566	14.5292220786144	14.5835253483423	14.4194767755767	12.8962569559921	13.9267359460605	14.5853617298954	14.0352145677195	14.4419436600135	13.9803528304177	16.5694144626978	13.2711469638408	15.1845599865699	15.5930481759565	14.8745799827503	15.1541626558643	14.5082092987479
M537.025T877.9	13.0652918585673	13.1828611220114	12.5810628388241	11.9061056887734	11.8650039342606	12.9484151941893	11.8127987653432	13.2099528262859	13.7920966362063	12.8845929618138	13.1973856376918	13.943447028919	13.0056454121701	11.0860806951429	11.3336658890112	9.46931548801006	12.3170735339712	12.2832119419287	13.0268523289099	12.8515060394359	12.9665423342644	12.7661482692139	12.8066312989408	10.9864058624998	13.4631053711484	14.9577657639813	12.4689920280701	12.5779024688671	11.8425142159866	10.0299328416522	11.5640804254502	11.7519020307023	11.6564526806684	12.2371569164279	11.2174320581368	14.7092553527629	10.2292900572045	12.8041247790719	13.4860976286684	12.2710644281673	13.0702245799548	12.4084037146577
M612.054T875.04_1	14.1198699789744	14.0138718541536	13.2831088513922	13.4365317849915	13.0390379376312	14.0458883771844	13.3933774490725	14.1231267974861	14.8485518452249	14.1831497496341	13.750753198384	15.2188800087507	13.575709152749	12.1640705518173	13.0168526348997	10.0753081315993	13.3149044163814	13.1157850804906	14.0361708465661	13.5258525336426	13.5668403482979	14.1991244620201	13.7126397430742	11.9039891939102	14.4222244201114	15.7112333539145	13.1768455763076	13.0444656416624	12.8510113678699	11.4485576724165	12.2565034622384	13.2213388979922	12.6128037031751	13.197555496255	12.2421207073392	15.4438569398639	11.6691236711369	14.1695004913673	14.182442532474	13.2159543705876	13.8868128348787	13.3906541037027
M480.2574T388.84_2	18.567933032095	18.0626877858464	17.6022437580775	17.8030950952123	18.5218902813962	18.3242306842939	17.3905400878341	18.4336756298741	18.5103882296494	18.6486989270749	17.8137648280971	17.3269733252363	19.2042264044181	18.7127135651797	18.4613305008582	18.7471942243527	18.1615016659594	18.1034612010127	18.4688394915801	18.8290992386625	18.1406065042901	18.2152757716377	17.7116882795242	17.6223017631885	17.8326889919393	18.267662974404	18.4033322704959	18.7691420776833	18.1427282951002	17.852714496203	18.0244052666835	18.7696816403219	18.1843559061161	17.8766451351108	18.1911189548138	18.3156379703328	18.4858184003789	18.2139398055077	17.8431975642661	18.2859753645313	17.5778440531946	18.1250122013069
M481.2831T443.48	9.89019708987647	12.7805198770081	11.8465910257417	7.41283932511613	9.69180685792812	12.53585457984	9.30795321983088	7.32610420472053	12.8167750147359	8.72561984186822	19.9302443415047	20.2850117736754	11.4281421419792	10.6691257432554	12.8359332870957	15.8224012860522	13.4206870126716	20.7718958401142	13.8317641842176	10.5718664494944	0	11.9895186923846	8.36594095305757	13.1068298267276	6.59286677818601	8.20307841312502	14.1895840873518	11.4678483244917	10.5934210458573	10.4867871538055	15.7287065117922	11.6950801550254	11.7523453199536	10.852012345388	8.22460495797676	21.3219282406335	8.35153122429078	11.3651269400677	21.0789944557529	15.3201350633739	20.3806413314672	20.0457367793299
M498.29T445.74	6.84257760956967	12.6560132120066	8.57442565587572	7.990181076887	0	13.5486365145048	7.35484630598229	8.0401362280998	13.5628571760624	7.65826065568345	20.5247620347782	21.1215701899005	7.88818710788308	10.1547056042331	13.3769136986792	16.1468483285329	13.4569226445516	21.1459470113009	0	9.35441157312184	8.31792236766141	0	8.25995693060555	11.2100030034701	0	9.39495027868797	14.4574736747988	12.7703980070378	11.4273322435792	7.08567045260042	16.3122955849297	10.9965403259126	8.89670933614041	0	8.35611935201871	21.8825570657065	8.18967833228103	8.29350540689932	21.8256219555379	14.9332887876087	20.8400208752346	20.4582998719652
M516.301T438.6	15.3027000796806	17.6041907618221	16.7227773618207	14.4156955064925	14.5057650074395	17.5252711806807	15.4257338785753	14.8783885044867	18.2464877495666	16.1559552831762	22.6153224887628	22.5304744209032	16.681219916295	16.6571208005998	17.7462599859413	19.965906641656	18.8440039468446	23.8602142505807	11.5155181669053	15.7663592335686	14.3681582370327	16.0094928479778	15.1769700984771	14.8655622193421	14.2090573662547	15.0755573564759	18.0261830955528	16.5200372337145	15.5080105632565	16.0017264275648	19.1750329463548	16.578477300502	16.6383519326082	16.2114522714939	15.5813789736765	23.3666311842794	10.0648872935686	16.3818614373022	23.6012134174594	19.4806750351644	22.8252404299534	23.1918559660991
M481.2288T347.27	12.8989877880791	14.2075948955448	14.3954904498013	14.3088965105626	12.7715621579361	12.6376190509899	14.3051950864297	12.6278463492322	13.082508890254	13.0170117771703	14.0872312390059	13.8817499154475	13.07127513267	13.1435454477819	12.9050487073863	12.8006281437966	12.9097330852086	13.3419739505096	12.9602231084421	12.888375309487	13.5776160692729	13.5443654525601	13.5324492320156	13.5070247681082	14.1346343469629	14.2426708811786	12.8678584103975	12.7113123830495	14.2849703381108	12.5112858154666	13.1740277821581	14.3441683810334	14.344238285016	14.1261631018845	14.2325833422713	13.1374515448717	12.9715710147009	14.4289177452263	14.0472974902995	12.9756542264743	13.7862928987695	12.9988748492945
M481.9986T282.98_1	16.6756672872318	16.3295550680035	16.1662477772707	16.4745477286154	16.5220213361057	15.8932858034252	15.8785393335711	16.5435380957854	16.1700303171522	16.5056381100645	15.6444510224293	16.3281949242491	16.463279771332	16.2436913716295	16.3365260867898	16.2584120020606	16.0990184450185	15.8876252649876	16.1568766723661	17.0180976704191	16.7271328805845	17.0212811252225	16.5935082440245	15.8000012257292	16.4357833682462	16.8133018241151	16.7878873251211	16.8737762821564	16.8753909487759	16.2971545389519	16.7730970796164	17.3864278690259	16.6342841675684	17.0415148315684	16.7891602112154	16.8337538464156	16.7521278872843	17.0501589126515	15.8376962301493	15.742982475137	15.2554059028442	16.5388148130246
M482.2493T282.94_2	16.7620141255487	16.1580471563065	16.1568252655271	16.4174019751064	16.497565102758	15.7926307960979	15.8619475455836	16.6319428294746	16.1795863437986	16.4204190075983	15.5964329175951	16.2748223644951	16.4790482444704	16.2477911950498	16.3613914139697	16.1235250121921	16.0427699954696	15.8611385551305	16.1431919543006	17.1219318956904	16.7698868192795	17.0515662168952	16.4500333143205	15.8028970235449	16.4410183973329	16.7788069118805	16.8203987817386	16.7991900642293	16.9232187255792	16.3232718477174	16.725782461583	17.3969503620739	16.6426635739811	17.0374600724516	16.7672977037616	16.9235704691129	16.6995543934996	17.0145334703314	15.8024978705421	15.6893631569685	15.2848493222923	16.6053105588213
M482.2956T547.99	8.41157165362127	13.3855448072987	0	0	14.027115522112	14.2428425924374	0	0	13.2319064852606	10.67733622382	17.8054601034313	18.2631735615062	9.69036111359484	0	9.23080323505213	14.878225472289	14.5289558988322	19.5976049860168	13.4582309241512	10.0406806670616	7.60575375250111	11.1828827215058	0	13.2007631251145	0	10.9243410986592	14.0002114453149	13.8732373254416	0	0	15.2167684962392	0	0	13.0351149379171	8.01302084531555	19.9323764884535	10.6177832412559	0	19.7603677292372	13.0126750571533	19.8862661066021	18.7880903034731
M482.3262T743.56	21.2074058274451	21.4134233323913	20.5514614510767	20.2660237236056	21.1431401006303	21.3703916633742	20.2870829391469	21.7357424017927	21.1222295326975	21.3990429701447	20.9797245637523	21.2159841684925	21.8285069611886	20.5367242991774	19.4908528005804	20.1087982767302	20.4406657268651	20.4411283988209	21.3630899940064	21.7429383788833	21.7015808566466	21.4561998180643	21.4091485750009	20.424082349279	20.324620150093	22.0396326343699	21.4980654761173	21.9383322865534	21.6062023396798	19.4947933595299	20.1490967343821	20.9989916184339	20.8940807342491	21.417704822557	20.4167165358492	21.094139790276	20.3472918584763	21.7155168425753	20.635647314862	21.3459464057218	21.4503233286076	21.1873539991472
M482.3261T658.86	20.3526300204288	20.6681245640269	19.8151513049881	20.0182452530825	19.8043552100903	20.3325274242945	20.0489141006173	20.5080275573305	20.5017716116635	21.0445230049896	20.4581266036532	20.7375205803887	20.8504049718654	19.7233815640148	19.2688806553602	19.7588629142292	20.3356805956314	20.2360057517784	20.9763745208927	20.7527193916098	20.9444531051824	20.7406363842182	20.9911349095994	20.162830828686	19.950661487555	20.9922486206021	20.986331797665	20.5564230790683	20.8396064986782	18.6608122596884	19.5154695525862	20.5243407278009	20.5184352474458	20.5428840091955	20.1118767824506	20.4688686194708	19.4353209768511	20.8683626025928	20.7336063674209	20.5844880783249	21.1167062836862	20.5765406958427
M482.769T392.5_1	15.4162745404473	15.556335088955	15.2094247752776	15.4940045942625	15.5897923950822	14.6756944669034	16.0676338340823	15.4865168825339	14.5961541684851	16.1402524159549	15.5201243272745	15.6544597162737	15.7269502719833	15.6756152136187	14.5860036088016	16.4582352456109	14.9232640269191	15.9910688702671	16.253901106601	15.9395405391992	15.6360954946647	15.2418703312188	15.4283820355705	15.4698940150797	15.7728176763139	16.4342236085121	15.3571999021922	15.2694614967371	15.7476505969807	14.5604672713891	14.2163760869442	15.7006404759436	15.2278421879857	15.3362690427921	15.3485321873393	15.6297266355752	14.8387540396281	15.4331711057342	15.6092941573216	14.9737730298664	15.3730283892686	14.8440804897805
M485.2871T645.16	14.0314252095169	14.7775953338375	13.8498582816383	13.9548729099851	14.2690824991643	14.4654442469276	14.0143925557802	14.5097075886932	13.9199223843652	14.5021199650607	14.2564933646952	15.0237949791749	14.4741043272573	13.3056658324977	12.6873127199199	13.3266552165069	14.0249654872427	14.0543408013627	14.6676963306297	14.8184494889799	15.0223143486447	14.8466950695706	15.1959176977519	13.7755718929016	14.0506644343416	15.2161637080033	14.7363688096112	14.4688194803684	14.9572839494488	12.6800074856642	13.7967953022209	14.9172384972795	14.5670093998944	14.906664431679	13.8693350806593	14.1442697683412	13.32841114698	14.8899291662131	14.347021403659	14.7262980256032	14.8785543888247	14.2969555226055
M502.295T645.16	23.6749370581765	24.2542128276172	23.4652793902208	23.5617163238835	23.7263596779748	23.907978924512	23.6796339505326	24.3555449317711	23.5278365620089	24.0242494837068	23.7402356111662	24.3063525889967	24.0041674296386	23.1826854177291	22.3029025013005	23.1457281719914	23.3585258436731	23.5550686549025	24.1907085261421	24.3805457429322	24.5850836774767	24.3738847998311	24.5769368281314	23.4226080675533	23.695179447575	24.894979424879	24.2351417387539	24.1893935264958	24.6204479977418	22.3424082523834	23.2097473025575	24.1875089783615	24.1124575334166	24.2998429162561	23.5160731582841	23.7451461765283	23.2581161296674	24.7944431033869	23.8082894265832	24.1947531146456	24.2538256548952	23.7454639312407
M508.2844T641.43	15.7884294674433	16.7976016016014	15.6909263426351	15.5507415706001	15.8462387855262	16.0922649488448	15.5797800931714	16.157989777408	15.3260544096116	16.1699647149286	15.6403145405876	16.3899413863883	15.7987287476897	15.1958919821197	14.3032975979829	14.7831495484544	15.2453291470426	15.3097038754329	16.2632668956594	16.239943496637	16.6699792171564	16.6218887919508	16.6295939031356	15.5299874138229	15.5144893832483	16.8263639053842	16.0567098248203	16.294022353393	16.627489970057	14.1297640827379	15.0401331385734	16.5334635055475	16.2297311786661	16.4984214841793	15.6601697598237	15.615836670612	15.2341488621766	16.7195202683343	15.4476100199803	16.0177019501067	16.2603339944782	15.7912191138425
M509.2886T641.38	13.3890519026284	14.9235642048811	13.4623198427967	13.795977190872	14.2851453415766	13.7642380984878	13.8074722066855	14.1157724749606	13.3064868187728	14.3504402795404	13.5832338314591	14.6985041576375	14.0841319047679	13.1061982180599	11.5712795396385	11.3246768027742	13.2191333883101	13.2992124531243	14.3404790756482	14.3553803615803	14.3451368792968	14.7856273719476	14.8546429959909	13.6062788401929	13.7819422874779	15.3397426409675	14.1291658079966	14.5491534297689	14.5181666310797	10.1984567343006	11.9395549231818	14.6058041084356	14.1840290104152	14.493680575391	13.6112572736002	13.4200882306102	13.4933728421583	14.9914300048421	13.6786904271306	14.1618329581411	14.3937102691608	13.8654054404806
M525.2805T645.07	16.974586317874	17.320927292571	16.0900784380877	16.5685401181204	16.8518509668589	17.3918382771752	16.5081599931411	17.1067682686339	16.7145135533447	16.9005165792169	16.501874466663	17.0836473961554	16.8223444039358	16.0132667041145	15.5808583182388	16.1165549982355	16.5471872932533	16.583712977401	17.0294201614386	17.5566057099128	17.0927698008532	17.3237495517555	17.3366288321199	16.5770008623715	16.9001957838113	17.8467063796974	17.1780827614652	17.4902265839341	17.6534090327479	14.9530439947107	16.2578352368217	17.4186163803638	17.0063476386838	17.2626995878982	16.7893518119291	17.1216313754797	16.073858079735	17.7834127495346	16.9577217509527	17.1903375364017	17.2710275751769	16.9551522794448
M526.2951T641.42	23.6877628420185	24.5103831897218	23.4757732075973	23.4066302059534	23.71940386488	23.7573151578383	23.5200866782533	24.0251780876882	23.2777981187476	23.776774340061	23.5759222171975	24.2368872002007	23.7579460776393	23.0286602168071	22.1965635967267	22.6895931053399	22.9989589747202	23.115420417673	23.9097537628971	24.1163502755694	24.6365713744805	24.5354329994731	24.3811140120177	23.36696501641	23.5408601570629	24.7877358100319	23.9028917727863	24.0852558918609	24.3927037239926	22.1314065291313	22.9616712355994	24.2279281795905	24.2703602951888	24.2996341290624	23.471770082199	23.452293177357	23.1222000302565	24.5695559996839	23.4527905273022	23.8159751470057	24.0621678600628	23.5202769103134
M527.2983T641.42	21.9262757061141	22.7612640106878	21.6987196355623	21.6548064315091	21.9872525247311	21.9762221402908	21.7325479194115	22.2545808708118	21.5068502281221	22.0546101805988	21.772980301773	22.5039326839355	21.9765717044361	21.2397405694679	20.3899523171966	20.8861602198113	21.2408687482233	21.3328068215909	22.1906036587223	22.3557665736819	22.7184661315641	22.6576303742216	22.611553746699	21.6059203415641	21.7670404523055	23.0184681460055	22.1262385833731	22.3255427889397	22.6213386320054	20.3236026017767	21.1780313971248	22.4564592037199	22.4637697758903	22.574994022885	21.6822042837534	21.6623050559583	21.3856218606262	22.8070796245735	21.6600024290451	22.0301868014331	22.3107976880339	21.7632421263829
M528.3011T641.43	19.2216939727498	20.0628061614145	18.9348505380189	18.8830176266273	19.2786329257287	19.2773185464832	19.0242109603056	19.5434040050636	18.7671935710129	19.5537486077049	18.9792270129947	19.7948492563083	19.3009533834029	18.4838246423632	17.6278048702118	18.1656336824187	18.4748450721507	18.6490635285609	19.53496172144	19.6714887505453	19.9958257703305	20.0999277481577	19.9445919692552	18.8722445573741	19.0238703648039	20.3839561409963	19.3820144558672	19.6468893414811	19.9566611298421	17.5098941776402	18.4561438311713	19.77844078952	19.7460184300879	19.839263890871	18.9378916245308	18.9153639052625	18.6383725981574	20.1279574658788	18.9556754189333	19.3413469688455	19.5878993677302	19.0049719475376
M548.2768T641.43	19.0379676120466	19.6603267963698	18.1157925596558	18.7154355996081	19.062700292867	19.0039019142616	18.6039422872235	18.8876699024021	18.5795377728661	19.1376537319773	18.445590650916	19.3280644640312	18.487828923495	18.2556429777378	17.6221897037363	17.8417465025369	18.3237263083957	18.216618853461	19.0529413899886	19.3162283368018	19.0013736550827	19.7250023933319	19.3711671765019	18.6226526320471	18.8807963359253	19.8162449850824	18.7284059375543	19.3106706754039	19.4813544647969	16.8644654075601	18.2615465099769	19.5873956969068	19.1584622973575	19.5183699107107	18.6637152119107	18.6218912268721	18.4641578270919	19.7596804970564	18.7217696068314	18.9227700206549	19.2968626795882	18.7227852946956
M549.2803T641.36	17.1203870928488	17.6243706760832	16.2325191046846	16.7779714392791	17.170521646892	17.085325467337	16.7530006513541	17.0265795689218	16.7517699535445	17.2391018212372	16.4693111443332	17.3898790843362	16.5118413750496	16.3689316775146	15.7967583863882	15.9933732129295	16.4016971242604	16.3614120522564	17.0751456702343	17.3845128736737	17.2664711953742	17.6411184981762	17.5176896815602	16.681678152012	17.0586310441036	17.9306437191882	16.8550207590921	17.44565226375	17.5133868632561	14.9358441207835	16.3783761143691	17.7434450259228	17.1338179879254	17.6508407602596	16.7850253368596	16.7127088512861	16.4569068708767	17.7457156587744	16.8883301940226	17.066179843682	17.3532827349549	16.9619573912709
M550.2829T641.37	14.6338311643155	15.0399911223874	13.923422137911	13.8820204779651	14.374410437477	14.2421680278247	13.8702265421747	14.5929789204101	13.7419299396675	14.3948089966129	13.9392327401399	14.5049970287446	14.0981222277277	13.5782992056581	12.9713145523478	13.0259232761337	13.5811585697961	13.692900524391	14.2229843810751	14.5620513507681	14.6808402636132	14.8339740697136	14.8388602814865	13.8188599116847	14.3917010881169	15.3585630759812	14.3900724462553	14.89608765022	14.7907610547538	11.7559828975875	13.4763903631704	15.2118575619512	14.2117843445883	14.741905175215	14.2788590324575	13.8842745268314	13.6900356188267	14.980447236102	14.2291391787363	14.3980277329984	14.66248863711	14.0533139817688
M552.75T641.39_1	13.9739686384668	15.5363302561063	13.8099290141759	13.8510442239879	14.5778670353402	14.1905545455802	13.6182107063163	14.7993185579686	13.5403752311751	14.7090328132468	12.9434848991594	14.8457689709346	14.2413337028548	13.1397626589509	11.2263538430938	12.8599643495553	13.4977760249529	12.4904620794399	14.8244302261879	14.9122360605142	15.076497004137	15.2559516000917	15.2415990099301	13.9113834356105	13.5384270181176	15.5326175382217	14.1295286427866	14.9996996535964	15.175364410088	11.9910900446059	12.6346108573156	14.867828433922	14.7456486029102	15.3980013579345	13.7326410989746	13.6401074440633	13.1074984258301	14.951250708213	13.3504080776815	14.5201142011482	14.7700101326302	13.3333528490005
M553.2535T641.38_2	13.762702141855	14.9120861947461	13.5682844467756	13.5604880205379	13.9632396480147	13.1495945900211	13.2099270745031	14.2769548073293	13.4656591561085	14.081041566866	13.3962893244558	14.2607215870447	14.1334540233493	12.8612172973218	10.1901905832721	12.0310863725751	13.0295898746461	12.285426856896	14.1958888332786	14.5015140623759	14.9858674817641	14.6825793686901	15.1948774106886	12.3319547578859	13.6773824430536	15.0709301415253	14.152172316082	14.3394351557769	14.5649691250643	10.4741230238415	12.6367152131674	14.4343714631882	14.1617218530572	14.7032205090594	13.5080552994893	12.7700182812542	13.1910871309741	14.8725725722416	12.9660702856639	14.1378481305709	13.9249540648236	13.401844142835
M554.255T641.43	15.2355802420498	16.3334244591213	14.7104353143845	14.7360556925723	15.4533237618722	15.2033533509552	14.6396687581618	15.6953553217082	14.470923090738	15.4414272556665	14.8020835634967	15.9192237227966	15.3214280309069	14.2812950791112	12.7745507615441	13.8224139743032	14.3031966682809	14.1519916642217	15.8514266271597	15.7011111985855	16.1723498892746	16.1444593107825	16.3180135611772	14.4698091861525	14.8245141096892	16.5718851235394	15.464065154347	16.0775899531676	16.2482363544453	12.4950314103621	14.1544227510765	15.8323847783726	15.5383242699349	15.9951141240631	14.7172755385655	14.7875688368485	14.4575748247324	16.2169840723502	14.8208364423812	15.5013058126509	15.6267387450205	14.7953129673599
M554.7567T641.49	14.164232491769	15.675687317263	14.2311398792983	13.7023743415384	14.5830869095189	14.4617080811726	14.2739722086218	14.7240186376097	13.7792229913518	14.8236912208018	13.7160095691857	15.4703822784162	14.6378166707231	13.298446266679	12.0897246542939	12.8295211146899	13.5609401759705	13.8321435390233	14.8724611378367	14.9094347039048	15.1950794745965	15.4328472483482	15.4058785895589	14.0416633622252	13.9688318962115	15.6860468075387	14.6849978002839	15.0226863887868	15.2258458830322	11.6318554750664	13.357262677042	15.0743948089332	15.0174550014482	15.2722463471387	14.1324708426976	14.0754386142731	13.6292823943929	15.4238150349868	13.5759362883077	14.7100656589492	15.1760789197886	14.0222501551154
M487.9333T293.69	13.1739994030992	11.7847907443962	11.6550874777001	12.9655937246083	12.7943246452422	10.1471495563407	11.8381377774202	12.098187994578	10.7701796827811	12.1782710801915	11.8666875007937	11.6837020014653	9.76382693409349	13.1058620397297	13.6221450637801	13.9393606392617	12.3082985587164	13.0988839655173	11.9757645091805	12.8680242054245	14.1510428174107	13.7039112375367	14.8698382820831	10.6541161894889	13.2949149284369	13.4742831780168	12.3620074505539	12.9578699554729	12.7431644170503	11.8352203952175	12.2407830298475	13.8407205903473	13.2241556849743	12.3809918082789	12.1417485847795	12.7076691903825	13.1318361983114	11.1128386175706	12.0775273057455	12.4804245528681	12.2632423204124	12.6183453110922
M494.3264T641.06	23.5250693931117	24.5521853899013	24.197916801951	24.1883208128573	23.6121566310314	24.0939491357463	24.4035395833288	24.158322672423	23.6970625523856	23.9472548631809	24.7539133523209	25.0378053839932	24.1138869437684	23.4707263831275	22.4141138253343	22.8964232923662	23.1689869658971	23.8603882551257	23.9512995999901	24.4283876518611	24.9369972481941	24.5473214675747	24.5488872766682	24.1914727475463	24.1397083410725	25.5752191986604	23.8705148980395	23.8536634257989	25.0814047839161	22.2330630689864	22.9327568833028	24.2164355584703	24.8094851188293	24.9211280033173	24.1537799499006	24.0994727889738	22.9149167541195	25.123917198745	24.5004837138713	24.1072058686548	24.5892309013606	24.24216089225
M517.3118T640.86	18.6670846506528	19.4686870244545	18.952304989769	19.3347428972462	18.6438301859111	19.0940449882358	19.3192777570525	19.0431746066168	18.8654216867194	18.8429172705075	19.6715069390415	19.965339478422	18.8306880200975	18.4196047173592	17.4271349950591	17.791652384911	18.1643043335111	18.8303640283548	18.9008040394804	19.4041711080068	19.580083248049	19.5740755933052	19.5328682828179	19.2176989435493	19.3068693019388	20.5812511757888	18.6158746364894	19.0110214864083	20.0202363863209	16.7105838897128	17.9324044192153	19.4263045802563	19.7269964841068	19.9487531593928	19.2468816210151	19.2414846548555	17.9949491158487	20.1534740326122	19.7686982478093	19.2110777544483	19.5958811092967	19.3913891708727
M507.6741T880.02	12.683392251015	12.5494782187994	11.8244016954905	11.6840461931224	11.4385377259183	12.4821819475304	12.5159498535706	12.6444407289136	13.5150261422679	12.8408258287738	12.4728264234247	13.7081692386122	11.9325150934818	10.0618133359599	10.5913146031557	9.49539247214263	11.7068823789495	11.5949750912332	12.6612558286722	12.2770320683191	12.1968576108077	12.2866950889799	12.4344628885404	10.6798782173879	13.1322353894099	15.0814807356069	11.9227016571824	12.0231358295827	11.8717161681641	9.62973820586362	11.0133903777564	11.3189884287355	11.2825700470394	11.7913057500015	11.8102849699556	14.2522144211507	9.60794929994226	12.4768310091678	12.579302700282	12.7799873107168	12.5202358776075	11.8326883706582
M509.6602T880.11_1	14.6956090151196	14.8538009867945	13.902727877371	14.0661065723002	13.7711314630751	14.6781518996489	14.2127351994076	14.7908660376763	15.6487313849616	14.633388697893	14.2973383919749	15.645607239437	14.5545701112903	13.4355360426701	13.71241487141	12.5210541549658	13.876359679681	13.8091564178423	14.8413580195545	14.3829306131954	14.5096683506517	14.6011183991015	14.542721536743	12.8876409449918	15.1725655115207	16.722324833401	14.0514185969499	14.2332790494793	14.0166260278185	12.2474393145612	13.5422161634783	14.0239511867812	13.4766612329727	14.0245516179694	13.5802143210251	16.1667803175049	12.787133507621	14.7961167147722	15.1509850046576	14.3185970128992	14.7399113786677	14.0305994181079
M522.684T878.87	12.2216719809005	12.6617297317449	11.8999368810057	11.8092358566583	11.703229032761	12.5714741174508	11.5641390773947	12.6950212367175	13.3571546828917	12.6072915442969	12.4541666389033	13.7229540753074	12.5036516507373	10.7622621739123	10.8822030804496	8.91521299348348	11.5969902507933	11.716260222855	12.8113902396414	11.8503137414956	12.6291477880437	12.3490730338968	12.4471155910495	10.548498950219	12.9167112113326	14.5811617888696	12.1534236286642	11.4839568814025	11.716622024809	9.23404805178227	10.220394382951	11.0922022228901	11.0615095905729	11.6229498193088	9.32210513539417	14.2622077221846	10.1608338735162	12.3859371338543	12.6754110680189	11.2175798247589	12.690043443238	11.9833825243559
M538.6767T878.21_1	15.2331622789621	15.1360359472995	14.3386666211982	14.1813245984196	14.172292151662	15.1234341096963	14.6215182370841	15.2969004032981	16.0384505056108	15.0804526960374	15.0438692227986	16.198429388657	15.026830713959	13.7808687432852	14.0612993200078	12.9243111902849	14.4387731890193	14.30418804577	15.148950217785	14.8466289333295	14.8924286984877	15.0973542721286	14.9189816425331	13.4801069139632	15.5547201551583	17.04470032226	14.3994479955409	14.5992119029912	14.3362247484536	13.2655573477854	13.9088627265823	14.4094087495986	13.9681150287971	14.4513204293605	13.9974230172828	16.6031507391836	13.3791315570868	15.1679489197447	15.5361260041682	14.5148748492913	15.2032665410962	14.5897428451667
M553.6866T877.52	14.8393395276743	14.89670820767	14.2343280113592	14.206968595899	14.0074628816551	14.8671046680882	14.2529365413184	14.959831527646	15.749850349377	14.9586464014065	14.6666418428118	15.9481839376944	14.5778247878786	13.4647862978328	13.8013802453123	12.4584697677952	13.9356432105021	13.9926659621729	14.9405141249842	14.4853645092003	14.4844562546472	14.8193040907914	14.6586461561771	12.9645456328667	15.2060573417574	16.7466442786389	14.2810481395321	14.2440305405242	14.0164963211797	12.7276204550676	13.7337507096344	14.0928190711751	13.4981611551981	14.1055157163856	13.6062761448046	16.285862651404	13.0806957775057	14.8623164253455	15.2606408270193	14.4156132862711	14.8952387689694	14.2602521682452
M597.7131T875.79_1	14.1603474840783	14.5154733589391	13.376391084005	13.6981454836272	13.5525056110489	14.2086350986319	13.8118087859923	14.3511012255507	15.1991567146612	14.2158640747729	14.2930416310401	15.4080346860211	14.1247582340237	12.8399492717705	13.1254976973665	11.3912527174005	13.5946116791803	13.1564965709652	14.2797219226781	13.9916331288677	13.8978138990229	14.247637827292	13.8359540649648	12.5639610754987	14.6280403998641	16.0308937950811	13.6700586585124	13.4008072083207	13.414629025974	12.1223042979322	13.0177103045196	13.3221774627617	13.0841033452411	13.5622885269084	13.0353430880807	15.7205485619611	11.4738744518073	14.1686369827755	14.4401442669512	13.742732757289	14.3333209337511	13.7303717655881
M626.7294T874.45	13.5119899669061	13.7992938249148	11.8955015864532	12.5014714988078	12.0773258564888	13.3297338085466	13.1181289587789	13.6741920723286	14.5231072327547	13.5804241790917	12.6378643100431	15.0780700408548	13.3162846683391	11.4719244744645	12.2511435054408	9.62574006921881	12.521235788936	12.5408364160353	13.7698972378403	13.0267623711297	13.2937118033158	13.5605177040516	12.9175191794816	10.7077071515909	13.9344643128786	15.3963055498222	12.8416694443682	13.0622590511665	12.1750148474945	10.7852387926676	11.937118817785	12.6487672044714	11.8843079561898	12.6727665751682	11.8116245962295	14.9887760728607	10.9944218442867	13.4869569598277	13.8795282261848	12.8724019379476	13.2082779929122	12.7011160824623
M539.0111T878.31_2	14.8830890740377	14.8867138964661	13.9760966533633	14.176075118268	13.9800712562406	14.883137595199	14.3096624457674	15.0195601487923	15.8621858551402	14.9299720442458	14.7279896935149	15.9015215314472	14.712934279646	13.5376186346967	13.8927144185333	12.2205192743116	14.047928798799	14.1034781196592	14.9934202439142	14.6032689804603	14.5588430818251	14.8454409144374	14.788968554397	13.2798334167459	15.2352964751428	16.8102468061307	13.9040863782543	14.3820965312311	14.0710625694665	12.8872575071483	13.7627614243687	14.0990790927206	13.3599567487849	14.1492948977068	13.8460177616502	16.3887871211139	12.9925910445386	14.9385520694894	15.288279310309	14.4875469594097	14.8359970644564	14.1481389040891
M627.0639T874.79	13.4507159035928	13.8655238027121	12.0568438870492	12.2588434981048	12.4776701087279	13.6782806744157	12.705257666815	13.6983088446429	14.4391118342502	12.5348121642933	13.6609063307247	14.6274655847172	13.4626202741736	11.5860422045335	11.6887877064711	10.2943829305815	12.0928584120843	12.7628000770967	13.7109951753218	13.1940255896587	13.2258257288555	13.787395101108	13.0123044676808	11.2692062810161	14.1331693465492	15.4503824924626	12.1779665780827	12.5819749724539	12.2776498541366	10.6534788454542	12.0624783414367	12.4934194412358	10.6888719116713	12.8255621282793	11.9065749176931	15.1481836761626	11.5705555295151	13.4887839442371	13.8664146259917	12.6506785297017	13.0953620791343	12.7062590960598
M539.3456T878.33_3	13.771570869168	14.0363100838616	12.8519076906168	13.0873750389955	12.91150531874	13.9037355893489	13.3806231698442	13.8723683768046	14.8357275888031	13.9263520224049	13.5501036057909	14.8294437964234	13.6111342484069	11.5855770931639	12.6337996963311	11.2789378230269	12.7156964258548	12.9283702162506	13.8304945696234	13.3479325885531	13.5433624148221	13.9068452989099	13.468994060502	12.1066439725665	14.1400696213109	15.6331046515717	13.0606585428778	12.2571892165355	12.8336182636388	11.1478597264706	12.6671594012291	13.050552415139	12.6490097233229	13.1699856467843	12.4414100193517	15.372050260262	11.6947821904434	13.8532193133966	14.3446452329801	13.3847720025817	13.9090504878009	13.1552467121028
M514.2847T454.99	12.2910509890842	15.0733043797192	12.9281132712672	12.8560655515776	15.9490443170964	16.1408876558706	11.6994883090548	12.7903663335213	16.3142172700305	14.4352708627258	20.2751375251263	20.5218918900951	13.8125575467357	12.9578074905696	15.4046581724465	17.6717343904971	17.2964369940667	21.7067634235006	15.8476600868218	12.9532797749327	11.9960746491903	14.4366442611258	10.5927686585749	15.0308781993647	10.4195377210105	13.3449632682566	15.8083764244351	14.710414358704	13.0231386787695	13.2271578049887	17.4072042780685	13.5970353064523	13.8886665449338	14.7363810229325	13.3711697954196	22.921187024634	13.8535093374454	13.0548080143306	22.5235704423954	17.6707821279092	22.0219996966323	21.80615799952
M496.3421T697.24	28.1689301648955	28.3617461170654	27.8102678138093	27.8004584463725	27.7567845341638	28.2314589328789	27.8401181682462	28.3905065644874	28.0412336049445	28.4618732661933	27.9787093948103	28.2656419301245	28.5437882278774	27.8865048230636	27.0651760168914	27.5703747301231	27.5762459163309	27.5737322296574	28.2582562075143	28.4924228161763	28.6536515495638	28.4111907622115	28.6033590147331	27.8016748259076	27.8686218569316	28.8978795271185	28.3412110603353	28.509216246977	28.614905582825	26.8128840052403	27.3949293610126	28.2269936244316	28.1324856476189	28.3426036034871	27.8669136792888	27.9493811335143	27.4139800904759	28.601996685246	27.7950141361034	28.2396263726599	28.1689459560979	28.1483852587758
M519.327T697.29	23.6021095314136	23.4781293404964	22.6788087815898	23.1658453657947	23.0873959044185	23.4621738457259	23.164096156002	23.3282522400083	23.3784217101778	23.4709910212761	22.9825593439932	23.3769498228081	23.2999184112769	23.1198046536643	22.5492536951508	22.8157621990569	22.9418346456862	22.7888480805084	23.3674634061274	23.622967537804	23.3646893394811	23.5796313948972	23.5349637795268	23.1458845475101	23.2106679431534	24.0061077124948	23.2633647609528	23.7391168975793	23.6895084930561	21.7814796777465	22.7356637586193	23.6125292242397	23.4608812913386	23.5593667813739	23.0907385054566	23.1263457785741	22.7754998973305	23.775325810349	23.1664945485854	23.364859026511	23.3905517333161	23.3948417555937
M496.3422T683.21	25.3835880318278	25.4203500822231	24.6292260401676	24.6919857658012	24.7549573124578	25.1291598568434	24.173101859867	25.3139867380023	25.2356550043971	25.4818477309107	24.9285235377907	25.2281037452312	25.6483475116002	24.5449291460816	24.0486880705316	24.6350647980241	24.4797914368008	24.3733152826167	25.323399725431	25.6629428460643	25.7355875364154	25.4302960035076	22.5547010358857	24.7534400614751	24.9214679843949	26.381513295814	25.4258381257852	25.8587844205134	25.7076016432106	23.7448735789078	24.6629772487296	25.2807381242928	25.2376147020119	25.3858157836642	24.8225309222381	24.7287399982532	24.2879338684169	25.9452181113196	24.8961711039378	24.6073429454685	25.133041245805	25.0830007430967
M499.35T683.1	17.4666808684868	17.6646250110948	16.8183589749535	16.8990374114541	16.8979886833935	17.3472659913593	16.7665181456425	17.5146107406605	17.3139875658689	17.6688848456243	17.0922906906928	17.3972049814744	17.856793108905	17.0528183367501	16.1808341292219	16.467375712132	16.6268673020679	16.5511172872687	17.4603793739333	17.8352642640112	17.9911530167064	17.5452650455006	17.8064227863579	16.9889051454948	17.1427777516027	18.3675188343377	17.666121715339	17.9500298437435	17.8967080575154	15.7546309767207	16.5006470473997	17.4420438865939	17.463799513458	17.5375847444983	16.9677048928455	16.9434585345172	16.363037576221	18.1111891838598	16.8551482198359	17.4063992729451	17.3257911894355	17.258445922725
M497.1366T333.87	14.41574880754	17.0480538155337	17.0536962513743	17.1607174981491	14.518795840984	14.4674119202613	16.4395202499303	15.4986215468259	16.5693806280798	14.9761472865894	16.3825307150793	14.8840627518353	15.6835321717484	13.9670766652258	16.1680232494891	15.7656580856114	15.8819105419889	15.7729607768487	15.934549597644	16.0093378930804	16.4965004163901	16.5647980170469	16.730071732924	15.5601860850551	16.6807313247538	16.6353190034171	17.1400254401232	16.762627385971	17.1461085196258	15.2295380832685	15.488003156996	17.7179605902906	16.8760658967319	17.0491665823105	16.8465329977927	15.6032251029528	14.707356246334	16.8244011165892	16.4012334832324	15.3626715789746	16.1408563698901	15.5053713924391
M520.3095T474.49	9.50785381811982	10.9250691477991	0	11.4713951868707	13.2036200092686	14.1251053695813	10.2311806255503	11.7989591653027	13.8886517207747	12.5599443801723	13.8153858609731	12.4690006153515	14.3066027316639	13.2535223485853	13.2880668063157	13.959483686946	14.4447465478452	13.5650461501474	12.637938070602	12.3818218762386	12.0537293076918	11.8651626284443	0	12.5210904710536	8.83831761731522	9.46345109650341	14.7627744208832	11.4006979138289	11.6257538106219	11.6062518623795	12.2572870129066	12.4708746854887	12.2539656959224	12.8896679390435	13.2018023777592	11.998469261155	12.1980337202804	11.4818142168378	15.1268259009664	15.0714933824051	13.7836353371953	12.5095171986309
M498.8345T410.9_1	14.281773075984	14.932512410831	15.0951168360503	14.8209500420132	14.6181859450712	14.6031399163708	14.9637968113089	14.7673327625887	14.3837639329663	14.3496641449427	14.9458118302958	14.9427208262575	14.7993478243149	14.5043352916379	14.5939196233234	14.5425964452178	14.2369790292465	14.4096147262285	14.1584854027869	14.6359174576244	15.9207549337956	15.0364380324494	14.8432571643877	15.1100188632559	15.1614800509944	15.396733268298	14.4215088098894	14.8665211476765	14.8013232752736	14.1482105173323	14.7213057019058	15.1676696673348	15.1399157262561	14.8702968901473	15.0967902488145	14.1758109644147	14.3744096413679	15.2386873159538	14.794020582794	14.7609890679968	14.6609565259155	14.2220332868584
M500.2795T613.33	17.9603205923516	19.5911497277754	19.0184638760657	18.7217496752589	18.3621208956669	18.3794913808894	18.748835215665	18.9964384917296	18.1581151704086	18.2082554812738	18.1672753687418	18.8912349268055	18.2536834581794	17.3494191596775	16.3799425823575	17.1409491027398	17.8974922756202	18.1632613138284	18.8096699403042	18.8063432303951	19.7814490021197	19.6240021932208	19.2017987291798	17.9556583120034	18.496420092211	20.1962663841983	18.6848211611102	18.4802920128345	19.811897329994	16.8659764238272	17.6724369699153	19.2725681456215	19.3454623787477	19.7511775852097	18.6595388626103	18.3750012254879	17.6911482121705	20.1030301976056	18.6022370648689	18.7283470401139	18.8307064684183	18.1384437255599
M501.358T876.48	16.3732859075548	14.3256434078534	14.1268600820519	14.0647063494531	15.0759792028292	15.5729847991896	13.6093641540908	16.6151336659063	15.1679763718286	16.2105240753139	14.6655112951441	15.558312681302	15.3574333446813	13.0934195199805	12.8261549844162	13.7874559897225	13.5328921066093	13.2509238532598	16.2417322707116	16.4816647035434	15.5512595367845	16.3084230447329	16.9487885877738	12.8118952208487	14.3249743663976	16.465630258747	16.5528081126424	17.3874208797914	15.8952123873752	13.2791096021299	14.4003555300833	15.1848854608895	14.8388365848975	15.6713655689383	14.4028913560114	15.3217942136733	13.6340026684823	15.7562534373373	14.8334468918407	14.7090541410104	14.6541743964556	15.544363146016
M503.4466T936.5	15.2631320425285	15.2720773297222	14.7507254669149	14.0093102110038	14.6186546982427	15.5830935084608	13.657529929389	15.3179559120798	15.2600209126768	16.1058154412676	14.3236523668117	15.0665984660862	15.7564209171108	14.2796946606455	12.6294464669543	13.937689788986	15.0380188578286	14.7968498819183	15.6009206888653	15.5797597321665	15.6626021322177	16.8595009087188	15.7791225480004	13.2361968836756	13.6823412958028	15.3506001583391	16.9885952971493	16.2748208254085	16.1352068262644	14.2995502993029	15.4457691329286	15.1527198773738	14.6031712399907	15.2418891523839	14.7086001549428	15.7936639059133	14.1993835686979	15.9203247419282	14.4792215822515	15.9757320776511	15.0047419545874	15.7130047987621
M504.3108T668.28	19.7733539722092	20.4834325153604	19.7952000436159	19.4006083614258	19.7812441236621	19.5706489896014	19.7887983955785	20.1166746953579	19.8133852970633	19.6469135755204	19.7554025132453	20.5415687402194	19.6104708001681	18.8403686121775	17.8715118116165	18.5299488727092	19.5775317769571	19.6504646085005	20.1933124931662	20.2027370791682	21.0595603011932	20.7284961807024	20.5116522688914	19.7234543513931	19.7143237028232	21.4614476289924	19.9895783208455	19.9654004279568	20.9312148751473	18.5241488010636	18.8104893381421	20.3349376751494	20.7036521533764	20.982377476853	19.6286091789171	19.4730056334227	18.9939380039645	21.3199230986811	19.7435447089714	20.1988138782908	20.5699106306238	19.7251067166909
M505.228T98.26	14.5170021831795	14.137819364561	15.2316054088139	15.6667082517718	14.0160296144213	14.1201459580041	15.2331031663665	14.4761880566109	14.5424220920376	13.75637105961	14.1302222027076	15.2361022316956	13.4762119144161	13.5788309690693	14.8896281906871	14.7685974632063	11.8641857105484	13.4149530179638	13.3994201355646	14.7498087728839	14.539266385064	12.7892969825954	15.1237130156352	15.0155797824251	15.9469995421675	14.1177930411164	15.0208864412134	15.3615042385568	15.1959933107662	14.8695446231663	15.5433688652288	15.7017097307416	14.9060157168878	15.3166768295541	15.2328097295963	14.0519998978711	14.5553028673474	14.9719546665692	15.5878692396306	13.8401271800697	13.3501601159639	15.4074712308079
M506.2117T388.92	15.2724902547412	14.6513219793644	14.5114127449866	14.463013347724	15.3354120750653	14.9331092276643	13.9597549805357	15.121968644633	15.0815434459559	15.3095621314192	14.6258727219229	13.9745810017105	15.9456792820083	15.2983780875352	15.0789479094106	15.3625038938914	14.7812665432771	14.8164803818249	15.0254576727009	15.4185088720569	14.8889666126484	14.7907911970844	14.3646253731933	14.3363564429309	14.4947466026569	14.8757845194258	15.2905951297375	15.4491079692757	14.6784181751888	14.6043980124854	14.3895905674615	15.3714562609489	15.0095209854575	14.5025335719247	14.7333705804104	15.0311817602554	15.1850718753388	14.7890651930665	14.3425437936406	14.7569247427443	14.2792036330408	14.810344883097
M507.7158T388.7	12.49939324098	11.8613393881698	11.8878913114084	11.2808530579177	12.3225324884923	12.3115666988794	11.9161268920643	12.5353140154793	12.2720038286278	12.5837540611817	11.8787894464736	11.0901500997271	13.0113093082373	12.3002230149318	12.4446865459974	12.509365946228	11.8936826622184	11.950299087459	12.2117891196296	12.7852229651592	11.9077270141097	12.0641481334696	11.5591376142225	11.5155348819558	12.1203751478287	12.1808535560909	12.1669273357714	12.7539592653457	12.0073198327	11.6130241569506	11.8839126381226	12.6564282651695	12.1686458748209	11.7997492652563	12.1137663090752	12.335849297399	12.4125970111347	12.3076923909422	11.8342861458601	12.1521271165828	11.5686987749963	11.9610416483314
M506.5098T331.54_1	15.6074241794532	15.8858749221032	16.8951714464631	16.1603076493163	15.4921437618461	16.810696634313	16.1785582081544	15.8594030704745	16.0198599421025	15.2445771324102	15.3503836773077	15.0459410562763	14.6324333331123	15.5466230980879	16.4003338804486	16.3823722599745	16.3099149332432	14.4014502819733	15.4790071089701	15.6683272417696	15.2231152054899	15.6459570508369	16.2090081486019	16.7952374723471	17.1129519530229	15.9597240214532	16.6965501476274	16.782624353944	16.7614657775136	16.2193529711948	17.0131688839851	16.5242351608186	16.8400221223639	16.2432877531583	16.6079051820356	15.0096963078714	16.7340293450797	16.6520039089137	16.2497423741521	15.914270146039	15.4114181753813	16.3237268171606
M506.7605T331.55_2	15.7814329823842	16.0666347622839	17.0553491422845	16.3469198602477	15.5399491466028	16.8987240648343	16.2723784334354	15.9788908667539	15.987736405332	15.314249336868	15.2915470818429	15.0536359083453	14.6602270877684	15.5305642941735	16.4066818313216	16.3453097192916	16.3834804375471	14.3892576832725	15.5940869195181	15.6141993618972	15.391812852907	15.6601523308573	16.2346323422504	16.9022766578776	17.2314121842197	16.0868228814886	16.7323460547546	16.8503236356197	16.9205575954438	16.2717692285584	17.1968819260358	16.594129127524	16.8943027346312	16.2989807291636	16.6927841185434	15.112052506551	16.8982346583736	16.7949627532012	16.368140963304	15.9653058982264	15.4596782217712	16.4467537808186
M508.3421T755.1	16.6040385179425	18.0093187239919	17.3179720430209	16.914170678302	16.6073782284008	16.7469130601982	16.8914233863583	17.2008513601302	16.5383654557527	17.1386053358514	17.3804988063154	18.004728084767	16.839264644	15.7915071726753	14.8981340595324	15.5900203785946	16.5144814374859	16.734613221063	17.2929108454045	17.7474585739784	18.3714159293615	18.256660421036	17.9353880416637	16.9024774480208	17.0502767631024	18.8734204887042	17.4006598719176	17.2693568881693	18.3536519748893	15.1707489825706	16.4095473452532	17.6775409293606	17.8141543595962	17.9240611642799	17.2494935396882	17.0861803199704	16.0749932330081	18.4740663874101	17.3976906089706	17.3005858492474	17.7898308683045	16.8058484212483
M508.3423T675.94	19.5747538718991	20.3781318892849	19.8301243749983	19.8924551716404	19.6346012125429	20.1243236723435	19.8043880362193	20.1967209529323	19.8137504751743	20.4489867537388	20.5667351121112	20.8165760313466	20.341239716203	19.088240556056	18.657666928006	18.8880965711527	19.9122073655076	20.2309610795985	20.6468035438303	20.8164774291462	20.893352122353	20.4968165498207	20.6718177579403	19.9531471078925	19.8919737842971	21.2751669606996	20.3960125384886	20.0513780105883	20.9127035653066	18.3674685100351	18.981752118492	20.202030498035	20.5454585671416	20.6629813075495	19.9366995657413	20.3100164483645	18.8867149767171	20.8955643869513	20.5358445454675	20.2250917994865	20.8210913843486	20.1776940313395
M508.3723T892.76_2	11.4531046528299	11.3586850760569	11.2624150657793	10.3981550156912	10.8059972810631	11.3697755750746	9.29489448313889	11.7828804457751	12.2030493858847	11.6396297900331	11.064989388445	12.9093564935106	11.5693640524957	9.728371574169	8.70554640282031	0	10.5022088374	10.3644158801064	11.5414525977785	11.1741122112522	11.9751761886441	10.3381649690912	11.5054557771323	9.20151829343169	11.8459358037341	13.8079494925925	11.7271894859908	11.295719928821	11.1692764174019	9.98175931105664	9.96675704847159	10.3678905520661	10.4625604489119	10.7596405825697	9.10015797631564	12.3816790272981	8.58884626698063	11.599093980342	11.6329420531418	11.1539588413788	11.8327321649	10.4135667321766
M642.4275T885.83	15.6149809750593	15.6906935720234	14.8221143577541	14.8476116585874	14.7649292332435	15.648405150614	15.1358130927386	15.9122310315984	16.5287434402496	15.687087293012	15.512364452186	16.724830835013	15.556212823697	14.2177872435419	14.5652402036891	13.7508543799109	14.9564721361295	14.7694060875208	15.7281967703686	15.3702366697842	15.6392899464825	15.6890266371374	15.6381396946074	14.0399008677785	16.0242530057332	17.7697367739581	15.2641085046072	15.071137076219	15.150592771628	13.7670875485271	14.4158909064577	14.95763171216	14.5692363888254	15.0890802659234	14.4247809099516	17.0991444393874	13.9298847709508	15.8107566636565	15.9930283264927	15.3359280542356	15.8331714541869	14.9314568932984
M730.9825T881.65_1	14.0389147429949	14.1757628746734	13.4231308938028	13.3724645880625	13.2831110179608	14.2583059046394	13.4762505263836	14.4480466252309	15.042811671002	14.2000347343391	14.0690396418085	15.3271248489369	14.1201459583801	12.5673837093556	12.9911308696397	11.6940461699092	13.4695458198058	13.1150629834511	14.4112123344558	13.9746934856571	14.1153485313104	14.2060453692777	13.9235100845814	12.0959283209323	14.6255783861546	16.2110330724312	13.8158831835662	13.5190506857766	13.4451471437144	12.2530750131732	12.6586807025274	13.4021357979129	13.109065687813	13.6860951252335	12.8172109441084	15.6674051164859	11.9192666746069	14.2092514694759	14.6028678320153	13.7072985626733	14.2222157197103	13.4768065764878
M731.4827T882.42_2	13.2365043077654	12.9054057837946	12.9648878925367	12.6391290040718	12.5565680109404	13.0518789259894	12.8556609951827	13.5688567606623	14.1499153197424	13.0815781783872	13.0791307606585	14.2270279959672	13.2356525901858	12.2939608408074	12.2769762344591	11.6137782766419	12.71846388182	11.9207468244083	13.3815864371248	13.0126403472503	12.8989233902931	13.2369308267172	13.2059525568591	11.6241789301733	13.821687800866	15.2147746128014	12.5905083080166	12.5443447726038	12.2630710888234	11.6791443470362	12.6235712559577	12.8438806236173	12.0387953911728	12.6639854220762	12.2508586601808	14.4458044838361	11.7429260445985	13.3591885266181	13.5896392730685	12.8035815820591	12.895305319463	12.2693667460416
M774.507T879.51	13.2632838375033	13.3827099494445	12.6895193052249	12.1394511553118	12.0002112260446	13.3707581768442	12.3484864699991	13.7098969019764	14.3947748772586	13.4296382046149	13.5548732800836	14.3950851492744	13.3760253383724	11.2815412964613	11.9768660022533	10.6275104094015	12.2424985655974	12.1199925530904	13.5764143000326	12.8945729372944	13.3517269781543	13.433756751603	12.8047695695296	11.0308487224964	13.5575547147939	15.4997440306683	12.9134359338745	12.7801825047133	12.6643937833501	10.6279448020833	11.0697395585515	12.6069199229889	12.0815295166113	12.5623044174439	11.7310981794138	14.7748944924032	10.7916631011254	13.7532547628059	13.866168473185	12.6980839046836	13.3912920178665	12.3987950212236
M775.0085T879.33	13.1257220554546	13.0835655612695	12.1284704957329	11.791943720402	11.9340241660961	12.9804866368178	12.380885737132	13.147082495911	14.08255814436	12.8881156464394	12.8697360306027	14.2719546337272	13.0572585332114	10.8269988169729	11.4908872381301	10.0409787894153	11.9394598935456	12.0094600217518	13.18641684026	12.6370945947867	12.8272680967933	13.0622031250487	12.5976518160223	10.0664218567613	13.5623491350334	15.3421356466334	11.99923491765	12.3404111633453	11.9624823001685	9.02194756797704	11.674355478764	12.2551706982372	11.6592061682561	12.386531461777	10.8737682983631	14.5624831844298	10.4621933163346	13.2247283280901	13.3995100506367	12.2939957697658	13.0508010636621	11.871077099599
M775.5089T878.96	12.2354998168081	11.9005750635745	11.3256997004505	11.5210197219235	11.4085738215981	12.1313644096426	11.2558581988743	12.5427981938903	12.9418960217159	12.4714060574436	11.7689545153539	12.9421488652011	12.0635345208631	10.7508372015149	10.9630454505831	9.55220322100202	11.0661348851355	9.89531895949398	12.6574360059512	11.0760381845386	12.133549984024	11.7947632656469	12.3499494613818	10.3227103057692	12.7815015850066	14.1909353766116	10.3765146616529	11.4867970248655	10.7379688070295	8.00097429430744	10.8891561691494	11.7551181277177	11.2345849970698	11.6099510012511	11.1117856321472	13.3903227140361	10.3407864568375	12.3806467982828	12.2679083210697	11.7857675052	11.821485208823	10.1734371313849
M509.1366T286.38	16.0955314078242	14.9933467825287	15.0637366498565	14.2845381736308	15.2340131513207	15.3714306331188	14.2790076146165	15.4158170852769	15.8353869633556	15.6488591294521	14.8579772326449	14.4829357845282	15.9997692853088	15.9119666869398	15.3884593946227	15.8588736607942	15.1405845877488	15.1961905165383	14.8094417023746	15.6658658778901	15.1754800989846	13.0139383531056	14.0616668377632	14.0557513788939	14.086182168053	14.2328481331059	15.4612217708579	15.3083957044206	14.2340484998952	14.9281967173506	15.6978779721768	14.3534579947845	14.4662051369247	14.2270984477073	14.6826850813118	15.3274713475498	14.9639061875527	14.8913505329351	15.4259203378972	15.974700183759	14.9275324539861	15.9208798306271
M522.3487T878.96	12.5257743682795	13.2215059461144	11.8596108787867	11.8656266702862	11.8969656237388	12.7549277220125	11.9798188127587	13.2553508533817	13.865602827692	12.7863665969464	12.8844669081732	13.9187100891732	12.583328192476	10.8413865377433	11.0532821981026	9.18332395584072	12.0701516458381	12.26313236432	13.0748337614568	12.5239591112779	12.6819811677538	12.92908498992	12.2817812098784	10.8371400150349	12.6145468254255	14.7407322699173	12.2137186275133	11.9487848517361	11.6760080586927	10.9283115086579	10.3706394822775	11.4549101174804	11.6352607619811	11.8488708492655	10.6063927900328	14.6150611294046	10.3164121323798	12.4061108487584	13.0719704478363	11.9923128572022	12.744488904122	11.7820858021836
M553.3521T877.38	15.2219773773517	15.2498468155393	14.2879263628281	14.4290412556756	14.3715287336265	15.0171444532027	14.2914112434706	15.2795723883263	15.8898191922785	15.2017641907236	14.8978370041367	16.1717261676996	14.9707254063296	13.7716732653304	13.8318212344152	12.4579232351219	14.427734681113	14.3080171218806	15.3338510049788	14.8256680887853	14.9273905838675	14.9730527860656	14.8682553942701	13.3209384951201	15.4469472707781	16.8742145683254	14.6228924669562	14.8906271875717	14.2768186675079	12.9229872622847	13.8139593962938	14.2780891714172	13.9503630245021	14.5142367559631	13.8323072575083	16.5572083415334	13.1244257302725	15.18878232505	15.3849207359573	14.5574409460464	15.1769326606801	14.5040200498799
M554.0209T877.34	13.9126299798038	13.8168641819338	13.0632799325055	13.2389238330605	12.8574799681837	13.9700054808357	13.2384556195574	13.978553501587	14.7221682282293	13.7576252501626	13.9221726073272	14.7299381759447	13.5341132609121	11.9731455826371	12.8782775991899	10.1984363200649	13.0261819091493	12.8210571991534	13.9917491661501	13.4851160925013	13.6218217739249	13.5492173907916	13.3760132866343	12.2305971633374	14.1558769566834	15.6729757338443	13.0112650633234	13.2350606129571	12.8908252727449	11.3127066523354	12.0875739019372	13.0234008395869	12.6877828796087	13.0735477599127	12.5404981483413	15.2611210752317	11.7067633185372	13.8800551921972	14.2291206714793	13.3373913188244	13.6034422050215	13.1923875344476
M555.378T890.46_2	12.7709764001586	12.7549129984294	12.0350277255294	12.1849951845634	12.0279827972041	12.7971912580108	12.4765686347501	13.2554927896499	13.8076827594793	13.1515602413574	12.9731795493633	14.2544368205604	12.8664755308796	11.4413408049306	11.705433288705	11.3638192385094	12.5066486610075	11.9442710220424	13.109074274111	12.8278693167252	13.0477126685532	13.2657491175207	13.0766335433436	11.5273080018084	13.2919773792209	15.3148641741178	12.7275589522066	12.574014550809	12.3088131470843	11.2280836009553	11.8623508530456	12.2935250940113	12.0236261339474	12.5379249840975	12.0001528441831	14.1910450332667	11.4180763041578	13.3509513515448	13.4064127201437	12.8510316002339	13.3469039004423	12.1436369006999
M511.5219T796.72	15.7688042069494	15.78680984085	14.1075708863935	14.7033787215275	14.4253830623777	15.555114608734	13.8217044007766	16.3957579930561	15.7615812592825	14.9017830598212	14.8993835005806	14.84716727531	14.3269957847923	14.5245237899516	11.8883287925624	13.7052867150133	13.8333488105534	14.1596320079843	15.7162087636459	16.3547303823547	16.9517526869691	16.1473347648079	17.2245690062873	10.713783984999	14.5824756728618	16.7258257234144	16.4911371638719	16.7714024623215	16.319754526366	12.998883699264	14.8868254222497	15.0356185472514	15.5428774681761	16.1889134646071	15.0019283986647	15.6373135867757	13.5903520424755	16.6001576010783	15.5035913789902	15.5037532028776	15.5794631241286	15.9514637795227
M537.5378T798.86	16.1811247158203	16.031254364521	14.6798618868347	15.0399693832057	14.9799632366212	16.0008280768247	14.6035799644889	16.7140298440261	15.8568284886157	15.3587331264538	15.7124274008949	15.1323589728129	14.830575726886	14.6903803505111	13.0272608047337	14.5326606109135	14.5221945100949	14.7645156709496	16.1815186395833	16.7438881483943	17.4008288752667	16.7050427170774	17.1595130464603	12.7258874009858	14.6847688187765	16.8588480556628	17.0236665599627	16.6682796601597	16.574038738687	13.9169574168948	15.1035944436032	15.3972334666101	16.1620984281262	16.5666010119148	15.3421248318113	16.1011372317826	14.1397649571276	16.8451656958123	15.4553854600728	16.1353112373806	15.8963441893844	16.0326128720745
M538.5411T798.69	14.6056251746234	14.2454352884427	13.6006793552598	13.3796288032033	13.3273244389146	14.1463047797021	9.80348987307791	15.2218237159605	14.0728634911632	13.3410180642436	14.1396318105031	13.1176053708337	12.9904693312212	12.9235849318108	9.88425412110243	10.1753324280449	12.5835006738783	12.5130606671635	14.4525973433264	15.0316197510777	15.7959151003009	15.1437793585341	15.7448250033039	9.81186303156645	12.6965291306531	15.2832025967923	15.6048049670993	15.2937204381556	14.909586525337	11.5618274409842	13.7070082101634	13.950154683969	15.0042283542969	14.8973601539959	12.4173621698717	14.716303226708	13.1026392548742	15.2212121577591	13.6989982934056	14.7402047833565	14.1772407953784	14.2465396029867
M563.5533T800.81	23.5695167577405	23.3486094474658	22.1999182214303	23.123921866488	22.652227397094	23.3364680680642	22.1753735782625	23.6644281031889	23.287873699199	22.6905577708624	22.7257356625552	22.7648314622138	22.0045062832255	22.5378854413922	21.0743770660994	22.4285500553336	22.5157667226097	22.6559117034087	23.4944159770005	23.8244330705821	24.3161875431093	24.0546926076714	24.438306303461	20.8604227808672	22.4463388983822	23.981838820022	23.8558198795802	23.9978247310876	23.6807274413395	21.5333723958018	22.7299200875265	22.9044307175901	23.3335421732268	23.6058698052428	22.8365970085327	23.221988558313	22.119558750662	24.0560833536826	22.9510084644867	23.3772248692396	23.241035459497	23.4961190211095
M512.3371T521.82	17.2976682529824	17.9660477847485	16.52049513125	16.5682360311767	17.1062305883611	17.3558272306207	16.6672759253173	17.3111160814545	17.4611754077675	17.4534961798147	17.2480677622633	17.4485486439825	17.314320248845	17.0593586754986	16.5809843059192	17.1135522665038	16.8789219715694	17.3348212282224	17.2534343272088	17.3195058370214	19.7556129355961	18.2194889995171	16.3895214851456	16.7935177338043	16.6530892419816	16.8382011118913	17.2848762810588	17.271961852633	16.6797719255893	16.1363834329278	17.1500894596395	16.1116861486445	16.4369135429289	16.6008086726506	16.3779939734559	17.5052593765829	16.9013204253154	16.579088229036	17.7016384553812	17.2501744849101	16.8782271386072	17.1351801418288
M512.3372T631.29	18.5553082728842	18.2794442357606	17.5648923739925	17.5615549542203	18.2118662807514	18.8585305928543	17.7520349282261	18.8956779779169	18.5654812425738	19.154432008832	19.0893209436081	19.2324119095905	19.1134529800846	17.9717093991134	17.1887346013092	17.7216892457452	17.8637151555949	18.8880766269513	18.7477347280367	18.8791250095681	18.8311648727796	18.4931541894043	18.6218910664643	17.7734017748185	17.5705130358391	18.9574518457936	18.8779952266702	19.0892365627872	18.7327824873409	16.8640523633255	17.8410420786198	18.0118091756046	18.3554125902329	18.5544893306197	17.7493438981222	19.3803710067725	17.5505481063019	18.6539021001303	19.0855791372839	18.8376244546841	19.4373572432822	19.453808560481
M515.0094T49.56	14.9739753755604	14.8491083523702	14.2788474374116	14.0421907505272	14.7986480706546	14.4599020444605	14.6220194592693	14.2256729517145	14.3035964105887	13.9534701506856	14.738972293953	13.3525317020093	14.8479858743267	15.0117626222661	15.431176970879	15.1607949806761	14.509993090936	13.6157096609045	14.8999763158944	14.3916754991155	14.9157420271634	14.6829726633747	14.6236038273494	13.5778299992135	14.5706973813345	15.0882745483567	14.7571641307312	15.3319891315383	14.38718070165	14.5664030638326	15.3304700841521	14.6303289416139	14.9503015140184	14.6687118816772	14.9993818357844	13.6150153495375	14.4476607713946	14.6314850313623	14.1639692400506	14.162371479332	14.5705601761179	13.035072735176
M517.3528T865.5	18.1601736935969	15.7602724337314	14.3841332871649	14.4772681663513	15.3121122212508	17.1267931016828	14.451797379283	18.1951956603139	15.7809625207317	17.7331529069568	15.6810262906746	16.6051106749452	17.1912399194897	13.6701059581824	14.2987985859781	14.6546643234713	13.9011132817217	12.7299947017871	18.0564693737031	18.6349526398347	19.0878151469579	18.5876729895584	18.4601258934671	12.8978454003477	14.6011827497929	17.9308884919296	18.2247117415146	18.750791177657	17.4479678562181	13.7799234624206	14.65029146612	15.3806973558252	15.3785099707364	15.9255791391126	14.9275108684203	15.3466080789038	14.6214760762979	16.8838518507364	15.6743552474301	15.9323497330837	16.4959248804737	16.9735290679007
M518.3242T683.31	22.101042305614	22.7415067878295	21.6720464553848	22.055788521165	22.0834820859334	22.4665764374568	21.7789607614588	22.4892459204356	21.6991227191157	22.7055899574845	22.1066021587709	22.4014784778535	22.6555169883168	22.095405914767	19.3167860894238	21.3964147286036	21.799892191165	21.5785231130311	22.5770811640872	22.9695824570619	22.7557575409845	22.7595048840175	22.8602336074155	22.1104355933686	22.2532760818823	22.3688410351567	22.5908861324292	23.0608424899922	22.9396012873171	20.6120337061993	21.7533117093903	22.7517544076117	11.8018373812837	22.7416651961432	21.7957785918471	22.0021049419282	21.5788185882406	23.1094317228525	22.176382339435	22.4129181793227	22.468785297966	22.4088369951931
M521.0241T272.01_1	17.0827070675094	16.4521911765948	16.8034340000476	16.8649939792206	17.2281263796886	16.6159302154241	16.3811906081995	16.9841370549719	16.693785527441	17.654592734351	16.0540838799706	16.3414714483412	17.5994777492962	17.0436923082256	16.833781073469	17.2997559064376	16.4865415973068	16.8381023741358	17.302121242153	17.7641875708192	17.372229249284	17.1847007523949	16.9369868733249	16.1162166293683	17.0298566540876	17.2460754970646	17.0105476768416	17.3684568095068	17.445028634365	16.3601372639221	17.0632299744899	17.7667419050807	16.9491049342484	16.8830182677363	16.7086241691596	17.3819293995766	16.9053643449915	17.43856016997	16.3080702079065	16.7267861146047	15.9516051530296	17.0613085102761
M521.2253T273.07	15.1951221404821	14.2958959799542	14.8482990094781	15.4153137438493	14.8400508216096	14.7102125498508	15.5423521426083	15.0772958983276	14.9023056331385	14.8573809611397	15.0067344390539	15.8491115419432	15.1592139769097	14.5898465136368	15.1453231864527	14.9489453761556	13.2912570322502	14.5825873621554	14.9413761744101	15.5936613825284	15.1131580378239	13.3328398273218	15.0031049507861	15.8211971817167	15.9498644644244	14.851693909678	14.9004436883516	15.4776031906346	14.8261842247306	14.895666019232	16.2573306675044	14.7947275480089	14.9732531817808	14.9758037502907	15.2758785221747	14.9978832317853	15.0756209212385	15.2279602693767	15.8328201594562	14.6497093478621	14.8344763716387	15.6998790906524
M521.2748T272.03_2	17.2097247018259	16.587714886817	16.7888238718701	16.9559115379371	17.3295149360601	16.6678947440512	16.4768934088317	17.1208299293887	16.7501333691151	17.7318506366599	16.281415578008	16.5362046307375	17.6732045705632	17.1717232228417	16.9801581341903	17.3351507937798	16.6469475833517	16.948544634028	17.4209164695833	17.8657288789912	17.5338471989097	17.3681401523449	16.9586849443207	16.200250551036	17.1916986558507	17.366976041954	17.1814670220442	17.5006156588156	17.50203627974	16.4976511800077	17.1645650125615	17.8513223116442	17.0045005149344	17.0179850480125	16.7855392083081	17.454007359621	17.0912331606067	17.4623312507894	16.3157521790479	16.8274500882948	16.0785724768726	17.0808564782315
M521.3455T662.5	25.4120797876016	25.6666427797315	25.4685309089362	25.5293595047598	25.2501394736703	25.6477214731814	25.4075573284751	25.9131325136412	25.5929920047495	25.9471039540185	25.7566991570022	25.9282826081473	25.7593615609513	25.1149626130389	24.7305256311005	25.141042348091	25.4403725249679	25.7625303336334	25.8666527793858	26.1140150936501	26.0529895078794	26.0161584369702	25.9460603843752	25.2549341007592	25.5314302562504	26.4574135335016	25.9900526214714	26.0429654762716	26.2794135595133	24.5686364798491	25.259393347715	25.8655743462282	25.7201376362293	25.9250073617538	25.3199348081834	26.1146032302523	24.6996349763172	26.2427251092369	25.8392158251815	25.8885937456782	25.8866651006761	25.9712382183222
M522.2868T640.34	14.0744039243679	15.0382223712398	15.4494501526743	15.2481364529491	13.8578759601619	14.6934024792452	15.4534603640707	14.8015881293218	14.2141496999345	14.3995707004979	16.1016157368501	16.2755594633569	14.7929409183377	13.4762529031235	10.0816587075892	11.3026710452264	12.9016991023872	14.5564621618975	14.2597430567407	15.1378378351429	16.110468673438	15.120243700591	15.5292090187847	15.1985808059107	14.9666480646816	16.9586555320228	13.9688245314296	13.8592014518642	16.4038626945598	9.53392048306135	10.6178957944348	14.9721164974739	16.1861078331726	16.1194973719678	15.3282857034145	14.9026670569057	12.871692440949	16.3110190518915	15.9160048073954	14.6165276428615	15.7057174865897	15.1210842521403
M522.3578T713.48	26.3968302354139	26.462559415752	26.4052797026995	26.3171260172188	26.5171761205683	26.8550112259009	26.4563734976673	26.9193837819993	26.4560128159219	26.8812591630436	26.8262044689266	27.2226364164379	26.9131061449201	26.3079805243428	25.5075928234533	25.9014353137441	26.0478605719799	26.4536988716741	26.7640388496711	27.2682700785733	27.1888538621723	26.834733877711	26.7840749330089	26.4324539105433	26.4903583032719	27.6964025080073	26.5984622541883	26.965718751299	27.3372343398909	25.2689432836052	25.8542405173272	26.474380556731	26.8545833054419	27.0621380274876	26.2958815809895	26.7683624239086	25.7020106687345	27.3453424397551	26.7447599288625	26.8904693281768	26.9283006429981	26.8315624886796
M545.3426T713.6	22.1798170172694	22.1015899530414	21.7293365797746	22.0567640066938	22.257879765178	22.4778637423585	22.0704012905618	22.318812912059	22.1680314919536	22.3848041842835	22.2550958515596	22.6967880889355	22.1897949146946	21.7885203190166	21.3329804460112	21.4077185959587	21.8140750546131	22.0547815124156	22.3381186615301	22.8233601963385	22.3781153218032	22.4812209977601	22.2408744552439	22.1771129884625	22.2694743290519	23.2870627690371	21.9755235024955	22.590912556979	22.8649904641344	20.5597219137691	21.5322206730205	22.3367563888858	22.3422259428338	22.6946629708132	21.9320011215403	22.4052525603278	21.444618340209	22.9329568474243	22.5071581716804	22.5365635972963	22.5792235870915	22.5077339584759
M546.3444T714.38	19.1344410247643	18.9607154243399	18.7398347965721	18.9997737717693	19.2550311967717	19.4323959670732	18.905586662324	19.2329500459553	19.1297158657021	19.5007008322238	19.0749412694259	19.7384114342676	19.1629333477479	18.7830429701449	18.1679755548435	18.2490230198611	18.685075605261	18.9915731626448	19.2916378472048	19.7445985192523	19.3684059729804	19.4978846540369	19.3118142443616	19.0251363239524	19.2517459592502	20.2881232576169	18.8555176303216	19.706020323631	19.8494626067225	17.3180543011867	18.3475725573388	19.2842463205415	19.2577557714317	19.6956066865915	18.9097417809825	19.3264487877765	18.4616546020641	19.8791039956292	19.4566904923001	19.487117785329	19.5887874503929	19.434706066289
M572.3734T713.13	18.6300798155545	18.4902051738401	18.2700008397791	18.4762261005559	18.5714465602856	18.8763651689166	18.5955100588572	19.0910140917105	18.703313733591	19.1256310304008	19.0780376246003	19.4415269619016	19.0490552509397	18.4024292346505	17.7154688156101	18.2448024529581	18.5367591231771	18.9185273545503	19.0961839310143	19.481035494142	19.3831894218385	18.6883345112152	19.0152766708491	18.6046403867313	18.7794776171632	19.8724098959074	18.7897720201431	19.0267982785463	19.1864366819743	17.305420330637	18.0903560542855	18.8582775603253	18.9298443446008	19.2077743049244	18.3651975736364	19.0994202017639	17.9317078219357	19.4093818927662	19.1291265010809	19.0538125876235	19.2370102542076	18.951981352853
M522.3576T699.5	23.2730389772191	23.3428671136922	23.2181448488076	23.1412095998627	23.3283736821043	23.6223719154684	23.3405413260762	23.584253719887	23.4372219449327	23.6445005904772	23.808738688397	23.9829445544885	23.7806056584983	22.9807372372044	22.3502858983815	22.9122929029448	22.8716622731811	23.1506311972249	23.5782925638147	24.1065848038305	24.1011090403364	23.7257212083867	23.6231497293799	23.2124219480697	23.4070963777345	24.6283365776225	23.4080099491635	23.8601705851569	24.1738890145365	22.2776118338915	22.9179549956756	23.2465995211899	23.6850822353366	23.912076162532	23.2412710203362	23.4924718969674	22.6609884753772	24.1459737197001	23.6239483460296	23.9177940363851	23.8960213051398	23.6007001551489
M522.7956T697.3_1	18.5084353210882	18.5007553049029	18.2772285166884	18.3882494405643	18.1944237055369	18.3700328346569	18.3557602974458	18.5992329979617	18.426159184226	18.503194116716	18.2507905560229	18.3735863713655	18.8180285485554	18.4628482943277	17.449412629007	18.0755918144593	17.8578327598884	17.8727390367004	18.5365539229078	18.6072356473649	18.7556230198975	18.7457407580074	18.7244582020055	18.2169681115188	18.1070519812275	18.9239752098173	18.4823279421548	18.7837869307956	18.7674088588437	17.104395677077	17.8874210580135	18.5922100968871	18.6019220737723	18.5113053160145	18.475440764363	17.748182220021	17.7669149452274	18.9366717934362	18.3532406049558	18.7144448017249	18.4489683149626	18.4892751730092
M524.3016T697.3	21.1464479494742	21.3504014140193	20.8856934000431	20.8765261041319	20.8645159240288	21.179955098558	20.8658836321899	21.2830433989753	21.0370744082872	21.2923361951002	20.9723815175093	21.1232760965265	21.4363121536806	20.9999476066535	20.0060531374296	20.7297509470574	20.6398388399311	20.6969296994862	21.1782241360203	21.3813482133432	21.4866928341704	21.3434669836364	21.6827505405032	20.8475998100256	20.8164745189984	21.7403937414404	21.2322091902856	21.4955223954959	21.5588425521078	19.7375379764023	20.5340158648851	21.1498001526865	21.0631760306133	21.2635977890153	21.0067180185967	20.981805376615	20.5713238960827	21.4819507329764	20.8000663614696	21.2916822701885	21.1225796663279	21.1378479628906
M525.8002T697.29	19.0421154214795	19.0761572034984	18.5805326838848	18.5590554501134	18.51005219219	18.9046677244137	18.5955135200277	18.9672354324429	18.8456145796046	19.0524361201186	18.6848708275243	19.0089786423817	19.1548572655804	18.7817371757374	17.6623499119788	18.4321222991801	18.277784350796	18.4003199938654	18.9948859258378	19.1169398625262	19.3688293967759	19.1037102611582	19.5256757189223	18.5579770946184	18.7143774466981	19.490654850516	19.0097023401344	19.2525862029955	19.2715904252371	17.5077459351894	18.2897679596249	18.8188730305228	18.894339994123	19.0385720283006	18.8303963144905	18.6191279429093	18.1336911560016	19.2400806286101	18.527104332042	19.1192616320769	18.7596893533546	18.8666095918324
M524.3353T879.37_2	14.9417386630873	14.9400024761696	14.0513495383597	14.2104402625318	13.9617974473411	14.7714233520445	14.2068161729955	14.9804689208988	15.7262825934698	14.9400575588697	14.7142286124554	15.8939094335863	14.7001447732975	13.5118536268213	13.7206506690617	12.3992914572547	14.0077985054932	14.0616431438559	14.9812555626003	14.5372687101852	14.6102088466385	14.7667033846058	14.6558365861434	12.9997425422375	15.3324218123564	16.8070855613338	14.1410050993399	14.252352526198	13.9908974061034	12.7756795391097	13.7963651313418	14.1974610910502	13.4749643206554	14.1374197947009	13.5067747870929	16.3708778381793	13.0569333232265	14.8519612056195	15.2773881904825	14.3816113390394	14.8763535396769	14.2408703263755
M612.3884T875.02_2	13.8566528562395	13.9741340911835	13.2715308290978	13.199623032807	13.2874129341163	14.0137685507961	13.3873440100277	13.9997307367191	14.8529673861528	13.7108323995061	13.8242067635826	15.1422258745103	13.8664307573239	12.1880613043963	12.8890862430998	11.7733666274563	13.0158801870907	12.5515500991531	13.8004459693639	13.6528850801063	13.7197343220681	13.7711472737442	13.8058529364831	11.6535882836877	14.3655417249752	15.7621874109526	13.1299577912543	13.4277004337478	12.8650728499583	11.8065684401333	12.4784254986719	13.2585338481764	11.9442373260737	13.4438253415621	13.1323898712171	15.5227065564983	10.8997001011504	13.9217653536823	14.2698566403986	13.3959873837079	13.7380197740199	12.9110467536524
M524.6702T879.41	13.7594023961888	13.9156240644285	12.9700728805462	12.3714104545015	12.6662057662165	13.8650190790673	13.213374582468	13.8792618088161	14.5346588108878	13.636063163728	13.6054989795295	14.757772122159	13.6580354964817	12.1481794682038	12.4740328747984	10.9184548412527	12.9413509287249	13.0145228214531	13.7512602240373	13.5154856316958	13.5414156939472	13.8160950998589	13.3389616622326	12.0665609023821	14.0870694466171	15.6852847201981	13.0471087305022	13.177740281422	12.8665677435287	11.5843035273989	12.4156378189216	12.9594286749153	12.4574194882711	13.0369116268501	12.3645254022192	15.2730508419818	11.5586357505683	13.7847970595567	14.0361601069127	13.296627181668	13.6930783683098	13.1302728206569
M612.7228T875.22	12.7857208616239	12.7337148745526	11.8517076825809	11.7735996549564	11.9714694885463	11.490101698216	11.9323307623714	12.8113196968003	13.9665232598236	12.9216375064512	12.4351093271514	14.1975165633676	12.5551470210665	10.8382194313886	11.6139765606121	9.1919977056332	11.4522193342127	11.3961925363453	12.7553796820225	12.3913077422226	12.2518903052844	12.6856459374045	12.3016559978411	9.26347499034789	13.5887855677767	14.9707900957168	11.4992939560437	12.2362617344048	11.2764919754566	10.1566528076769	11.4702241501744	11.6092870974539	10.4032579995681	11.649495177984	10.9842668777878	14.368711503619	10.034641718375	12.665549252034	13.4265124798993	11.64453073823	12.1876307758571	10.9468553180735
M527.2434T331.25	14.5720610412188	14.3720719831521	14.4319177682039	14.6549863548033	14.7831915219423	14.53227646707	14.5113144998973	14.9716782336784	14.9994106064972	14.682738020308	14.8909813472445	15.3393210227756	15.0737533435184	14.307981513603	15.4878919295773	15.2867167090568	14.4998708220843	15.3157803471303	15.3531240637742	15.6877544036357	15.5455765785304	13.9480483877887	14.8010945181315	15.8423719605189	15.9538046758247	15.0398362435797	15.5838046950001	15.4011198647972	14.7685465468022	14.8139835484278	15.7423194029505	15.2137262076487	15.1152772003687	14.941975048537	15.3380714958508	15.0453846389435	14.8370378224061	14.9109629558188	16.248869964314	14.6882746179986	15.4109744237364	15.7800839450802
M527.5926T298.12_1	19.2009762740053	18.161153347574	17.9460798034829	19.2225060436022	18.7748177954814	18.6388211281609	18.9953595175808	18.9360011748481	19.3414977839681	19.0049747398254	18.5665836927532	19.0171014843089	19.6766589498703	18.8863512815005	18.4643143389887	18.7906824511081	17.932407983004	17.6344165744311	18.7700918958587	19.0018358492735	18.9076317282765	17.4148488017711	18.6125658372676	18.5563574028586	18.9917643222191	17.9814077974143	18.8620136164919	19.0384176487453	17.867080629453	18.3615668478795	19.2276832391316	17.2523146402384	18.7153390463607	18.404691521307	18.9258467947415	17.8766878121516	19.0748309125067	18.6795037020698	18.6087997256571	18.5144573399928	17.7684565610984	18.6420319761286
M528.311T657.32	17.6014016830016	19.749744678176	19.1392674662319	18.7051749934223	17.2319477113896	17.7692332127228	18.4709198674469	18.4384300229756	17.6538246083862	17.5288279016648	18.2849199260429	15.6296968881588	17.7597653248437	16.598574585249	16.0596702977196	16.4250239740536	17.7865573699298	17.1366567605652	18.609865050365	18.4989583949196	19.5709917108611	19.6989722866153	19.3637143483923	17.9532214253075	18.5258997857299	19.9932607883702	18.4429257461897	17.5375482112343	19.9322542179647	16.7325407261757	17.0668259108884	19.6829703562205	19.3237447409728	19.3651253828558	18.7117383072731	17.3195948939557	17.4642064322796	20.2071280370444	18.0684302859408	17.8133878015601	18.2921451059237	17.1327028331393
M530.2958T327.39	18.0865414098489	17.6176153191389	17.3990341379059	17.8418627615214	18.0018466041222	17.6217375486299	17.1233277526872	17.6370604460977	17.6922556076679	17.7047351198708	17.0219100615106	17.1867781832548	17.1180629348388	17.5898237550046	17.8833957580788	18.2817843845996	17.9784395966523	17.3195251851645	17.6989130876091	18.1439880807388	17.2806991359509	17.9973007827972	17.5211512536231	16.7209409258619	17.1380183026335	17.4919169312599	18.1501086847302	18.5748646231021	17.933573795726	17.8796134581964	18.9283755955523	18.5563397703409	17.5053317474377	18.4205809358888	18.3963355381645	18.3006488142613	18.1504784944172	18.1427538020362	17.5526715843785	18.1427009171957	16.8616389702618	18.2676172703545
M530.8322T413.11_1	18.0135007693277	18.6651565488066	18.7438103099771	18.5260483318493	18.2564437508148	18.0991947654352	18.8509166939757	18.5171195756459	18.0373938525785	18.2512593478513	18.3253289715637	18.5607013814649	18.5513810294696	18.3016167466012	18.1940888736261	18.247608127149	18.2534628750036	18.2586780591253	18.0952329162202	18.4272168015423	19.2463852361828	18.7937762809151	18.6308776110863	18.4734101038396	18.7181182802072	19.1417534328354	18.2013525217434	18.3063881038633	18.6073108291988	17.7586526268838	18.2988177595818	18.7960214949161	18.7584123342724	18.5973852358135	18.6762294223812	17.9698689928357	18.0824780387926	18.9437345114351	18.3357143064525	18.4931995264935	18.3231550389131	17.8010404565426
M532.3365T413.1_2	13.3641652388356	13.8023256712513	13.9273863853829	13.7019744456676	13.4089874473277	13.4033750462019	13.8781756614958	13.6101533245839	13.2106857419108	13.4321020014736	13.3708882875725	13.6183488603868	13.7404883262594	13.6017267813792	13.4109118607992	13.4695999398243	13.2027105098028	13.3505413881026	13.1190560121096	13.4201399591206	14.3691878732969	13.9859867769835	13.9824260942039	13.6703493954715	13.9302754421275	14.3774071256232	13.4741932042059	13.5882488761751	13.6440454580295	13.2403472043413	13.4566501577933	14.0300979548364	13.8403771219733	13.7619456462595	13.9515927628199	13.0018989041407	12.9420650833365	14.1585928541714	13.6132349937422	13.7719631857208	13.4318468016535	12.7235243815304
M531.5389T329.63	12.531353233749	12.9706828908953	13.6990006144824	13.3900136424057	12.9987385227088	12.902766060799	13.1914116718554	13.0028185015905	12.6127125806501	11.4753902479739	12.6776290786676	13.7750809969495	12.5948620190578	12.103544470296	12.8549022450539	12.3687763696722	10.6428435519534	8.6522980453572	11.4243439394505	12.8786991799765	12.6987000837719	11.0153063654709	12.6576360886834	13.3665192159551	13.695750611462	11.7309801280314	12.6566428894238	12.8459268941563	12.9198217012977	12.7659369811164	12.8746908844144	13.4525268056729	13.1406747835307	14.0345053705283	13.5347385838819	11.2169141786175	12.8723223926709	12.8405751625233	13.3413828406128	11.4241759842606	11.6893472382418	12.8999038457771
M562.557T325.86	12.8115261563064	12.9262372986047	13.914995517723	13.691654594155	12.6780892072338	13.0864994674856	13.6592292543402	12.7842065553643	12.5269260482218	11.9067181278992	13.1462083390847	13.827143078441	12.2730432682032	12.0736616660306	12.794137493921	12.2189322749784	8.74093201279342	0	9.78215379419441	12.379929995726	12.683932907619	10.3661907708724	12.836645115081	13.3790853777032	14.1805083308004	11.6694240275032	12.2189399947622	13.1388434568943	12.8798158175263	13.1674790086844	13.012171773626	13.5597225544728	13.3440701457798	13.5042899497274	13.5333965451151	11.8674387982353	12.4055301604238	12.9086771340818	13.4938045330947	11.0889504660889	11.5001503927391	13.2323431333631
M565.5555T326.07_1	16.1821177327167	16.5019834150346	17.4366822125515	17.3751179429104	16.2554642926977	16.2963569209155	17.170447564648	16.513595972797	15.8508268892829	15.4422405310139	16.4452317553455	17.6944071770793	15.9090895377487	15.38320808823	16.0934894827601	15.6780430887675	13.2897806388426	13.9370449455143	14.5561341789397	15.9000197096763	16.2710557192874	14.4273633985108	16.2735762832731	16.9682050507277	17.7389141353694	14.8891056465707	15.8096159601353	16.4831076858356	16.8264719337161	16.4080815683762	16.3873860695042	17.1468018410734	16.5686044787707	17.3332385823309	16.9183880349774	14.994588265771	16.2857830314206	16.3782049535566	16.7291010058205	14.9119051064943	14.7807950141773	16.6683811019538
M533.2931T392.07	13.4832035117503	14.4073367680853	14.0962154371086	14.3947450817398	13.4390852164718	12.4300406708115	15.2231535136585	13.7113054714523	12.5154743132699	13.9261367680651	14.3507970770181	14.5419392234521	13.8718553442727	13.5514680467458	13.2183198779693	14.9563445238497	12.8197920528659	0	14.5171835129361	13.9213480729596	14.9574316426202	14.2430535992353	14.3360855516158	14.4457457388936	15.095731784999	15.5972427224693	13.5767126943988	13.3513039130874	14.6994083088342	12.7412979612685	11.8744686823914	14.6007203814001	13.9624808392	13.9340622630659	14.0396399392738	13.7675859858181	12.8495764049442	13.9136203985758	14.2832641570745	12.9076066823763	14.1974719707608	12.1264928515769
M536.2982T415.64	17.910143866247	17.1416391864416	16.8500825329184	17.353742661888	17.8757858232803	17.5401833858587	17.4222190155324	17.799077842492	17.8746532168148	18.3503847362505	17.3898820656586	16.961508820558	18.5836816912926	18.4424339339708	18.1437101686262	18.5451544452672	17.1577468901294	17.523532870981	17.7574941086114	17.839915166662	17.5030561751447	17.0985767515391	16.9574104845672	17.1546027386482	17.4548285127571	17.7567386663582	17.4875947098225	17.9840913183107	17.4732907108894	16.8891469219801	17.0050647486673	17.9783340917961	17.3634636041397	17.1015764944804	17.214756200797	17.7132376222349	17.9582627742093	17.42073217392	17.3754787245421	17.5335976623246	17.1811896578266	17.8298187687039
M536.3371T542.11	17.4928093247468	18.4288735636008	19.8175089331652	19.4950557965716	17.1129997234089	17.9621234838729	19.1141815680222	18.9546399670158	18.8891162959967	17.4775929056923	18.7294363342586	18.3876991483125	17.2165183597737	17.1637319222345	17.4047841474881	17.9612087043516	17.6586542519327	16.7476852988022	17.0597528439639	17.5424459674977	17.5461837856474	18.5898008520811	18.8425669675751	18.6154238053577	18.7621535806512	18.6305382088666	18.4961097069539	18.6029602070934	19.6746681065231	18.471568235954	19.2383474119899	18.5873375012591	19.2652358853538	18.6872532494307	19.015028686975	17.6341690686808	18.3435193892998	19.7606579559186	18.4004848529631	18.6030879973968	17.0018851094254	18.6948303969063
M558.3198T541.26	15.5361689383924	16.2262873604731	17.1068477286214	17.2314440949034	14.8458962079754	15.8430061587625	16.6484999480811	17.0534491497683	16.6809428927257	15.909805606622	16.9206589639518	16.601222962304	15.1099723594162	14.9431007724188	15.4696335948397	15.4632076144212	15.8889598964889	14.0642792385503	15.3556841803398	15.9025488617765	14.9521007409199	16.5407583389861	16.1440707119151	16.8639880047286	16.5471668934596	16.501514551192	16.28998810261	16.5632282422404	17.2631749544003	16.1509307532073	17.2797803604837	16.4723800138791	17.0331353008017	16.5234264298877	16.3659053003998	15.5951374417179	16.2269375557655	18.1131099554806	16.9057951677661	16.389253992039	15.2527540145833	16.7488210435648
M559.3227T541.37	12.9716705269291	13.996731379615	15.1508903583033	15.3184649530316	12.6942729117056	13.6742692672567	15.1657855143328	15.153683901138	14.5345929913573	13.2286890624539	14.8810671240163	13.8630846407825	12.5350545180268	12.2492950461505	13.1370722501554	13.8418681706268	13.4580392214887	11.4126098020388	12.3912247343276	13.318429637665	12.8884442585849	14.0061127210658	14.3943800741149	14.4617902152906	14.7908753958584	14.670263334966	14.4582572244386	14.4532746636868	15.3892956250383	13.9702176612793	15.4832914637323	14.507350255462	14.8367985832717	14.7581886726627	14.596737789189	13.4555619059701	13.8795512557645	16.2898702987225	14.8150251079393	14.5950616300524	12.6765615456845	14.2934798669554
M536.7665T641.12_1	13.8973327008529	15.11827180427	14.5625274761219	14.6016766894268	14.1489651237858	14.2967175299893	13.8811203495793	14.5542979068946	14.1274529099191	13.5755659434428	14.7959857568016	15.5650815027378	14.3838416941687	13.3087493290404	11.3828301717553	12.3958651605803	12.7222288506592	14.0130591518265	14.4113828422071	15.0341119291966	15.5173516430491	15.0983056152344	14.630027602793	14.5198780579204	14.4316642285989	16.4891654616461	14.1362624345838	14.3478665224227	15.7654713147246	11.3379339289432	13.1514638387551	14.7699455342463	15.476866619287	15.3739457744587	14.3384041638296	14.3432850646993	13.0207714114297	15.9235783572489	15.0822119669526	14.3575936916359	15.0854010504219	14.5984414452112
M537.269T641.12_2	13.5081829842419	14.6270180965214	14.0747725796197	13.7199717215158	13.8211253641136	13.8387596470646	13.9855248031715	13.7268605234103	13.3525634408337	13.6783900671893	14.2465218145513	15.0410155240773	14.0430471630049	12.9882806571253	9.25393236073841	0	12.3265646426159	13.2286291162973	13.5332331756153	14.2494956087704	15.1281143420231	14.3918604804434	14.8258299079174	13.6299842887842	13.8131547290592	15.9742537685879	13.5001487411311	13.9258840098957	14.9197712304817	10.2382477401647	11.8583621425466	13.9270081083916	14.7095879823086	14.8443676180172	14.0498919450276	13.5149800174737	11.2189453954337	15.3221712517831	14.4592853011413	14.2936374675032	14.3440020201405	13.8974641332786
M538.2706T641.19	15.0479237910897	16.1973246094727	15.7128932208072	15.5085444724581	15.1479817783125	15.3412914829761	15.5552299961108	15.8588515228934	15.1623293312919	15.369641389996	16.0640985852399	16.5374447421377	15.482196017261	14.8005699068213	13.0319748098672	13.7295085984634	14.1089699487474	15.0625886761831	15.5880551239902	15.8945809389906	16.6319057382374	16.3743740685485	16.0681523526808	15.3776932742615	15.6079181768846	17.4688320932159	15.2589331524242	15.7240591938931	16.8138842156479	12.8856148301603	14.2531958539607	16.0268876431226	16.4397312192813	16.4603431092574	15.4724323227931	15.4756670573285	14.2246947065133	17.0322462289888	15.8680672250263	15.5115525903248	16.1095455249317	15.4700050456194
M540.3692T702.19	17.6881140554152	17.4854611312219	16.801130663551	16.761369021232	17.2867309172337	17.8973413105761	17.1021298967279	18.0184872397651	17.7848018047264	18.435080316705	18.2035321778131	18.147872962893	18.3638343920692	17.3926005652548	16.4761848844526	17.0813976714349	17.0536333149105	17.7738901179407	17.8097819700745	18.0408760558844	17.6343676050749	17.6419547905317	17.722864593038	16.8297704695176	16.9539245510858	18.1106699556238	17.7797726738963	18.1894084227773	17.9557787421974	16.0210280119642	17.266723560941	17.2431070501392	17.2854241472942	17.5087760447214	17.0114049661335	18.3913479956402	16.8010831241103	17.7714257376851	18.382407536046	17.908739006802	18.5791288332164	18.4986351858125
M542.2905T555.61	15.9890552579018	16.4214336323779	17.1246113266404	16.6555348881327	15.251584780038	16.1070666408961	16.7470763926901	16.8652990319005	16.2281915509295	15.3624878295125	16.1366600907017	16.1447735797879	15.1686906437525	14.7560348069567	14.2504267782307	15.0758769350227	14.9547790361154	12.6420952311969	14.899264951014	15.1576329981991	15.6211760331712	16.0058088448766	16.6276624064723	16.0670217572512	16.2075735506535	16.3669426083817	16.2403708954313	16.6103072870857	16.9849014159639	15.9222584987613	16.9204617307869	16.4636993781955	17.0750353468551	16.7049895539801	16.3991192999018	14.456083487321	16.612243840424	17.844682380023	15.2109331888293	16.599871825272	14.4676566104897	16.0444845403137
M542.3238T662.72	24.4290975026762	24.5117058911526	24.0950823225304	24.4815816765302	24.2164529707986	24.4456626624536	24.2257632508499	24.4543040629774	24.5393509926688	24.5890273219362	24.3820630353897	24.5688687844905	24.2604452837544	23.982072812771	23.7914247820153	23.9517891299663	24.3916098730966	24.4826807633532	24.5692719382756	24.7661293218455	24.4505585255091	24.7731386677153	24.6406204564721	24.2038093904983	24.5442597885594	25.1087991965419	24.4649834333201	24.8269431984272	24.9091763260916	23.2592146316213	24.1931897374828	24.889661311691	24.3794299226184	24.7548119034558	24.2304929022971	24.7407221445784	23.7433661785949	24.9866927639642	24.7512507564679	24.6247727399695	24.6440597855375	24.715336716033
M544.342T658.42	25.8046027493893	24.9665143335003	24.5156674563891	24.8836810788359	25.7762930991508	26.2973582778476	25.2880895277121	26.1380174517789	25.7080323024205	26.2958715304153	26.0323096741198	26.431111761858	26.2288739438914	25.6534842073277	25.1371506809905	25.7068729791287	25.5073548708763	25.8427518983809	25.9390737043991	26.379722804068	25.8995486277996	25.5027522201308	25.6053818052055	25.450255194628	25.3743244309551	26.2589957111782	25.9079499740316	26.3765738663724	25.5806448827812	24.4469019617898	25.3517928927084	25.1494562229598	25.7390331810227	25.5323963445078	24.6614459075485	26.2931017628421	25.1716133273428	25.6598132798351	26.0697519451582	26.2242996505137	26.2698180090385	26.3121318386522
M567.327T658.31	21.1978348316412	20.1632606253122	19.5566324645129	20.1782722111424	21.0169204270508	21.4171539791327	20.4491704583856	21.0369084266094	21.0935562045204	21.2631879710471	21.0033270709963	21.4040731299197	21.1069635288482	20.9027973004008	20.6269516442596	20.8828021850177	20.7677947261189	20.9127907067846	21.0016962105353	21.3723757783969	20.3937303626841	20.4909834494757	20.6934010620598	20.6897088098358	20.8077879481206	21.3866858794256	20.7911708240321	21.5825464477852	20.9012549363322	19.4211365738694	20.7060402891887	20.5788675646959	20.4248383509734	20.6802040764914	19.9739647831146	21.2735741011331	20.436467039126	20.9140310412121	21.4186788068419	21.3421382356593	21.3538353097642	21.3821503159211
M584.3027T656.96	16.8926564755919	15.7478215036436	15.1845485279084	15.8265548364294	16.8210860407159	16.9813979505812	16.0557577774183	17.0710244340634	16.3935750899127	17.0572083763852	16.6282464062214	17.0053986295348	17.3594187553184	16.635914854465	15.8221136002194	16.3707317390742	16.1690053990786	16.6245848471982	16.7680295954311	17.4320798519599	16.6567951311663	16.0284558670486	16.3273112119245	16.0358658387605	16.4177766760819	17.2709650794252	16.6935243117747	17.3242640688161	16.5007350781178	14.8262349475037	16.0088379001971	16.1220767089889	16.2941075647621	16.3064349856622	15.4624851015267	16.9694388698795	15.6268621753007	16.7336621853976	16.7026968377114	17.1413726063058	17.0223859036025	16.9973457736132
M584.8019T656.9_1	15.9620090697139	14.5676526667766	14.516932960236	14.6963016720874	15.7914635869387	16.1097321683289	15.4998705364298	16.2775923825734	15.9034365140626	16.35273571903	15.7528644696959	16.2834583889698	16.7459340025111	15.9124488281823	14.8703622384159	15.5363418672375	15.0030693031972	15.3722846854626	15.8128218485875	16.4502792333857	15.7635085629615	15.2196074433355	15.7633178054529	15.1656293992164	15.6186965564514	16.3499788732854	15.8718247038725	16.2455231052016	15.7743194790962	13.9607377645885	15.2728193859654	15.4150987533961	15.3261935049845	15.8212536733911	14.6211047296653	15.9265904042853	14.2737271026646	15.7418052784797	15.5954995153889	16.1428087346255	16.0378074685737	16.0865490378842
M546.2845T723.84	18.0350852670698	17.306820384469	17.6078290606425	17.856358110631	16.6784098898593	18.3780586488621	18.7746767402083	18.4775971144142	18.6877556024581	17.7618983634759	17.60317275548	18.3931036705744	17.1094650765001	17.0818662760518	16.4060276747341	16.9253294838949	16.146315307462	15.820803563306	16.4385354362628	17.060521896492	16.086243848673	17.1570744518027	17.2073048859307	17.4818494106004	17.3440964790749	17.8142283485665	17.5669572740769	17.954658002953	17.4931305031621	16.5518990654104	17.8042479431828	17.9083994747339	17.3918393942397	17.0465845339267	17.0852540655113	16.9652161556552	17.5791502465415	18.9774510252051	17.5791303299748	17.4324516740881	16.8124518201844	17.7879160806182
M546.3554T827.82	24.2416886065956	23.553912260687	22.077247072722	22.0784507483698	23.7583494246218	24.3677765780628	22.0344242766855	24.6551099417631	22.8023278723003	24.4804026790921	22.255205558505	23.4665675327691	24.6251478808701	22.2919272627006	21.3365163274234	NA	22.9182257909283	22.5097588339561	24.251459707142	24.8193546147393	24.6242194077649	24.1392783953939	0	21.7588137861156	21.9257900197545	24.8499132931744	24.4576460473655	24.7618626871725	24.2965467939994	21.3765511439262	23.0982946388055	23.7781523689893	23.1091726446995	23.7363218800045	22.5858489628362	23.4001225709114	22.9205465140853	24.2111162649236	21.7273429817419	23.0539144625922	22.9662126297557	23.5475742803789
M546.3575T687.3	23.8084596883941	23.8676340066205	23.6118220068106	23.7634377980463	23.9445303295281	24.2781530046346	24.0333744064012	24.4534718226776	23.806973028918	24.1875868896009	24.2551329374329	24.7303606452575	24.2919007229384	23.8276929666189	22.9814319041268	23.4470223569508	23.6803258332422	23.9756951677676	24.3662318733762	24.8931982343244	24.6459154466454	24.2772183548209	24.3421120131454	23.928716615506	24.2203737407363	25.4050343104598	24.1551769068872	24.3433909323392	24.8476214881652	22.7405047535979	23.4739484132697	23.9812325913166	24.3260566704343	24.4771626349324	23.7176547456905	24.2354451937505	23.0413214077031	24.8790835777521	24.3775734202498	24.4511027253037	24.4345410650815	24.3344799271295
M569.3432T687.32	19.4265331554408	19.3301336561641	18.8474689423686	19.3412807680863	19.4960052887141	19.8421433906744	19.4849238905082	19.7734741602705	19.3688002061553	19.6233204857514	19.5610656938722	20.146906017052	19.502485742009	19.2390821179578	18.5102884112332	18.7702760975619	19.1828743149542	19.4222631882447	19.8248056440882	20.3777963222242	19.7873754595444	19.80048853787	19.7636845338566	19.4540657156942	19.8723599791856	20.8810834269468	19.3567145672533	19.9042444732797	20.2402861080168	17.8898771954726	18.9179235039575	19.6392469733913	19.6509944713501	19.9889233062211	19.1309985189608	19.6851770032022	18.560351868092	20.3292522179466	19.9749808987867	19.9642812532287	19.9430489665351	19.8861818642727
M546.3573T703.9	20.8722629141465	20.8419511876565	20.9277433400984	20.9092578005186	21.3444833075411	21.7286534927266	21.4698517807413	21.7869995249935	21.3348135695857	21.3865133880414	22.0343325605777	22.1276374953459	21.6167979937674	21.2801317278449	20.3877555732654	20.9624673599439	21.3078077313567	22.0198817115782	21.7776168033997	22.5220104268856	21.9874848893703	21.3756154795911	21.2715328665018	21.1399861676876	21.4410481983144	22.6055764438903	21.4623767477576	21.4280496921885	22.1065308759347	20.4666003704456	21.0685443525808	21.003462443672	21.6775529267605	21.8392459359737	21.1799220608172	22.1039668383103	20.3226398482568	22.0892871742673	21.9591330060465	22.0785305462172	21.8899473160201	21.9423515415012
M546.7979T662.9_1	18.3386890577071	18.5681833595243	18.5501482294166	18.6480405123082	18.3931475144909	18.3497029441101	18.3391293349226	18.7208373861912	18.3919565608129	18.6427984455274	18.7229888863117	18.5955502562494	18.6200124524575	18.0181058712876	17.6570100414725	18.0333756817865	18.4255926152456	18.6709744310051	18.7235518890095	18.8590037228438	18.9105895513659	18.9995572061599	18.7930209949828	18.1805498170311	18.4718644859763	19.1667211857241	18.7718978341138	18.7929706072614	19.0347170910839	17.55648111364	18.2651894908567	18.7346896245976	18.6563637440752	18.9044003399334	18.3975105486852	18.9336774501973	17.6857015588559	19.0610715161871	18.7674254721779	18.6823918547026	18.7301938673814	18.785631268592
M547.3001T662.89_2	18.061457581985	18.2789179300532	18.3183009784723	18.1983528988121	17.8677803103168	18.2628800489432	18.0243723740005	18.5370609460727	18.1575129231663	18.2085248873691	18.2770960356922	18.4430449666238	18.3129239580095	17.7231494334949	17.339884039212	17.6873862220875	18.0586926177764	18.5375884609737	18.2833188254721	18.5293537587581	18.6111497762937	18.6226651526506	18.5024901407217	17.8416769766932	18.1607398174051	18.8909813299814	18.5328722145008	18.5276302878632	18.8655682936835	17.228993957233	17.9859398953608	18.5451132293902	18.4771005058041	18.5430013881574	18.1031172325574	18.6406378703355	17.3994904340108	18.751939316668	18.5294713724967	18.3118697114817	18.4287856402996	18.5501612014498
M547.8016T662.96_1	16.6883113901388	16.9262738829096	16.9711435238564	16.7896601860656	16.4048904671049	16.6885648130534	16.8869524743421	17.0987161516765	17.1066852924543	17.0628390999281	16.9537227030239	17.0246821228301	17.1086083369408	16.4865208984304	15.8935641094275	16.520966786764	16.7463090271772	17.2688145774941	16.9782204902462	17.2892737483139	17.3615385699121	17.2701443619271	17.2321415843548	16.6487535277184	16.9587375562191	17.5931861490157	17.170083529543	17.3373741442157	17.6462246232872	15.8756674873593	16.69072520599	17.1556476638241	17.0978503792137	17.0837866198414	16.8499064223452	17.3587783913447	16.1624319338933	17.5242424449678	17.1280552459741	17.2601336800893	17.1710461057382	17.1315029046733
M548.3019T662.93_2	20.0235489312571	20.3461596193291	20.3136779829993	20.2889114121388	19.9509062620092	20.2588212054904	20.1459949924306	20.5395195701396	20.3586302617664	20.487320065921	20.4429057744184	20.4346122499353	20.4313654475585	19.869874663925	19.2785066459113	19.7742518762264	20.1434822539104	20.4745527807378	20.4692282788964	20.6443503401454	20.7508323538674	20.6850863423382	20.5989174659362	19.9239107838702	20.2053076030295	21.0347797771938	20.5494257930353	20.703822718688	20.8211435921059	19.2347391558937	20.0588971353816	20.5175166525975	20.3507602109113	20.5752008435193	20.1445107847726	20.7249040228842	19.4134676610574	20.8806270965352	20.5569682441045	20.5423791475043	20.4192038798816	20.5005702426428
M549.8012T662.93_1	17.854888024181	18.0711137457625	18.2144932685937	17.9327033254495	17.6319717008117	17.867197980295	17.8364564053429	18.2870802749859	17.9683664941066	18.1198091841346	18.1792782186807	18.0248315223889	18.0451016077173	17.5241169381116	17.0210554294336	17.5006126389945	17.9262906338597	18.173155854442	18.1069196374213	18.3577380370272	18.5349006650823	18.383237645583	18.3026421431413	17.6793859354858	17.7813528319052	18.7126451315792	18.316491800043	18.3689584232614	18.6092212730307	16.9142259578415	17.6620491425053	18.2044485236727	18.1666299661255	18.3648880875693	17.8798188486955	18.4555545956621	17.10464235905	18.6127302442021	18.2105842334326	18.2025473536993	17.9978303937171	18.1827582696858
M547.5836T326.04_1	16.9554111289275	17.1884959705736	18.1470711043175	18.0416282962101	16.9102754487114	17.621864266935	18.0702275275272	17.22565646038	17.0274701875862	16.268665524467	17.042032714534	18.0177173045679	16.8063619391154	16.3430894780192	16.8315100302354	16.5718622298277	14.2193792532678	14.9667061936947	15.1732253679292	16.8173229475652	16.4861784550184	14.7938499448868	17.1329542212236	17.580364696583	18.3641228586308	16.1388932906696	16.8550472756002	17.6698488831587	17.6164448620774	17.3783245034775	17.7321170648584	18.2867075931035	17.0919523221641	18.0684109900405	18.1457359434458	16.0138756712819	16.6765211523969	17.53618466527	17.6862834962565	16.430551517121	15.3874555886122	17.2847059514811
M548.3733T736.7	20.114393452255	20.2249159306903	20.1457853321707	20.1480349884268	20.2934118572484	20.7324091533819	20.2388398920841	21.0253367027342	20.3166228851787	20.8397856062353	20.9151758360009	21.1997456406283	20.6829626899851	19.9720968290866	19.0508601873424	19.350190823026	20.002463778985	20.6019722859895	20.8194770201562	21.4276871868987	21.29256385544	20.4753941805688	20.765117976493	20.1681388395107	20.4385936045721	21.9860173690765	20.4525066050766	20.6561512562541	21.3380640426499	19.0031676364664	19.6016131463889	20.4804424869008	20.8822665589494	21.0553649857136	20.1062317368404	20.9234853939221	19.2635779894707	21.4066994403337	20.7827352902226	20.9287946476493	20.8757998868793	20.9418414323175
M548.8115T713.7_1	15.7634506947354	15.8382948029496	16.2486313957248	15.8128975695008	16.2822451821191	16.338109762668	15.8862793935753	16.592195729614	16.1620991779279	16.0007483019842	16.5713606163896	16.8170122764811	16.3722119525513	15.8515654898225	14.5124245970811	13.9710452881041	14.6974896974285	16.2275292000593	14.9358926299613	17.0863776535929	16.784138021993	16.6923402573264	16.2099406966484	15.7997529716359	15.6929294458534	17.4102188418807	15.9065284134175	16.6464518433664	17.0302346228939	14.1040599602008	15.5388735432673	15.822636277899	16.4480869397792	16.7813237317283	16.051168594694	16.3299884008526	15.0101270270977	16.9172401717628	16.3962340532402	16.6289692920746	16.7139919945937	16.4930436683866
M549.3155T713.6_2	15.9765264549632	15.407382070921	15.8949688724808	15.439796996972	16.0197571491795	16.3334487402296	15.9910170819986	16.1128515616239	16.0787448899118	16.6730471044465	16.4315922887139	16.8275955378974	16.2623168122898	15.7858561893314	14.5317478679619	15.4365142634465	15.546272390452	16.0165786366177	16.1886937083768	16.8739269775641	16.7935081960544	16.5837856520944	15.3857961212144	15.7078658825907	15.9081381508562	17.4313150648684	15.6932808668111	16.5992683352198	16.9318563002135	13.8594855837177	15.4363992109175	15.6943937226792	16.55823379646	16.8970438882601	15.9753827381875	16.3322634320877	15.3322870034839	17.0013219962995	16.5843004534239	16.6781139946804	16.145289736375	16.4012879470008
M550.3168T713.48	19.0008891377072	18.9621726752506	19.0164542403611	18.9371620910742	19.197184782692	19.5629807547875	19.1260423877582	19.5557273852991	19.1269696990874	19.4712816488474	19.5451204445671	19.8905644899186	19.5356888443892	18.999991436726	17.7776482033326	18.4440843061581	18.5610129525391	19.1144301935206	19.3807344433946	19.935104755464	19.9165829123632	19.5394305717233	19.3172065918995	19.0170317099769	19.0075107746763	20.491374233542	19.169786148491	19.7491737966254	20.1258621422182	17.4323467574826	18.4692839828573	18.9056395274093	19.5069701143658	19.7760195278094	19.0571279314853	19.5445733980973	18.0771711359345	20.1217336738345	19.5628492170198	19.7280979310398	19.6855392898785	19.4339677355703
M551.8161T713.7_1	16.874709405179	16.974184125532	16.8712457899454	16.7457468747368	17.0581280595351	17.3716314795683	17.0050836305851	17.350432918446	17.1312180047941	17.508986222346	17.4382427429803	17.7676860300251	17.5497975582495	16.800323932042	15.6456209160488	16.3424903426391	16.4630091368547	17.0111703829379	17.3908293044626	17.8150077160788	17.7607991658665	17.4232341583256	17.1114449390387	16.8377655539406	17.0533335305586	18.4171655018893	17.0271084354727	17.6941379195305	17.8755260149152	15.2620542900803	16.4688019556919	16.8217269594187	17.2364208940303	17.7522166078208	17.020523098508	17.4544450566082	15.9696413886483	17.9863902629362	17.5137510855892	17.5888740929775	17.4588271695577	17.2827843679286
M549.3093T686.6_1	16.5850630025853	16.8585661451026	16.2691638429267	16.2802455547287	16.461174357	17.0088172649388	16.7046449501303	17.3246374178564	16.5670185888648	17.0357841787197	16.9659540591882	17.273331761747	17.2061176203346	16.6725611176225	14.9935652944604	16.0558793625026	16.1169596223292	16.4213977904374	17.0401129692405	17.8293605883312	17.6939898008939	17.2687452307658	17.3962254522513	16.1894360507313	16.8323356004454	18.4209979070983	17.1122011265565	17.4649619393755	17.7816249079233	14.6904376210796	16.1357954678557	16.7698046593578	17.137937486735	17.3258968028488	16.5578635946135	16.8198451148009	15.3919461257633	17.7306959108732	16.8758682404759	17.3964747061446	17.0860942955232	16.7541948397224
M552.2955T445.03	15.2385523010132	14.966460669269	15.0055123141947	14.4216851039239	14.1366374660501	14.6815907275722	15.6654104024244	15.8611845693218	15.0915447146879	15.2429056224186	16.0722379360133	16.4669605406654	15.1219359615067	14.5554321457162	14.0352290018354	14.0567694525965	13.0296890753842	13.9474810930695	14.1669197234152	15.5254533507944	14.9985188237012	15.2847034449984	15.7530302933036	14.2543566516711	15.6680193991989	16.8363688164685	15.2929301121716	15.6735807825881	15.3758962959556	12.6223198719932	14.9083289922626	14.7625582338726	15.1058816898631	14.8323365902878	14.9909476696108	16.0525920814537	15.001767993599	16.1301187983824	16.648109119772	14.7422395539353	16.1076517238224	15.6500435676684
M596.4392T595.49	13.8824429562668	14.8936044532183	14.7667800542826	14.555881843157	13.570081530192	14.5319787074298	15.2333242353525	14.4367975997207	15.7300939424641	14.2615613560527	14.1091190413258	14.888856531691	13.9000089337895	12.8224647645347	13.5357179126638	12.9683390417188	14.6130818785575	14.2193707197912	14.2664580170154	13.4701416097411	13.1259822859715	13.9442195824504	13.9333395228392	13.5722268658505	15.6569374083777	16.3128140818383	13.6460913280246	13.3716536172235	13.3820451814873	11.9643069937969	13.5661061011413	12.6900130998738	12.8004628048281	13.545416557174	13.7994483591009	15.9777975246466	13.1195287663288	14.7753283386821	14.723879273004	13.8710602727534	13.8222857694566	13.1005793642947
M601.3949T595.58	15.8732645314033	16.523366619081	16.2136074196776	16.339996239503	15.5780986217314	16.308019119879	16.8670075632462	16.3417991345072	17.534745072172	15.9459037549872	16.1151616929403	16.7755670151273	15.649247276499	15.1925663503929	15.7826025774259	14.7995499038979	16.3806774778658	15.686495754233	15.7885025550739	15.4062305028099	15.1244091062084	15.8274149012612	15.5816677508567	15.3799302838264	17.6180174535618	17.9148060621415	15.3682484717067	15.360737874996	15.1426844274072	14.4825614241411	15.6839030822857	15.6521807664406	14.9821873711226	15.5590070092688	15.5757917641667	17.6218236919283	15.1371817295157	16.826333152683	16.62671114648	15.4950916694007	15.5579618988301	14.9235589009677
M640.4657T594.98	13.8562689417749	14.9498103131337	14.7393074240675	14.589035737553	13.7237971783651	14.6801345664579	15.0884887759704	14.3132714363559	15.636065768165	14.4855803257928	14.2537867098333	14.9629337125375	14.1533686337453	12.0916460624766	13.6337233485706	12.4470247320282	14.5929039943285	14.1974847779656	14.3184569407103	13.8001919036851	13.6034877713027	13.9855105154054	13.5869382243713	13.6473583157164	15.6788196842623	16.1502657457221	13.553993499536	13.3208013006247	13.4281248480836	12.7997170191456	13.663291296758	13.1844485251644	12.7807216743678	13.514701901859	13.6182304663672	16.1247728914593	13.1888345811979	14.7996693681239	14.6274201610833	13.3020166989731	13.6848670616366	13.2421009952842
M684.4923T594.38	13.6821543152323	14.567090848996	14.5762079149564	14.2232406570624	13.3869792533886	14.2768467505972	15.1966852475861	14.0762013772726	15.5967525138901	14.3149772827361	13.9096331622657	14.8248694050498	13.8469124308645	13.5387939873928	13.5812083249578	12.5715199334977	14.4252979514428	13.8930829573661	14.2147361636733	13.557360823452	13.1961444488275	13.7923411871451	13.6847998840622	13.1712545541143	15.6272641491478	16.1907702554918	13.4437989825963	13.369848994105	13.1451473210845	12.1419607438308	13.7342136914857	13.1739791752527	12.4885824154038	13.5188922566875	13.5522484855478	15.9675959175911	12.9555963756278	14.7746686111019	14.5480155384698	13.4450505392038	13.431285667156	13.0971584486213
M689.4472T594.44	15.5719756996039	16.1185788461277	15.9800268420383	15.9708423449385	15.1480124827552	15.8445073308834	16.5450194209198	15.9460691278029	17.2229053096568	15.7603390457693	15.8550445123515	16.3141119168139	15.4171666103627	14.9380971961217	15.4302314613114	14.2646519638766	15.8934989238762	15.3775249384046	15.5125351720565	15.1010661237711	14.6993217531219	15.4449120014189	15.2223720305046	14.9977301945754	17.4423739659536	17.6009654378353	15.0563873919485	15.0208093880866	14.871663947849	14.0832652174758	15.2661054740966	15.2959594298376	14.4723736937456	15.1626271577425	15.2763596985453	17.3992912026019	14.6023086930902	16.4838290798162	16.266556732896	15.1716136316977	15.1036637589411	14.6585265257974
M690.451T594.41	14.0137101550012	14.5071952180095	14.2677613968427	14.5343185558569	13.566216630949	14.2437377113722	15.140705805544	14.3183367882891	15.5795452650175	14.330986409798	14.0098747792232	14.8774771800043	13.655647748306	13.3950573562077	13.83079411657	12.7342292988754	14.5122693627355	13.7628224640839	14.1794834084783	13.2433261800135	13.0550855282503	13.8389333124404	13.7144889990486	13.4368498252928	15.8673423089097	16.0429010265229	13.3283231874946	13.5609051299323	13.1272984119643	11.5339122863098	13.6451672262862	13.7068906364634	12.6133940508643	13.6349959035715	13.780917745409	15.8818241061908	13.0229573964317	14.8953635344444	14.8071048275658	13.6399639165695	13.5825185645302	12.8461953161613
M728.5183T593.84	13.4309240321669	14.2685905092108	14.1229413555379	13.8489778587543	13.1274311424893	13.7107250274309	14.3972276323709	13.6971472850674	15.1257654477398	13.7323424836013	13.567062773995	14.4048728996436	13.6986631485878	13.0086942467455	12.964549723209	11.9652036561856	13.9561432068794	13.7596583491249	13.8910031318656	13.022339873023	12.8722072390838	13.4241696948664	13.1436179040798	12.7750469085785	15.2772474321278	15.7544796604588	12.980836147583	12.9285376387393	13.1188542549352	10.6506254053414	11.743640317212	12.7361782566528	12.3871361506189	13.1843811276835	13.1820588181862	15.6856688486114	12.5452167268076	14.2793575834423	14.0639676774769	13.0684086884486	13.1797151971305	12.6460705421858
M733.4736T593.8	15.0555117021368	15.5874517387518	15.271228819297	15.5318342771329	14.5142214058888	15.3096758419334	16.1061958233004	15.421063175357	16.7181473015515	15.2415387968564	15.3053449132705	15.8283066498242	14.8936122959353	14.4807846460674	14.9080289717837	13.7411878756186	15.3973130812698	14.8114724562935	14.9538783613604	14.5250948393808	14.196512524249	14.7683322297339	14.7344171086942	14.4410827302381	16.8975539783324	17.0829318758517	14.4984191825147	14.5454350633621	14.1049301847648	13.5326326637455	14.7079404197587	14.7340767747615	13.9033598980093	14.6320667647956	14.7633390307327	16.8703635308895	14.1328091906905	15.9440209996853	15.7748431557678	14.6739762637073	14.614481684063	14.1195249166633
M734.477T593.79	13.6697609923728	14.288080723586	13.888336534835	13.9189846717765	13.2718193953079	13.7117272773293	14.6883566075288	13.9183188295061	15.2961712855898	13.76362276761	13.6845739993462	14.2296091014369	13.4750058613626	12.9536444439121	13.3545217894125	12.0310025244752	14.0012961484049	13.2415967926307	13.3856809933755	12.9461508367239	12.7154973269165	13.4695243537915	13.0299211045154	12.9620891646995	15.5824620298853	15.695718408268	12.9547396504819	13.0670961018201	12.7355099647151	11.639943382145	13.0857549064198	13.1721727090097	12.4559519605937	13.233353338162	13.2861307955705	15.4852760231827	12.5264993265071	14.5006739358784	14.3034843887835	13.1166917952769	13.0650183129717	12.7071536777378
M772.5456T593.15	12.5917611086974	13.5227357986707	13.5429098974977	13.1508042707018	12.4841422432602	13.3377017651122	14.1662092985831	13.0860896655455	14.4009898800886	13.325962071876	13.056114325482	13.6066384508785	12.7639503935513	10.8952576042395	12.160264447301	11.4628105842164	13.2572318574755	12.7684125625146	13.3083347037309	12.4893329028579	12.2495771560021	12.808484897798	12.367753882921	12.1552044201061	14.5685506104948	15.1006871948539	12.27434494004	12.2698762601068	12.0360431049525	10.8303726252389	10.8055472934898	11.8506447673371	8.95228078529736	12.4541236537357	11.1785754272322	14.9903495281125	11.8691738856103	13.4858857277313	13.514184156129	12.127962288907	12.441689315508	11.8543746216047
M777.5T593.16	14.2611593647484	14.9801673976175	14.6262196118972	14.8202424034834	13.9213838221471	14.6596482419555	15.3261785304964	14.7072593455368	15.976728850507	14.8372233476218	14.5828382771206	15.1060414053814	14.2228199529442	13.5757208967805	13.9816027374094	13.1277761888965	14.6584347599843	14.2677360661366	14.1823847888452	13.9147399896102	13.5612788029142	14.0598597601128	13.9465830119284	13.8290653742065	16.2224047195304	16.4221366483915	13.9786383272941	13.7623709377123	13.4900883112689	13.0185625333244	14.1057973620217	13.8597609293997	13.221020408402	14.0949593639775	13.8451040607174	16.2751714155187	13.2888395039697	15.1826857302962	15.1216786479895	13.7722267955073	13.9146666005014	13.4955508854597
M778.5036T593.13	13.062371820451	13.5337731051652	13.4058306961144	13.6412594008301	12.5041165907967	13.2010514653441	14.0620296102909	13.2903169360295	14.5913988786616	13.1207531414647	13.233895805634	13.5600827478583	12.5800302092017	12.0001087861857	12.447576610069	11.5745171865741	13.4258348478735	12.6825422607826	13.1300219407433	12.7669264624975	12.2874496765725	12.7621727526473	12.6690994078037	12.4110934849635	14.949847352061	15.0618758491	12.3353897815482	12.6360633872275	10.9572371776063	10.2144937052966	11.3393570970943	12.6963115329092	0	12.5741745618603	12.5836394892967	14.9472472939589	11.6456417738966	13.8119898957619	13.8278354658074	12.625907811313	11.2651978042324	11.2647243407108
M821.5268T592.5	13.3716425175386	13.8964359250342	13.6656167059279	13.6066421032315	12.8951603827864	13.3145477394296	14.6862422494679	14.04744714688	15.1213263028001	13.7978817579689	13.5788757375778	14.2863277666901	13.0654205443568	11.8752252885541	13.2957102456591	12.3228183062564	13.5307434694652	13.2016464812568	13.1976647452981	12.5867281209928	12.5287907666095	12.8937545569603	13.0480084900804	12.6221191495598	15.5267990057247	15.5040072494282	12.9443533459985	12.9128197090612	12.3029700558135	9.93358506002132	13.0209604653779	12.9827808515432	12.4856884484459	12.7210558293557	12.9072038327733	15.2256834875918	11.7608153206224	14.321968778205	14.1585865668558	12.8652480404205	12.2089870531518	11.6648506832437
M559.5221T762.44	18.7728325802363	18.1326471666282	16.6104953638326	17.4985861928971	17.2570227377799	18.2424939017261	16.6049741579954	18.5292228100092	18.128601846025	17.3408747783053	17.6133922907319	17.304756628257	16.0916801481231	17.0727273260369	15.3751345400167	16.8635654384732	16.9336339302733	17.3694412034082	18.3950101365982	19.0624328290977	19.9802064304449	19.3334807637195	19.7750752115623	14.7463489249451	16.9000749229826	19.3560545188452	19.1278169358273	19.1446170826082	19.0101231319723	15.7741806637443	17.4103766722547	17.7411590261316	18.4002799278801	18.5831530497561	17.5196290745506	18.1665103911622	16.5470678811158	19.2990603520666	17.863927295204	18.1469656667823	18.0146451401032	18.5420543705777
M560.3371T563.14	18.9614107230545	17.6811267764202	18.8930234406794	18.9709907006563	18.1412428261931	19.5479152720861	19.3991106319811	19.849166981876	19.5867969709666	18.3854807514927	19.9620891090782	19.3878028127982	18.345659025772	18.4182074329062	18.3229077486288	18.9229392194179	18.25363342654	16.5260523945572	17.6917517182612	18.4465173658512	17.2464585850669	17.5340433462854	18.6130798892208	19.260733573659	19.0699140710843	18.5391001662905	19.2057384393973	19.9690080321437	19.2557360903128	18.7875139372874	20.1414299884735	18.1896692969648	19.3054864663198	18.7072851236624	18.662292566456	18.3559426685117	19.2279778744459	19.8355987500668	19.4159542351438	19.6853275338926	18.194212686558	20.1992444983473
M583.3232T562.85	14.9591654521374	14.1214884001754	14.2493908716106	15.1542865205785	13.3759770365108	15.5205695748624	15.3580664745511	16.143367159379	15.7746504500578	14.3988275242943	16.1392074069644	15.381122724867	14.0038555050277	13.8885192149229	14.1683013522504	15.0952814622679	14.4172422762833	12.7659655909552	13.7817807557448	14.5523566548372	13.2487469410426	13.7370747361847	14.2070232124231	15.3981318566923	14.9850298409663	14.5105943095968	15.0881807494408	16.04396269898	15.0280036705402	14.7132751665623	16.5719162169799	14.1392684413419	15.1873761596909	14.7423577238414	14.7355526272396	14.170778858778	15.0665856815922	16.5065163000079	16.1042240400604	15.127573502194	13.9317424171008	16.4312595348804
M562.3527T576.73	16.2507508402501	16.0863143689054	17.4452611529817	17.2563132240581	15.6107230450897	16.7103320409896	17.5169020622642	17.6842162274402	17.02089172177	15.8634541705112	17.3285220971834	16.9694584727707	15.8649291151606	15.9872968041542	15.5246094080857	15.895318414921	15.8648886270557	14.3903942259002	15.8431362072735	16.1614980168509	16.0837737019865	16.204051816044	16.6954946154283	17.139744733522	17.2653904646839	17.1139799861902	16.6674827422542	17.3403799677126	17.8011424715882	16.5574081171675	17.4986141826877	16.5262156532027	17.682057260897	17.0611605261214	17.0604442180362	15.6549537109047	16.8215208964538	18.4571258204313	16.8707940892879	17.138412715823	15.4935726342443	17.2054420444376
M562.4029T730.66	14.5310769801076	14.7990374253096	14.4981810085622	14.4009059965578	13.8538631196296	15.0856946635189	14.0797159932115	14.8247899815377	15.7007145432949	13.9353686934773	14.3517473836784	15.8032425094299	14.2843420987964	13.2235433096677	13.6435773488224	14.4182907390768	14.1951113389244	13.6211922942283	13.9421899820852	14.3587015229849	14.6974688312886	14.8941291557772	14.9310085549704	14.0197978622796	14.3754605938571	16.2792174608903	14.2596794936761	14.3221801880653	14.280787250432	13.5736529525371	13.7887581742647	14.2049129870308	13.9973612443539	14.3804249900297	14.1540602306718	15.4893287324456	12.6351140755176	15.1859828186777	14.6963789106957	14.6207820485382	14.1439122146155	13.8910693473231
M565.8899T326.02_2	15.2841850264882	15.5468974296357	16.5981816242047	16.3688223588437	15.320679683702	15.2629952073675	16.4358557773832	15.4877036407073	15.2231056692181	14.6082693304283	15.4967763441021	16.770937343205	14.9257005865381	14.6688579467965	15.0989706326382	14.8402827379826	12.5646367089383	13.2177093316204	13.8294063988947	15.1516579996702	15.4743133392873	13.5027805197618	15.3863113542518	15.9323801568741	16.7953084781487	14.3012834092403	14.9073653907766	15.5262379288549	15.8946346159773	15.5037088338055	15.5847413170209	16.3770394682066	15.6594546449656	16.4195287752313	16.2109904006145	14.0734012816778	15.152490253812	15.5148871895413	15.8722756430224	14.1473516911571	13.8343197919793	15.7473138894723
M565.9351T304.61_1	19.7181831752396	19.2542963105202	19.0711296527405	19.4954077889039	19.796839972035	19.7223348611356	19.6853691198593	20.0010110007821	20.3594497244718	19.9411725840681	19.7118014637692	19.9205224845033	20.7958205259107	19.7302246245219	19.226105528883	19.4376729307408	18.4831263843267	17.996198879782	19.4073129203598	19.7496633234427	19.2645506977938	18.419969734458	19.3627006035756	19.7225540482389	19.7050656377379	18.7106931868465	19.3235784737171	19.7023132647507	18.5635888685476	18.9405420360994	19.7602236780852	18.4272434796407	19.437867072696	19.2877061633818	19.534918994001	18.7113060743466	19.7189408074739	19.3923561260998	19.4863853901859	19.699102277059	18.8668361498324	19.075347781195
M566.2693T304.61_2	19.4638552723227	19.0626863949759	18.7504547597592	19.3736371348511	19.5993724861105	19.5097986305957	19.3955133140038	19.7400979437542	20.1097747216135	19.7192717611054	19.4928282816702	19.749814024105	20.5527812552714	19.4261172006446	18.9698370866308	19.06620531275	18.2740847554924	17.720499984308	19.1736316848256	19.5445410777801	18.9325987877167	18.1763466979872	19.0380971423433	19.5139333806086	19.4946467719797	18.405055254447	19.1228189989605	19.4683477724761	18.3659215651833	18.7377427511306	19.4690003591224	18.1235580049282	19.2535916059541	19.0930915554091	19.2805389722495	18.4449236153161	19.5274454236685	19.0881878524187	19.2655486086015	19.3721508841679	18.6556607340512	18.9281376953564
M566.311T465.41	16.8125294729892	16.7382166719276	16.8846467821505	16.5114281095833	16.3581634428638	16.6274319920274	17.1471726603151	17.591863579623	16.8417189616049	16.8910362772821	17.5653827088718	17.4707470648183	16.7099324623251	16.4092791312769	15.5795440141705	16.195098898095	15.7490674581818	15.339845927325	15.9766564900554	17.3347766047032	16.6795383993958	17.3101708114825	17.0955442802554	16.7298757230682	17.546645589251	18.6090482840961	16.6727607312832	17.0241425536498	17.1710117080345	15.1100904036347	15.8608500046667	16.8684886245595	16.8085365549212	16.6654734329007	16.6415378118595	17.1106840925018	16.9762544776432	17.8541768838808	17.5406961250097	16.9654159965981	17.6385907778382	17.1627386675217
M606.3038T467.94	12.3709775949933	12.4858584321281	11.4527879875167	11.7304352888881	11.7570751776798	12.0960222966161	12.4799420017551	12.915509618598	12.2898796719497	13.1661099442336	12.7053414664856	12.9259903937518	11.7965986863139	12.0386619262664	9.88776154073666	11.5855858046436	9.42730738859103	7.9578368543032	10.2411388600521	12.843958286786	11.9770007961007	12.9778513973809	12.7738711579773	12.6009452291371	13.1175649136566	14.159288509488	11.5014659907423	12.3707569305388	12.4598409127997	7.62189045315056	11.4533195266246	12.1284512672078	10.4829766623903	12.1075877724946	11.6559921910579	11.8118733982695	12.3833370716173	13.1740402444723	13.6118349964981	12.3721962958529	13.0183052689335	12.0930830737492
M568.3016T382.76	15.1546143701693	14.9397064867051	14.6320603606189	15.0318269637396	15.3573549336885	14.6059391772052	15.4815648818171	15.2672556379082	14.6004473003261	15.9935137736216	14.9458801056285	15.3163541712637	15.5264043711987	15.5577781462741	13.4642347928468	15.3560455060891	14.7406378989535	15.3519577291387	15.717097175979	15.4461216808641	14.6684100995008	14.0257225300248	14.2452897575749	15.1367803429435	14.5103167982191	15.1872900491032	15.0549331209335	15.1144046290206	14.2461839779505	14.6038614917631	14.2117084139505	14.5970720651123	14.5239561165154	14.8382141152332	14.8349662439628	15.2447833025671	14.0368986392776	14.4424865659493	15.1616151368545	14.8612303860239	15.0037846176316	14.1697089278781
M568.3421T653.54	25.636007022812	25.1564421930618	24.8020605355721	25.1314457193479	25.6480075859234	25.9449408849915	25.3163557600638	25.91787237616	25.554031032296	25.9108175652608	25.324006105272	25.9043145256196	25.9260482734412	25.4417495235758	24.6942937930074	25.2720093533479	25.1436390988694	25.1804096099152	25.6891398271295	26.1536601700977	25.8434336478689	25.4624701984284	25.7569189148633	25.3303733940079	25.3936430758938	26.3783778245238	25.3167745884717	26.1635791281195	25.8980666635611	24.218197425797	25.0923802094078	25.5626425393552	25.4430128720875	25.5959565577889	24.872254325146	25.5559169792112	24.6592130635563	26.1140659021964	25.340545097689	25.8443414855299	25.7149863471691	25.7570058803949
M591.3272T653.59	21.1255715140765	20.5189590782879	19.9190591395453	20.5717819572261	21.0466793050047	21.2600086166478	20.5648311141334	21.0526941692277	21.013450370607	21.0997809879922	20.5209709568561	20.9558549635765	20.9859791584423	20.7309351634744	20.2498958428945	20.5342696665794	20.5615918310128	20.5012255502239	20.9285900512206	21.4367058257652	20.799658273593	20.8145861659638	20.9910720200022	20.6378639233806	20.8859874990243	21.6015118830067	20.4643903794241	21.5005830298341	21.0328808964667	19.2250244811213	20.4660534915935	21.0979705809856	20.7846676892467	20.9586770765085	20.243383286006	20.8639475085686	20.073873445128	21.2561436858781	20.8165088947426	21.1767222820956	21.0151191614037	21.2019350014595
M592.3303T653.55	18.5792080020167	17.9939271777078	17.3344289853948	18.0508523517317	18.2974705566922	18.6815178983359	18.0854600015471	18.5494674867136	18.4146055575234	18.5608573347688	18.0067645984174	18.4907982540232	18.4866331821448	18.1863276110387	17.7257933344636	17.9848770593868	18.0373947241318	17.852772509192	18.4512492665337	18.9973245113543	18.3158880980171	18.3754924311713	18.4983810658389	18.0642597483064	18.3515685796528	19.0749145057862	17.9751243929603	18.956387351116	18.6460524744144	16.6577725867819	17.9853581032913	18.5012301768873	18.1884991122193	18.433821496772	17.8256333503042	18.3324789201553	17.5135707568908	18.6958416052987	18.2987024842666	18.5474963072823	18.3718469287108	18.6403835178755
M593.3325T653.6	15.4171287596843	14.6051633876147	13.9711725751561	14.9790026799419	15.462990204952	15.558000960246	14.9398583819744	15.4313307014928	15.2008916100172	15.4826698938184	14.7988989014534	15.3560190458565	15.4697235082825	15.2061104175441	14.569826893547	14.7908945888664	14.731192937986	14.821521410419	15.3190250819223	15.9175292496608	15.2023697569443	15.0676101450837	15.374894849773	14.9162573316661	15.3079972226887	15.9729661260381	14.9038322344651	15.8566860604698	15.2189948709054	13.4219325247656	14.9480853626159	15.4596478325257	14.9606582510355	15.3391710040629	14.5492827899726	15.089334294478	14.4175978094598	15.5882510619581	15.0588255768351	15.4053655679986	15.3863651247555	15.4719865032544
M570.3428T418.74	15.1443826049908	15.0146271461229	15.6887667204337	15.7964566676604	14.5603788179338	15.2089541215687	15.9669932773688	16.4700489750685	15.6678248944329	15.4874895908294	15.1238986348561	15.7112096802649	14.7928017797336	14.8306839261074	14.7605869002848	15.1258786269189	14.8176168238084	14.2038420740439	15.2367480122233	16.0238906197852	15.4876745186346	15.6997782372746	16.3230648647386	15.4489007186822	15.7691381853393	16.7990376771816	15.5099529084157	16.1640883113313	16.0458922779292	14.7810204455649	15.8370277075993	15.3505166552599	15.4774994038228	15.149068938761	15.3632547425381	15.1832899619362	14.8386163172949	16.4240411760404	15.3333546388269	15.3820683059199	14.8623917960735	15.6892552379178
M570.3577T690.62	20.6509896021507	19.9302720970807	19.8108614708695	19.8441520787898	20.7759473853769	21.2457042382941	20.034287813798	21.0689209570066	20.6724504848819	21.0619202867843	21.8551772070939	22.0150000666735	21.354712887877	21.1454363071462	19.5643900332889	20.6708811878147	20.5192183288481	21.688558301308	21.3780271470749	22.6708506199317	21.2474377340252	20.0576049778865	20.713538613043	20.6087841314278	20.7340687250374	21.8919375414367	20.868775848886	20.7709292029687	20.9258157476194	19.3652176157709	20.0787912515074	20.0021310200921	20.6739557538543	20.9347745803993	19.9847880599043	22.2196901576542	19.3833387712963	21.014943122371	21.6221138690267	22.024450699449	22.3958725822654	22.304870621907
M593.3436T690.66	15.977621935552	15.1906024674446	14.4300840155498	15.0239474709442	16.2615115882203	16.6483749665137	15.4548548065937	16.0357214368521	15.9315738696783	16.315488221638	17.2054363055694	17.2806263917667	16.4595662401127	16.3175929516368	15.1442194931718	15.9476651453741	15.9440275801501	17.0460883835542	16.6751867903387	17.3543461092036	16.15630449972	15.5923777214098	15.9998564258865	15.8464010698482	16.3093854154027	17.2556301688359	16.0494854048192	16.1448726127448	15.6953824367138	14.2773186098278	15.4376280770347	15.7216124807077	12.6671044908817	16.2437039447182	15.3622261966424	17.218170342095	14.5284013308288	16.219447625917	17.4677158678606	16.8039161918928	17.1335560246124	17.1771051997043
M594.3455T690.59	13.2774220804584	12.0369818482908	10.4408578832621	0	13.3614396751481	13.7756694465527	11.9988365878378	13.3008288593115	13.1064000659415	13.6915686447451	14.4983605623685	14.8652617174443	13.7394500950381	13.0765465440122	12.3841641195487	10.4691184145267	13.5556927626488	14.5031346503075	14.2505802936823	14.9922204083855	13.2539471182708	11.824121356781	12.4174064829555	12.2033553297945	13.5782938435667	14.5566489767918	13.0490258412233	13.6040393740969	12.5711891842786	9.82128892913668	12.6656413342507	12.8803162562786	10.1328119960827	12.8524523310977	11.8322924552902	14.4258582553933	9.9070011425831	13.9313903358929	14.5453559080995	13.8089117876648	14.6860355911835	14.6848973505919
M570.3577T672.72	20.3162680146248	20.6788385887477	20.5002179803818	20.7073327988313	20.1332375488414	20.5598951639511	20.9052190933516	21.147558722149	19.9537822473871	20.4131667887269	20.587672166694	21.1631154407485	20.7402202855293	19.5975903833734	18.9160171835489	19.2828658750626	19.8601039893338	19.9939183214541	20.6256685106059	21.1538539492843	21.2904538234409	20.9457248846354	21.0068929794411	20.4259997410714	20.8963313504897	22.1742152688536	20.2738095622172	20.4354460787413	21.4849842188258	18.9788145957582	19.5679030553965	21.1983272123174	20.979785344004	21.165169868641	20.2425254165879	16.1546283903855	19.4282939081171	21.8021626424383	20.601995191421	20.3585101470825	20.7741980893672	20.3718762292189
M570.7967T657.28	17.5234754125314	16.7185325523409	16.4816543021487	16.6399637393074	17.1872936628856	17.5849802652423	16.7874775337533	17.7673280982011	17.5686137844682	17.7065231244886	17.5620664526276	17.7280247964664	17.9621863459793	17.2398768599622	16.5573818272071	17.1227621008718	16.900188121497	17.3582796119287	17.5129832406592	17.8734116022497	17.4239575564615	17.0713447026597	17.1755098098243	16.8772007219421	17.0796954825079	18.0709292152449	17.3003454637963	17.9314339066216	17.2865202545124	15.5122153443514	17.0189395530932	17.0015473179965	17.0141673493147	17.193238806507	16.4392375007342	17.8084981657082	16.1416212184321	17.6146383508943	17.7884710682782	17.69500614283	17.6952488552601	17.8855437901191
M571.3003T657.52	16.9243409473667	16.3491465448437	14.8840289096859	16.1913323506367	17.0218513222444	16.7684524029839	16.2580544939067	17.3143723816228	16.8655835321709	17.4677349223433	17.1864478751505	17.3178388357511	16.8034807656373	16.6663141130336	15.6772383367422	16.7458176776283	15.9284545457961	17.0245574698987	17.2141415798688	17.5974042008316	16.7286082217685	16.6736242539533	16.7313537883858	16.5308701401615	16.4602834300199	17.5737739865758	16.9129499908833	17.4741804392378	17.0031000755714	15.1595047456163	16.5383280469973	16.2813322216098	16.5086113302208	16.7962846244711	15.8042212471962	17.4823590683755	15.9814365375461	16.9785683978428	17.2293034173583	17.2524704689384	17.0341773403934	17.4979356016642
M572.3012T657.56_2	18.8654991077767	18.077176333814	17.7142571996065	18.0508430270407	18.78132215895	19.1338573779276	18.3675918364583	19.246945944521	18.9727374090375	19.2680140641097	19.0838504591292	19.4329793828138	19.3814444537935	18.7230681694779	18.0309961350482	18.7534189313617	18.4979158971066	18.8428233061468	19.0132455063591	19.4341863743554	18.8300788768559	18.5486650455266	18.8475057813136	18.4245716609358	18.5015341816269	19.5658060237326	18.9510506467605	19.5445062461435	18.7675418754659	17.1683590230943	18.4934557292624	18.1939599429348	18.6243224824774	18.6740122261537	17.8917316609593	19.2966595697917	17.9079436092898	18.9687236421442	19.1706608405217	19.3515080707412	19.2433046092351	19.231153686626
M572.4036T743.69	14.8127216116508	15.3047223696837	16.0873864033853	15.0465824823583	14.6620127603864	13.7874715082104	14.522768424599	15.0664379790876	15.0954116112803	15.6862482151729	13.4143690320215	12.7322005197706	15.8160827949439	14.6330071043578	15.0575764362618	15.0595369227792	15.6486704015651	13.6522041621941	15.6373319436795	15.6208405436602	15.3147245864775	15.9075637863427	15.389275296475	14.4870928507177	15.4901650520936	15.4517133269388	15.8755019219339	15.1565174540193	15.6093215290102	15.4970560505715	15.5784208130632	15.9013698663115	15.1999438308417	14.8127574365554	15.4342959277204	12.8127010156389	14.6280405794871	15.8911114928339	12.4736044056329	14.8492776363165	11.3277018257243	13.0612757003464
M577.7668T326.43_1	16.3407162061771	16.1560903329279	16.7361435806843	17.1819337977989	16.6693303250869	16.2048705769186	16.9259986395046	16.9471034278272	16.6082151015597	16.7990632936148	16.925646874497	17.870503007543	16.8583069604964	16.23511182072	17.0858122428169	17.2309397551907	15.8445044584886	17.1050933798259	17.1946839126412	17.4657416720896	17.6033665902244	15.899446058089	16.8277115674026	18.1935238385897	18.4937679547922	17.1333745211061	17.064180012297	17.2689218325249	17.1560593979276	16.4951792345026	17.619033515116	17.4521610077624	17.1781863534814	17.3333169039675	17.2728460709429	16.8474912013449	16.5079199063919	16.8108483727446	18.5052643369682	16.5248521514314	17.1801690237373	17.6953049007197
M579.2708T326.27_2	11.6140772942606	11.9819007860234	12.4228703541225	12.3701052891805	12.3793762810606	11.7400668647145	12.5472370177239	12.5141210848417	12.1235079986714	12.2740269136572	12.4024247162944	13.4593109691934	12.4413659265202	11.5443518895476	12.4046097168359	12.4264566111827	10.0187146169221	12.7885491387636	12.4833332367481	12.9647679754383	13.124351416056	11.7110255574193	12.298781548602	13.577872331187	13.9232181988837	12.7654528929008	12.6448436670369	12.804406592905	12.5007862429869	11.9327344691949	13.0783661073796	12.7502966192854	12.6808819021712	12.9553351198151	12.6595631515558	12.4723852867851	12.0263976922459	12.3933542100697	13.8850806103653	11.9986983784289	12.5660815869698	13.3521383301989
M578.5152T1194.96	15.1131713378548	15.7988222268769	13.4593784103539	14.3984451962448	14.2609027747562	15.8308567028447	13.9602876594178	15.8544983665339	16.0238411535408	15.9803512835438	15.0587881651792	15.7548902777722	15.3015001917998	13.4794092948856	8.63935970859851	9.53595838488174	14.5876398835112	14.1603693098525	15.4141783976691	15.9009870304364	16.2030622510875	16.9429210951209	16.1486836714516	13.6556071561725	13.7123492821885	16.7511112902676	15.909018180325	16.8744782428708	16.384337988291	0	15.0004653419369	15.1920884271668	14.9398955282464	15.6282334696837	15.000246872135	16.1049723300773	14.1233226764463	17.2619997093391	15.8821725013232	16.2656694472376	16.0248079955503	15.8920241896281
M578.9805T410.19_1	13.4709932096761	13.3156530878122	12.9555811445954	13.3933761743848	13.5958583869354	13.4625003216412	12.8166178897252	13.645924913406	13.365739978017	14.1132100139934	13.6654424848417	14.5113924539182	14.1483451416917	14.1987001337362	13.5224334526408	13.7170238526171	13.3369535410192	13.9930985641297	13.9682873437514	14.1052650555413	12.7955421417825	11.3396325280525	12.1272813862385	13.7410633249454	12.9675429648142	14.6415534084958	13.5058069156859	13.8644134000732	12.7672777911948	12.7502979220641	12.9569742916546	12.2710314404101	12.862635171706	13.558879966521	13.4881951885235	13.9423732005444	13.2769300771139	12.7177616633471	14.0156785436795	13.7872904067893	14.0353364084443	13.9785272778217
M607.9912T410.03_1	15.5054669118701	15.1659857281255	14.8129217005837	15.102864739792	15.592739858855	15.4777022859652	14.6407361201639	15.4974168220125	15.7472230362412	15.87008237906	15.6488914513847	16.2154882765659	16.0293420160279	15.9398319347669	15.4580278013921	15.6825366056878	15.4551032488566	15.6221788272726	16.0488578280601	15.9591558408585	14.8259311646199	13.948932552044	14.5988586953982	15.8507454631046	14.9480444965011	16.2109097255583	15.5204258272879	15.705471779387	14.631234007788	14.630806592206	14.8159446260337	14.6142375330726	14.85933054753	15.238186676716	15.2776332791223	15.7986161528244	15.3209914656983	14.4583935347081	15.7612818468915	15.6271170012213	15.6810976365903	15.7419072505584
M580.3261T491.49	14.0333233406983	13.7705981358701	13.6991304921162	13.5841945208935	13.5450596614823	14.0201688237505	14.7830561676295	15.1166319249255	14.1698646235377	14.3614635618684	16.4238299310387	16.2561067363651	14.2623861126873	13.8118129781329	12.4582668955707	12.9486469323553	12.6295707218407	13.2037021788996	13.5192467724954	14.6973869219269	13.9994685775304	14.3755568640348	14.6502304725192	14.1327594525279	14.9893694835603	16.3984605295384	14.0030203294013	14.4483117834729	14.5138236690127	11.2546018255618	13.3230690370636	13.658030423731	14.0933468968838	14.4084220597382	14.0397375851118	15.3726877709855	13.6289606206379	15.2040603985731	16.6180858754481	14.4152380229952	16.3241255334266	15.9855866903593
M584.1539T355.36_1	13.0819653622697	12.9991380274528	12.9572181557772	12.9010660795459	13.765217815995	12.74423872122	11.6188190227984	13.2012260203903	12.3071038631275	11.7236710696003	12.5233268916009	12.4476414950237	12.4026500819558	13.1260506302332	12.3188104185265	12.0993636253752	12.7536465396855	10.0895002632839	12.2354852108025	13.2043212363415	12.9919962499551	12.9330475737352	13.1174104828178	12.7478462859849	12.2371988951243	12.6065449121351	14.1911893389118	13.6922684964383	13.5126849662568	12.7708949104805	12.8296071448324	14.0226545414357	13.0631599989577	14.3471324609481	13.6797051285811	13.0509234309695	12.8252453771197	13.1899431384943	12.430990231413	12.8879659613289	13.125149137897	12.4295394985269
M584.6552T355.39_1	13.3944399803988	13.3635479813087	13.4815073314736	13.1524571032667	13.8749440989756	13.1370167795051	11.3729651816959	13.3917783485662	12.8186037880692	12.5569355415419	12.6767262393656	12.8897332092051	13.0016036473148	13.5865673322732	12.2342226777863	13.1719384661637	13.0234195788562	11.801170553607	13.0467818914094	13.7212138713674	13.5214190957851	13.3693534484692	13.2569118803645	13.0931498669063	12.7140785128873	12.8633451066246	14.5854584013635	14.4169066271881	13.930239995814	13.0908360970562	13.0954214759078	14.5947940084906	13.4492530612446	14.783825263584	14.0409467449546	13.4369194566434	13.1197510280181	13.7689767360812	12.7216880371401	13.1765712172844	13.5553430245905	13.2158377131594
M584.266T851.43	13.0796538839841	14.3091000494293	13.0560040957589	12.0379274986445	13.4824438835134	13.8848110399748	12.154957654054	12.8030325032336	13.4894383111633	14.1181324347395	15.3887200214498	14.7492422992775	15.2134310597429	11.8978569640845	12.4543736003963	12.6500750585538	13.8803136501476	15.9329303917637	13.9053353837449	13.7698717631517	15.3159375768931	13.6943264603834	13.8936035096009	13.0004075735328	11.0601207544936	12.6871087171087	13.9698972996638	11.5683248522045	13.7623359270241	12.4380905008429	12.1380681408447	13.2982520285756	13.0886448895274	13.4636467428735	12.0451214802431	15.5874258021152	13.5123374216682	12.7064820541353	14.5800063767064	14.0033026286034	15.9328230882105	15.702711134156
M585.2732T851.45	13.0038147572713	14.4696187564115	12.7869977119203	10.9480530121554	13.6024995507439	13.9369835805335	11.8447108127291	12.4466878332842	13.6975731665112	13.9231022015491	15.7570949860784	15.0540299008825	15.3974085648259	12.4581988893531	12.4725850698144	12.19144896086	13.9346243795308	16.539971949007	13.7679635391818	13.846797541003	15.4673463700507	13.3319395804411	13.4735243284749	13.1227707797364	10.7051048020483	12.7947924540015	13.9772580575397	11.8417355233588	13.8198359249077	12.3477874064946	12.5555238741249	13.1581978246406	13.2282899561823	13.426505205264	12.6281814527505	16.0799422548775	13.1133723032183	12.9332205029765	14.7097992775986	14.3079501971522	16.5255769768392	16.2431282959735
M584.3373T561.5	18.1853932774533	17.8293774699554	18.6579781654376	18.9430464193821	17.3830330838664	18.976540629877	18.6333044240581	18.9173625062181	18.7931105925056	17.755175586622	19.0335069637822	18.5676511484331	17.2736082790526	17.6395638047772	17.1132943931383	17.8906545094993	17.6355628764641	16.3008710933388	17.2776010444936	17.6942620058009	16.5860082918503	17.3860526152527	17.8000089210778	18.7126967438959	18.3641243716264	18.0414680272392	18.1210417935527	18.6031723240049	18.8385208040526	17.89143632416	19.0677123024167	17.7704556959295	18.9244379497859	18.2741189537821	18.247026803543	17.5262291593955	18.4469211361061	19.6524417030807	18.3364997439224	18.5344791107626	17.2540600649202	19.5276320588371
M607.3234T561.08	13.4890447621117	12.927499151498	13.4248008926848	14.2804725128072	12.5312494990125	14.2820635454356	14.3219140420511	14.6339145793275	14.6304713507573	12.5724158039859	14.754891446217	14.4378694373047	12.5716855116619	12.5094343681032	12.6097994105245	13.463260527114	12.9224702495775	0	11.5313184932516	12.5304270902005	11.8556493264305	12.6775805078288	13.4090436887238	14.1485599201427	13.7426490299183	13.0480202546034	13.3852720944202	14.6024522841276	13.8649187619352	13.3638571180849	15.4921410643125	13.4427702861586	14.2898881174369	13.8793217034758	13.9427094772928	13.1736007729874	14.0256166568701	15.8379490877364	14.8886061549058	14.0719994172003	12.9150763538262	15.0809835448772
M653.4041T909.83	12.8604956865279	13.475273041658	12.492171066725	12.1833169320355	12.8905080528098	13.5161120080456	12.4116419038985	13.5283935966757	12.8663957284193	12.6391536121809	11.7043585319157	13.0226307419519	12.8877533913337	11.7067127083383	10.6383287855452	11.9848401246075	12.1877442566775	10.0558628382952	11.1005165809517	13.387991821928	13.559948703073	13.7637206341737	13.4246251726343	10.5998878987138	12.2934243128876	13.8248735023615	13.2064303869527	13.5446071642667	14.0283692699288	10.4419887761665	12.5333623713523	13.2595663622952	12.6989071727255	13.2954890646092	12.6765410961097	13.4620030103193	12.4305529090733	14.05389579996	13.0857702963171	13.2704372728794	13.4348525242562	13.6015122428896
M588.3084T628.28	14.5610896008424	14.2487282359357	13.6408454369289	14.1518953450094	14.1570743075829	14.7792044390811	14.3299146118814	14.7368534276017	14.2106440593382	14.7793597541743	14.2643043287076	14.8099958796161	14.569977372531	14.0179007829462	13.3209067835487	13.6832005746973	13.5618262804875	13.5450391549191	14.5565376868296	14.8528184260571	14.6699573560897	14.5202006783878	14.6094734658358	14.1658353298152	14.5560820129711	15.5609316578867	13.8860373901234	14.2910460004044	14.7389438993001	13.004413194239	13.9794511291214	15.1949149684818	14.7391086686646	14.8938438322689	13.6977995928297	14.0338794891279	13.4274598603155	15.2511610435444	14.1522704210753	14.1493565726989	14.2788728807988	14.3508431515352
M589.4838T1113.28	11.9510183338755	14.4209835680012	13.1742017241193	12.1464148241766	11.9046178444784	12.5102860906669	12.3069062899124	12.0484039144872	12.1929436476321	12.2164445054983	11.6459746801413	10.8384377262717	11.5309919038395	0	7.54599621289108	10.0562308795832	12.9374394806593	11.921470835401	12.9838786487321	12.8802379977728	14.0369909719224	14.668308459958	13.6267324906138	10.0723385838479	10.9061823980278	13.7505282276577	13.5091458878232	12.2797530650875	14.1699516936385	9.84136347213299	11.5262920932211	13.5343609546225	12.8190023160223	13.8826198493695	13.3971607223573	11.8192356756929	12.2111307888009	14.2522038935033	11.1774839394996	12.7422573827818	12.1777055066411	11.7520188666803
M615.4995T1113.98	15.8215976171882	17.690583644695	16.3799566726156	15.6162532173418	15.805928305155	16.2729494230525	15.5684441716119	15.9629420972764	16.3506001100101	16.232785347929	14.9453475158821	15.5320040856833	15.6302171405003	13.4979344304443	13.4401709637965	14.5671000640863	16.5977392763196	15.560433244765	16.6625891273733	16.4726429078805	17.0547441949539	18.1550042061185	17.4165927927426	13.9615875088767	14.3680778619386	16.8033721999347	17.2349608638119	16.9516909711104	17.3719845501692	14.3933336764373	15.5594201413103	16.8530280093531	15.8664090387589	17.0653327330749	16.6586325551246	15.4865509564184	16.2052021769294	17.4635255135996	14.9123500979655	16.7160724605579	15.8853461746893	15.3887381203829
M616.503T1113.96	14.5580401286	16.2873884779068	14.9886593892786	14.2615603466136	14.4906725481437	14.8617635808519	14.2511570941535	14.5564896105903	15.0326104881892	14.8723533058013	13.5451099338548	14.1954917779595	14.3455198815998	11.9166798294717	12.0604685064556	13.2126773889388	15.2036180812692	14.1671902286017	15.3382351224575	15.0705141197533	15.6777399134287	16.7835853617388	16.0508254898302	10.7842454094982	13.0076592884505	15.4338389040275	15.8886438977169	15.6471237194821	15.9956010619545	12.9633665913591	14.2214740207457	15.5360921627465	14.5539749057599	15.6456584237624	15.3142002877214	14.0602255993569	14.8226412404529	16.1517380782471	13.5788446822377	15.3717397519392	14.5155739064267	14.0361851817645
M617.5058T1113.9	11.9008877086949	14.003596508559	12.5671066185471	11.3587239383221	11.9620529736863	12.5175842447416	11.1603227386555	11.9667004645038	12.4495077150839	12.4857908933118	9.81883073056531	11.205133345953	11.5227454294895	0	0	9.18840747333306	12.8424749527082	11.3843004163619	12.9333910358534	12.726651173748	13.3571641722279	14.4556053231134	13.53816674171	6.51154664327741	8.92401635430554	12.9067992353802	13.5283382880755	13.1034549459791	13.6162834445722	9.19525276967964	11.563315061339	13.1307994005427	11.9175055411936	13.3980846724062	12.9205155303628	11.5355344806168	12.5205068110406	13.7592278291142	10.7983749724062	12.7702219445551	12.0923609967258	11.5192457229685
M641.5153T1110.98	16.7296016016333	17.6615539269353	16.0557362163278	15.6115174686846	16.4398815270311	16.8141726864785	15.7624793490314	16.5334347147297	16.4738126599341	17.0404131237047	15.022874454819	15.697169365443	16.3435871869543	14.5772729603692	14.7155444535984	15.2773138136287	16.9723790631922	15.6857370684175	17.2535045932639	17.738273004518	16.9920314345042	17.7255263219197	17.5924684271116	14.4032802191632	14.6528465502307	16.7031389201023	17.4588885986129	17.3941089758261	17.0792937961139	14.7944945992088	15.7580219760235	16.8665664774299	15.8738948421679	17.0068767695069	16.4048167790474	15.7974492595258	16.5141448689714	17.4124791800267	15.0634114861942	17.0334253322826	16.1072914379565	15.5795324083122
M657.4721T1113.33	8.34344669573513	13.2160450765824	12.3608835011999	11.5413512108279	10.2389545019812	10.9688399286518	11.1162921256208	10.7780715612038	10.6318424073139	10.575012674332	10.8386421134359	11.1829486994279	10.5301966735219	6.82141884326401	5.91788095651723	8.14936720482203	11.173084865347	10.7575162096727	8.03690037641402	11.3773728983655	12.7833428805647	13.6845218117072	12.9372889424063	7.12804896960742	8.87372119562284	12.6092668100611	12.2302891522254	10.6148300556803	12.9053227144964	7.75883724274775	10.3587021226005	12.72374040262	11.9005658129989	12.928265418618	12.4403109251648	10.0688626988498	10.0170817882421	13.2217694701317	9.86897400938386	11.548780899578	11.1022546543178	10.2472380497453
M683.4874T1112.75	14.2208297703751	16.0642693742162	15.1683284879462	14.324689050208	14.2936356254957	14.5955573124172	14.2019623547919	14.5787459205415	14.7816786828347	14.6692936509166	13.7866678492028	14.1537180020073	14.3289298947811	11.6303072800898	11.93309327989	12.9561311892025	15.0317529338504	13.929380839246	15.0354116652579	14.855660037522	15.7537394730536	16.4499220939589	15.809687563414	11.0729039600339	12.320805977002	15.1137794866583	15.8313595627532	14.8898349887153	15.7368906659141	13.05873050134	13.8584891025198	15.4841603803141	14.8111252121716	15.4903343652782	15.1815051432344	13.7817652761739	14.5722638754874	15.9040086081454	13.4404152969968	14.8397885746752	14.2300825745986	13.7308042337066
M684.4908T1112.71	12.3788552875082	14.8167299455468	13.8078629217455	12.463477373667	12.7663214669791	13.2279501564064	12.7497889011738	12.0645845315966	13.4566559623143	13.2192808329329	10.629207376297	12.9235718230946	12.8780800864916	9.34560588104291	9.56356576266758	11.4070960073923	13.6972683718523	7.72690146876459	13.6604389515091	13.4236016893544	14.3652025996501	15.0868224159546	14.424745467323	9.72837698586084	10.9100154143302	13.8340150449125	14.5115221459478	13.6794311568274	14.3106037534178	11.3395490906382	12.2768404233017	14.0888642509035	13.4544109273691	14.1456481783652	13.8697481065655	11.976567029128	13.2282989853092	14.6039529183322	11.371544898688	13.5703364264699	12.6809659450248	11.7995913978592
M713.1374T840.12_2	14.1216463418309	13.9136039679081	14.3199187186748	14.5142984366929	13.6301671727439	12.8406154260583	13.6197343345734	13.7592906266165	13.9768388205075	13.6165157482382	8.93525564507675	9.72036874326093	14.0892374932069	13.809340194082	13.8799799580057	13.6873814903029	14.0570688389302	9.53800670265581	14.0549065854333	14.3923003619852	13.8205668697804	14.3242547889522	13.9753300576501	13.2921649434711	14.6007605548266	14.2597490368593	13.8592346037768	14.1653656336357	14.0547594958466	13.79840582406	14.2933116662748	14.7799568069818	13.916123721748	13.3688049326075	14.3091013881513	0	13.7296204171742	14.5413445152156	10.1266706483055	13.6466648443144	9.22546835814939	10.055902172815
M591.7709T274.08_1	12.9274148196962	12.5978539914161	12.7520619280312	12.8454304584141	13.071054989347	12.3787374214891	12.373318698218	13.1431180617683	12.8210700153904	13.5311704326458	12.5973912871195	12.5899834261512	13.3289746559534	13.2587966815195	13.2960214462481	13.9776080931856	13.1333120279528	13.9591012472844	13.8981703581331	14.0074120447971	14.1615503540716	14.0818289070109	13.2329345355869	12.6860095239217	13.6066627761112	14.115066830186	13.5050707782321	13.697848319914	13.7910588341323	12.6886598574304	13.2177041537744	14.1511230598599	13.3407192329447	12.9772057328306	13.0650576666981	14.259800821929	13.1570838710294	13.4824560943372	13.3689024841642	12.6038126948536	13.0041953178639	13.490352854444
M593.6009T859.98	15.6178071178104	15.2580035724064	13.9102624970249	14.5118498658103	14.4570147637124	15.5157300195118	13.9496992080933	16.0565898876549	15.2742960033508	14.6724385003348	14.9809858038765	14.4216561799161	14.3139849400053	14.2391023300168	12.4599987589645	14.0289381589046	13.7233662191317	13.8598405856926	15.3955150219279	15.8151862971291	17.0254719913794	16.1083332864665	17.0029657969954	12.5168669022429	14.3509938849427	16.4930192403533	16.2452699955859	16.1870645903146	16.134122643518	13.3200147792687	14.2596126354582	14.9548020667083	15.2838351090778	15.9845624691771	14.794404389098	15.3788344073745	13.5922201675525	16.4222033684712	14.8263979925905	15.1779544447639	15.4173626266038	15.6824234182846
M594.6043T860.03	14.167816809599	14.119494849865	12.8117418937668	13.2919891001988	13.0366715590164	14.07995729547	12.2401033482153	14.6672513467917	13.8708767475096	13.3744726415149	13.6814535279089	13.0514553996561	13.0621589882237	12.7993025225255	10.0595891948499	12.394855152584	12.3867208796238	12.6084188947759	13.9388092789645	14.4651775817558	15.708886711195	14.7561750873041	15.5786513822788	11.1044902137493	12.5242170024597	15.1135095024941	14.9057140166529	14.8155531080758	14.8000182287912	11.9237533103011	13.0483660938958	13.5091932367152	13.9518850935582	14.6607390290171	13.2820749446738	14.0796449580464	12.4625998507302	15.0628110052481	13.451770126332	13.7638475237958	13.9144350275548	14.2860166603494
M619.6165T859.26	18.2564417342414	17.569428407597	15.9806587877875	16.8880446026207	16.8912192055204	17.8880458411801	15.8521583837279	18.0866854781168	17.1667625215836	16.8849839082189	17.2855755538913	16.3711077652234	15.8759645443561	16.2191750543357	14.6544443564373	16.5046393110584	16.2269777292287	16.2819676845241	17.5588353692406	18.0550370576202	19.5826582835513	18.5872166982767	19.5135855661913	14.3486300297301	16.4303618264425	18.8959991478956	18.4467986754248	18.4322262273935	18.6214116242764	15.4235302093162	16.584786320487	17.2014998813821	17.7343553259433	18.0383479596931	16.8162383490623	17.6777794454489	16.0808749489534	18.8426328057497	16.8123934905924	17.2683448236113	17.4408368025024	17.9890120643899
M594.3428T513.46	15.3158044526136	15.4447456395777	15.7163406169805	15.488396698579	15.351848052969	15.7271376153427	16.3932294213586	16.5106467583135	15.826704248245	15.7776480110442	16.858271974618	16.6198807791772	15.7441375091724	15.3152961611805	14.5214429296681	14.7160065461128	14.5731026100073	14.6569993970845	14.908232080066	15.9572853020922	15.8256594941937	15.9135099961872	16.0170759075723	15.8886081561786	16.4462197265489	17.6060747040797	15.4049634789413	15.5804537363117	15.9806256942403	14.2940307385769	14.82892926484	15.4893054509855	15.8960293127735	16.0566407764893	15.7114070963407	15.9630698882911	15.6096069457502	16.6769118669184	16.7548211019561	16.1238988889572	16.5689179369709	16.230606851297
M617.3285T513.91	12.0484942924702	11.7155815547025	11.6372638204381	12.0818288565312	11.4300712622701	12.0787625011351	13.1353237340797	13.1128147917546	12.4419015354305	12.3116129458177	13.5727124642716	13.4813336277813	11.9961473729642	12.1988184055381	10.3535978601186	10.6277423436385	10.4665139646761	9.68799562352519	11.1038266814494	12.7547909442574	12.0273863337957	12.2471408262101	12.8568148533009	12.4390263868524	13.1153854743299	14.3657067157399	12.0246482246038	12.1776689308236	12.3593297478147	0	11.5169068119836	12.1606358530771	12.0660856947617	12.7571464221043	12.1374899933251	12.5087618228937	12.127983243646	13.8483180910134	13.9753793791825	13.2261626468701	13.1590699101915	12.6484515551166
M594.7976T653.55_1	16.552654112944	15.9231753272595	15.4415137402069	15.7673986418596	16.3993470251112	16.6979175149543	15.9749358724242	17.0441317671566	16.2762867740726	16.5473066170118	15.9577573849726	16.4324343371294	16.8423368463612	16.2701678611448	15.3430587807804	15.7091988152451	15.6576804112055	16.0174287940689	16.3233474169961	16.9409260249165	16.5503820599122	15.8498568860363	16.2160636697658	15.9990443949066	16.2414345350016	16.9875418991204	16.0378869443394	16.8271221124929	16.6241650227207	14.6313658674163	15.8691825020937	16.4181622473127	16.3398434341982	16.4054635449365	15.2970357391808	16.2632410005098	15.2176022732382	16.5935274768003	15.9332397988854	16.3858145461793	16.1287486069248	16.5324990773115
M595.3002T653.58_2	16.4766269137729	15.5011242171167	15.2532212507408	15.557861719732	15.8859191070697	16.4114300794644	15.8492630530133	16.5715627405741	15.8918977949333	16.3133115971044	15.7408652814751	16.3011926347333	16.6523482561981	16.1188108455092	15.0656613044358	15.8252971277061	15.423286943846	15.6597171801519	16.1237944263482	16.6607969862272	16.2644433239252	15.7170050879886	16.0926033052151	15.8261615690812	15.8332665694038	16.8018991310785	15.6882422118839	16.6158829514887	16.1342279140895	14.3438743236878	15.4393548303401	16.1105029930024	16.0270908390031	16.2466966261373	15.1293724629772	16.1601218272131	14.8823150728613	16.3926782193547	15.8383156521861	16.1790445164627	16.0162085966551	16.006560978426
M595.8013T653.55_1	15.0229923223632	14.1098408217429	14.0721640208874	14.4306323037084	15.0238969194854	14.7925561003772	14.5432332220216	15.3402568777491	14.5509991400701	14.9996710460763	14.5428993098459	14.4617364010329	15.4360559958153	14.5612759654284	13.8730569978908	14.5586285658868	13.7620855987831	14.4189182123521	14.7539854458499	15.7038102339615	14.2505005614362	14.352142725788	14.8608563378267	14.320913509059	14.6966879577982	15.4754414880533	14.6631314556941	15.4438029064875	14.9844814189488	12.9981091387704	14.5975582478998	14.6933253624464	14.5101813952298	15.0029429194771	14.082131037333	14.7851648397782	13.5691884968909	15.1799009900764	14.4634182615791	14.5741983963328	14.5488600227766	14.8725975752988
M596.3017T653.58_2	18.0182713223164	17.3228787034158	16.95985127458	17.4806207764996	18.0857778819385	18.2461231497263	17.5514226546596	18.3304647379971	17.7193092613055	18.1875230659535	17.5037464662847	17.9180752722943	18.4293068023663	17.8349084547334	16.873424978288	17.3618042230817	17.1718094803643	17.4396515406482	17.9949744510792	18.4662180273636	17.9235982671957	17.4556144327573	17.9522529961026	17.4817005968541	17.8225528023218	18.6634152977028	17.5381772528354	18.4766027644176	17.9691564456819	16.0957616677192	17.2580967499951	17.6862226475065	17.7132226330348	17.8671149593483	16.9270965401389	17.7593983468164	16.6848205986031	18.0954062414272	17.4943888877321	18.0936134519808	17.795112131112	18.01252532409
M597.8013T653.55_1	16.2227571038058	15.5073202819353	14.8708964548798	15.203213571668	16.0547185367625	16.2670252069815	15.4937729763816	16.5003940319285	15.7033207118593	16.418365210605	15.5726067031384	15.9537897375251	16.2199044870253	15.7579123445321	14.5792625911748	15.3575653707522	15.3824321776761	15.5073152070047	15.9918840787192	16.637825052613	16.1390836921338	15.6292118535239	15.876982961082	15.553063959865	15.514011492506	16.6048446755593	15.5725508205815	16.3463474297333	15.9631181490289	14.0137142902808	15.1815257754173	15.781008339485	15.623553330902	15.9616816419228	14.860556447121	15.9306090908357	14.896394805338	16.3077844649671	15.6216756547407	16.1744457865949	15.8707156998591	16.1217597594249
M596.3589T702.67	17.3226189006669	17.1618446037332	16.0660841483579	16.4229421078511	16.9311411868412	17.3242241073647	16.6388487255938	17.7006987077326	17.0590060418848	17.3209205496052	17.0845559607804	17.1679566367802	17.2456012056611	17.0001957245108	16.1977038651168	16.6522438603033	16.3254471683095	16.4288435477522	16.7296879452051	17.2799542433528	17.3564538747307	17.2073508211389	17.4477572528676	16.8816645423744	17.861629751948	18.2526671378268	16.6885832804315	17.764247967457	16.911715702578	15.5374864752851	16.2612363010802	17.1434823523072	16.7551628615544	16.8446780005698	16.3791016827285	16.6978161032082	17.2924771188903	16.9954307722809	16.7467420716693	17.1520606475181	17.3383181154902	17.2628637335474
M597.7884T327.87_1	16.4675655290889	16.2672116481187	17.1690157122357	17.4267742075853	15.6436531754912	16.0694082047558	17.1439087800528	16.393765741999	16.8415243879558	15.6243090728298	15.8326074108985	16.8511326576586	15.5933647758548	15.493622575789	16.8063106245685	16.3363550651829	13.7304082963245	13.4487584511662	14.3960638110403	15.7143403195542	15.4173473208224	14.2093524461522	16.2920011485319	16.3778779498825	17.2811060484172	15.290249392948	16.597123849812	16.8284189108623	16.5734989674734	16.6446432856329	17.3737990650286	16.9679592200429	16.6748701071263	17.2724684123849	17.2039448505138	14.7908143550408	16.6192393738786	16.6811741181106	16.5216606744369	15.760245967865	14.2317713315588	16.6215838149577
M598.7914T327.73	14.0907858500039	14.1470545593243	14.8077173977506	15.1161207164717	13.402890020434	13.7453033136216	14.6983891114695	13.9365927366752	14.3415119994684	13.1100168624687	13.5289450124779	14.521900515664	13.2186600888388	13.1367695149676	14.325525079407	13.9495559109674	11.4248813644103	9.65478713976995	12.4058808074755	13.5106362555861	13.0417749530505	11.9760616198977	14.0877819523559	14.0990066548112	14.7480733778867	13.0053031988139	14.1552704578539	14.5494716107367	14.3433601589407	14.1759090738357	15.02760009095	14.543861911938	14.3105229012797	14.977842656843	14.7750725251699	12.3670049016253	14.2125279190294	14.2004359074633	14.0787500540518	13.5293917492059	12.0383197896899	14.1502018411947
M662.3097T324.71	17.4336875380228	16.7273615257277	18.0271288940212	18.4012629842356	16.2819748716703	16.7342559264755	18.1862379013382	17.1377718994425	17.4303309744656	16.4081519607059	16.7670408033739	18.0184862481496	16.1990860173808	16.1695934006486	17.1472289211577	16.9675246307374	14.1269537071788	13.9638832621706	14.9942683283275	16.2574703543701	15.8485917515205	14.7465830758539	16.8342354283049	17.2169637191067	18.1346526923167	15.8330520321137	17.2443478597477	17.5857916004791	17.2097873277948	17.3779279071391	18.3249627749222	17.5581273143901	17.1994184827421	17.664210291031	17.8004873000535	15.3439826052583	17.3200404608923	17.54665002728	17.3619953279158	16.5671139769717	14.8968081420969	17.3595710519786
M665.8634T43.17	14.7321107824131	15.06546791151	15.0632578167342	15.3789882436347	15.5236991444382	14.4111024999027	14.8956756167907	14.0244964602512	14.8240751750406	14.6320121610222	14.5263429949887	12.4730666869097	14.6514932968705	13.8202364307949	15.0976478198749	14.4559109728974	14.9168620101591	14.4347036783058	14.2618588393995	14.1226175155187	15.0519783629769	14.7791550914786	16.3135997908406	15.2040752809565	14.953848691042	15.2020107071867	13.9372883878327	14.0789970365082	14.8919413735179	15.4442081923322	14.5507863232021	15.5831482282743	14.8473726388791	14.8228137704509	14.7396675995324	16.0516554371042	15.5117748568422	14.6361158616835	15.6859165808295	12.4229973090059	14.719279551202	15.433255107822
M598.9027T888.23_1	14.9959340283904	14.8769961491247	14.2775045187369	14.2843775834442	13.9876669256976	14.8288196096216	14.5010285905223	15.3256921735594	15.8631688381897	14.9843861098528	14.9206426938138	16.0707955514518	15.0396911079494	13.5213017595359	13.8465023090576	13.2056127823538	14.120486228026	14.0369129591678	14.969803366165	14.785105803181	15.0391733826127	15.073888503649	15.149621014158	13.3885230206543	15.4294032547635	17.2215476308142	14.6558719692652	14.5675539376409	14.4860855677818	13.3704858165523	13.9399331158368	14.4543816857111	14.0220307170207	14.3370770401135	14.0434687936815	16.2676796113339	13.1933914423416	15.2704272694068	15.305155579079	14.7251937499139	15.0844264511818	14.0764186466099
M667.4196T948.25	14.6500430192314	15.0260542276541	14.2784756156856	14.2488353184635	14.4213088210531	14.9028833052706	14.1960826144087	15.2070312336858	14.5791937702096	14.7168642321997	14.324054184466	14.6752576227185	14.615698994731	13.6625460715372	12.4781963632912	13.8489060235243	13.9208206971031	13.7308601832581	14.5206284616482	15.029692257754	15.0321159950243	15.3485700454995	15.084588604342	13.452846597993	13.8880507305534	15.3587468242652	14.9486161864325	15.1944741808714	15.4687601649756	13.1364463550907	14.2760416550923	14.5368632337406	14.4420976296539	14.9172230382076	14.2092362033053	15.0068468051501	14.1510974942258	15.5717806233917	14.5798811219144	14.7331529475545	15.0583469543466	15.0971426657314
M599.6176T301.81_1	23.3754291416676	22.9205079545709	22.8989576277005	23.3956351892339	23.4249949400497	23.2073974818569	23.5544323470425	23.6015538124163	23.5995310559447	23.5967860611476	23.4311598881863	23.5136493091391	24.0239814216231	23.1230906062291	22.6797422097362	22.8631066711072	21.8489979909026	21.619348006836	22.7363441010711	23.1298856386942	22.765655171381	21.7797255476273	22.6948918289332	23.502444627024	23.3221533211274	22.1800352872937	22.6771719939239	23.1737824048435	22.536948854686	22.6567732219848	23.3221759188409	22.0921190184575	22.9952921662955	22.9452703674039	23.1210399703465	22.39414225078	23.1228168389998	23.1101721580775	23.0049424145516	22.9684877654177	22.4594741633358	22.7588510097156
M599.9517T301.8_2	23.2395371118767	22.7363312793034	22.7680017353551	23.2311365743961	23.2706715696003	22.9998407657772	23.4340974086613	23.4749703273607	23.483419293691	23.4407080888704	23.2711708571756	23.3758390588285	23.8913300205894	22.9952838559696	22.5238558898776	22.7064664199696	21.6807485348226	21.4377371672211	22.6012005215356	23.0000174400995	22.6438679029401	21.5942593179417	22.5626737522409	23.3176494950319	23.191847917488	22.013197523394	22.507848402274	23.0545641021772	22.346324493212	22.4694977987252	23.1739212300283	21.9315652517665	22.8630422473386	22.7894793793521	22.9873630697888	22.2487027969899	23.0071192722284	22.971322316982	22.9128739285964	22.8401451407829	22.3179513329481	22.5886943668408
M722.1473T879.86_1	13.089868418908	13.5097108335328	14.4143793807492	14.0942513312808	13.4732569098048	12.7651061044079	12.6504571352967	13.1650303894586	13.5240633260864	13.8427841483106	9.22625358524265	9.7885270974035	13.8544289169257	13.1223415343959	13.3894081916214	13.166376839164	13.9530515981687	9.28833448386364	13.7507963565507	14.2433453399596	13.6378400461653	13.8974847107464	13.715205280094	13.1780890547419	13.9784695382081	13.5888027131262	13.9466325902205	13.6527350247437	13.8950621855651	13.7178062308767	13.7798947155498	14.285626183932	13.5446010711779	13.1784397167117	14.0168201588911	9.60443007454412	13.3586554538178	14.3385517279925	10.1054668018036	12.7867856946521	9.95199056284367	11.8135910874795
M600.2858T301.8_3	22.2194812469652	21.7734608578061	21.8308702787356	22.2825319078595	22.29947671932	22.025909235893	22.4900319070317	22.5235576424895	22.5239600808148	22.4541319238553	22.3125982840545	22.3820518808944	22.9323912557857	21.9728884016411	21.5403184946703	21.7675401792001	20.6099463841351	20.3824768523918	21.6182511245714	22.0101758669623	21.6065661738211	20.5248356067315	21.5979793822136	22.3310475813872	22.1769938679305	21.0109815271879	21.5418398730259	22.0638989174343	21.4427023135566	21.4396329796418	22.2414573244077	20.9161658271461	21.8834581344076	21.7978756206541	22.0052417834486	21.2069706995085	21.9714774945845	21.9220012816419	21.9202133424179	21.8705677361097	21.3545231779077	21.6326827797864
M601.425T761.64	14.8449865159927	15.3357326539237	16.2130754970336	15.1508578876472	14.6794875216367	14.1839987347496	14.1966357257318	14.8993067100055	15.1002482786847	15.7944112542798	11.695820111535	13.3875832941065	15.9679547864126	14.6759986124245	15.1236439789906	15.0176700378741	15.7586366154989	13.754282426817	15.6319635152481	15.920195416842	15.5464203311823	15.9970876724147	15.4577292352224	14.7455349389143	15.3879120166653	15.4182738276994	15.8236801133014	15.1585234462078	15.7001589418745	15.6280884729562	15.4766659471688	15.8942422334433	15.2946396751873	14.9386570178877	15.5686700311829	11.3768000522763	14.6288603165337	15.8640371908919	11.8926134303601	14.7139194669807	12.7605557191624	13.3021001433274
M603.7557T410.84_2	13.6677254528696	14.3436827402239	14.1820370061864	14.3567747164247	14.7677363864701	14.9015236167851	14.6932439227474	14.0583313691631	13.3811109533298	13.6206229285644	13.8971793191581	14.0637752561601	13.9933392666965	14.3379433606674	14.2557836094196	13.8794713686603	13.2851992198516	13.7455110531299	14.136935951949	13.987316374209	13.6654381579123	14.1359365284787	14.7008630976102	14.0718588546333	14.7993384210455	14.7401759742994	13.5574523655633	13.9392675018978	13.9666517531197	13.6851813802636	13.6675342241655	14.1193326161621	14.6522100711043	15.2723942398323	15.3808088404575	14.9343610606573	12.9746608316369	14.911025452309	14.4679493041198	14.171010509735	14.3563353913176	14.0798648997453
M603.8989T410.76_3	14.0162357972362	14.9437920577416	14.6208768587005	14.7573059418598	15.2097361965207	15.3552572999016	14.8098369727272	14.5462527066243	14.0942170000128	14.2219400419368	14.0932316788597	14.4570103001932	14.3528387195711	14.4811813028927	14.5531641694775	13.7520961534408	13.5902823179344	13.863534359334	14.2912168147569	14.0912319650856	14.1911250929568	14.368406674487	14.833218638028	14.830485663045	15.2091273886854	14.7160024136871	14.0063408046487	13.9833734897067	14.4910892120963	14.0100411784008	14.095612103862	14.2431417171537	14.8861862409872	15.5539789057045	15.5521059689454	15.3162086240079	13.5312621362851	15.1299861235574	14.7596116023426	14.1705280674463	14.6353178138374	14.491524075945
M604.0421T410.68_4	14.0987274297528	14.4935317005268	14.4597937901201	14.5700039593226	15.0999978156001	15.0670563436706	14.7086850617422	14.2121965402909	13.9114751294852	13.9445184573649	13.8808121056685	13.9978167031024	14.1025228341213	14.5044457973759	14.7639209144902	14.0635690294174	13.6967017970076	13.9021442591575	14.1432226878503	13.8746771971273	14.0246842127767	14.026290097475	14.7451157431385	14.4325735771747	15.0786210149597	14.8155070167161	14.0292038666676	13.404727508289	14.4603437897703	13.7814650795575	13.7505334674012	14.4665602416327	14.6117749657058	15.2688696408339	15.6272304968421	15.1809900179243	12.8815058380176	15.0408184454604	14.5436830388095	14.3092136219905	14.5777915696217	14.1175922047712
M605.1887T818.5	13.9186025914384	13.5462330859246	13.1056766606039	12.9709068034012	13.300962456315	13.9055262696541	12.4981709938574	13.9422157642762	13.3137698941871	14.0055117364666	13.1866975056556	13.8730761545994	14.2223952171995	9.05348480661998	11.7383753638947	12.1172940725024	13.1671588181036	13.3946931876791	14.1817306292857	14.1437570932621	13.8677049082122	14.4527922987437	14.2637288481993	12.527389233006	12.4794631564384	13.8090055965396	14.6247097712253	13.9929896839861	14.204991272102	12.5130416311007	12.3396057905888	13.4876546725471	13.5718718533583	13.670557264385	12.880211205924	13.8380672188415	13.0711575668397	13.9851580865922	13.2780812924215	13.8658942118047	13.7207484254052	13.9566242454533
M610.3737T705.31	17.1902554850858	16.7411249043636	16.0225940042334	15.8696930930806	16.5891373052794	17.1661484616658	16.5281393109469	17.4282895254938	17.141749610858	17.1658637962085	17.2208234326162	17.3585413509421	17.3958963785819	16.7321832865985	16.006808966685	16.7303356442885	16.5164050867902	16.6418657102101	16.6103647111915	17.2889218675136	17.3349746276041	17.0697257988059	17.4082729312083	16.937912337212	17.6742691024414	18.3784828080261	17.0827091871975	17.9567734314408	16.8268809567116	15.3446020865635	16.3050892067923	16.7677990091378	16.6445153696233	16.918545890512	16.3381151805476	17.2282536301159	17.1636067211891	16.9726033386976	17.3069132220828	17.2734183450718	17.645234258697	17.3706007251095
M612.4159T761.51	15.1421718260313	15.2231340888266	15.8251520485117	15.3334535884022	15.0033293139796	14.6766356130325	14.2019797408646	14.8362115341543	15.5440433380322	15.6472048890787	11.897051000166	11.7723107322121	15.5199690451184	14.8488046921943	15.446022811243	14.8958990367031	15.968699344328	12.8849030878138	15.585155089687	15.6639963083852	14.958673801546	15.8871978575767	15.2322518231699	14.8975860099042	15.7127460243255	15.4698754553222	15.2533043499002	15.5019903396814	15.5855464615456	15.418909823429	15.7313227078173	15.9510862513477	14.9402862287225	14.8919273506957	15.7421888107319	9.41161346579736	14.9606873788648	15.9732044720794	11.8746644091214	14.6996617255462	10.5029342111099	12.3988356602699
M614.1843T522.08	21.1168913774643	19.8593620033024	20.2129405020024	20.8726336708421	18.5424791429475	20.3457463890888	20.9939184558388	20.4734152406317	20.5537260109254	20.6758584814969	20.0333336748626	21.0926595619725	19.3277157319159	19.9347573976457	18.0279803320098	19.597746043443	17.6908351140857	15.9712417415761	19.3625772925629	19.1623105499106	7.74761631938608	19.5387075803134	19.8185843144326	19.6588606595475	20.4525087620719	20.6765509966968	21.0467015426047	20.6573629887868	20.6728049612125	19.0267804305182	20.7830387057414	20.2440641526502	20.4544024038454	19.8525743340534	19.9015352176191	18.7675504045101	19.3779626383737	21.4850689140355	20.5776537140516	20.4115861987509	18.6476470373083	19.9362714594276
M615.1877T522.13	19.5283791118015	18.3233284698794	18.6596416464354	19.2936915516298	17.0381276191508	18.8199410047224	19.3737267591527	18.9999845967582	19.0071756428573	19.1374468032701	18.5280822075348	19.5559996377497	17.7390421420967	18.3632372641746	16.4913919987781	18.0704165203265	16.2286104437087	14.4527098817168	17.7999185256118	17.6211328485963	7.93447633369236	18.0510632390415	18.2712147233011	18.1013200353172	18.8968017323206	19.1218781193514	19.5466047333147	19.0550220113841	19.1247415386204	17.5065728324935	19.2020009524081	18.6872527385804	18.8973194207649	18.2944596576271	18.2711850904164	17.2163802993148	17.8064443076882	19.9196672547031	19.0644069775431	18.8580240136312	17.1590467990612	18.4090145604759
M616.1795T522.13	25.1834799678181	24.0184539581218	24.3412954541885	24.9689951476063	22.7695537975109	24.4872113064966	25.0753920886601	24.638949082054	24.6919697474665	24.795372161306	24.2061931032022	25.2184029834909	23.4833182862789	24.0705797928616	22.2452688318911	23.7436841190057	21.9655361605946	20.2106410837948	23.5518943268273	23.3424566703458	14.8558174398471	23.6847694116421	23.9584986996962	23.7750651158408	24.578665398912	24.7603141280305	25.1795511233693	24.7358347931295	24.7692807033635	23.213482606137	24.8739529784137	24.3624462764805	24.587606082814	23.9788220149893	23.9620697880527	22.9950296694299	23.5090737644552	25.5927936652042	24.7390810575163	24.5234883676625	22.8361540842326	24.0843894053825
M620.1892T522.03	14.9231206132259	13.6286370549412	13.6572348167301	14.6241882947323	12.356793160997	14.2810719440874	14.9874396501157	14.2897315753994	14.3903057465264	14.6599464878577	13.8082696733284	15.0430967439025	13.0090864127099	13.8712622571095	11.5117631549394	13.6466061828113	11.3556216317335	7.6858192937643	13.3492150048325	12.6521332532575	0	13.6812673233934	13.8274897904132	13.36660478976	14.2229253193944	14.6525177749509	14.7649726143808	14.3868472466351	14.5279923526894	12.7029495832771	14.5509935086824	13.9146311430262	14.1350853987201	13.5513855919749	13.8148523546392	12.5558375141946	13.1010007327376	15.204634068716	14.53381788747	14.4112665051537	12.4981698659813	13.6145554441457
M655.2104T521.95	15.9866275395157	14.0918928157731	14.746848798927	15.6403472292889	12.2703744400441	14.8083097448703	15.7820149105452	15.0689524330546	15.2463517362899	15.2979041356376	14.6492581137714	16.1158124898949	13.3697883924577	14.4230413191633	11.6372074989585	13.7743854304395	10.731357329412	0	13.3865678832584	12.967187881859	0	13.5302581741045	14.0243423239325	13.6953516577189	15.0884739708559	15.2307210301915	15.7705079040566	15.3407781896293	15.2975998791857	13.433685507954	15.5067536934867	14.7723822670105	15.1682183186422	14.2127543725207	14.3532150502863	12.5829462892393	13.5790446871421	16.4764124191813	15.3910486861229	14.8698216612511	11.7267188941471	14.3478970891239
M656.1703T521.92_1	14.2263938168185	13.0029831821048	12.8574976513018	13.919949114247	11.7820181544839	13.498541190983	13.7286605449568	12.261013649335	13.5176952109608	12.1536670037907	12.5240888396367	13.6126369679415	12.2090518681262	12.8636623266984	8.77018977678945	12.2036894906121	9.77466097732205	7.6109195377099	12.2531615815177	11.8689092548307	0	12.6525320790821	12.7253100340837	12.7095833526064	13.5617765903438	13.7036360850131	13.7832244414926	13.7813308416957	13.6030046296673	11.2393341513477	13.8179740479861	13.4894827418087	13.1614591027283	12.8223312563009	12.9170111721555	11.3037728977247	12.3996193806305	14.1851541968252	13.5897462900746	13.4296375072723	10.8396648396278	12.8265648777411
M656.2133T522.03_2	14.6751489200443	12.7954838599816	13.4472453224037	14.4022640056722	10.7561531652058	13.3504938799975	14.3323159039706	13.4970498999394	13.8006133986062	14.4216603512816	13.2143105527465	15.2380972579547	11.7903055735359	13.1310151549885	9.44562136691727	12.2388016170934	8.34224112515181	0	10.6315727946338	11.571070057649	0	12.7262383176964	0	12.5884191020597	13.715302027148	13.98708575877	14.3316820566639	13.9365526367128	13.7949443625815	11.8388837550203	14.0978130144222	13.2796846761381	13.4425822514866	13.2703007418105	13.0370545527252	9.07930150472443	12.0740704650096	15.2049824724703	14.0847134963678	13.5907216715527	11.012979479498	12.614974339625
M659.2126T522.13	16.5053903886996	14.8573971927197	15.3872645289898	16.1926970203352	12.6796711275185	15.3118749129108	16.5046466324513	15.7157683684395	15.9391578204447	15.8511349607038	15.245435331765	16.5841571737731	14.0918409821013	15.1251883490007	12.0540749673652	14.3602902085029	11.8002354806547	8.74688476986475	14.1241738681704	13.5215738702491	0	14.3913952979962	14.5823655940213	14.4060360203617	15.6476544306812	15.9203480719134	16.5021170663013	16.0329659036712	15.8295338973493	13.8344026195371	16.1270466211226	15.3461798676546	15.9602170314798	14.887837274326	14.8780970413945	13.3881591414539	14.0001311549492	17.1282630876556	15.8744178310306	15.6341884903508	12.9257289093098	14.8021024569946
M675.1419T522.35	15.2249972387355	14.435673905852	14.6757095223692	14.9062896823536	13.1979930584951	14.9006837534172	15.1736641729815	14.4338607296999	14.6454508668955	14.9492371215634	13.9006176218058	14.980412181209	13.7474515693986	14.5150386290002	12.0661138356156	13.9029752902069	12.4455427603745	10.9735932802102	14.060951773096	13.9382433968621	0	14.0159485785213	14.2864726852213	14.2916702929296	14.7477564054821	15.0207370098358	14.752121679516	14.7780234436859	14.9872118077298	13.0503058343496	14.9750489802854	14.6637094690935	14.4199075552452	14.2250522433343	14.4950434602005	13.601772150511	14.0555541228723	15.0146385772719	14.7169410427578	14.6841867227745	13.5456589271257	14.4123913917062
M676.1352T522.13_1	14.9087667568475	13.6126798629148	14.1089719357478	14.2904230468429	12.4786042337776	14.2780984943552	14.4998508956332	13.7289297275708	14.3122230319367	14.1964253582014	13.1019611216402	14.0708825580302	13.4016792846164	13.9081040360894	10.8581071385277	13.3637319725501	11.3092776392085	9.42643181732676	13.5598489446185	13.2914272175277	0	13.3889265077332	13.7683407039308	13.5598960090303	14.359222300908	14.3854890047477	14.3215028177165	14.4153590550439	14.4309875512385	12.8096658144235	14.4484267374224	14.1111243264762	13.5947409105966	13.632463664786	13.8671422861469	13.0661482852049	13.6552964859529	14.0319419856473	14.2833374530943	14.1917139506369	12.7744566402828	13.6554028468153
M682.1721T522.08	15.8377754541031	14.6390789125019	14.691502994491	15.6171370875511	13.2779029718243	15.0403995686985	15.6679213481052	14.9437667798072	15.29491648081	15.4964693418338	14.6524182248024	15.8405244468413	13.7758039253418	14.5479720855113	12.2360929413033	14.3805600122592	11.6748483107156	0	14.090150398583	13.6549787745894	0	14.2304173825543	14.4605054189132	14.460462702459	15.1409834190903	15.481596971852	15.4480270099091	15.5076571297608	15.4512243032914	13.3621392740837	15.4979660384408	14.9610527626928	15.0633906499423	14.3681422833377	14.6743321997846	13.3279208857241	14.1323950503532	16.1025212280502	15.2634975699527	15.1344035020025	13.3522125683108	14.6497601938278
M685.1699T522.08	18.7122575947083	17.3645244638248	17.576284145547	18.339103267733	15.9158840271639	17.9037977668501	18.5314146503009	17.9166201596405	18.154551588954	18.0909852674112	17.4398890576068	18.5602750822069	16.599056042226	17.5037307425131	15.2474831685245	17.0106309556464	14.8830589812212	12.828821516827	16.7922036242253	16.6363501066005	0	17.0394417553417	17.2820958825477	17.1756769990856	18.0313136460465	18.2499366217432	18.3529986104768	18.2615574356256	18.1936118361019	16.1568657027352	18.3374257278793	17.8150840356823	17.809746310128	17.3517523933523	17.4742797298533	16.2801110102146	16.8520812844293	18.9291771764068	18.1625198577198	17.9364701679035	16.1688233048605	17.5051133601157
M686.1734T522.08	16.3827238187922	15.1540991185638	15.2666628841549	16.0059378492587	13.5633284078898	15.5853323107392	16.2671690777132	15.5927679342779	15.8349788079197	15.8190327482564	15.1250329850602	16.2064166731457	14.2598954382397	15.1284908614886	13.0418966788681	14.7444019528013	12.4304372791169	9.26459503743684	14.5090253126322	14.2821895938753	0	14.6891375187209	14.9134768029127	14.8083823936156	15.7857917398599	15.8759220208895	16.0586194652862	15.9329838389682	15.8069647193693	13.7707892214939	15.9420382818776	15.5287899356176	15.4417442175614	15.0702183991739	15.0865775490393	13.8731865313901	14.4657070842305	16.578615093084	15.7960657399739	15.5755724359824	13.8168892651802	15.116448480871
M614.3489T386.02	21.094127465508	20.544289301454	20.3142206731435	20.7612057789205	21.1542849377156	20.6028494982527	20.8147604641263	20.9919349418742	20.8250005810894	21.6924568436922	20.9514752800393	20.7558310141821	21.9360830556928	21.7699752065844	21.1758420420067	21.5788129567547	20.3196958788339	20.9587229289341	21.1416667601195	21.3173062398178	20.8990149479008	20.4184816737702	20.1859439863132	20.6390603004408	20.9517544112293	21.3258293806655	20.6937982480853	21.0362680097535	20.8318713886759	20.1493966693834	20.0883764106998	21.4637637685279	20.6520353463612	20.5827636930899	20.599865028623	21.3220857898785	20.7452124142494	20.6923157345136	21.1075829955846	20.7337716698606	20.9209183161425	20.9644173723097
M615.8528T385.9_1	16.9457989385239	16.3267156411412	16.1420105166682	16.504308471736	16.9788658350307	16.3573071068268	16.6051947071577	16.7553833951158	16.6278821719001	17.5345851239918	16.7719235943772	16.4828046966761	17.8563172326146	17.6414325852184	17.06313051578	17.4437146503933	16.1187507258832	16.8035142638636	16.9802655883337	17.1547792367853	16.7196915712151	16.1592779856711	15.88800104729	16.4351331374718	16.8270542233894	17.127500716704	16.5447451435829	16.8307890070272	16.6137138793039	15.9591837177991	15.8159381355301	17.3512824327088	16.5048085302991	16.3610267467241	16.371611526951	17.1970756898438	16.5000840889991	16.4562079068867	16.871514475059	16.4682883713795	16.6583783104838	16.8509475195176
M615.4996T1085.25	14.6876006877618	16.8509876706964	15.7268312281516	14.9314238037606	14.6550480777099	15.0329794388503	14.7320670819115	15.0088388353116	14.3019988741711	15.1178173877514	14.193775951528	15.0623745515738	14.6690030981179	11.3591431186191	11.1061050652929	12.552686304695	15.2972730910606	14.8202342499527	15.4869505899197	15.5310241346009	15.6431271706942	16.8997274802271	16.3439579576603	13.139156064759	13.5672409093479	15.7534963015637	16.3126921037481	15.5380760649159	16.4818015019309	13.5100496675095	14.5551029953719	16.1440540282906	15.3480141346298	16.3542726011686	15.603156200266	14.7857907349073	9.49707121309613	16.8351820876532	14.2215401722343	15.5783961123546	12.2120456643992	14.5384456303132
M616.5031T1085.25	13.1724400954627	15.4357103790599	14.418698564661	13.5959260073706	13.2189237039915	13.6486607240114	13.2832331268791	13.6276354612701	12.590303924664	13.7480101606007	12.7937276436643	13.7584787597023	13.3675952837337	9.88490387118424	8.33810560070945	11.4970315279825	14.0158699215964	13.3916552780906	14.1363878898006	14.043827293556	14.7490135127759	15.5138844786619	15.0134632231739	10.9414541282186	11.8280529630168	14.3830733613903	14.9234159843067	14.0725751985803	15.1778150449231	11.6432253472687	12.966960975599	14.7876872062503	13.8215945445572	14.9574038387435	14.5213929714602	13.3412327705233	12.7986429965404	15.4999676464632	11.56023502358	14.219893366224	13.7364727585974	13.2302965629462
M641.5153T1086.27	15.6758619796426	16.8869237645953	15.4872373437995	14.904810405985	15.3541475339037	15.7291970259155	14.9906115903893	15.7823544610423	14.9428393859668	16.0534125659856	14.2815535500876	15.3128305860632	15.383418934901	13.81144063243	12.7331906768826	14.0023470509713	15.7247180191668	14.994602008759	16.2166524245433	16.2650676224642	16.115614545998	16.6532154170194	16.6681816574336	13.7010065067869	13.9587027519428	15.6718381813824	16.6102337622896	16.3009574787711	16.3347107428028	13.9225145204237	14.8378435437506	16.2987096041756	15.2977064920526	16.3776125357275	15.6362201537559	15.1712222491625	15.0396396873318	16.9129328140495	14.3571391067923	16.0009369976487	15.4545430210506	15.0080688729283
M657.4722T1083.32	10.1588783728659	13.3310711993433	12.5666785231859	11.6364120923145	10.7809186104171	10.7409445973839	11.1203966479822	11.0368583448839	10.4565981708975	11.2996307264747	10.8804643674119	12.2534507222018	10.4942219495419	0	0	6.5467311240477	11.430115040703	10.8249718306374	11.7791239799505	11.663341063961	13.1040040920762	13.5481016200226	12.6643576265876	6.63973434232106	9.84557215619291	12.3493511693774	12.4139170022485	10.9161809052662	12.9854070164203	7.67818711011193	9.80507792901241	12.8977638007814	12.2652652692421	13.1427472827619	12.498189243447	10.2118183133956	10.8760042529747	13.3975989501286	9.72745170549646	11.1856941792861	11.0756099130652	10.8706016699268
M683.4874T1084.92	13.910933685845	15.9651890586817	15.1599109522637	14.3209839845664	13.9071705034949	14.1977373650078	13.9670155757989	14.4381378041604	13.9406093324449	14.3288732550657	13.9477231986594	14.3391542054486	13.8977754113134	11.3277961552173	10.4705028362274	12.2808093985973	14.5561324046854	13.9776546226171	14.6041401331272	14.6952969611127	15.5425970947859	15.9999879425184	15.6102555734796	12.664244217193	12.9681838149293	15.050575065724	15.5669844863103	14.6146026941866	15.5962900513841	12.9401934712103	13.6868123175541	15.5354313825649	14.9337250425443	15.5289760384228	15.0701100343498	13.9039080659721	13.7430069724973	16.1278358325836	13.4104388763444	14.7091140871491	14.2988532458775	13.866667264474
M684.4907T1084.92	12.6001490815168	14.5741318730626	13.6431091577541	13.0381113654961	12.3068629433059	11.7160618920381	12.6777523120846	13.1215125616259	12.5262919298427	13.0091108179864	12.4442607922169	13.0336245530631	12.367300265513	9.77414682952691	9.00679944029336	10.7044465642768	13.0978037858221	12.6579959070747	13.2319213018862	13.362121224042	14.2122005001824	14.6891993240664	14.4007631374023	10.5340143376808	11.5197204866374	13.6725050175848	14.2423537066631	13.2845340878257	14.2693930254159	11.4567364775291	12.2888466926823	14.1872106350583	13.5195088166352	14.2439136639066	13.6428652441551	12.1583036984852	11.6317103728433	14.8477380284386	12.0674156599599	13.3231675276011	12.9980959721318	11.1635222097475
M722.4981T1084.84	11.3240715435619	13.6509475964857	12.4471091417386	12.0125989990695	11.1677281295295	10.6725164328887	11.5760149148303	11.8266672007649	11.2966974681674	11.9122467244236	10.7899454075467	12.1428769385898	10.4769424608222	5.92519935440125	0	9.27797394780062	12.103379706966	11.4276223066972	12.2511666483486	12.1085528156585	12.9060887384545	13.7552318494346	13.1553618632271	8.01645332619831	9.93939392232081	12.6575985881549	12.9113928350831	12.1614181026482	13.2867887693287	9.99777613489849	11.142919103436	12.970864733022	12.3868613427393	13.3611077584626	12.6144436897445	11.5283449700961	10.4447174811818	13.696201141581	10.5952648200337	12.242282718692	11.5089304237754	11.1868108872815
M751.4753T1084.77	11.5543630605267	14.0277556752688	13.4031171401889	12.3917886202266	11.8098398806077	12.2431288758825	12.0948053401671	12.5717731866912	11.974843070678	12.3700724702898	11.8490663577875	12.4656846972636	12.1279048994784	8.40146544201126	0	10.328606853166	12.6020374459268	11.9829240562	12.8291090973953	12.6452278572851	13.7255071845788	14.0325704409767	13.8010047390678	10.2121328530428	10.7650246153951	13.1487500984815	13.7637494044074	12.7321879469512	13.6740726227269	11.0989941754492	11.5464938067328	13.3828993277182	13.1320098630255	13.6747549163808	13.1979153151067	11.6439351296818	11.9646469947136	14.1884154143405	11.3850980449314	12.7828141396059	12.1602380711295	11.8070225337793
M752.4789T1084.91	10.4616957018441	12.6879827351738	12.0545203732678	10.8221762879967	10.353362143629	10.6534285625019	10.7927891949973	11.3346566000466	10.55948170884	10.8957300179132	10.5521525024168	11.1592214331491	10.3998764819699	0	0	0	11.0349424059355	9.77046005933414	11.1531573686618	11.1642028675966	12.38218806925	12.6905524385149	12.5597842619535	6.54412847289977	7.02912537538378	11.706968088723	12.5399636573228	11.652952253784	12.2602723093995	7.22978869129331	10.1188821631101	12.2753384580593	10.9712669532571	12.3125644940691	11.8252342804393	10.3700233426099	10.2576548648852	13.0228783631971	6.57575754944259	11.4130977335665	10.6055907557079	9.41682112369171
M778.4949T1086.23	11.6367784725489	12.3560300011843	11.4041866996997	10.5697237513828	10.8793653467001	10.8710507055752	10.3342080894042	11.8524436659232	10.487744263061	11.8803918739874	6.52490260458646	10.9188022143013	11.281891032421	7.82795648991345	6.32185050651233	9.00156300732099	11.4431527170379	10.6923254014623	11.9414516352796	11.6538939314882	12.1835271636581	12.0889897318126	12.5509150490091	7.22782001418073	0	11.3260912543568	12.3979532116242	11.8476300794766	11.661719517716	9.68224966492209	10.3277515141772	12.2365647751605	11.2779206162704	11.8597750740478	11.0655077189261	10.0083905899594	10.8694265234987	12.6161239223434	8.93409714139517	11.9174179842971	10.9218728012596	10.3815341251343
M887.4513T1085.17	10.443083594653	13.1825318915292	12.6944741750005	11.1824305280313	10.5000684165764	10.7925704122557	10.5364420141109	11.916134162808	10.6903390634298	11.1561365454019	10.8119607787517	11.0531719109527	10.9256808903422	6.1354861420061	0	7.15180894715938	11.7472596727964	11.3780365967724	11.4862984257663	11.5544421559802	12.8494317635722	12.9596664029577	12.1014403557924	7.12138043284271	8.43750382676516	11.7526192562393	12.8673863769615	10.9659380461318	12.7368223657788	8.79464203040596	10.1865980308629	12.2998847271984	12.3240005458522	12.6851274317563	11.6780565255676	9.002940497648	10.6564548961261	12.9987595328468	7.8558907181517	11.308463067459	11.5237470054188	10.1736024170433
M913.467T1086.25	11.5257846689139	12.2367010675448	11.7465355811168	10.63352130681	11.3433713935384	11.1327958561713	10.4832933153244	11.9833874149526	10.5444240773721	11.8128606927944	10.662905000426	10.7472184837637	11.5237384218619	6.66808055544065	0	9.33781068515597	11.6007252424384	10.5222902577858	11.9719868774328	11.6476595802312	12.2608345710982	12.4544972226282	12.1773684283034	8.93664656435376	8.60741863370258	11.3021096060635	12.3482699808396	12.1247373942336	11.5556851336939	10.3197493157296	10.1709787541812	12.1135915958003	11.1537316210509	12.1538979703878	11.16092760838	10.1647870681959	10.9448351119079	12.6129978135414	7.56209765807174	11.7137519400312	11.154842975067	8.4097517397171
M616.1795T551.21	19.1827664382082	17.9140683389587	18.0350766556213	18.8374840070396	16.1563059258249	18.1686441622517	19.0121445098917	18.4868600509966	18.5584354366837	18.464051094238	13.0232700338531	18.1302827879983	17.257402854387	17.9278636492559	15.9718071259298	17.6608268334925	15.9378038676562	10.0200153034632	17.2929760117195	16.9706172994251	10.131589739198	17.4849066034046	17.1097978264784	17.7400769140404	18.3633561130304	18.5430570263189	19.3090413488882	18.7416069807572	18.434014907265	16.9666957323557	18.6945349614633	18.1491867102313	18.5329537167314	17.688910036282	17.8788107609533	17.22931970894	17.6366285937501	19.3889043786269	17.150657506686	18.4321301302166	17.2744737508509	17.7937966192302
M616.941T43.38	16.0580400907255	15.7740382202971	15.6114911225096	15.1412410504629	16.1562061471629	16.3696683930493	15.1861140633999	16.2527679544128	16.1946418089358	16.2090064626177	15.0967215786663	15.3203171991274	16.1369307519515	16.2229673920673	16.1890657412923	16.2886069054985	16.2096049661694	15.659134553983	16.1844113205915	15.8953240151331	15.9330677871096	15.8572731079252	15.0315484686551	15.7711516773879	15.6330813336409	15.3922978375716	16.133763083056	16.661417560199	15.5743066846995	15.8084814041376	16.0565705073415	15.7675647024825	15.5245881471501	15.8811385818303	15.6629132910093	15.4360825679744	15.5092875347351	15.6487505622463	15.5560928817159	16.53619180169	15.6153127491727	15.5196933663202
M617.5152T1174.98	14.1937816765638	15.8868130553599	14.9169402140869	14.1312344233818	14.2433681324354	14.5544793656902	13.8499034617416	14.6414016577643	14.2282376317172	14.2053795735834	13.4648736857471	14.2171604439731	13.8477599970374	12.0048871067907	11.3766447697643	12.5148573929075	14.662556368975	14.0458662610644	14.6514678268601	15.0234071500821	15.8567521154694	16.1214461407959	15.8252017185365	12.504106327188	12.804949843321	16.6376532390521	15.687279718523	15.3422513467317	15.8066507348228	13.163810520427	13.9610260860392	15.3637635904902	14.5437057088451	15.6366278099796	14.9952801472289	14.2320804034591	14.0001315141966	16.6323064014032	13.6616541846271	15.2599054277513	14.4980890688424	14.1771590767103
M708.4673T882.44	15.0736622647615	15.0753025214234	14.306272557083	14.2334190465164	14.1491247778338	14.9856353302904	14.5020335239464	15.3750254896773	15.9322285476141	15.0045157571642	14.9930523335697	16.149593659338	14.9682401185353	13.4290629973786	13.9030170241888	12.8874380556879	14.1024789135429	14.1369635599674	15.10903966937	14.7699110847925	14.9718985410812	15.0188434826029	14.8704749882669	13.2570524908968	15.3755776601002	17.1305625607648	14.4430924535258	14.4252068581833	14.3354034902281	13.0445271224857	13.6484364377425	14.3156584609532	13.8998858691869	14.5062491363312	13.8038547667254	16.5151499482905	13.128078408297	15.2446519561067	15.4533091029817	14.6363727952996	15.2253669464722	14.3710708258595
M618.8257T382.63_1	13.4364607909347	14.080153106519	13.5674217969269	13.8707038764494	13.4319037214547	12.7075698323404	14.5564521121901	13.6108509576103	12.7774162981298	13.7662423511974	14.3598096215887	14.7799218549375	13.7086970580579	13.4194528332386	11.3191299081116	13.3724651049969	12.7755507993107	14.14861977249	13.9943943412552	13.7069519330239	14.1520621204466	12.9788421667329	13.1562234144987	14.1976171636991	14.2834249498048	14.5220705742375	13.0764602173335	12.9745545366148	13.306908702798	12.7121473200508	12.1164284635752	13.5632551209951	13.3745529494052	13.614748228693	13.5318000577711	13.7281393772892	11.5961998131503	13.2259211574602	13.8866417484249	12.5104070372979	13.9848778927353	12.2933335995881
M620.7496T331.14_1	13.2890793193416	12.0234868396498	13.5190410541608	14.0385580618235	12.2480020525353	13.5214231694043	14.1944242653707	13.0400131811929	13.3088906166127	13.3274138841941	12.435100645819	13.9439358274704	12.6217578243012	12.7628224114787	12.1657232199011	12.8304593744583	8.76734811330802	0	11.0070401955656	11.4432673606175	0	9.21612813201784	12.3618159421811	13.3852373396934	14.0330811844834	12.4022083527734	12.962643253111	13.4789074191285	12.91028110652	12.6558105918388	14.453390452087	12.8961359295198	12.8596244886563	13.32925682776	13.1627662462067	9.7456492006496	12.9668057201927	13.426603733008	13.3057909915451	13.5548301448956	10.5733318264002	12.1040060767487
M621.5725T299.46_1	15.5094098443232	14.7830106611484	16.044729048517	15.9082680731512	14.7487553399931	15.3366750571333	16.1206383849459	15.5960053745003	15.7615976481848	15.4987912512041	15.3585057747389	15.1468387054502	15.0829882644092	15.0888379933774	14.553129051905	13.8808992043296	14.046314651739	9.63285359434026	13.9318017487235	14.2761869349205	12.0236378304646	12.9291483674504	14.7017189320477	15.2767345448683	15.1664489194148	13.7108352482829	14.4660254766997	14.9056914510036	14.922720104643	15.1086100441018	15.9666945221958	15.0697334379222	15.1252002914023	14.7417646496539	14.722426595034	14.0312361631282	15.7838278660417	15.9589685464728	14.8352613877194	14.6711373672828	13.2635414186189	14.9941162153758
M710.0814T299.4_4	17.3346899007326	16.6747045713397	17.9672326498199	18.029198454833	16.5469015059002	17.1110980510699	17.9091036647274	17.5384309193115	17.5431429017933	17.2033308541504	17.3353738880895	17.0057302215183	16.776450748829	16.7454899051631	16.345562226989	15.8297983860098	15.9001871289356	14.5641228510069	15.7243426779503	15.9527499834889	14.0529098386667	14.9488194460504	16.1548681055205	17.3259578820832	16.9619284489771	15.7003379923709	16.289048103206	17.0032534963813	16.4167593070999	16.6319181561921	17.6459089574899	16.5540359429576	16.9573770387202	16.7355186756238	16.9697683088606	15.5059162724209	17.6289764420714	17.9226268940431	16.4507892408639	16.819251155018	15.5678857806774	16.758208520796
M759.3096T425_5	17.1488576352741	18.1355851890601	17.8418193829169	17.5485536206296	17.1757249839428	17.401503261047	16.9738299209691	18.0670989005641	17.6882310884654	18.1124423253676	17.7393580917843	17.6624755452883	18.2214351587209	17.0341407040531	16.6870588524386	16.6315522130568	16.86041291516	16.9452970794356	18.0393489615231	18.693982392402	18.2176809941611	18.2536517076781	18.0151162449646	17.4559320517808	17.9748700123441	19.0227425121841	17.964686596237	17.6050975038745	18.5212209228831	15.9287573134949	17.0319767046014	18.4434442897675	18.165682544861	17.7123695305082	16.7691729460885	16.8411891012958	16.3383127695522	18.2464849018626	17.4242662722193	17.7750158547502	17.6199518369857	16.7389813751788
M874.8575T423.29_1	15.1655679773845	15.9841224778506	15.8874217596045	15.4010681807708	15.1733695301006	15.4486833321781	15.0188685655094	15.6640121400135	15.6581024807507	15.6836524158585	16.115501994083	15.7854828776798	15.7139008187428	14.7991062548739	14.4097755615063	14.5501348832108	15.2157474214939	15.0131024883827	15.77681090424	16.5619028382455	16.3188903829977	16.0476389093874	15.8890732178926	15.2194294695185	15.5801679193505	16.8172939462637	15.8381721736982	15.692300376355	16.4202798837606	13.6838592220621	14.8414746200072	16.0789899871837	15.9489585134327	15.6406770397893	14.5742767998979	15.0149115927736	14.3185653813624	16.1109063437177	15.4356146362213	15.6541664219619	15.416888285301	15.0660361647473
M976.3976T425.19_7	14.9514154998043	15.8199544311642	15.4032478594886	15.2325103617348	14.9999474368977	15.1141240147293	14.8007438490518	15.7383077778221	15.2076733238023	15.7350695166328	15.3614303575522	15.4886845526704	15.8581333634992	15.1927235313498	14.1758530384379	14.2734914727375	14.6440099806213	14.5328058667665	15.7458399419611	16.3838021209512	15.8864381149648	15.9908153469079	16.0989589884899	15.0804097885076	15.5173773317413	16.7553823365495	15.4719369751083	15.2768486266644	16.2658409429466	13.6207629349914	14.8565924965428	16.0181721219423	15.7896583963582	15.5699026699789	14.3443867678845	14.6291163018986	14.2003534093007	15.8692277204438	15.0779199522561	15.6451854990999	15.2027934715552	14.5408844956738
M710.3678T299.37_6	16.1610301330629	15.55218450175	16.8531144919103	16.4550941717865	15.2269301543282	16.165871332735	16.7548908727978	16.2143259412619	16.3892412370919	15.8132759580135	16.3283585269214	15.6329932773933	15.4852681119041	15.585461247901	14.8623015026952	14.64713853931	14.7874762036306	13.0932529079739	14.2969071660994	15.1962954000569	13.6364492705397	14.0395786866339	15.0971290302717	15.8901086628081	15.8908487396422	14.8006058625801	15.2384999739189	15.9433646829997	15.3202962739565	15.5275031428349	16.2969441350881	15.4911748870294	15.8165525643736	15.3966931174247	15.7174753909549	14.2442477630438	16.048701611548	16.7152963351673	15.7181199910441	15.2886459564248	14.1129115201851	15.4525974691364
M683.3793T425.14_4	15.6686136171807	16.5787701318237	16.4463319353947	16.1980466388714	15.7692779249342	15.9782392835903	15.5191143927357	16.6494630744154	16.1213476368106	16.7500094739426	16.5831993326959	16.3550334847366	16.7350862329086	15.6212990305461	15.1298592809551	15.2467316632048	15.3853428300195	15.3494680924353	16.6520665487087	17.2796978799161	16.7495999390742	16.8675113317055	16.4625201691184	15.8015101848237	16.4297935052265	17.6211960248794	16.376504169194	16.0347574955251	17.0451451549055	14.5876414479766	15.5473172790988	16.9093199604683	16.8040187882468	16.2877671153674	15.3855324006908	15.4350546389627	15.1036362367462	16.6075356928312	15.9164420613317	16.4816332623996	16.2720776029977	15.2247873023818
M621.4578T1150.58	15.1442626211796	15.1861508974032	14.1789505582262	14.2450094564183	15.6971212015611	16.0836166013448	13.4134137080557	13.987634797391	14.9203263566681	15.0751498692684	15.0324145585595	14.7682765723498	16.6916322800219	13.6431614929887	14.226376038059	13.9238904458352	15.700375593459	15.4290926885818	15.3699864183207	14.7024441954	16.8263163590427	15.7649122479354	13.7036265911705	13.9436998493655	13.7371522371991	13.7522857059248	15.6852358836739	14.6631792104556	15.3807077497206	14.2830624794942	13.7939799579146	15.149734082675	15.1507909566543	15.66416100837	14.3038685120211	15.6350628759213	14.7994678150853	15.5685263340249	14.5898589784146	15.2352354243266	16.2088946792364	15.1606809708808
M683.0792T425.02_1	11.7029543440639	13.6849572756335	12.7975987197111	12.7848410123478	13.2340533150358	12.6908002532022	12.0515236896078	13.5349632655332	12.9164024921988	13.6472791786099	13.4802625443924	13.0964966669634	13.5120527886321	12.5053780951152	11.1200732161926	11.4827857898999	11.8999925840746	12.1132446133256	13.584285061281	14.4716324043311	13.3555988090143	13.7531583173165	13.2588232184061	13.0431106850827	13.1343628158582	14.4185420436615	13.4929421689033	12.4100689809466	14.0911359781872	10.0647390819859	12.8176633508676	13.3945469535892	13.6289535658123	13.4871173780125	11.9098956887461	12.3178581708621	12.2246897612658	13.3403357428785	12.27799539924	13.1664875653191	13.2195442048017	11.2302958277494
M683.58T425.2_1	15.4834024951758	16.2902981899104	16.064015233575	15.8345349570141	15.4807963887982	15.656595691572	15.2374890361798	16.3944416930238	16.0255028522044	16.4138275365585	16.008512900345	16.1349727042975	16.5757040056455	15.358298175862	15.0625205161287	14.6111560501111	15.1091921850269	14.8059823507659	16.3636441290088	16.8539440292294	16.512611727149	16.4522748759056	16.2846674014414	15.673503488068	16.181141977304	17.4039544391606	16.1667103812307	15.9472887158082	16.7439614657108	14.0676165287492	15.3449999846477	16.6625031899689	16.3316675802438	15.9506789050423	14.9840053703289	15.1011298875713	14.8467508260779	16.3534703820153	15.7341289714096	15.9342912867868	15.7598928966752	15.2613498898239
M663.5005T412.24_1	12.5489211962595	14.0879750909372	14.0836198513419	14.2483676121419	14.0000953275196	14.0715296662708	14.4451210969822	13.3766001523847	12.6106483317161	13.067926004293	13.594230058671	13.9726501103764	12.6607989646969	13.3411498787081	13.4683751664351	12.3505278908771	12.3605799114255	13.0632340808225	13.3165137963508	12.9242951482857	13.1518018470224	14.0061808046243	14.3355762785152	13.873816214394	15.0109910927798	14.6471170850426	12.8497687601132	12.257782856209	13.9709011797137	12.8369447617933	13.3208349712563	14.0833770785039	14.3296088945327	15.3581069248309	15.3527977965604	14.1309044416423	11.2433012931758	14.5360645581369	14.0920681705153	13.1698521044261	13.6272388166536	13.1962523958066
M663.6436T412.2_2	12.0528598052011	13.5109981604755	13.2764641565906	14.0391216826057	13.9315022384402	13.560815153586	13.9136337555171	12.5372336792243	11.8023087303773	12.4667603413157	12.8910220144102	13.676434653419	12.7498000062384	13.4555398631439	12.8794570544477	11.777420346238	11.3840836125874	12.7940069134026	13.252279796175	12.338549346186	13.131980553047	13.4683945234621	13.811028792238	13.6401663596918	14.4071776583532	14.0208660447859	12.2540003079635	11.8381126549575	13.7502123198778	12.4606478738462	13.0041142556141	13.7040478610022	13.9924944678083	15.0461912465006	14.8504810553408	13.9304007743544	12.0995519923098	14.2335102966975	13.5124620063318	12.6158232185468	13.3877023866168	12.6168918557046
M622.7619T416.36_2	11.8231640997822	13.7768511447207	13.0112142106445	13.7408106768829	13.5737580000338	13.8202220320978	13.1407509113727	11.4114509309607	11.8624993325983	12.8336659079499	13.0944334385851	13.4326181301106	12.599750853216	12.52210900724	12.5008727129751	12.1635944686338	12.5116441308905	12.918853946724	13.4066492611601	12.4075757449298	12.9249227174089	13.5610837768932	13.4125248241556	13.34447996688	14.0434496837475	13.4518056459695	12.5394009041979	11.4972617830427	13.7601101653424	11.3639678552482	12.1202118608687	13.3489995469546	13.4764371622742	14.6851523020589	14.334806575127	13.7022026692848	8.97691908541399	13.6008471480949	13.1486392372309	12.4233049167624	13.7852352917961	12.7704426106606
M625.3395T386.08	14.851608104808	14.0452457114759	13.5785773681314	14.3685171285835	14.8414788594488	14.2795488586145	14.5373906758912	14.3214643801275	14.6231316214589	15.2073841042559	14.4383750327321	14.353734384638	15.5005720327943	15.511313520805	14.9882064240728	15.2781245004139	13.7512062303689	14.4970580942197	14.5880434166262	15.0253640832461	14.4694332786852	14.4118093815002	14.1540440166311	14.1676410270766	14.748447443374	15.0957233531405	14.005673266329	14.7595777824082	14.5881098372735	13.5033692136741	13.8237090662819	15.3292536780171	13.9120786147463	14.4670249235653	14.3680992527097	14.9133599735283	14.5273259693984	14.5163496657834	14.7702383856234	14.4818716639031	14.2615203432137	14.1322344638224
M625.3724T895.54	14.4346907569877	15.3247827870687	14.7219342486707	14.9973157316265	13.9792074859684	14.4222446648096	14.1055430106855	14.9775995692866	14.3632536532268	14.3332459529615	14.9591924202889	14.9627570618574	14.070816133004	13.5909222093955	12.4105291557714	13.1300650954327	14.4795947662873	14.5969276659127	14.9469512702011	14.8430845135583	15.6952825545482	15.9376220236453	15.2078498875542	13.7108222414268	14.1434402337168	15.5420726227641	15.1922933956661	14.8106530155164	15.7117583231729	12.9799934783455	14.0706062036719	14.7989523207964	14.7182068772228	15.1227004737344	14.9218319082766	15.7252300772345	13.9509537428461	15.5956884292167	15.5110135040514	14.6384499442916	15.5850645400468	15.4695512413128
M651.3882T889.96	13.6049309178528	14.2295295722221	13.2777047082	13.4994018175198	13.6777787332124	13.6489485783434	13.3412772185237	14.0036765572292	13.5273813514016	13.4140817617077	13.2353224751482	13.4524147563058	13.417036211784	12.854571024624	12.1929630525188	12.9266341122887	12.9686380138937	13.3034268574792	13.6965681904555	14.2138304265677	13.9888454889542	14.4086797175354	14.3420900799655	12.9281535642674	13.3736735695803	14.7413306688125	14.0536651241442	14.5512914162954	14.5496379958832	11.9556958100068	13.1649569669455	13.9212644905221	13.623921128115	13.9751348309676	13.5894271888277	14.0854247899045	13.0269340899468	14.5846218610843	14.152826336081	13.8814280883753	14.3096260889585	14.0370630880399
M631.0145T383.33	13.0608576362816	12.190937041796	12.0943215275164	11.9696329006697	13.3818708125885	12.6932604926236	11.3552768148241	13.2100682409435	12.6835697558864	13.7194482889998	10.8868521631628	13.0149285677581	12.5823218491598	12.9216275666381	12.2991996819775	13.1972501977437	13.1165823633201	13.8203825973367	14.4670894749966	13.7276204208995	12.3884871329345	9.66768329549505	12.112671323002	13.126369996873	12.0061829671795	13.3840934773623	12.8888829362323	12.7532550944525	11.4492007824529	12.056628772987	12.2827218772892	9.77345264576713	10.4180519658628	12.2825550553446	11.8496417459306	13.1862424424497	12.3381624903291	11.016341266565	12.3815488600669	12.9137148052543	12.1890145847486	12.7999399121962
M660.025T384.13_1	16.4262171632723	15.7522319413327	15.4225194598006	15.9247442823076	16.7914758520105	16.4301636794907	14.9347556657942	16.7009025578912	16.4736896640896	16.9111606828588	16.2106852728929	16.8430415738682	16.920838539238	16.6095643022633	16.1379022272903	16.5966814177999	17.0817782182576	17.2409151255921	18.0648075959295	17.6456948784341	16.2652292333218	14.8763763074001	15.5575338680839	16.829592934302	15.6235781987072	16.7563098798946	16.6960094335192	16.7089637169206	15.4268052539328	15.7404312747727	15.7261610560066	14.1615990869603	14.4347889311394	15.3733343304972	15.5205506257006	16.3295521290148	15.7258316892122	14.9516525363753	16.1548042346276	16.7032404398928	16.0248155446772	16.4055067658295
M633.2582T532.63	15.9709912650517	15.2144076847591	15.7703247926256	15.803787523887	15.3685535738926	15.2181382269113	16.3113467503443	16.1074114245534	15.2775221752747	16.4465934777648	17.9891708216061	18.5268766587545	15.2437738332234	15.1474681121001	14.0880704425782	15.0937676703208	13.8853549729246	16.5309570806787	15.2956118445914	16.032336398799	13.6366113756863	15.274518059662	16.053345878282	15.250663959293	16.1078865809369	16.9100566174505	15.7898895654698	15.1733593567042	15.9564251282847	14.333315905407	15.2364191455379	15.7743384841692	15.9102604738434	15.7222983511717	15.303313759694	17.681304143821	13.4802534595794	16.2899940095347	18.0766908204115	14.3128022577713	17.0720530488679	17.9580620721907
M636.3892T724.09	15.830814192459	15.6355439855061	14.6327386272258	14.7147410357657	15.5122770820226	15.9242470654393	15.2709150507342	16.4030823311661	15.5935172494581	16.0589552697999	15.7261568130198	15.9823421816281	15.9757798653427	15.2643953866277	14.2954291288008	15.0934878699431	14.8294112580277	15.0102008997105	15.6381693010857	15.8219331157057	16.2087547742396	15.6728606090668	16.1749126980607	15.3342249014881	15.7807807713279	16.8268741288515	15.3683944765907	16.2214196365468	15.6543284682517	14.12574105074	14.7214191229144	15.4777533954394	15.2694704473827	15.4974683374171	14.9137434164226	15.8080100659248	15.2924027866677	15.8115442896974	15.4064855662541	15.8289462274114	15.9392296635182	16.1266144005613
M639.4997T1039.29	15.7077482256762	17.6194198771425	16.1559532960769	15.2908851974046	15.4348163641899	15.4191056561619	13.8750013153978	14.8321401318617	16.4546946410254	15.7540507113639	13.7644557202335	14.1523139489514	15.2177157894286	12.6046316192463	12.7233471238755	13.9519427517997	15.9091508238177	15.4172415994311	15.9372727530903	16.1629560623019	16.6842728520307	17.6254867238728	16.7646626509264	13.0603685914165	13.6381544751496	15.9989846999775	16.4568507028821	16.8943803696927	16.5160730044888	13.6092824324276	14.7924232089842	16.4773363161968	14.7993295783817	16.6557816999914	15.7051262283975	15.3253917845656	15.0837551018909	17.2305220146227	13.8622277878834	16.3056072875446	15.2756271743004	14.141147255715
M640.8045T385.88_1	12.3138728968307	12.1995449474972	12.174834771761	12.8937699548233	12.983344850926	12.5923072846411	12.8750342582005	12.8113537899091	12.7112564834638	13.4509269665476	12.7048216329716	12.6312802196908	13.7408997922326	13.4110479961585	12.9225913928509	13.618819880218	12.1303365852402	12.7781346490264	13.1360336965512	13.0127132980251	12.8179970866774	10.9407281328403	11.8880981637112	12.4727687699847	13.1118799387225	13.2304935459223	12.3465270590589	13.1646683465131	12.3422892918747	12.1057786316501	12.4526425352403	13.2944877531488	12.6341121661268	12.6419759078737	12.3780493603899	13.0342003737386	12.4370202761109	12.2719695771628	13.1110916884957	12.6572775917595	12.7505766846643	12.8780944471202
M641.4369T779.02	14.9159919730836	15.3255812239444	15.4844094528898	15.3254079090747	14.6420407614086	14.1330279942023	14.1383972108674	14.800328701096	15.1594401694319	15.1807358752852	13.1380865759744	11.708263669438	15.0807235966906	14.7458093415095	15.3603980262783	14.9658779774451	15.6878089640769	0	15.5163222163783	15.7469911749579	14.3332145548027	15.3838428889031	14.9486752952992	14.9557424449371	15.3541612627217	14.9376453255537	15.3082062484774	15.0123303576002	15.2490378284004	15.1779278009775	15.3617230671606	15.9767682191341	14.3228336702719	14.6228564816006	15.2284958294132	13.5610980733051	14.8890799051559	15.5466214609517	12.1927371734897	14.4265418325444	0	13.2278373228232
M644.0979T876.17_1	12.8864492989018	13.336165789587	13.7832809741356	13.3939591589391	12.778653229609	12.1588967968784	12.8944991626893	13.0623122391523	13.4675752874956	13.7633254495651	11.3862719361852	11.2868265151137	13.396911913163	12.9053139143026	13.284430296362	13.0799178065095	13.6613313164246	11.4849075170272	13.428609833615	13.6592641092436	13.0164992470278	13.5428510108326	13.4371016446548	12.8448254068171	13.6841575301089	13.2327610433621	13.3269584538651	13.4140641656226	13.4895042982957	13.5416858781754	13.5946004335996	14.0146007572834	12.7868774497729	12.8134564130897	13.8846772000185	11.2958093338763	12.9077480282193	14.1430047073318	11.1135876054894	12.7855868759394	10.776559019098	11.8964698737163
M645.3722T987.39	11.3285264790341	11.6323878180536	10.3172991031689	11.1097009283986	11.0223195052945	11.4735367585796	10.7553306899176	11.0815065129317	12.3598671277784	11.5376456535112	11.8345532849858	11.823218996274	11.5342559828811	11.4430210880915	10.2365917707269	10.4342663115004	12.0571975796528	11.0341685983186	11.6981335986229	12.1254903481608	11.7773437542239	12.8644688555697	12.0785066139343	11.2144837553392	11.1087737431253	12.2745475967834	12.2447380084244	11.7835252580855	12.7124955674161	9.77078015187649	9.58163925622105	9.29354673325647	9.30737316766125	7.28959187173351	0	7.93306517732514	11.8864463225709	10.2055142983287	8.79054164387539	9.82058148371333	8.77110654804874	11.6315310974485
M701.4347T987.33	13.7155710784984	14.0814330772021	12.4102308695218	13.7550841408587	13.7780623566085	13.9898100695153	13.1564364497426	13.5771180462398	14.8125804145339	14.1473355407154	14.2293545935417	14.4912105628488	14.0850783457615	13.8467141011003	13.0791658326949	12.9343809129726	14.3596032274586	13.5410120932052	14.3904559400486	14.25430989841	14.2790856015313	15.2559543079693	14.3811656400036	14.0160500197483	13.5019584554253	14.6801010895717	14.5680382930065	14.204468532314	15.1441381704063	12.2660094689806	12.6495155269553	12.6680787904431	12.1423154161292	11.9503707454267	11.1060466913187	12.3172867119073	14.3823058662855	12.7388959900654	11.6970771743803	12.9017065839799	13.0036027155771	14.2315037318846
M689.4779T746.3	13.012818350561	13.7016792122739	14.4310492801626	13.3676464911658	13.2200552141473	11.8558806883331	12.8478574705243	13.2507830466498	12.6090995079612	13.7376456133783	8.72017762864945	0	13.8424689288866	12.6107324609382	12.8952359202366	12.7695059231533	13.7113390558195	0	13.7129479611849	13.8058801730874	13.407139823748	13.9033065798362	13.6548003988105	12.7944379356972	13.6981125756406	13.5845089269212	14.0076345697671	12.864998791062	13.9020642349462	13.7381547397594	13.0603901873319	14.2313181412413	13.6618426567121	12.638353641078	13.4935358672516	0	11.6632621286699	14.0053856542855	0	12.8415885984002	0	0
M646.1533T487.25	15.5878664698598	14.8013049848864	14.5602278152457	14.7872531107633	12.9223549960636	14.9529452891668	15.41722318771	15.2187710733783	15.2192833318637	14.9703665408608	14.4917990060369	15.1064068949022	14.2990635338369	14.3213940703232	12.3485649747994	14.6269656656386	12.3231677703011	8.26281470634004	13.9862794317047	13.4204130025068	0	14.3003531921554	15.1056049729807	14.1536654261287	14.9129504143905	15.7489491940264	15.5894018740626	15.6051058048714	14.8388781935138	13.4107193217126	15.2109209940825	14.7996257658589	14.9259874448805	14.4716064064999	14.8670134275679	11.9859051285977	14.6548383331574	15.9034941029302	14.8725199763142	15.2906524651245	11.9439096376544	14.0805254616443
M771.1802T891.13	12.7133537924044	12.5328781982473	13.6040804049227	13.3721912220545	12.2556947591546	11.4468365980051	12.6010023545446	12.4511666906618	12.500925182909	13.3846063356732	9.63373588863669	9.48405795076313	13.0470558705603	12.2811726079356	12.2299326780278	12.4545077460873	12.9071376956117	7.3025780240979	13.0838794121475	13.4198843826054	12.9856985138188	13.2554342325153	13.1306867192697	12.2292511546743	13.4834740014076	13.0425667797284	13.2647024744443	13.0243923761729	13.1192761889645	12.9809202033386	13.0998585767332	13.4079836296495	12.7567451549781	12.5212768642128	13.1594430182677	7.38122794337976	12.6932684695446	13.519217233287	7.73484269228369	12.5940357297667	0	9.96600707975138
M650.1405T536.1	17.5995195168458	15.2700724729685	14.583049719062	14.3500663755483	14.8684670749248	15.9129417815718	15.1225882003178	18.0924949179966	15.133177529147	16.5636684400639	14.421274691837	16.6828899312824	14.8363342612035	15.0642021316895	14.0645079649148	14.1616914422381	14.3815151309631	9.48181524748216	16.3500919918374	16.8303590305479	0	15.9495230609709	17.6436871722989	15.126258294286	15.0948954711632	17.4729984668	17.108143653753	17.8919488122921	16.1436292804481	13.7995955335022	14.860690869793	14.9933170052387	15.2432141635754	14.7189290147581	14.5122586440159	14.4035296989312	14.8886717021546	17.1142033628314	14.8010666334502	15.9488989369456	14.4797314414865	14.6572055440766
M650.4056T749.26	14.6712878660376	14.5417381753837	13.9094512114716	13.5805270889769	14.4504779403602	14.9804960074243	14.1241237539868	15.3329165834017	14.757279354631	15.0551488591099	15.0796111279421	15.4562495168788	15.1956375106408	13.8899083976552	13.6794995029226	14.3236673129221	14.2102031717659	14.406983295222	14.759040267124	15.0567275531297	15.1728096881254	14.8962339830412	15.2775495604645	14.5714576940882	15.0165571867664	15.8909045218089	15.0041511106696	15.4123916978595	14.8306742001619	13.3717406018111	14.0387665731811	14.6708955890501	14.4494739076355	14.6132165195051	13.7873318261339	15.1318852818626	14.6776894479072	14.5321363334749	14.9429199756751	15.0595218653634	15.3351958994607	15.3796042509205
M653.404T945.74	13.6870202485282	14.1954425302917	13.7474139993484	13.6893754353376	13.2502033487279	13.7824806273905	13.2386038449623	14.1407240471492	13.5487188320752	13.631362257731	13.9502205186731	13.8840425289227	13.4010904773628	12.8750240218882	10.7678820242892	12.7077850756308	13.3870786811557	13.5897297041874	14.0628127885677	13.9789151306503	14.7837050750898	14.5708661472188	14.2032932542783	12.5876730371058	13.1307612275562	14.5148769191873	14.3132298082606	14.0572270265554	14.5893675402039	11.8990877758762	13.1909672160351	13.5229907275389	13.7330210836939	14.0711628130012	13.8115307528597	14.7540471972769	12.8231499498611	14.5901015599939	14.5450289616605	13.9624090418304	14.5650776530603	14.6386572708514
M659.3392T330.32	17.1498887600462	16.9792550072387	16.8135704773433	16.7676992307646	17.3228611083802	16.9295373401486	16.0517196601338	17.1641560820759	17.103016668538	17.1797157545737	16.7331139208719	16.5659979857947	17.0650445997688	16.7921577186253	17.1871444856316	17.4593933671669	17.6288713531916	16.9437137981871	17.4730499384341	17.5834703814357	17.2432850402084	17.3989472881223	16.4728620121872	16.0339531986202	16.5318303214932	17.1076967082382	17.6689670520177	17.9087260805534	16.9915303063014	17.1103789064887	17.8418015192576	17.9677809866997	16.9003989163733	17.1447312967217	17.4096672265991	17.3848570311319	17.5895417882279	17.2743465165473	16.7453595072781	17.4926660827645	16.537831662362	17.0121709445839
M659.4669T795.5	14.1295317445135	14.1446945106264	15.4849381564168	14.5129322248885	13.8044432283383	13.2825890347466	13.095331894663	14.3044323621964	14.4100586352793	14.7673270738619	13.0688620190187	12.8028836531322	15.0553552457145	14.0425113450302	14.3534646038744	14.2504104245137	14.9178089943568	12.8397572813625	14.8350661258105	15.1118475632695	14.5941756677551	14.6465273676938	14.5557432466543	13.6959291039331	14.7647308846457	14.4627308575558	15.1759224394815	14.5039045681884	14.6316772455852	14.9152595930012	14.5552069682706	15.0531552034682	14.3002897667272	13.8947995398285	14.9475222175567	11.7286607446719	14.177740693572	14.8246551651192	10.8342152437648	14.0079430611078	11.9813257820683	12.142353256825
M714.7305T373.15_3	15.3689917774483	14.1967614845446	14.9299552983737	15.244480362631	13.281138131404	14.4927175924811	15.2700588145548	14.6091208085112	15.6097418739359	15.1577124517339	13.5215664093822	14.4600246839365	13.6318308300606	15.0009802344308	15.7165728675346	15.5455932457638	14.3918972672004	12.6230162662039	14.1790687996433	14.7568969631247	10.0630770827952	12.6138799093236	14.000914022278	14.7715351235818	14.1994852707146	14.1148086084848	15.4661997913985	15.1894324678735	14.3559656895382	14.8231180728525	15.7233187833244	13.888513832704	14.1339175692318	12.7906727951259	13.5521898709446	13.2546267641719	15.3288499398516	14.8485463351933	14.2562513799565	14.8357282143083	12.4351588365333	14.5430451800241
M661.2594T490.6	11.9712509234225	14.1943103628438	11.5755229427458	9.97680917052006	14.7987411746384	15.0986994545172	7.13623777675094	12.2008696004435	14.6047253889335	13.0949130835814	17.1232641606783	17.058098857632	12.5443692111878	11.3547675106416	13.4124955781544	15.6640355788613	15.6293902077205	16.2470547416243	14.3492056981928	12.3086715110753	9.62927010224814	12.7101269397987	0	13.663185452569	0	12.5598955146439	15.1360046433373	14.2741538513497	7.44478703767927	12.3318200239104	15.8145731382092	10.4021073739396	13.824130152877	14.2020305444706	11.4027219002193	16.190046284067	13.4560761768837	9.78651318808867	16.2631924605845	15.5176748914178	17.1103198315204	16.8671773556687
M661.4843T971.75	13.7086122646886	14.9141562801784	12.7002554362771	12.6406831017403	13.3910756351563	13.8291662430516	13.398766452267	13.4628652569723	13.172091013345	12.4072107659788	10.9167927103007	12.805598186123	13.4001285382872	12.0840214821471	10.019366699876	12.2100654547795	13.0843651307122	11.44311825382	13.8402911331294	13.5244590365027	13.9921752391649	14.7333845356202	15.0722074180791	10.7731346073635	11.8996568606892	13.7085462692366	14.0599625512464	13.9109689501275	13.6407766993421	10.4928500176849	12.5548995530056	14.2528454519323	13.0206879884925	14.1854942324899	13.5687688205566	11.8113073847456	13.4247117692511	14.5809507547263	11.6592339380981	13.6785341559578	12.7310591608525	12.4629310992844
M663.214T412.22_1	12.2458698464777	13.481600377994	13.8878877549724	13.7053852133219	13.7642777970025	13.5772305828864	13.7470732055985	13.1596575223752	12.1896179560334	12.5664934095032	13.0313376562224	13.5015889471472	12.6072209481104	13.1872761211227	13.0045292430653	12.1689207926937	11.9808484706328	12.8884975383793	13.0344184525371	12.2888368020097	13.4264019190472	13.6658635358992	13.8967162788963	13.1714178771635	14.6244143755669	14.3490010085551	12.2422073315347	11.9678424543552	13.729348912592	11.7523896095844	12.9138628196799	13.6564156016249	13.772024601869	14.7429077235717	14.7875082570266	13.8767478759287	11.5715630017491	14.2414503853909	13.7438912217894	12.5217965365195	13.2951226587261	12.5150522945659
M664.3483T628.9	15.2146740571758	15.6058706394371	13.6760372394597	13.3233517530162	15.6977805569055	15.879668945527	13.6985767422912	15.2930935617707	15.7037639971641	15.2989967425358	14.6408027434945	14.6123441045603	16.1280813131541	14.7026712137685	14.1853863800474	15.1224996217145	15.2408552366218	14.1077721336361	16.0964691356259	15.5764964391007	15.3626618172948	15.3942377844579	14.8163620621783	14.0561867717634	14.025152383957	15.8707614215342	15.7880903947294	16.3198157702636	15.2738728130838	13.8822537167771	15.3427635435519	14.9162604967003	15.2819806115308	15.2890750232729	14.7981926772686	14.6832295956623	15.074171187171	14.7788796679303	13.6767382066289	15.9633152603812	15.0205817178251	14.2612138888272
M667.5312T1120.61	13.4403395329637	14.5036861080274	12.947435371117	12.9543817384721	13.8477850739692	14.5098175123812	12.7555855442675	14.5137584763765	13.9142448007361	14.1330718237396	13.0273051195212	13.7634919207575	13.8905026230318	11.7959863032703	10.9577682567166	12.705720858812	13.4902289419552	13.5214189889889	14.0037863005591	14.7032182185082	14.2477239564139	14.0739588200658	14.0470499000379	12.4606985193505	12.6071737608957	14.1591678686081	14.7688454642399	14.5623034169492	14.5520412804946	12.2279738420949	12.3604588619358	13.8510140842986	13.2408399637285	14.2488270401109	13.6351616260658	14.1251225771513	13.4970762502766	14.9351382088708	13.2407468788896	14.4174164530691	13.6648317851721	14.5928280684612
M669.5468T1198.89	14.4253982295658	16.094557949092	13.7005691264407	14.7447525974909	14.357231140365	15.059927047284	13.8384164802517	14.5108463166872	14.4404451859415	15.0229660187925	14.1880904769435	15.3440866666949	14.2802668951674	12.6084235974963	7.76240714919152	10.9940048147668	14.8686372073984	14.7865783432376	14.7176818937782	15.3532596687346	15.9430917031009	16.0017398596496	16.0740045532222	13.5256778379692	13.1393591039465	15.8613939010762	14.6555365194962	14.6855856128905	15.903329952573	0	13.7168098123002	14.9764946398308	13.7579408273482	15.7511680070922	15.2402368143371	15.1165048052332	13.7694684058506	16.4361306062314	15.0719193586227	15.8592476824065	15.0495369558111	15.0719084240615
M670.4578T795.59	14.6883044528505	14.9572983501396	15.190396252977	15.0216890113654	13.6518279016777	12.953590762641	13.8025962310971	14.5016196956066	14.9311009134364	15.195830168931	12.4609002405841	13.3686574905881	14.9062747814472	14.3227755535497	14.8056345611411	14.4309826177598	15.2075687655414	11.8879917967283	14.9983057466648	15.3184567832644	14.1823615537775	15.2334585127256	14.7204904167317	14.5712181515717	15.103052408829	14.656412297508	14.7315273602886	15.056625786964	15.1222591742917	14.8368384212856	15.1697622226616	15.480948624539	14.4820473211746	14.19463871615	15.1520388454465	13.4262108499344	14.2263362467454	15.242331518947	11.6065395990297	14.4381356103583	11.5007256293347	12.4229426105206
M676.0887T278.8_1	12.811831628022	12.9215908010204	13.7962688738771	13.1699299225059	12.5834579264651	12.9726710791006	13.3598208065753	13.2570914513984	12.9926128277127	12.5299260055719	12.3836149508426	12.4369939432864	11.650980008267	12.7209312240402	14.161926520729	14.2795155292903	13.9622467281767	12.8594332323688	13.1998801967919	13.769968419997	13.2390682777244	13.9844307340207	14.9908557419889	14.2870190163375	14.5132088650528	14.6080750041619	13.6847641192367	14.5152890060397	14.5113456627767	13.618393464091	14.4715212687601	14.1038782626438	13.9436656100092	13.0725828280657	13.8141616850699	13.2764456697017	14.0150315606058	14.0963176298782	13.7907178961476	13.4358396423762	12.9116123325396	13.9497930971079
M676.5901T278.63_1	13.0486930680267	13.0031223022208	13.8673778672435	13.3426731864244	12.6629356673849	12.7745669965963	12.9378728468837	13.2877130799793	12.9676918718843	12.3875653614721	12.6966292237969	11.9448089008547	11.6660799568244	12.3246390797908	14.0651471432612	14.1896625723489	14.1843738786026	12.9188754688842	13.4639837584281	13.8128673529244	13.5364585627642	14.2053756551536	14.7970094935977	14.3026387586321	14.5770982747303	14.5047716685382	13.7724069880821	14.3801557351003	14.6211254619771	13.5281815374173	14.3737965153741	14.2780059510808	14.2549196453585	13.1468818735913	13.7868291797695	12.9015538626664	14.205559946966	14.2073777115721	13.9484178808194	13.2379712193957	12.8059005809342	13.9520318600369
M676.1247T846.63	12.6402358328347	12.2707624079631	13.7279467184413	13.2630738916537	12.1129167952482	11.5674801295169	12.2527805525936	12.813451072388	12.4826610690764	12.9380114319077	7.61156260813736	9.42366457457286	13.3075071531805	12.3355000085798	12.1300506106985	12.6992110739636	12.9759348807849	7.58655701943336	12.9257285769956	13.2734446389476	12.5627519987399	13.1433705268807	12.9940928005298	11.9788763110055	13.0905075144314	12.9633525251812	13.1680906633683	12.4587340810187	13.0077353336948	12.7712191367435	12.8873414805086	13.3543470286149	13.0370485407257	12.4401155600091	12.8730834167326	8.54935767510866	12.5384248878638	13.2712394828171	7.24070872671899	12.295757755227	8.49266058426931	10.9479057759497
M676.3394T278.83_2	13.3921418994849	13.3782720332185	14.4287005629585	13.7932563078435	13.3120817868676	13.553650966114	13.6950691955388	13.6135726934347	13.3479341722124	12.8206575789046	13.1940557445244	12.7182189822843	12.4977682668558	13.1293687006045	14.5364931396489	14.7622211895908	14.4246095022227	13.4236401984553	14.0647676513309	14.1138349487224	13.8142437776073	14.4468254226523	15.2358281680325	14.8197636774977	15.1447955847731	15.0686200524717	14.4412062390239	14.9361646349976	14.9790491369477	13.8409006349007	14.9023353817188	14.7705540152948	14.6058648843244	13.7400031542524	14.3538493464197	13.3906567256022	14.5038550807049	14.6798453810762	14.215982179062	13.8734347250048	13.2946627510396	14.4551803165405
M677.5518T1194.11	15.1968468303614	13.8119164131364	10.6404562230016	13.3973388539849	12.5442179460247	14.7363985406684	14.8309166804169	14.6959437093237	14.5415142822196	15.6538950740528	13.4625965465166	14.9312001468433	14.0150460285387	13.3271114228986	9.95775966406542	11.7384943114261	12.6701765528171	11.7678685084878	14.1968450970969	14.7211806019132	14.0501122961268	15.3185244416479	14.6727119274135	12.9329047533923	14.1259503633001	14.9488017148826	14.4202671729253	15.2592805877012	13.9632284624564	8.65280043400718	14.2868449922788	14.4750175073934	14.2321608873887	14.4431167347874	13.7713871391871	15.4276480958253	13.9954015543661	14.7780870828012	15.1466070199848	14.9955386845406	14.8393292496564	15.2088577823991
M708.5154T1029.62	17.0217837463352	16.911611605328	16.296679333519	16.3845095969418	16.497850634715	16.911551908256	16.2695908334847	17.0690244648258	16.974210554016	17.1405917212448	16.9621935112764	17.3062622696172	17.100997572055	16.2088696278563	15.8926177664354	16.120357736758	16.6217838404181	16.5245812318443	17.1545542582568	17.341615551541	17.340126506272	17.4161151788303	17.42528624471	16.4575658873243	16.3667874169524	17.4676915755581	17.3575937517207	17.3908291430869	17.2188294009477	16.2640713734787	16.4670357976396	17.0652022072806	16.7517325636775	17.0256947862353	16.4255181228558	17.1318738465975	16.7579837228911	17.3114269723947	16.7126489191756	17.0226031469883	17.1818070170747	17.2408296314592
M683.6799T425.51_1	14.7836593623238	15.5193470576574	15.3863715564615	15.239933449778	15.2894056998877	14.9417449138964	14.7495034039528	15.7195118355	15.2966539572617	16.0444213120211	15.5282749402553	15.7845174821237	15.9067736350735	14.789647784728	14.4538943124157	13.9369221900731	14.5041786702773	14.6674041081088	15.9441532521032	16.5414418991661	15.7717182590921	16.0242767580709	15.6829453442899	15.0924432444813	15.54175629803	16.6495763310659	15.6157472907202	15.2244955702353	16.1930725918376	13.5620310547843	14.4781158721012	15.9593644888397	15.7416911673267	15.573346547413	14.3975777770466	14.6676935236801	13.9177527967686	15.9463357671476	15.2084164475525	15.4802424472638	15.4207050437503	13.7369551594604
M759.0868T425.05_3	16.7516231776867	17.7193905359193	17.3771381903936	17.1749843486736	16.9083256379646	16.9930762404686	16.6091648542917	17.6792097059589	17.2300606213564	17.7492803497809	17.3878045225181	17.3721867594457	17.7681532399899	16.7196108613279	16.2769433016128	16.2233887461007	16.474247521013	16.4346547764232	17.7134881236475	18.3138732327206	17.7176199442137	17.8678761819116	17.6637428680206	16.9885119418894	17.4215731113656	18.5268192931916	17.563458999081	17.1705852105381	18.0895230166167	15.6739600784351	16.6960073499451	17.9136737553402	17.6500869589432	17.469679364244	16.1393746963729	16.6082001781818	16.0936973440264	17.7098324051809	16.98074329083	17.3729321546708	17.2761343745077	16.3844737347067
M683.279T425.2_3	15.2190428736163	16.5041483590981	16.0891312675466	15.7131164676453	15.4261322594574	15.8365322799543	15.2213027263969	16.2063183709853	15.7665619655288	16.2279687957688	16.1792337026348	15.9092337549001	16.4192089730912	15.3717000429755	14.8112774606704	14.8308912729644	14.7188898250125	15.0413403566333	16.2658892406712	16.8438734736277	16.5519530192806	16.5468659108912	16.1616709331835	15.5625498478048	16.1727520364694	17.2047554832205	16.2244370046474	15.8662526839741	16.7980167194942	14.4501693398385	15.2979208224568	16.5420846353515	16.3791054827503	15.8104419845249	14.7319154454276	15.1271729541991	14.4874509767132	16.3879418898788	15.3919861156246	16.0317950768309	15.7242093173472	15.0279703154797
M685.503T1174.98	14.118309486947	15.5996079020071	14.8205414954112	13.9477314519683	14.1016483942876	14.3340963831466	13.761777575573	14.6306096234648	13.7900587204986	14.1135054101065	13.6221762910128	14.1015787816828	13.7235938181466	11.9005392949133	11.2878870115648	12.5487268423355	14.5414372139609	13.7588835681851	14.602826734283	14.704595485629	15.2638445012896	15.7397539713485	15.297769645384	12.4192810160387	12.6467575213739	14.5922620108757	15.5944523981393	14.7337130525898	15.4656279334287	13.13294815335	13.83478032237	15.2158688442858	14.6756305457585	15.5108749875164	14.9040750968895	13.9468887859671	13.910739349392	15.828598927501	13.2778713764796	14.9382412640053	14.045662618792	14.0653868265677
M686.5065T1175.03	12.6802236268453	14.215881329208	13.4211532338649	12.5445128847819	12.9037598260333	13.0021414337956	12.258998444325	13.2611851071307	12.406935639738	12.92226524008	12.120669462872	12.6223776733263	12.3941393174413	10.1839582524903	9.42881822934238	11.130883883582	13.4009083354104	12.5389195619604	13.2433532606095	13.4270254486364	13.8811976716778	14.3984819996047	13.8661794878499	10.6044971242758	11.0152781783112	13.341351936313	14.2132338500027	13.5441711576085	14.2271394073568	11.3744342539014	12.4070506149303	13.85455791959	13.3867920576401	14.1789597809931	13.5993641225417	12.5497730443909	12.5572061971509	14.530587318201	11.7040970315207	13.6026532440244	12.6487584957891	12.7037412877033
M711.5189T1173.78	15.0074445922763	16.1042532209946	15.369776543428	14.7650081761408	15.2097427257994	15.3827729161635	14.6783618053401	15.607878827886	14.6243062863408	15.4637327235008	14.3525873876181	15.0068783763861	14.8565232395737	13.2985262945438	12.5059773904881	13.4074530716232	15.0935116872056	14.8278751806193	15.6704961992229	15.7747710155993	15.8125309451104	15.8797430246714	15.8243393002672	13.350314175002	13.5237585180412	15.4936825836847	16.1086319261192	15.686570397229	15.9854068138591	13.8817977675394	14.3525093676758	15.7548495986367	15.2958225043297	15.9096313350622	15.2464908423417	14.7095398088656	14.3862054835935	16.5845787433172	14.0457415138778	15.5919449855152	14.7618855874708	14.6796915791939
M750.5301T1173.66	12.1069199727995	13.3252835622665	12.4858924082282	12.0868225500601	12.4788709041115	12.6657008432305	11.7671999177637	12.7796474558488	11.6995821213764	12.6717189438938	11.0387938817557	11.9325214765432	11.6014298304655	10.0364755282652	8.39515579461545	9.98841939873362	12.5635860487198	11.7539193686064	12.8885452489836	13.2751101398423	12.9338037856284	13.2873919872575	13.0751826758961	9.49750377835174	9.6096858089208	12.709873165108	13.1126846848198	12.9816467155602	13.2851490639832	10.3185147571161	11.281987623651	12.8461980386273	12.3901011118729	13.2140326863423	12.4277462868458	11.874360430561	11.817865655264	13.792144423124	11.0415466997562	12.8183760796607	11.8321367391367	11.764101643283
M753.491T1174.66	11.9475917730398	13.6039035605712	13.0074314138427	11.9639414210967	12.218146801558	12.3230009060089	11.7553125496693	12.6962129400595	11.3880459030981	12.1641690346487	11.4739102777826	12.0255595634527	11.7781698602181	8.92491628657187	0	9.00146306806795	12.5648595494162	11.689479158941	12.4757213057294	12.528629017679	13.5050420595463	13.7879690857951	13.143203560221	9.56263913011549	10.3515564114849	12.4626652048401	13.6236702274099	12.6323806112281	13.5394886763531	10.8343091054981	11.6656447734397	13.2442596744175	12.8954498340585	13.6822316385809	12.8482922579	11.7539796679903	11.9367371093006	13.8047431344897	10.6954311344248	13.0198288271612	12.0142301306294	12.0673669221542
M780.5099T1173.65	11.7303442264498	12.8502169880663	12.4360604420002	11.4392139432465	11.8981243508273	12.1536749994535	11.3296777221849	12.5695380577032	11.091634740843	12.3571978923357	11.3783679992673	11.7176062596112	11.8083660562266	9.72201129391934	6.89959736663993	8.23628078676575	11.447589223	11.3318005015279	12.6233804199856	12.3514639272163	12.7503880802058	12.7312166928841	12.6850151184308	7.48848644561229	9.64690084356911	12.4984137934022	12.9756302602134	12.3991127687797	12.8348268067906	10.4268731691336	10.9960140742566	12.4249474490068	11.9978795283138	12.8733144558601	12.0475748588632	11.4218493148357	11.1555832555995	13.4332265528764	10.3728000491702	12.5386458656695	11.3667759033915	10.9751809215617
M889.4666T1174.4	10.5916057526445	12.2470433298677	12.1754837250392	9.90491464569805	10.9062352866078	10.9224881335945	9.68759293256484	11.2385406348006	9.80948178104195	10.3832528780232	10.2972595086621	10.1433296814869	10.4239415671222	0	0	0	11.273489496039	10.3283958442415	11.1001242838497	10.9699990415411	12.1856343851384	12.3737670812766	11.9633444048669	0	0	11.1952485966351	12.4349282972604	11.3786082247467	12.225000625453	9.92167718249292	10.010943284204	11.9384853449891	11.1513970530516	12.1328150370265	11.7830059343008	10.0495488801284	10.3500758989315	12.795073857165	9.3485580098733	11.4639009403999	10.4514120522487	10.536213240043
M686.4427T1029.51	19.1819105071017	18.9358215201704	18.1813057511523	18.4990619755188	18.6356028499624	19.019470917952	18.4713285585278	19.1102608192542	19.1978356022897	19.0766919343138	19.0018382841745	19.237999415238	18.9436475500185	18.5019608386079	18.1169768126253	18.2965066757336	18.6580789776111	18.7117977575354	19.0206409591049	19.4509251991896	19.2462035600982	19.4462072521261	19.4149065764294	18.504584919323	18.6396731825598	19.5077506740359	19.3975407550168	19.5532072134884	19.301423777344	18.2693864276381	18.671303770777	19.076513148283	18.7401947036305	19.0159164893058	18.5911769768577	19.2624871353894	18.9693545838735	19.4281368253949	18.9083247466754	19.1539111237212	19.2335559945006	19.3132739985338
M753.4273T1029.45	15.7005480731011	15.362559414559	14.5719165916913	14.9514270034704	15.1549472313836	15.4503574042147	14.9326021328559	15.5798210579048	15.7758423113471	15.5986008113583	15.4736522655214	15.7942638196161	15.4305053001895	14.9930671112408	14.5951996150566	14.7318821229153	15.2172641991062	15.2413136313064	15.5184987974732	15.9462962445924	15.6917135839761	15.8823819615833	15.879864935823	14.930616780161	15.0579796575249	15.9782602711686	15.8292692292277	16.108838877567	15.7825878944417	14.6964897564204	15.1154724743696	15.46154819489	15.1989425271666	15.4636031189171	15.0305886213836	15.769937330684	15.5413363090269	15.8240214079846	15.3577958416926	15.5668062907346	15.7676570504104	15.8762129838512
M755.4337T1029.53	12.5628634603621	12.0164538239704	11.383740705422	11.6353209136463	11.7587607507634	12.3053069049097	11.6400046509201	12.3816526067041	12.4211017129112	12.2145516059083	12.308601505043	12.4165386132331	12.2004946087073	11.8373080796941	11.1749753719546	11.2273023868839	11.9721881951945	11.8966805776176	12.3244188719204	12.7503436195046	12.5778936885223	12.6093522183061	12.5948444339778	11.7551519012194	11.8734023843391	12.6231838466398	12.7696262352685	12.7859573665759	12.6223887525234	11.6300820671466	11.9140570125081	12.3061685193997	12.0276322534066	12.1368990349605	11.5655967248754	12.5079154159445	12.2422928438625	12.5977629709001	12.152403060687	12.054401618454	12.5028260173585	12.7215484219872
M821.4149T1029.43	13.7747343774748	13.4532876274122	12.9155482972748	13.239188595346	13.3310453054752	13.6063249531982	12.9952425098	13.9354124495334	13.962079126901	13.7059135709891	13.8198812232783	14.0163940239468	13.7030370684095	13.1430100462677	12.7511942132486	12.8314502106615	13.2706621594436	13.4604007069317	13.6385874386969	14.1559086655778	13.98372284937	13.8424597199993	13.9504944933444	13.0892672816753	13.2922913661651	14.0508348698597	14.1630410765217	14.2903890068116	13.8454670770915	13.2044909363003	13.1573690336765	13.5171195752086	13.5100303504799	13.5001856256368	13.1785258753884	13.9478968829914	13.8300507688218	14.0185999994704	13.5012895853892	13.5997900645236	13.8196708883278	13.9891812268469
M889.4031T1029.42	12.4281522182331	11.8998722083323	11.4622123062077	11.5262224236878	11.9249314629652	12.1669367481261	11.6417723533414	12.204011614852	12.4625452334437	12.3545954908744	12.2523888008439	12.338238258432	12.3324946626732	11.7290169309325	11.2462082155537	11.3929039360721	11.8682407881691	11.9587414127644	12.3710421070265	12.614164607347	12.4512087685182	12.5577261112969	12.5936265150492	11.5419313419769	11.6811982492705	12.6908932611099	12.5657796825297	12.8691485738689	12.3169468429437	11.8136818023447	11.8971264501721	11.9455969963471	12.2328356968698	12.1846907549724	11.7973626485219	12.5110073869113	12.3789802394528	12.4923478485113	11.9822877548049	12.4042209063898	12.4774777734561	12.7282635515496
M687.4999T982.69	15.5040125791424	15.7807258883939	13.6503710710655	13.7263283056363	15.3043253857066	15.7307479108093	14.1963054325168	15.1170534188637	14.4855422167001	15.4291941348935	12.9277088094806	12.9301342642079	15.0343482959345	13.8074559997556	12.5719334390392	14.0097893206986	14.7719533462017	13.6006257048112	15.453718050198	15.0788304516646	14.7651120944711	15.4916732440698	15.8340552371581	11.5028079694065	12.5572982619088	14.1635539948381	15.4767347790761	15.8725256548661	14.6781843339131	13.1829907059412	14.2735521506333	14.8689366111278	13.5712135830656	15.0879078999388	14.3367403637709	13.722815620509	15.1556163082528	15.2219758136556	12.1135625017866	15.4302976691033	14.6332436819796	14.4017099408137
M687.8834T409.99_1	18.451287803108	17.745160647583	17.4302442897805	17.9669898513708	18.1509059829459	17.5876543079348	18.7617536749731	18.3902728504866	17.7939597953095	19.143109046976	16.9253120596068	17.091191290819	18.8929302119668	18.7816183159351	17.2354758404098	18.0400520912765	17.5190379262212	16.7728393934979	18.3815052261255	18.5027090828567	17.6977485505115	16.5753314470409	16.9757031513774	17.9492505447318	17.5985486186358	18.4487310106652	17.8732781243195	18.4218204910766	17.3773040699335	17.2838516877836	16.6537742784622	17.8807353780058	17.2772537930457	17.495176707213	17.6881631878312	17.1385231494339	17.1060751057618	17.664261258807	16.8690963128167	17.8624883125163	16.6540263157811	16.5825170058745
M689.3878T409.82_2	14.8160391571216	14.1554466705532	13.83056273491	14.3593220193263	14.5649786038501	13.9697976524196	15.0768738807849	14.7812856663217	14.2167835752103	15.4721414388669	13.3383427801359	13.4842932959324	15.3485665161593	15.179466018152	13.6854144067352	14.336844432105	13.9244013010348	13.3361454253391	14.6641395944409	14.8572354805238	14.0081181542271	13.1761758072393	13.3133859991333	14.3517618827321	13.9767527649264	14.6522194933664	14.240779889569	14.6704251872752	13.7331822779292	13.8551469535679	13.2204759419059	14.3524171495269	13.8895322029691	13.9119480829312	14.0369435040795	13.5520328117743	13.428604854611	14.0202993808449	13.3578144469486	14.2410961745748	13.0583671537434	13.1240185275268
M688.3485T626.12	15.039130123472	15.6198329382139	13.3524468188382	12.9635107450936	15.5885242471896	15.3648171233787	13.298741021654	14.8430617011762	15.4458441833649	14.8535038630576	14.2300090187029	14.1948989220344	15.6000375866095	14.280178222579	13.8270045591117	14.5785073708579	14.809140978199	12.8785884352699	15.4789890678461	15.1506233316467	14.9423589634055	15.3453069983414	14.4967744791142	13.6223694721073	13.7075917798688	15.6046125379482	15.5458333128442	16.1623350152994	15.0842860223986	13.2150083621524	14.8938043524635	14.8816271752727	14.8053465675947	14.9921782017953	14.5841542593333	13.9969316510878	15.0410502954415	14.5077337741898	12.8807451089379	15.4363013823231	14.585921422847	13.554052327126
M688.488T812.59	13.5552675961987	14.0323031068054	15.1659724343213	13.845223652514	13.8098410674702	12.7112850203221	13.003114405189	14.3385607757757	13.79531442571	14.7342107310814	11.9330537579348	11.2397842322996	14.927692439727	13.1946664945756	14.0097283280013	13.7682330964162	14.5251641245613	12.6278186739137	14.168227212807	14.3592016115909	14.4237558755889	14.4987885208415	14.0886284111941	13.313512743792	14.2185921895394	13.806192644363	15.2071572769351	14.2200732737962	14.4257569077907	14.7565774409493	14.1861523572931	14.6694625939828	14.0811346160637	13.3337595615968	13.9099678687109	11.9215996516687	13.4645487923735	14.3815515038972	8.70288396069893	13.5763477198499	11.387073933632	12.6925526621338
M689.5156T1034.01	14.989018560369	15.2244249145491	13.3068168917312	13.4148152445547	15.2232205461932	15.2305230300052	13.8914908442899	14.8533783542226	14.6112661486974	14.8512619542408	12.5139684560043	13.2422879653468	14.7176133869111	13.8149495618053	12.8842890460692	13.7344645359923	15.1423994513538	13.299295395361	14.9252912594886	14.8088862335042	14.2824484082111	14.380509427254	14.9417946373366	11.1042390597571	12.4373381837807	13.7414030147275	14.6728447272954	15.2003417098463	14.1218952638606	12.5788580815685	13.5732564103977	14.2319895998558	13.5736421779876	14.6117110663808	13.6919160737153	13.2351101756907	14.5092811572557	14.4627217157472	12.6478438940877	15.055888478283	13.7438110255597	14.0750493606023
M690.8002T843.37	12.065498980776	12.3530066501885	13.587345636954	12.8888454252892	11.8256592113475	11.5405767737317	12.0135884785706	12.3239656499154	12.458247731143	12.8401624874685	8.14434180961264	9.25995466612522	13.2452130748448	12.1567662677138	12.372784378623	11.874596795933	12.588205234023	7.08184273993438	12.8217634668833	13.1960429398944	12.3813880533742	12.6693707056426	12.6794639929644	12.2495084245383	12.8824841378576	12.9182910960538	13.1846701906141	12.5535860539064	12.9140567925636	12.7856833518127	12.4077189469922	13.2799559655468	12.7322133805788	12.2173568768951	13.0751845659011	7.922584702897	11.9928444689259	12.939056476475	0	11.7095420039194	7.21331636770061	7.62737413909313
M691.8292T335.73_1	13.4192248990657	12.9360440630507	13.2840172553361	13.4733691084047	13.5127311971962	12.7562701860058	13.558401211807	13.3794896087046	12.9706537656907	13.9866469730334	12.746621069423	13.1995013498393	14.1505350159924	13.674972193241	13.3400501248734	14.1458778153616	12.754034326646	13.5773773449374	13.9952035389208	14.0791832830263	14.2512836156709	14.1137100087677	13.7169954959134	12.9347122907161	13.9531394262736	14.3615882432682	13.5298957573797	14.0474501238128	13.9573380466433	12.7996910499898	13.5848854051544	14.4441245781461	13.6523390578794	13.392638590971	13.5425291491022	13.8757747533842	13.5483161057023	14.1593041547571	13.2122039494413	13.1842476298632	12.9125007638852	13.3487759782063
M695.5621T1195.35	14.3453562055568	14.4268480373726	11.2859821959055	13.054144868551	13.3764758337372	14.2223311287614	13.2402704895368	13.586804075463	14.1250092587988	14.0857797249836	13.3508074164061	14.337340192412	12.4595489889362	13.0465094194821	10.9864044711243	11.4359591980284	13.2560524980884	13.4468894996992	14.2361424577309	14.7255919653742	13.9521396860037	14.5438026589097	14.4894031822834	12.7523365179066	13.6401166987493	14.2373517284498	13.9826361060648	14.5690819809868	14.6575091885513	0	13.6565466642731	14.452659594824	13.2924061871652	14.600523287275	13.8285817919899	14.2378634564083	12.8083398573888	14.8923312606466	14.362786516045	14.4508068493986	14.5640302382702	14.817882532834
M699.4792T812.42	14.5245183483968	14.5846297326355	15.3401612728235	14.6255106144813	14.3896879558171	13.0913107311814	13.8535475021106	14.1646510442189	14.6073015802271	14.969378864653	12.6209957833633	12.9208011123528	15.1533260266122	14.2292103093376	14.5995264063321	14.2892018302002	15.2196780929431	13.3546752314257	15.2617653463955	15.3531498853325	14.0680725361467	15.1860486924613	14.6678371052909	14.1701535257678	14.5870942328421	14.5381806043966	15.1668999705308	14.6876926975624	14.9408406059298	14.7988773145602	14.9770474235323	15.279564678903	13.9860470025641	14.062945018657	14.9509355626287	12.521679995648	14.7338385202787	15.2590613799231	11.7794655250528	14.1757186695521	12.2123360382558	13.3663244217419
M699.9865T423.83_4	13.01141525323	14.4474721216416	14.0334332225124	13.3192238861117	13.4224908279194	14.3211434798397	12.7976062904944	14.3463749123087	14.0045701948661	13.8672875191844	14.5493936675008	13.6434541242697	14.3635668575844	12.9278502755962	12.6970860131835	12.3853796878854	13.4918809719101	11.6229853113833	14.3060529903895	15.1358329715748	14.9551298007946	14.3320769448656	14.003042818397	13.3920393179714	13.7668545668383	14.9951855837494	14.3409328077929	13.6661279069861	15.1694661171377	12.1375118761008	12.8981747646657	14.168330374749	14.3917396487789	13.9877747281155	12.4879692180745	13.3848811214763	11.6703952875219	14.2531919307506	13.3215646649089	14.1225020927627	14.1011969553126	13.6671365163927
M700.4893T423.59_6	12.8905397375665	14.5462277073549	14.0054889072096	13.8628182541125	12.9743510752478	13.9596582731768	12.8681860921094	13.9343813418047	13.8932046194617	13.6834906109101	14.477548354628	14.4036100624895	14.0211128003868	11.7276263144501	12.1922697185406	12.8796730783461	13.3741759240266	13.4934477637834	14.0055271413686	14.9750131864899	15.0563932663036	14.7282343257025	14.0664371016479	13.4787918612286	13.8617813252658	15.3771060007583	14.3712670079491	13.972751510903	15.0534131815804	11.3565887580726	13.4855151755239	14.394196806065	14.4872451446995	14.1784100440339	13.1806342904461	13.3067635484475	12.042019679175	14.5044358733781	14.1125561549667	13.6887647479838	14.3035628491913	13.4896832333395
M759.1981T425.03_4	17.197620751282	18.0635756284631	17.8015947684187	17.4375075456994	17.2429145353416	17.3860843562816	17.0245177105291	18.0651452414944	17.5841596360344	18.1977114273309	17.8010919311685	17.8664371020077	18.2891624951204	17.0075946345162	16.5594592478881	16.55983483154	16.8334322820074	16.8217154251472	18.1153778504479	18.7006167492774	18.1914500109563	18.2782648837775	18.0891004134991	17.2834753304324	17.8786453295693	19.0433172522686	17.9265392083968	17.5503773212773	18.4458437319513	16.013604002235	17.1022749480804	18.2661506318259	18.1025075375061	17.7041833787341	16.6868429658177	16.8623829556693	16.4432147457707	18.1676294108508	17.427530167323	17.8429764597605	17.7053591414599	16.8785971840998
M874.7315T423.65_2	14.7304960156159	15.5446500143141	15.2208663451544	14.712052375798	14.7992899439753	15.1178588335769	14.2501552004818	15.3757996938463	15.312095921442	15.3380300198828	15.2363006281178	15.2533447955626	15.9887136827664	14.4911495888574	13.6294574109616	14.2217317942621	14.8028056445088	14.5563034372592	15.4166565091132	16.0042385568053	15.6994321601592	15.7388508794865	15.1040677907084	14.7713067765068	15.182380275593	16.3147054369951	15.4021204853015	15.1541847682976	15.9871493826269	13.2172377095072	14.4713424042957	15.5114214513665	15.432827277691	15.0952910091474	14.3177690826651	14.6076583180242	13.9534295215849	15.3897414076844	14.6470066132849	15.2606398678291	15.08243354405	14.5753907019935
M875.234T423.21_4	15.0436496353249	16.1082795978705	15.8603306320675	15.5181974040768	15.0596468934979	15.2455637222711	14.7924004539643	15.8272211363715	15.4875520933825	15.6394581004056	16.003191109791	15.8616435115955	15.6819077394397	14.1478127609961	14.2036657390605	14.5850690360389	14.9094045240637	15.011196161817	15.6768745934073	16.530532161418	16.4162145350874	15.9999868047261	15.701716198476	15.0411853110089	15.4542499199845	16.8856875752976	15.8265495218973	15.2250815074274	16.4367000558652	13.1416340049997	15.0398162108373	16.1982795841515	15.9375802660735	15.5409381434571	14.5702945950043	15.2278076179188	14.1868161696156	16.0830377017283	15.5397084913109	15.7524668214105	15.5780618018508	15.1066093437503
M700.2882T423.41_2	13.8759502446919	15.4488330226714	15.0219701285699	14.2279607798766	14.2405857282118	14.6047930476631	14.0820805129352	14.70054947807	14.2859273824106	14.9608323875331	15.1497979098221	15.2680523906203	14.8694351962388	13.6467879406753	13.3409140617043	13.4683405922265	14.1753484903261	14.3417697313305	15.1166734889267	15.7917717767907	15.6070891210406	15.2836902366357	15.2479448191617	14.1468492253394	14.7513907781786	16.2504208273738	15.0938810625244	14.8263809504619	15.6581384767252	12.0351023670721	14.1823066658178	15.3301565317254	15.2876063950884	14.9181909929713	13.7732562933444	14.2449245818117	13.5081577917068	15.3635689091999	14.4008735694549	14.9003790179084	15.1137519402252	14.3470560920027
M722.5585T1097.37	18.5400315090028	16.6507853152298	15.9728789632617	15.7758641910761	17.7132646009051	18.5426670670861	14.8890170022631	18.6029321019801	18.4537210779031	18.1814355309038	17.3494764459749	17.5943437872984	18.4417038253784	17.3096036754735	16.8655889958828	16.0435267559421	17.3392643353823	17.280689741875	17.9556926511217	18.340015930034	18.2440488958865	16.785046295585	12.8251354361223	16.4367714593953	16.7320515374576	18.3535905076529	18.0230223306077	19.1962236932171	17.262892320041	16.1144983218076	17.3101326442076	17.0240764450106	16.9827026325648	17.1827776102647	16.4176198240672	18.2771673692391	17.2010819958006	17.8581621824013	17.2556853040755	18.6989011299985	17.4652361693388	18.2132563008403
M701.7117T404.05_1	12.6130142944344	13.9758968132191	13.9521289567041	13.7730442972673	14.1241533439259	13.9363259464118	13.7465309108559	12.8379046024305	12.0713929631695	12.8621335702823	13.7350108457484	14.3032636958709	12.5037112448414	12.4799358229928	13.1978901836662	12.0253340762595	12.1094428653921	13.1678943599172	13.0005010476605	12.3145093821188	13.6699888401837	13.4575100132553	14.0142310565623	14.1661684577495	14.1290762078291	13.8446292892628	12.0745726386169	11.9195424292357	13.7923265807619	12.9963504790495	12.1949871425852	13.429609778968	13.6624717301113	14.9042022353692	15.0286820107335	14.8283326426414	11.9043581333422	13.9757270842474	14.5206146294135	12.7632200363294	14.3523880071762	14.0062011520491
M702.2123T404.34_4	13.9928075871854	14.8406883377025	14.5190044778076	14.678446170256	15.3736270611169	15.3291144216706	14.8750197712892	14.2117112501066	13.573762811806	14.1431938040175	14.7064926504821	15.0367705164837	14.1153604303055	14.0486331348571	14.4982555426472	13.4985167643035	13.5664112113777	14.3101474244326	14.3589459782951	13.9479374369143	14.220538954043	14.3650452821335	14.7406504495369	14.7789511644491	15.3253348871831	14.6058573006095	13.7437054936758	13.2910736543256	14.7569995770841	13.8503038615393	13.9417285285317	14.4480600322056	14.8697878206858	16.1655468149481	16.3323654744451	16.0565829518997	13.2834789363729	14.8531984645997	15.1954147831588	13.8322321709473	15.1570467965658	15.037942020891
M701.8783T404.23_2	13.7904099160947	14.7545693913725	14.7305109717653	14.7735939792224	15.2610735137037	15.1298357309725	14.9208043894507	14.0865799389601	13.34170373252	13.7658273235706	14.7108378823777	15.1885231118734	13.9298373664792	14.1184697211477	14.426200598417	13.432123441622	13.5007871739152	14.2439375516647	14.2440543339558	13.148253435484	14.335591053065	14.5103643748882	14.917056856039	14.8144604739149	15.2133839015583	14.9555819648721	13.9394257239438	13.1968962411332	14.7942022240789	13.4741069873427	13.8915746923103	14.4675435882225	14.7123043264144	15.9878484585948	16.2698360165149	15.9150956141741	13.2135643319257	14.9880949186733	15.3505422245808	13.7917274507541	15.2908335754714	14.8856886766152
M702.0453T404.33_3	14.2034325770151	14.8302711308583	14.6492790956692	15.0380652912545	15.655812766642	15.6122892724604	15.1784185977945	14.519910405774	13.9848548582161	14.0909933798975	14.8341384877731	15.5676480713176	14.0628836699855	14.4259248928852	14.6798984506686	13.7330039013875	13.9031951002294	14.5272633132733	14.5712612556216	13.7792780563183	14.5145049028888	14.7311360409211	15.1624038032202	14.9907892894641	15.489595782454	15.2458090542236	13.7964608820909	13.9041699690421	15.1278755890041	13.8969491833084	14.2439240706065	14.662636574066	14.92245657625	16.344092985218	16.5622627736865	16.2724235841602	13.4763399698006	14.9686988438899	15.4781334638712	14.0582630600011	15.5049653248587	15.1470203236001
M704.2136T410.68_2	13.9378890050482	14.3659934269099	14.1437376477096	14.3457457614285	15.0094380987017	15.0151941874685	14.5621774514274	14.1084823937383	14.0722204825242	13.9984693563251	13.9224510137635	14.1729591628012	13.9768735053224	14.1054000579252	14.7691905732176	13.4799002711757	13.1214910055003	13.6469375969482	13.9689344915155	14.0927367663344	13.5403181206767	13.9261455113619	14.5193073632533	14.4282367969612	15.0579203392127	14.4438502489705	13.7042961941517	13.7046874844011	14.2188584010512	13.2127500979042	13.8730832150855	14.3208304747602	14.5818952685359	15.3556254661874	15.365899347383	15.125752041543	13.1347575537671	14.9103033848227	14.4055419450983	13.9814318923182	14.2657656299444	14.2332137085339
M706.7165T414.26_2	13.4477550656284	14.1455824327898	14.0334512371235	14.4167460303801	14.7863299815299	14.665127133246	14.2198997586011	13.9306665373967	12.8175846746009	13.4877016563761	13.5741456170089	14.0239680439618	13.3860344431226	13.9426324452822	14.5179541304007	13.3684773151922	12.950360064934	13.6940909878077	13.4802491283692	13.1262876954436	13.9834177473358	13.6781193172885	14.1855109282258	14.440257334753	14.5999171707723	14.2943919315991	13.1467134574455	13.306674424865	14.134596630332	13.4389777231437	13.3807527625488	13.8680881873596	14.2120557420529	15.5440411139553	15.5536602164104	15.1329591805399	12.538191592964	14.5538405116362	14.5751985968403	13.0186272093129	14.1516099848373	14.1848236583812
M707.2177T414_5	11.5077205740524	13.0667396559051	11.8535222044591	12.6053064657621	13.036133069565	13.2287835694329	12.5260068371398	12.2693283896626	11.3163564212133	9.8147012405452	11.5362538145431	12.7735298264899	11.4845376870385	11.892965916169	12.4399316674903	11.862193941036	11.1188320902712	12.2430219161286	11.8264530235817	11.7928786198329	11.5780498283421	11.6572093593982	12.2381480884926	12.5042142339453	12.9808314932791	12.3544927072623	11.6369439574545	11.6744645741431	12.2821896294417	10.8745485071061	11.8969259679808	11.8592237672865	12.2763114799352	13.9044036547662	13.6901842694486	13.4990607029373	10.4220873046921	12.6630424819277	12.7511843931458	11.5769189905666	12.3407205071655	12.7841318926016
M704.5479T410.59_1	14.1875719156357	14.5874856240073	14.5267670759207	14.6006534351211	15.1981937965076	15.1956316987935	14.6479565913659	14.4111935644946	14.0588209010941	14.0416856247692	13.963173274443	14.1174864783327	14.2531502183563	14.3787085409881	14.4725214699785	13.4904375623103	13.4652725185647	14.1650883848998	14.1227643099239	14.2131930909712	14.1425323432251	14.0890039477513	14.5045020840661	14.6591413299484	15.1176616645762	14.7462357249598	13.7822118718704	13.6617042738325	14.2967533747067	13.6002674562543	14.0642158335046	14.5265044499345	14.8604189294146	15.4072529030906	15.4630366137219	15.2279891808324	12.8722875550558	15.0660189769809	14.7557241552899	13.9859638873585	14.5394199858221	14.3538378192137
M707.0507T413.87_4	12.3995036743574	13.2616992764884	13.4052826022555	13.3413455692062	13.7114910597043	13.8362838648983	13.6231145373067	13.0077765157465	12.4630166681823	12.5413057779023	13.0599455918961	13.4477797530974	12.4223446454843	13.1231760704628	13.1625525676934	12.9993652955393	11.2775933480516	12.7106898778498	12.9773580589746	12.9636464005084	13.1358805225726	12.7265792072916	13.9440167294659	13.6623003855636	14.1397285476432	13.8520174207287	12.2972879381278	12.5526938320422	13.1545758722445	12.381317790346	12.8755959603976	12.7759341818556	13.3799734154678	14.7678057509599	14.8880619971131	14.25113103882	11.7368788215718	13.8938441456449	13.8146808701061	12.9583611228047	13.4761410036924	13.2825885404911
M704.8819T410.59_2	12.2989151954847	13.1888751256519	12.733719615261	13.290313679958	13.841189763502	13.8102298519737	13.1652916489821	13.1985461064363	12.4430223615081	12.3253091159431	12.5196690492057	13.2715060282502	12.3358424915265	13.0609555788811	12.918455187028	12.3047997017753	11.867452268413	12.4886890553478	12.6210904558083	12.2515333974162	12.6762026969259	12.8493753872844	13.2388939929824	13.4555342692071	13.4799226469357	13.6376036902017	12.1726978535062	9.09886421606836	13.0894012279578	12.3487417124835	12.8076261066544	12.9959761862799	13.0365462128058	14.1153482063003	14.0718721772861	13.7673101867368	11.5933314498967	13.6226019816148	12.8511793139209	12.9617212690218	13.2269840550732	12.8820723573783
M706.8837T414.12_3	13.1715584550931	14.0366661973523	14.0751811992308	14.0336411224627	14.6278361282084	14.7135771029129	14.1070996803874	13.7457204974767	13.0411505316229	13.1087958110316	13.623460095831	13.8494956500635	13.0712932621307	13.7103832819197	13.9689387373584	13.2527197150862	12.9321654869634	13.6018158955422	13.3866724899716	13.0199613525197	13.6279558098038	13.7566994946385	14.2582812986298	14.1526677660058	14.3776965106832	14.1557112673555	13.3483605980228	13.0992859406464	14.0038345686806	13.1107645193148	13.0724502814249	13.5066227647607	13.8977884160521	15.1825944347018	15.3383053705516	15.0931504919404	12.4440260731167	14.5057058481421	14.2394434728136	13.5678771342151	14.1218812866542	14.2587271203579
M708.3632T271.41_2	12.7340175914152	12.6599034388734	13.4901598366981	13.1776082859335	12.3028771127645	13.2704569699552	13.1119834517874	12.8612739539033	12.6417813701631	12.4901774533434	12.4659015742207	11.9792188426259	11.6968075111351	12.5590502476498	13.770576619695	13.5887664576128	13.2418676914381	12.2265856089913	12.9240794653214	13.280580114034	12.6548778935182	13.6413667236936	14.2288465191364	13.8681902231623	14.3850363882933	13.6473470662766	13.6215768208318	14.1192448432329	14.1437309667676	12.843895462495	14.2435400372187	13.797478898504	13.6616795322659	13.0893169112487	13.5959134167351	12.5448394254845	13.6713606354905	13.6852643045728	13.36720488371	13.0388909615874	12.7051267703629	13.8918445704432
M709.3788T1140.65	11.4742388253943	10.8753577663941	10.4869320432692	10.2232337479088	10.2267497115969	11.454302185444	9.82030183264787	11.3516560998447	11.3711575316739	11.5230180434237	11.1208283588968	11.2895963336507	11.4711130789724	10.7550619097341	8.60618732498035	9.73504730473698	10.185869036738	10.8165973536062	11.070292096941	11.8110874447413	11.2213685568708	10.9855864342254	11.5525274931011	10.0281147353397	10.1968784086846	11.6959171241326	11.4850830970978	11.8357572149745	10.7889949632279	9.71114979846534	11.020258252668	11.5154786121107	11.035621860225	11.0079527506411	10.6396550930887	11.1833989751707	10.9981702767584	11.6421376406479	9.9923352976212	11.291134148222	11.053381824159	11.3066801605723
M750.4115T1140.87	16.6989797211677	16.0957810121429	15.8024217391193	15.7318240555671	15.830597760853	16.363715897003	15.5380302365791	16.438211727184	16.5698530158286	16.4736633530807	16.2932289849517	16.4776892089907	16.6171087809485	15.784006156732	14.9756734981297	15.5725772615658	15.6028970277327	15.9016981319461	16.2370020985537	17.0055013120132	16.3402821001247	16.4624455835966	16.6678571707217	15.2030652956796	15.4837082961228	16.3887609481384	16.4833359909433	16.7904823155575	16.2430401314459	15.5130641310675	15.7447048314939	16.2605375157924	16.2751771098863	16.0853072925088	15.8787426404394	16.516642034696	15.9708997702193	16.5601593046719	15.877877886259	16.1667898815021	16.2228564391632	16.2876902868242
M754.4165T1140.79	12.3764027770194	11.635929184955	11.3140896579759	11.3582901403808	11.1356139880397	11.5708080943563	10.6551655860121	11.89994503515	11.8909457621654	11.8221767383291	11.8324222976766	11.8629307954568	12.1726945508842	10.9353072094344	9.96486921956675	10.6277592763954	10.8827748494224	11.363300574646	11.709685356469	12.4648101036417	11.8851140879089	11.9724780760941	11.863735777176	10.3993198619634	10.7821400439534	11.652936804789	12.1661089385179	12.3696264919979	11.5787644781979	11.0503203273438	11.0173253633416	11.7973251889135	11.8078327012439	11.50551682691	11.2954943724987	11.971530645839	11.4266077394338	11.950559591211	11.2748088670613	11.4674886996765	11.868495632139	11.8734185286033
M709.5329T422.92_1	12.3587454893768	13.8206460767126	13.5999934264348	13.9559735230261	13.4004630776959	13.4296983414102	14.2278632156359	12.2302655614752	11.7336642240287	13.1355267383493	13.3414973951265	13.7827866775231	12.8579163678136	13.374439126232	11.2979693869159	12.0646048186706	12.3372352144381	13.2103930495908	13.130872346222	12.5834426484695	13.2714982631288	13.9779841748763	13.8234749415738	13.9436034522376	14.8424315763001	14.2595999864102	12.3342229839315	12.4745240278174	13.9639297831148	12.6687880075477	12.5021134411383	13.9175327273027	13.7600338149403	14.5902956741022	14.4098704287782	13.3213317513243	12.3605252550265	14.3471952702124	13.9707038317671	12.4203567481064	13.6112742461791	12.3460050402802
M724.541T423.84_1	13.2621832446153	14.3181229835882	14.6520635509794	14.2715511777119	14.0582879445104	13.5113066696082	15.1103056448235	13.2027380794759	13.120211645879	13.1097394230096	14.0263669963095	14.209322523542	13.7458236685813	13.8866349093262	11.506466571488	13.2112666753747	13.2391647546054	13.3358751680995	13.4449212955826	12.9030915785663	13.5884816869972	14.5292151806131	14.9420740856943	14.2875278787998	15.0411262846564	15.0467551371024	13.4511198833677	13.0994761480849	14.6609342772729	12.7989490376488	13.4029079150054	14.7917694180634	14.8376196446008	15.1529310327762	15.4266282880635	13.9191445719451	12.9726946705183	15.1340726158537	14.4587491715789	13.4363226246014	14.2239023928217	12.9268102226683
M828.1211T422.86_3	14.1783107325582	15.1860355680389	15.1738330738771	15.4964644530219	14.9631106069647	14.8713094124337	15.7075931098499	14.3567440097083	13.4722397191604	14.7065218329429	14.7657485251198	15.2596047388348	14.4060322733752	14.6162625234864	12.7782598593582	13.5685168387955	13.9907450797179	14.293409117655	14.3612987843862	14.3092650645245	14.7030020808515	15.4603829537329	15.5452875549783	15.5542924463266	16.2284166584825	15.9708303590143	14.0626379528116	14.0148926908258	15.6401295625155	14.0200346615917	14.0819838285108	15.5524288707066	15.5332260080549	16.0832863254752	16.0645343258478	14.9022909302415	13.8578738650348	15.8889362796238	15.2218428270755	14.3447276199091	15.2027977144404	14.1105292704489
M712.834T323.48_1	18.0831605513372	17.3721097890308	18.3061679490903	18.5870205369102	17.3893010373017	17.547433286023	18.1400119483684	18.021073262295	18.1544340532903	16.8097175518779	17.6070548242536	18.5741042881782	17.5028648007691	16.9222005741426	17.8264486054519	17.457309617093	15.5603222274047	15.9215210229471	16.5812081276711	17.8340311615816	17.9999235876334	15.8536388111719	17.9559477543555	17.5891523186064	18.8609606835666	16.5432330110942	18.3200055028871	18.5564587222821	17.9058046478429	18.0392267092451	18.5377993976631	18.5227480870344	18.0506835747062	18.7239949106281	18.5209539366008	16.6536199216083	18.0427790094316	18.0014012630446	18.090060324509	16.5182327529687	16.0151173893863	18.3361601761988
M714.3383T323.5_2	14.2884898815558	13.5940023938204	14.524918485059	14.8473471074498	13.690978521648	13.8758384869143	14.5990939405824	14.1215762122194	14.4266410861585	13.4610334751722	13.8994097883109	14.8380965875119	13.8827744635672	13.2314363650113	14.2340995487557	13.7445751808744	12.0408383635113	9.2829617116609	13.0342831432136	14.2028284433014	14.3871073128902	0	14.1833653664312	13.7476309207018	15.2916101397427	12.9043621832462	14.7230814165237	14.8906528413585	14.2228478858764	14.5299518185541	14.7512294827246	15.0036976006955	14.4091513770743	14.9074737089301	14.8567002052598	12.9663056402464	14.2600302541936	14.2325385349111	14.4392555484626	12.9340333879095	12.5781146070863	14.6067883370463
M717.4297T951.9	12.4185471414134	12.3300107111398	10.9126176583087	11.8836089904116	12.1524634857965	12.4158015741134	11.4118038440234	12.2768934139965	12.9047480533966	12.6784718626836	11.9727242498254	12.7674443939122	12.1665822699251	11.8012727993571	10.8853955984158	11.1881717151963	12.5488696977256	11.8478426766162	12.8214979505582	13.0300459835362	12.5577192668442	13.7191961426503	12.7706337276114	12.0838050249254	11.8338289996177	12.7791686947733	12.5779978278389	12.5045901321905	13.1600080881929	11.7745326404556	11.90813173097	12.5563285221066	12.3779369198785	12.4541535425757	11.7094722715478	12.7600864765849	13.2310327716438	12.9099650772701	12.4224490026357	12.7781164570039	13.0709710816514	13.5107574150604
M717.4803T368.81	13.7238092788637	12.8871039339825	13.1251043841778	13.4050644056828	14.0050851928504	14.0253023606345	13.2670495635285	14.0705222999584	13.5203693793115	13.7432047821633	13.8037859152586	13.2675983755502	14.4343682894984	13.6130061255389	12.1671775771075	12.7920117629358	11.2044990238416	8.22819190210269	10.1794634521897	11.7473870167802	11.8436087992476	11.5389518043518	12.6778733777914	12.0463265589203	12.0976485073116	10.7457920620794	13.3519670269724	13.7320851830153	12.7984212462835	12.6249511197891	12.9164384708966	12.478329046915	12.4516670288574	12.5570062074316	12.5744849962706	11.8449559828357	13.1111335351831	12.2121726593252	13.6407805832755	13.5668107937269	11.400082188417	12.4136971785094
M717.9815T368.99_4	13.8453124040358	12.8069591548761	13.1503117620428	14.0679147708972	14.0730338217369	14.0088177257603	13.4516140541047	14.0572673901716	13.925777637558	13.7991468965624	14.0567783031844	12.9479022288572	14.4670002490095	13.6513135178771	11.9132250104733	12.2737042054891	10.3484025383509	8.18758500491476	12.179307732163	12.1289451068583	11.2322529029345	12.0657606161875	12.6848975900114	12.0939254327103	12.8037687172434	11.0429477858201	13.3290448776381	14.0253222505806	13.1390437971593	13.2524326685401	13.2511067225924	13.1354052688208	12.5497649676417	13.0397753373647	13.1400948530842	12.0081392699165	13.3177165727286	12.482484407998	13.2475158047707	13.2833163079873	11.5719103673507	12.3977348276041
M717.6056T369.03_1	14.4035228011465	13.728760159336	13.7400529705681	14.449620454483	14.6571339197537	14.5160088968271	13.5783369919788	14.8574756986168	14.3968160690567	14.7635738446328	14.4114336712372	13.9476685771611	15.1213333786422	13.9551261400016	12.4832798186113	13.1466786243095	10.135874960332	9.61945083987611	12.5135621174831	12.8396752906512	12.3612500592647	12.7902439815676	13.3117700548468	12.850761727647	13.2358082181052	11.7554916672405	13.800505444327	14.1846450142309	13.6982036523508	13.0748022874129	13.683982260774	13.5203828215978	13.2458681921275	13.529011978627	13.6048087939224	13.1081469872457	13.2269833081226	12.7708171832932	14.0023185799893	13.5685041847365	12.2843901399477	13.4161287350418
M719.4878T1042.88	9.79698734104779	11.8726352723283	11.1631456128508	11.6453536480014	10.1108102700499	10.7242479509399	10.1149277655689	8.9156914503027	7.82184265562226	8.59112682341328	10.8462791491812	11.4147161889703	10.0570799178588	8.10960344933913	8.5120535344227	8.70035404138315	9.98923549132675	10.6434756016614	10.9383589889296	10.8112181424365	11.5598228109492	11.7617469529899	11.8835862287739	11.829810236741	11.8694491212848	12.0069377121515	10.5127205667748	10.3187983835693	12.0649065623436	7.74562469891596	9.32222995378785	11.7270180989504	11.4174598649149	11.8443464813564	11.6648583196402	11.1704885517886	8.95989851149932	12.0152035570498	11.3202334867663	10.2624131755543	11.6889836696213	10.6289680079593
M741.4696T1042.82	11.8450788419376	13.5874829281117	13.1790868873054	13.0970152703193	12.1281988534922	12.5167025888669	12.7989762697657	11.9370845339507	11.5399251368439	12.2190502707855	12.9017582245262	13.2329269633485	12.6444076051967	11.8911114928607	10.8965625599841	11.0693453735494	12.5476568836117	12.8187100590995	12.7496379673205	12.7324931793453	13.4104075635325	13.3928838075981	13.6933287791761	13.4936393489762	13.4776133839371	13.7672967342269	12.4831435683559	12.436418731792	13.5736493874621	10.8875009474013	11.2894690265959	13.543794667715	13.0461108177995	13.393910623031	13.3645485719794	12.756023413051	11.9980314399159	13.6499593804007	13.3078784678953	11.790278406067	13.4685769078706	12.8678133197821
M742.4732T1042.75	10.7681011520631	12.3295578282334	11.8217979003429	12.0397643731548	10.8802108844548	11.3436641589812	11.4347768886434	10.6856817462934	9.94428698092987	10.7877900353531	11.858480752845	11.9813409001686	11.4483822835553	10.7642070808954	8.12179383469582	9.13298785965237	11.0494436993987	11.4482590240844	11.3498685162333	11.4191286972097	11.9241293441416	12.1505603473317	12.4679612177013	12.2029135373258	12.4713035797472	12.5118460464606	11.0923689146967	11.0633034578947	12.3617305836773	0	8.27479445498682	12.3856601891036	11.6729238435036	12.1986675564054	12.0546604974981	11.5513141828002	10.5415261759495	12.4130720195012	11.9398451168188	9.9983222026065	12.1431877234411	11.4454258131466
M877.4454T1042.9	13.25712117801	13.9496958394351	13.9498483281596	14.1641955898964	13.5858122303492	13.6003726497257	13.6745842471209	13.3429812883628	12.5162715084477	13.2337033748482	13.8495911756043	13.8232662397346	13.7139868395861	12.7922561916416	12.6582115564817	12.2674362394357	13.6109239061727	13.9041968865637	13.7578734428574	13.8171723437858	13.9441630272897	13.9776422657869	14.1937448708025	14.1298360524697	14.3413601863338	14.2924949641554	13.5710990174281	13.5218326070378	13.9120285300167	12.4603362455839	12.5765359219343	14.4132055527151	13.9741448308148	14.0034070382486	14.160443437887	13.7898644118432	13.3234337921329	14.2558187519916	14.2776521689135	12.8226327958964	12.8960358136746	13.9742821425414
M722.5585T1194.49	15.7675868211656	14.4054998948549	12.2890800563907	12.5096441013874	14.9912977898485	16.5648477252124	12.8916099194608	16.6420099852972	15.8536024282932	15.9539925509487	14.9113121247543	15.9705350342033	16.8674845176879	13.7690717074665	10.0180079444571	13.1013550008094	14.4411270568293	14.4071732376077	15.5665177868914	16.7223126618577	16.9553925371557	15.4019519314335	15.6114236664151	13.393970372524	13.1252311433995	16.6001744595027	16.0796258456342	16.7904522555003	15.5254786854386	9.8619755263432	14.7880272094449	14.1854300822719	14.4275296565736	15.2029471408118	13.3100968443379	16.7453013250807	13.971358322409	15.8477631181211	14.5801256896417	16.4186638222459	15.8590957590004	16.1575406527337
M724.111T423.83_1	12.7954027797105	14.166838664648	14.3895209249349	14.6859209763864	14.0772648088815	13.7863425429343	14.2296311443769	13.3983288865143	12.9399306132346	13.0790918732471	13.8241385595604	13.5656088343604	13.2819514159682	13.5174328626685	11.429443680587	12.3470251790491	12.9103581982435	13.1273461144075	13.2792730278828	11.9885920363233	13.3887384231909	14.4416308664138	14.3675879141765	14.4735725993916	15.0410563849184	14.6428487280183	13.2109675963525	12.4248093515949	14.5800832594234	12.7352438232181	12.6983875422269	14.3271200451684	14.2647590049194	14.9077812725248	14.8384152803186	13.4320426237792	12.7214398214692	14.6021933221435	14.2466884583367	12.835690764009	14.1500731206251	12.8084268434813
M844.6284T423.94_1	12.2407576927601	13.7493718198672	13.7317437086014	13.9956712382371	13.3438210525118	12.9421012437318	13.8819846728673	11.5946611214043	12.0237313523868	12.9138925363042	13.5262618150605	13.6702664544792	12.8344042055085	12.7812830916206	8.92061034512596	12.6992202767491	12.4530708195668	12.6793174508504	12.453906441249	12.3000212308949	13.0625424004507	13.7318805919555	13.9378970248599	13.955310368896	14.8052708004785	13.8593468116369	12.2209972094446	11.722059615601	14.2414196956054	12.4463793993771	11.8430287878466	13.9320220260487	14.1467767794639	14.4387813245884	14.7168029243984	13.242893591037	12.5268440761511	14.1783211092385	13.6844487156206	13.0099072719987	13.6680073830141	12.5763986671626
M727.5118T943.56_1	12.452972239629	13.8907310493622	13.3726024488626	12.3917079189935	11.3160777259851	10.2822551147485	10.4589310370007	10.1369083130671	13.278070048347	11.4736981331217	12.7627170378881	11.886963720211	12.6678062938511	10.8302590886389	12.7986430527877	13.1186838534931	11.7984994283183	15.6664046430934	13.3423663217594	14.8683589509074	13.1953540575808	13.5440448026863	12.152909686995	12.109731382857	11.6748754092505	14.4304889915487	12.2254374740669	12.2005286013769	12.3995067912852	12.2419288719601	13.4067265064628	11.2782379428064	12.5285826121204	12.4054254086704	12.966925505355	12.0458219410629	11.5595386345971	13.6644678142265	11.8979493948411	16.4516700439824	11.5530248358424	9.69092562361062
M728.8878T408.21_1	13.0879472201993	13.6716159509414	13.9032677081018	13.5341566585426	13.9863372186247	14.0822389759118	13.7520482895145	13.3718036193202	12.1983959595911	13.3982921899335	13.2751704910749	13.901848901117	13.2766977513313	13.3527384119205	12.8260532131708	12.5482706088772	12.7557617426134	13.308940222799	13.9209249323102	13.2458276654994	13.7383297256011	13.845160386601	13.9823365942009	13.6215147929283	14.6626263656815	14.3622541685903	13.0093682731599	12.4819400836409	14.1566816015774	12.5530797133487	12.7762363152307	13.4754936043268	13.9710332516815	14.7438654912944	14.688460678093	13.7344027284792	11.5157887169029	14.1127831620279	13.6168739830027	13.0922250958228	13.8128605730386	12.7394611402516
M729.3893T408.19_4	14.2776625581306	15.3677173125004	15.05620533177	15.2940430908813	15.5499334617526	15.7855218494964	15.4013417061298	14.8698283548541	14.1331464859768	14.6469827017854	14.8680295371395	15.2319726693239	14.7076530961409	15.2206245607076	14.6383192511227	14.2662443504742	14.188209264473	14.9359752272121	15.2915542501993	14.7286654056756	15.1487536828199	15.1911817272536	15.6507396924724	15.479072007754	16.3108648545309	15.7750552028746	14.4156534736095	14.1521807997475	15.7294147206117	14.0809678780137	14.4040778338925	15.1218465847536	15.417490839989	16.3997120962041	16.2278652188731	15.6688817485891	13.3340045446246	15.7786369493746	15.3633784572411	14.4449969363384	15.3948326005389	14.5214772202788
M773.9159T412.26_3	12.4803320961553	13.8013961148137	13.834443747156	14.2509608904352	13.8985995022774	13.9805684806077	14.3018912435558	12.8668291308407	11.9219446775363	12.7521225954113	13.7250502610909	14.0203043321811	12.7154565458676	13.5003443342616	13.4745554799756	11.6584382303182	12.1296999472619	13.0634989131786	13.6581354921979	12.8470056067673	13.3250059607528	13.75089435938	14.0908771151406	13.9584873089326	14.7506991693981	14.4034346819988	12.5126091708785	11.7717826731796	14.0164708593695	12.3982173090296	13.281337037804	13.8272015633219	13.950442334643	15.1630127067504	15.2708938694519	14.0073532710432	12.2784936072298	14.3691653879441	13.9004941096046	12.613948424088	13.8553543347093	12.8672855048026
M774.4166T410.94	11.3856361458934	12.3779478740448	12.0684585027585	12.2996702860953	12.589514817916	12.6034400519312	12.7195663126782	11.8826596696188	10.3041946229093	11.1981695387127	11.5058919451274	12.1995475127231	11.7287614488515	12.3420705401192	12.4319502655647	10.6177428745934	10.5477155414846	10.0487448035231	10.1845430504441	11.7375293902866	11.1948228861884	12.0585492675844	12.7749369555307	12.3785305030451	12.8331731083599	12.8207598234257	10.6104704352086	10.1018263041995	12.573830407508	11.0711240597019	11.9140700989148	12.2844677203714	12.0467393021891	13.6505818112122	13.6247454717196	12.4116439746818	10.1576643049327	12.5936518635747	12.2616334644165	11.3190665522102	12.4587836098745	11.4073015920752
M729.0551T408.16_2	14.5381440274157	15.1025087068717	14.8323298007849	15.0198550237326	15.3474886800179	15.5307506303715	15.29961549456	14.5637151054858	13.9148218977508	14.2252648238305	14.5510577697536	14.8472049091743	14.5875940834398	14.7304703047723	14.5498922485069	13.9519114434034	13.8926571751608	14.7115404837267	15.0610349878085	14.3837769393147	14.8974400750703	15.0518217814068	15.2753822621177	15.0437310643516	16.1859623937335	15.7206632705129	14.0843743140565	13.8037653440059	15.2980826687868	14.0011341308687	14.3578484034176	15.0003448932641	15.2994586884423	16.1518060128588	15.9922667347744	15.2371479958688	13.2833744283977	15.7004622555949	15.116210425208	14.1016338702911	14.9163740350827	14.2151123769633
M773.5817T412.1_1	11.6553515192638	13.5676072792006	13.443245731853	13.7809215996931	13.5819697084656	13.458049190325	13.7380755539378	12.6807366249686	11.9824234077582	12.527429766555	12.6749342230569	13.3166537831183	12.3939886244392	12.9004942724879	12.9006762025761	11.8667609132413	12.4530555121468	11.9583353823161	12.6150551901172	12.4184079086146	12.7814635951644	13.2282054235006	13.533644932943	13.6117890991641	14.3047342204364	13.7442582178655	11.9301699005812	10.1178373162673	13.5008829020967	12.1922839777199	12.5874793748153	13.4984237961152	13.9166675419528	14.7025358847654	14.6799478340132	13.6415345562564	10.8635565896572	13.909880844594	13.3862215630448	12.5721201695465	13.2603763569299	12.4259585587435
M774.0831T412.01_4	12.1946457633812	13.2981690868892	13.5345908642778	13.7859509754887	13.6751949509825	13.3618734664624	13.7995595854178	12.7948278464579	11.7426614052379	12.5311300649523	13.0347235555124	13.5710352024306	12.8627609424401	12.8850595842443	13.0859723121328	12.5753477888028	12.0627434459753	11.7021355548088	12.8022500354388	11.9732598745606	12.7627875068031	13.0612217533153	13.6375592733894	13.1957642691013	14.2989142701761	13.839003011431	12.1949736745484	12.005271447904	13.5155329510468	11.8051624290206	12.5209084670851	13.7140772611155	13.6163337103522	14.7835844544802	14.7030021166034	13.7152880489691	11.3375962691208	14.2730572837685	13.5110390624479	12.6189523030736	13.134978105972	12.5713354779127
M850.1191T427.47_1	11.8632807967517	13.2787729676229	13.7627598913075	13.5250541147423	13.2645574671749	13.3538363438702	13.5326652689561	12.8111218841321	12.929474044779	12.5034278926673	13.634628270217	13.2477085851918	12.8144843931212	12.7184836560546	11.4091099727843	11.9595114825916	12.1573029946011	12.8844832072372	12.6007039730955	11.1236969424731	12.2172273278126	13.0941337431735	13.3172117518529	13.4188418130665	13.9862045231214	13.7170412680113	12.4500229502889	11.4210839921638	13.2990782729356	12.1334070494227	12.659214406191	13.5742466223632	13.4994833106868	14.1024846140095	13.7766322645723	12.9752131243117	11.9643840079944	13.8598225632534	13.678376511354	12.6498309862923	13.5325468278702	12.7431698850251
M729.2221T408.3_3	14.8257431828317	15.4593915931218	15.3118715673409	15.4295551630239	15.7447697359435	15.8376525312503	15.5218421623451	14.8337610711123	14.3420501718089	14.8414914056279	14.9883529559664	15.3649428058138	14.8960762338586	14.9699013336006	14.9036187340222	14.3726208406508	14.446637382814	14.8060941869829	15.5688752569172	14.6412165417061	15.2121428637485	15.4703304980804	15.8562198045173	15.6188279417516	16.5170866277454	16.056824992336	14.4516255740299	14.2134722524528	15.797931328698	14.2128360669745	14.5248092286497	15.2463955295855	15.3191980359003	16.5000749956996	16.3314752038801	15.6069810169978	13.5930082957313	15.9270549498394	15.6324860683489	14.4608952987959	15.3309959732952	14.6409617783192
M773.7486T412.13_2	12.6864319486109	13.9869890574118	13.9920471394648	14.2424326211487	14.2684154520334	13.9712598660843	14.3158736259274	12.9276562032195	12.4262534026025	13.3273675736753	13.2770167737671	13.9555984962844	12.8389474451554	13.2375525051651	13.4916924517552	12.3190135162953	12.1034554378773	12.9527190224244	12.9010782270876	12.7801718873516	13.2948367677167	13.4879802606433	14.0569249782069	13.8267398278359	14.6528288300701	14.1837540673385	12.5005111923451	11.9334370355493	14.2397413135181	12.5184228510162	13.0861440493474	13.8964943412939	14.0099321159205	15.3466983494682	15.1484976102675	13.979660627135	12.392801296336	14.5786162064957	14.1030891316082	12.6008400346297	13.7880016198069	13.2139612419819
M774.2498T411.74_5	11.8023576565782	12.7755309814169	12.4795115073743	13.2178976172375	13.1386009041583	13.2404072031	13.0671306289246	12.1174102114535	11.414501305385	12.3372373185264	12.1123954506357	13.0331834845534	11.9561189191417	12.0601262939263	12.2771064609695	10.8165255357101	9.40211072879189	11.6201997891381	12.6869833965663	11.8705301112173	12.3093603459472	12.7671719160584	12.8873241814197	13.1164986197871	13.7531853767093	13.1860300235041	11.5285883883604	11.4045353081503	13.3509829527021	11.7303066454615	11.9668825602646	12.9485850358957	13.2898866608017	14.3124384917096	14.0233062920578	13.2728555759855	10.8065238237269	13.4029617184703	13.0604893647732	11.8824199412514	12.7855442424738	11.3600772459187
M732.3897T394.03	14.239125214613	14.4673528554582	14.1377485337116	14.1333977086125	14.2520501841445	13.7851167552059	14.4721373660571	14.3814409030893	13.8710536983315	14.701958065222	14.3622389313452	14.9127563687379	14.5232217507576	14.4491501121582	12.7326971775432	14.19213540879	13.7567446749498	14.415317777365	14.6808399873625	14.3275408797464	14.5812046183608	13.2652868228923	13.9798757176002	14.4794877927172	13.9585851907004	14.9824871634337	14.0271529275033	14.2472662798242	13.7707256409717	13.6518265799017	13.2161936741467	13.5334247353303	13.581133338912	14.0958471860705	14.3216895887178	14.135179799172	13.3017083271081	13.8947396790536	14.545626653569	13.76557695176	14.0513497318013	13.1867626754599
M738.4076T410.41	17.0152228691304	16.4232667618014	16.0080141615656	16.5456502040769	16.7607099010481	16.3478058396786	17.3704488210776	16.9285917775395	16.5660762236218	17.4621394735025	17.1924431603747	17.6133282194589	17.3769183121186	17.3962431547434	15.9336610561333	16.76570312147	16.4720796574745	17.2061239385817	17.3715183276474	17.2285254258725	16.4121573356532	15.427108069884	15.7358415407703	16.8964935069434	16.4890470799409	17.4298691958379	16.530115639455	17.0888307037303	16.0374877665186	15.7982886363087	15.6153599943343	16.0811368515453	16.0072043724509	16.3094977414197	16.5167670247302	17.4467136199187	15.936331601108	16.1315165326032	17.5039133133738	16.8629205853981	17.0979456727571	16.6524157868473
M739.9119T410.28	13.8353774623057	13.0959698552268	13.0255630847058	13.3311370041693	13.5766080419098	13.1460107285467	14.0193097679642	13.8453801829794	13.3209273515373	14.0592614346337	13.9280067663301	14.2203672882902	14.1403054063677	14.0633890176723	12.8193018825466	13.39546591572	13.107229698974	13.8806815899293	14.0899267833513	14.0898705537225	13.2746253075989	11.9352732645113	12.3880696777728	13.7784328158025	13.1883041232211	14.2625980154041	13.3388842666766	13.7855671668678	12.9288383816797	12.6939347173038	12.327682193033	13.0330769222493	0	12.992001898607	13.2711112810055	14.2650396758206	12.2147449221933	12.8552532753482	14.342286449578	13.7058993482572	13.6861863495238	13.3561678129794
M755.0005T697.25	18.4309070230114	18.3833964025308	17.4766800002687	17.8204968471197	17.7702301092018	18.2129029875925	17.5354040085289	18.5018608586718	18.1645305181489	18.388795271605	17.9133789319573	18.2371169555777	18.5464441186497	17.7157273587367	16.3870735970496	16.9846240984976	17.4204103681283	17.1677907241214	18.2333263471269	18.519806634969	18.5562277336165	18.5590423706582	18.7957181244586	17.661013872096	17.9613088967947	19.233572880112	18.1964380380308	18.7874305055285	18.5068519942836	15.3637422543595	16.8827137680682	18.4895577336733	18.2337720762182	18.4505564020177	17.8135160019867	17.7874563888684	17.1431729407681	18.8742328587546	17.9369528573632	18.2920120093997	18.2029335554994	18.1613593987751
M758.8642T425.27_1	13.8971263488545	14.6603547279463	14.7789913892139	14.2603107761722	13.3201748149383	14.2077328608211	13.8447038307642	14.7196497263508	14.4409534334822	14.9150210424617	14.4191410609132	14.5507114064676	15.0619620227896	14.1312134762448	13.0267494158648	13.5735226988918	13.9102635178566	13.2452636218852	14.7605210104686	15.1661933556773	14.8806363101048	14.9666020582299	15.3357804181096	13.6499098727651	14.7605855633424	15.6945957953604	14.5272249575235	14.3425674802039	15.1775023066299	12.9755686119179	14.1425855881397	14.9704455065145	14.9232296282055	14.5552091175731	13.3167242482846	13.603567104689	13.0580392164624	15.0365318160543	14.2334817039856	14.9679301914287	14.2674971323827	13.2768550710514
M777.8747T423.29_3	15.4347274872564	16.4537419732706	16.3942022784506	16.0014122527483	15.4918240854456	15.8299274479807	15.3761249197041	16.1509656380839	15.9275080438391	16.246172401011	16.4387402459246	16.5364884301725	16.4071970252279	15.3833279764431	14.5131435654441	15.1720451421961	15.4100142257836	15.4339019931684	16.5118530332992	16.9878710278339	16.9164101949854	16.6585596971828	16.4302097651599	15.3408803927624	15.9285138160982	17.414286323644	16.3393798982759	15.8924976091587	16.9606721469214	14.4144074844036	15.5325868373184	16.6662030958806	16.4991554045481	16.2455413367235	15.1703465403828	15.4943980662592	14.7054493129899	16.6822880016649	16.0723873304878	15.9373999604883	16.2242635960602	15.618976395262
M759.6436T425.2_2	15.5909845154351	16.4000376374248	16.1905121953305	16.1111783053238	15.4596816403983	15.8903138147879	15.6058699955407	16.3838913282301	15.9859932833925	16.5696554800176	16.1841420632978	16.1480583810726	16.559216147613	15.5265280840886	15.1686482800761	15.1094254848202	15.1882516730637	15.0760007902392	16.5633784322916	17.066351330288	16.4173667295539	16.5776100030567	16.6477754379732	15.7172556152652	16.2245503120784	17.4594088325824	16.2128102427464	16.0035234929967	16.7972510470085	14.4611471916513	15.5603534174943	16.7587364906954	16.535592697389	16.2411475140743	15.0452437233296	15.3001363387482	14.9512022818081	16.4098517122446	15.7560244770675	16.3470092362912	16.0581169583421	14.9340495571069
M777.7631T423.44_2	15.1526050340798	16.3595396381612	16.0861489089852	15.6573560620944	15.2643382594595	15.6157526862853	15.0649593821955	15.7998912737589	15.720122542972	16.0512877495478	16.2254192636686	16.3503591412658	16.0604916278929	14.7683057195765	14.3698680700051	14.5381158913685	15.0404461485002	15.2711359884948	16.1609581588738	16.7364067459782	16.6117655191293	16.5204625792538	16.1174941086808	15.4564265269844	15.723898938733	17.1532052190789	16.0131019596511	15.6678915211949	16.6508706646164	13.746363113376	14.8841482223218	16.1563754115187	16.1434433681803	15.9702416233494	14.6534950163059	15.2073472647648	14.6212569388881	16.2640954838658	15.5827749935613	15.8005006138625	15.900457952258	15.4379705590702
M764.9066T358.61_1	12.7254330556338	12.257976684803	12.0869869455815	12.4525489987244	12.6008220218331	12.5485575116639	11.6664465458184	12.9490895280553	13.4454402249169	12.9004633624753	12.6600496050421	13.0943361727122	13.0952256734774	12.6318533495969	13.1331456255445	12.9338728563659	11.6076013178151	12.2950250745675	13.1044725088422	13.2858599352939	11.9868390670479	9.51917515395567	12.5559061937005	12.8264426950732	12.8517137062264	12.061319588298	13.5257805618422	13.05410282201	12.3085990345631	12.4279970425366	13.0964186742356	12.5647822626651	12.7753753446899	13.1114395018666	12.7073370608501	12.7471135086831	12.9676296201284	12.175787950955	13.2624167554703	12.4423352717882	12.6286339081334	13.454230798759
M765.4077T358.59_3	13.0764664191072	12.4310238066589	12.5598170732944	12.4442399846812	13.3826552509195	12.7672372520184	12.5239549435925	13.1425382783736	13.6236112971339	13.3958555762389	13.0805698493361	13.7413080746335	13.3505180331422	13.2910233337965	13.3615500961941	13.3122608310052	12.3555759348223	12.9766344908065	13.8559288139574	13.6653033346306	12.4651986723632	11.0098952596921	12.7210666077188	13.2482358494502	13.46354262516	12.1337642321684	13.9251971141806	13.7267892128093	12.7011589258762	12.9529317306516	13.3211432537135	12.6275180874068	12.9090213655601	13.3618423464246	13.2305109556207	13.3214497331278	13.5864427547582	12.6345186347071	13.7585269999631	13.1345677772659	13.0777434910732	13.9158330080023
M765.9912T697.4_1	20.0690630177657	20.2995676982986	18.7263047389299	20.0109933305357	20.0565490116326	20.1215824555442	19.5217250631621	19.4834438152817	19.9002700381327	19.6983733049711	19.1636690576951	19.6208310219136	19.3061709606516	19.7375931267077	18.8407917967144	19.2186489037816	19.9089661472541	19.2558984062986	19.8811770892235	20.3083243279973	19.3839339153933	20.322182622854	20.202175793073	19.9825507805521	19.7321502963642	20.4542839227468	19.3516546684219	20.3097594759533	20.3506408462511	17.5050093260627	19.143803700707	20.1990015798255	19.3525877274003	20.266042261615	19.7445408272538	19.7051867882926	19.5180108127652	20.2862953419779	19.6609763792202	19.8733185224925	20.1808803769709	20.1621095702866
M770.348T329.67	17.7171855237823	17.9308553168305	18.5019703416202	18.4307732830026	17.8290402680252	18.05421521726	18.22092581844	18.1793235725081	18.1971459799167	17.2786978013329	17.7516334429766	18.7464273971143	17.7979454062483	17.1919129841155	17.9927592649615	17.4013271357265	15.6561559824226	15.8073431984895	16.5998383075528	18.0298790189179	17.6246559388783	16.0210414746284	17.8924925579755	18.1855064820388	18.7263415246607	16.7843202266053	18.1241335715563	18.312695131545	18.0746737161183	17.969724972294	18.2143775696579	18.7188892348107	18.0257942620937	19.0048288526723	18.5136360396884	16.959763881323	18.0509468544306	17.9187556628124	18.2076786787409	17.0056901339438	16.5500514552878	18.1102134815321
M771.8525T329.64	14.461840104613	14.6190649413013	15.0629767527409	15.0037205481156	14.4215016980906	14.6834275598797	14.8725983811411	14.8313076954329	14.8557580341967	13.8938909436981	14.3771244316926	15.3596313461612	14.39582083784	13.8367476119765	14.6227000462568	14.0350843979331	12.180342057665	12.5531920349411	13.2038777164646	14.603811965161	14.2327545544389	12.8106943667103	14.6642549203046	14.8680221468161	15.3781801167143	13.5648282567079	14.7311031100517	14.8202490664212	14.7479961159793	14.5976782257081	14.8625068243062	15.3373106266962	14.6188063929318	15.6494834793382	15.2168110395754	13.8731582461381	14.6368559611882	14.5398474618141	14.8450428881285	13.7303273734222	13.2941746017217	14.5829365505321
M770.4655T697.16	16.7999427708863	17.021196039148	16.4669050641806	16.4166891454965	16.4634066236987	16.8712192874014	16.4043750366106	17.2177635080591	16.6719211081018	17.3328509612874	16.9439736493865	16.6382351134603	17.2257363137259	16.5835934250483	15.3020080423328	15.8093928569811	16.0405273348007	16.2180453654174	16.9988066209018	17.0198200111319	17.3805187188661	17.3344467457075	17.2829026048382	16.4797122136822	16.4251500019182	17.5782452342026	17.1082498720321	17.4633847737535	17.2497096690974	14.6660161711351	15.7819458158003	17.0518793298779	16.7937139928025	17.1587223831518	16.4710381310927	16.8741598241062	16.1656541642543	17.3521330139725	16.6589962562207	16.8481463289423	16.9555844598688	16.7450801668482
M770.9677T697.23	17.1575219860311	17.4714610365295	16.639459052978	16.1677544276212	16.6654058840253	17.231201514332	16.470954643535	17.4169974754047	16.8402274133046	17.181703025227	17.0337435784333	16.3960882486347	17.5699163689027	16.5655875856832	15.7203716542913	15.9800563592591	16.2440492900988	16.2879937595728	17.1999595801355	17.0220161149064	17.6797700501333	17.2938144975648	17.4240874875497	16.2880126498484	16.6033659579528	17.5999501470836	17.1391671920173	17.3461751232314	17.7206402908545	15.0230932946898	15.8817908956899	17.0257441564605	17.1115561840661	17.188871338113	16.4978538329871	16.8266088041153	16.1244739801987	17.5097344979531	16.6054280164687	16.9765279509865	16.8731002830816	17.2560052500327
M771.9693T697.21_1	19.2417917392188	19.4204037816635	18.8247681519475	18.8622103146491	18.7792200607232	19.3368496184191	18.9602498702151	19.4142610784911	19.0962097677194	19.4133266937579	19.071906771181	19.2195807190159	19.6147720537871	19.0045213096103	17.7923862836928	18.3917814623062	18.5888241800886	18.5660218435834	19.2506630442271	19.5658207331719	19.7075305663096	19.5202605480728	19.9490732554022	18.9044154358591	18.9302622694728	19.9867305465808	19.4509170902159	19.7267371419828	19.7101679057591	17.3923939172956	18.4568514227796	19.3031134510441	19.1068880990071	19.46387788703	19.0392101018042	19.0202378230307	18.4369459624962	19.7441453175961	18.9325250486451	19.363233198866	19.1442085508144	19.1734245722239
M773.47T697.24_2	17.8933434129522	18.0554264904194	17.3489051094723	17.4675673263223	17.2764991203049	17.7200461481502	17.2772053634181	18.0700832802197	17.7796932119406	18.1948611229337	17.5063038790093	17.9275017609713	18.3013032970994	17.4580391933568	16.3987497162985	16.969813297887	17.1792403423354	17.1372819014595	17.973513396722	18.0552043737418	18.2699901650643	18.082055212553	18.2773958770604	17.3389955107556	17.5144604501435	18.3944656785145	17.8878643380575	18.2203001277665	18.4131144295376	15.813662123548	16.8903451442351	17.6836708991781	17.8243905523489	18.0991283542831	17.453414567941	17.7071264173861	16.9775039900123	18.2101692662884	17.3459857543895	17.7845179132496	17.8466933924249	17.6791418736023
M771.296T334.9	14.7234048239824	13.3803249855926	14.4489057597183	15.6337717874693	15.3240647735706	16.5929693565077	16.1584609124289	15.5599719254405	15.1680365060519	15.5633424704005	14.6290884068748	17.1451458312827	15.2892514328225	14.8625653374507	13.09687103242	14.4880857743653	12.028924544118	11.4974231688091	13.9389268620356	14.7891575352924	12.1541430119654	12.1280569892808	14.8868992729994	15.9236982919747	16.7006742854377	13.4549466723282	15.7378861971706	15.7843925792252	14.7022566328838	14.2771348137359	16.4824745431453	14.4355360078706	13.6300262496405	14.7733941685187	14.5717275269667	12.1063523840373	14.8129577142939	14.7366887487636	15.4019061505377	15.7238898263501	13.4391317256393	13.1841623679148
M777.8718T328.97_1	13.156240981838	12.8348857507467	13.0357873653734	13.2627733702027	13.2651343426276	12.3870499412067	12.6679089759851	13.2216843047026	12.4242918620835	13.4725122758634	12.2594005171849	13.155684573734	13.2721294433196	13.1719556075038	13.376408150488	13.8504064078493	13.1059208058618	13.7090492638068	13.5459766449681	13.8785991064432	14.1866550977325	14.3359717211842	13.854873377625	13.0862865146171	13.9129411291441	14.3811019028814	13.7960086076003	13.7778957699618	14.1915843710811	13.0522042429763	13.3139904679855	14.5844669838089	13.5580918447653	13.8216385161469	13.4050262360628	14.1157373627484	13.2278101637496	14.1107585170807	13.3914694293613	12.2617912455143	12.6303209704024	13.6896532983679
M781.0378T308.48	14.2182220188899	12.7082492104849	11.2744439029128	13.6279063108259	14.2314011113373	12.6355966477527	13.5934549976566	13.443933674353	12.4602349710772	13.0217177333797	13.3580018067643	12.8691932669108	11.5729412111445	15.6857635242118	12.9698435407679	13.8514983733587	14.7821939562528	14.9928053532075	13.3085785366635	12.9273025132127	15.1658625502006	15.425485476656	15.3372321438291	12.4093800434223	13.1107254678298	14.6000370660064	11.8887692077459	13.2245811401691	11.2666014867322	11.3803467746397	12.5116248349452	13.421795890744	13.9227925490786	12.154595147133	12.8164085791561	13.8094476913006	14.301318690814	13.3296261859599	12.9316784268764	13.9879133292078	14.2421035745828	12.377650870512
M781.5388T308.59_1	15.5927467727052	14.2481613652875	13.959499929695	15.3271340724238	15.8046994745761	14.3320912594509	15.1630808175645	15.0853712680565	14.1759438894908	14.5209149282793	14.8376896424071	14.6042528817161	12.9804452158964	16.9919682346664	14.7373301592401	15.3782196521644	16.4627064646069	16.6618787760793	14.7668401756883	14.5462838657014	16.9244538865363	16.9295564796503	16.7613343388127	13.8119547790807	14.4050677045205	15.7988939722442	14.045029095905	14.7484237609208	13.6624639958367	12.7808181549077	13.8725368581522	15.2095569577006	15.2946120303262	13.6778668220905	14.2029110253828	15.536959482129	16.0974564604153	14.6941662829608	14.6856716341717	15.4045417834909	15.8025892629336	14.2074870859053
M781.2048T308.74_1	15.6679579247908	13.8360856709002	13.5993335059026	15.2793489795938	15.5596028980838	14.0221401216464	14.7293193773616	14.6668356926201	14.0838240795626	14.2970596637503	14.4460819968793	14.1208199022189	12.460009333043	16.7954553432751	14.693864683111	15.2606771152916	16.2901201768897	16.4346146055199	14.4162756036306	14.4932671259367	16.6917262963173	16.6525376145575	16.623738951064	13.6160802842057	14.2058950660027	15.6079601910594	13.5884605829814	14.3323127872662	13.2010941892759	12.9504352429042	13.9350637258814	14.9532995336628	14.8390780918147	13.6146747467681	14.1011593050649	15.3585003219729	15.7757802532373	14.5368098438863	14.590072929878	15.457847064916	15.4683061412099	14.0262179785753
M781.3718T308.62_2	16.037066212056	14.4720786527791	13.8716645616733	15.5201450532651	15.9109271798923	14.4117452411534	15.2253803854085	15.1944408379884	14.4401252083225	14.7649050903908	14.918315621733	14.4012967707443	13.0038109181055	17.2826094324455	14.7527187969225	15.7452010858293	16.5633935984575	16.7782636409039	14.8639865353031	14.8352479091946	17.0383663603453	17.0689183120877	17.0102470495066	14.1155520404915	14.5711040237866	16.0212802468875	14.0360036221993	14.8936681469209	13.9068222437758	12.9834622360447	14.2457268173813	15.1652253976559	15.3374322647871	13.9300080638667	14.5450068473204	15.5099434430597	16.1377450355696	14.8015345609226	14.9599087837509	15.6731766372286	15.8262066919977	14.2313715906245
M783.8575T342.28_1	12.841809283236	12.9025401450361	13.7930028434731	13.5660768966618	12.6441138021919	13.2863229126552	13.3161368115833	12.8877811779397	12.7453432163858	11.983227245381	12.5379964051347	12.1139135550907	10.7722810640975	12.3539885366986	14.4824083408392	14.7619443836586	14.7024777277172	13.5560418882622	13.5160976113074	13.912957476001	13.6231767077498	15.1140372513827	15.5189632088485	14.4566218844334	15.2154720825685	15.0456289245244	14.2948454270714	14.4944992762609	15.0780575350063	13.6048498087828	14.585264274858	15.0034258860593	14.4691156700509	13.535904670638	14.0483684262992	13.3380645832278	14.3743373937492	14.3133594975507	13.8259683091509	13.1089803258249	12.9680858104742	14.227007532943
M784.4212T394.35	14.7314352347548	14.6703315473318	14.5936723890161	14.3957292156866	14.9105999184509	14.962599195035	14.3930743647302	15.2261493927106	14.2891702386993	14.5148577305334	14.3133675617549	14.2779201545141	14.7621779251219	15.0911569886608	15.0654258191804	15.1847555851125	14.8604862105025	14.8270073638051	14.6109401375125	14.8501417096239	15.5708530254403	15.0192423710843	14.547390225287	14.4795415976283	14.8766001620585	15.2578880515356	14.6492558803567	14.9388670451779	14.8158593016313	14.4493208341259	14.6777366948644	14.7333125703777	14.8062177552495	14.3970994031089	14.6475931435835	14.5013787158737	14.5464014668568	14.6655961318877	14.486421249567	14.8426361513868	14.4503391164987	14.6054562115534
M788.9315T409.82_1	16.8893126665616	16.4721478195907	16.1223357046006	16.5511683174424	16.8660622088014	16.4855903282694	16.7945528702033	16.8588517514085	16.5861866646127	17.352975263159	17.2334167654675	17.8151912286041	17.3490504562586	17.2800226159475	16.1550065021294	16.7655429835074	16.4101258980067	17.169113447745	17.3342126326513	17.2516656353039	16.4011695127727	15.4173120539012	15.8134200448815	17.1373832932878	16.5748463412705	17.6779039491884	16.5327633205272	17.0202707336996	16.1551078009835	15.9481116278863	15.7679159389654	16.0584475026299	16.1590743573855	16.5784373151486	16.5313637383279	17.3398698316637	16.0432100621134	16.0329152467793	17.4939253114302	16.8154471690606	17.1750044031758	16.641944631754
M790.4368T409.78_2	13.9430127876638	13.2363487568049	12.9805424452541	12.4306592327281	13.7910859068293	13.291996057488	13.7441369340201	13.7836449900851	13.4687120124995	14.4599995596503	14.2481001864995	14.8118541646003	14.1967034550307	14.2565479466518	12.9716753350655	13.7135811619628	13.3462618583922	14.0296825654475	14.4365847283761	14.2868146913738	13.3677226834367	12.6455322715764	12.5957441561312	14.1818162860361	13.6683009320482	14.7867089052263	13.7190923396826	14.1605403711543	13.099890724053	12.5177051372306	12.6423354260862	12.9196503050216	12.3319715684608	13.5834455175084	13.5582763130413	14.362960780067	13.1040869697295	13.1958787364359	14.4350784120892	13.5870864888484	14.309410914027	13.6780731123
M824.4503T410.59	13.0509414280456	12.8609072600222	12.2857332850995	12.742081990604	12.9006489345164	12.91261783103	11.9754728905458	13.0463196747599	12.951434537941	13.2407325614663	13.1533383914273	13.9016427174895	13.3987965896926	13.4949056190407	13.161780738946	13.1741469586975	12.8060639587159	13.041695016921	13.2557880962431	13.4017562282371	12.4913373417768	11.293009933678	12.3206372878585	13.3071152338974	12.6739830822803	13.9268352843755	12.8897345136903	13.1378398248328	12.0859165586113	12.0286421324672	12.2822643330419	12.4184355397433	12.4673521582181	12.8572419422161	12.7123518218361	13.1836739749488	12.7807522325569	11.6636024220384	13.4994276159087	13.0865129619926	13.1841394942296	13.3517359738213
M824.952T410.5	12.7157469010004	12.3343817485379	12.064683041739	12.4530012197186	12.7705966757887	12.5607085061784	11.8797154107494	12.6006521339666	12.9164727848252	13.2136062525199	12.8545038940958	13.6789771451213	13.1358477561138	13.1828674956647	12.9177853741951	12.8692770960064	12.3016588556835	13.0198003606599	13.0632294307582	13.2315257903314	11.655484085586	10.0367536537417	11.7365363333323	13.0166050622759	12.3846939435559	13.6906126815101	12.4500736620838	13.0604527726291	11.5797179819639	11.7406197290045	12.2627523315435	12.100566120119	12.2721515276515	12.9435591174187	12.3840502132305	13.2007086791189	12.6950394442446	11.9889096744167	13.1012652751008	12.788726126942	13.0707700220782	13.3037406463587
M867.9666T410.21_1	13.8926920895932	13.4952900005305	13.1063090818046	13.4210600890656	13.9053082312552	13.5511934932082	13.1465098080801	13.9233080642762	13.7751458246301	14.3654133027846	14.1680765145989	14.8291475591267	14.4494466645242	14.3137657258047	13.6523390098379	14.111404738181	13.625151226874	14.0773071915279	14.3825265031522	14.4496158850004	13.0831044066061	12.1097753153909	12.8552180518797	14.1634568456743	13.3484694649025	14.7993381321777	13.7025664939279	14.0624186523798	12.9101672066582	13.0559604525648	13.1050166909377	13.0426757409932	13.3640575517817	13.5108741511389	13.6141349105835	14.3083207350846	13.5363611884679	13.0465421530203	14.4968961766184	13.9376411753616	14.18984249243	14.0263000590668
M868.468T410.18_2	13.6746457790958	13.4868843275446	13.0093761344633	13.2658625570613	13.8157235760741	13.7122161250589	12.9536241741407	13.6301688321939	13.6956375010968	14.4394275717584	13.878906210915	14.7210231887583	14.2671103613899	14.2083799066426	13.6748761821665	14.0122297988957	13.4333906674737	13.9624487023135	14.3276042883723	14.3543585475577	12.6965096394411	11.9888753854436	12.5481919175328	14.1272691246918	13.2341188531295	14.6254991073769	13.6000242914164	14.0658454306882	12.9268021430921	12.7995109634003	12.9200503209325	12.8121824458008	13.1197362809912	13.6213436474481	13.5713773800411	14.2901067929374	13.4273157720758	12.7232727691256	14.3460179992584	13.6934236972965	14.1327328542879	14.1027482185096
M868.9695T410.21	12.7555096365823	12.3614113789108	11.9925661668754	12.6781610229723	12.9889393051916	12.7183839750551	12.0292734948818	12.1941731875558	12.6461913734998	13.927152886761	12.7447658355086	14.2078969504661	13.2287335715342	12.97360308708	12.340788568258	12.8833374895881	12.5703485109301	12.7246241338796	13.8021973319322	13.3329192466169	11.2756560869813	11.2391318629961	10.8786034238005	12.8463666982645	12.1367887178448	13.6924738926609	12.5028539455863	12.8697775274267	11.7011758354006	11.3270681569791	11.6260133692477	12.2120506103672	12.0790339487493	12.8782776471475	12.6566999333447	13.1025297099385	12.9881421637865	11.5764130479286	13.3238310649693	12.6320030034604	13.1396097463037	12.7868335349328
M911.4825T409.95	15.4148985847462	14.8519931116524	14.4923491005593	14.9775317013509	15.3410482272983	15.0979601443025	14.5316462103234	15.2391982741289	15.5460963244153	15.6789970003667	15.2225235955216	15.8943938651019	15.7599887268909	15.615259706307	15.2672438439802	15.3620123396388	15.273106968833	15.3181232799166	15.8450461603201	15.6986463052241	14.5631718397861	13.6867869625129	14.1988361062852	15.4193279905504	14.8218577047474	15.9458753587707	15.1250620849751	15.4596064114614	14.3270682707744	14.6453577002097	14.6149885694783	14.7564353944012	14.5521786041405	15.1290181891456	15.2614889163698	15.4755623193426	15.0555868145215	14.6279817193867	15.7995058930094	15.5135266777485	15.2454864091721	15.5384281527878
M911.9844T410.04_1	15.4097413460443	14.834336815675	14.2444488810843	14.7010999553831	15.21069147469	15.0580766714989	14.3739496172997	15.2240044721252	15.3105145396962	15.6400700869198	15.2400438717053	15.8377833716457	15.7350744890591	15.5466738733692	15.209684553336	15.2435253550538	15.1583494215062	15.2568912993429	15.8702281694498	15.6755937443952	14.5143024186954	13.8122558777055	14.0828636205229	15.4847704292973	14.5226138823351	15.854792629192	15.0250400257858	15.4394199081373	14.317811886781	14.3187253740288	14.3748365774153	14.6129528075538	14.5145934763122	15.0071305563654	14.9554060031021	15.3897082327188	15.0603891786193	14.3341147604941	15.6821562586073	15.450363558747	15.2908708096888	15.4480958608054
M912.4858T409.94_2	14.3749957035962	14.0272149420117	13.3863122409897	13.9570050968492	14.5582682237201	14.2983713786325	13.7183234375028	14.2916977102614	14.3942090571126	14.6921375987056	14.2472132533906	14.9707961664713	14.7433946874387	14.7595223724796	14.1173014612132	14.5462373705804	14.2887989131932	14.367380474314	14.8949668979168	14.7403925697533	13.6075496794957	12.7870724622336	13.5593434795995	14.6181246520604	13.8097939135448	14.8581605722448	14.1768365829548	14.3930058016935	13.397396594685	13.4278985187804	13.6797226634996	13.8322381239282	13.3862026252131	14.0261808934737	14.0491709265916	14.5351018141035	14.1061325367862	13.4687422470419	14.699681817944	14.5999515226402	14.4990649877082	14.6402292980291
M912.9871T409.8	12.7574355407415	12.7844238395301	11.6458670176296	12.380445882487	12.9647782095893	12.7107224847596	12.2033344441208	12.4380635450625	12.9082505953473	13.2791998231322	12.84808791305	13.6297587510062	13.1679380084226	13.2721711949589	12.6174009528376	13.3350550380095	12.7239562540758	12.8885703467007	13.5338299330078	13.4161034876722	12.1577112850342	10.4631867355244	11.930463369019	13.1489410493342	12.1261029194881	13.548768520929	12.5643232716616	13.0686195139162	11.6708350315119	11.8672022014019	11.6161482039219	11.9847706019193	11.1874060614494	12.6186773871177	12.4663580669826	13.0770149845295	12.744006687873	11.9703548305708	13.1353001376326	13.0577213610026	13.0757184150613	13.4448369926545
M790.8851T298_1	14.2164954696654	13.0788996795102	12.8489737476101	13.9754514115547	13.878082168308	13.5973325141484	13.851675361709	13.8109927523904	14.2311758861196	13.7217286173816	13.3587053865968	14.0390912008569	14.5864431795758	13.5780374916031	13.3606264434318	13.7994670088039	12.850399555127	12.7045000721639	13.7996598136908	14.1333196452212	13.8818132569401	11.0847852401051	13.5118510929992	13.4904566526495	13.9596071557985	13.0563853418755	13.7774619413127	13.9333249290062	12.981418103774	13.5224287438373	14.2152966413713	12.0406316428701	13.4667432515597	13.4487781597691	13.9577107892475	12.9659553319273	13.9351267237745	13.5234650906191	13.3744655882898	13.4790498415261	12.4013755592767	13.8640469855033
M791.0009T662.61	16.4590181672231	16.8091547425516	16.3389347105465	16.9379727636887	16.2097490770373	16.7504289269218	16.4450691774572	17.0281570271958	16.7296708468786	16.894852561755	16.9334984258963	16.9689367998444	16.5528016079608	15.8156377314848	15.0899773742317	15.683733084216	16.5461964053319	16.8259561729375	16.961358508609	17.4034905330532	17.0352241661184	17.4515909476004	17.0665897176979	15.9694924286393	16.8447517195589	17.9279732325259	17.2831325781497	17.4862817201504	17.6758953356544	14.3208019728968	16.0716552211544	17.2456163082105	17.0999459794596	17.0823766647976	16.4087507313807	17.3003121571892	15.3900310135525	17.820112131972	17.2707685308898	17.0736079490945	16.8819434743315	17.2634184418567
M792.4383T1029.43	13.4292785991361	13.2317723113969	12.3646197479339	12.8344300982971	12.9882582404562	13.3713156140864	12.5429561321481	13.3859274476231	13.4670386043814	13.2299020747504	13.1547939983093	13.4582161975214	12.8803630565709	12.7886053167453	12.2395089044457	12.4343675180664	12.9225035058617	13.0121080538742	13.1807356061985	13.7765191487614	13.3939824279481	13.5254533670654	13.5384575236605	12.7454687088806	12.8376007897907	13.6372432429509	13.5171758012213	13.732746130216	13.558047371074	12.2695408726348	12.7303001491081	13.2234744257701	13.0626722891479	13.1614482134359	12.8357390356881	13.6189252666774	13.2927037468401	13.618678759692	13.0502542473165	13.0846467285526	13.5684568049432	13.7357300751993
M801.8384T43.28	14.4125653507528	14.738465147596	14.4952967102914	15.0163193121497	15.0669330697559	13.513846179489	14.5423995528851	13.808974157357	14.4770555077914	14.4410675336862	14.524375675481	14.1058904428855	13.9071930499268	13.6219478936544	14.764988770822	14.325183604847	14.2942718229062	14.2670653597995	13.6314074703079	14.6028774347657	14.6348751108901	14.4480749975712	15.6317619067139	14.4145113031882	14.4022947200915	14.8583966519567	13.7036931097525	14.2227193590238	14.3165515623454	15.1202378460808	13.9130793317278	15.0272157258618	14.0955902486631	14.5086868585878	14.6300142274369	15.1877832216539	14.9188186032102	14.2390459232614	14.9465983518384	13.9459543428045	14.2342971971563	14.9843963760176
M802.4935T663.02_2	18.3472243802777	18.7358823004815	17.7709502101272	18.6441860489676	18.4066470332324	18.552413962052	18.1785683697143	18.236858640883	18.6167370143456	18.1225768272867	18.1040613145966	18.3227801715108	17.7083031103615	17.8280469075851	17.4671491850275	17.6734218815103	18.5833565245611	18.4347798147852	18.3920819927306	18.9769385456178	18.1455139369819	18.9095684330003	18.747349457122	18.2957167948462	18.7018373128248	19.3115893778076	18.1252627502087	18.9578970844381	19.011581253936	16.3447583525443	18.2046435778136	19.0397847350859	18.2189517462908	18.8932714847125	18.3117443425818	18.8751298340512	17.4291663702683	19.076138617862	18.9933890546151	18.6398866364702	18.7843462185322	18.8801896599087
M805.0151T713.62	17.2867325740447	17.3294690495713	16.5350318248173	17.3412177629002	17.686939060818	18.0323686092157	17.3602598953583	17.6481446321603	17.5866637568179	17.407787674639	17.6309492352304	17.9589214650583	17.0818798826776	17.2497252966968	15.620624709079	16.4104135698914	16.7952644671968	17.2970159929915	17.6427890308234	18.4697397652568	17.6952867093188	17.9956025047183	17.5172472571744	17.5623179040827	17.5632442256939	19.1959289799962	16.8271588834306	18.2908664987488	18.6082421731755	11.6293271994595	16.7639763691655	17.444362514987	17.5061406380378	18.3903732874516	17.4527168911318	17.9515816026152	15.9356639887364	18.8210505820266	18.3131018314992	18.1458373393346	18.2060498193537	18.1024662083846
M806.9669T662.7_1	16.2522846134412	16.7259248555689	16.4524433055259	16.6554426008153	16.0212023985914	16.6925847354083	16.0443362228801	16.965636276464	16.3660107889313	16.9203301486118	16.8160665041258	16.7898497121222	16.5975375252313	15.7141081385941	15.058830111016	15.7228230374891	16.452177159922	16.9841250519949	16.9417513453575	17.1343628944097	17.2352650032058	17.2260636122343	16.8872032245844	15.9555158357264	16.4602545180069	17.516137511345	16.9280653091955	17.1282134735277	17.5920880895644	14.9114465206271	16.2159404474019	16.9048085672551	16.8107711956746	16.9496652315441	16.345231094364	17.3340563740881	15.3119253206366	17.3496586078341	16.9067891943207	16.77138782383	16.8958665491872	17.1756996008167
M807.969T662.73_1	17.9688029070962	18.3964495087431	18.235630649184	18.1027828725466	17.8111190898831	18.168989905896	17.8821477749111	18.5494809090707	18.2273911509194	18.4733671898663	18.3217149992475	18.4318848950191	18.471024761343	17.4774634297389	16.9636085847249	17.5215994924106	17.9996140790372	18.5547630530249	18.4989451416666	18.7790956590169	18.8235403519406	18.8399202158983	18.6709076262579	17.7170402533996	18.152660183282	19.1072949102055	18.5515966942429	18.8212220685877	19.01038455601	16.7495354731595	17.9074323561837	18.5859818820484	18.3426668417024	18.4988040398772	18.0991140484822	18.8339937107143	17.1359592267996	19.0355106202089	18.6605282967296	18.5689662795962	18.4820265452627	18.5955911574267
M809.469T662.74_2	16.4788938058105	16.8979419067801	16.8844862985673	16.6075514915031	16.4344461166123	16.8293698868934	16.5525821340875	17.1795542501416	16.9627355424013	17.1592086709727	17.0265255548232	17.0894013912447	16.9623561558578	15.9995921704886	15.5394400002526	16.1246354402311	16.6251072462726	16.8972888508495	17.0311333570993	17.3240334200034	17.4434558479311	17.2767008923841	17.374233727857	16.2740485809085	16.638959785897	17.6254722420904	16.9034688680404	17.4215916088353	17.723735314892	15.1624396618135	16.5502266781936	17.0479442156022	16.6773654119986	17.1679332990021	16.5997914255717	17.3195352888868	15.6339829813476	17.609533804323	17.2104867720417	17.2199487340979	17.0953983951468	17.0176368989858
M809.8727T347.94_1	12.7749209947867	12.2229132406291	11.1410468493807	12.8341571575716	12.4653985410697	11.2159138752664	12.5708659919687	11.2453154981688	11.5682420756354	11.3398714828009	11.8096536063779	9.89633860703038	8.74987089637172	13.8592219877908	12.9773809716274	13.3228712467878	13.581498596024	14.2487981669476	12.2156325062853	12.5487347908236	14.8142758039401	14.5116204146298	14.973289263153	11.4753362314711	12.4496022354662	13.8508864909964	11.6991029683988	12.8116168953844	12.2847524322434	11.7364948811748	12.7984955307766	13.4284064366189	13.2366116887482	12.3658804179181	12.0685189542348	13.147061266204	13.4700796506278	12.5292542405173	12.0436925909809	12.6189426613351	13.0050358636614	12.1411216466933
M810.3738T347.92_3	13.6155673514447	12.8444133443606	12.7963080060321	13.2454467577679	13.2194602905659	11.4635070850593	13.2199922246128	12.3238447224703	11.9095324051958	12.1362166674875	12.8692626533406	11.4823207554514	9.68697880734059	14.3976943337482	13.9846904897121	14.0722378081774	14.1790892182886	15.0787256632517	12.5201618071758	13.1964938229441	15.6229858413169	14.9776886375046	15.4038937745066	12.1558560247123	13.5207003684291	14.3030961922316	13.0004482556339	13.2861972454048	13.214917118763	12.3590761492307	12.8958303439691	14.3043464543527	13.836018098193	12.3111560037629	13.2915921924709	13.7939826425849	13.8645963631466	13.1647474960749	13.26309129473	13.3425008121903	13.7216493170593	12.9708352648783
M810.1232T347.99_2	13.6024259342077	12.9835931424633	12.6573490481773	13.4687288934402	13.3403767613152	11.5484088617719	13.3458067215763	12.6541219775442	11.8231521617191	11.0093455371888	12.9773341221407	11.3121369388287	9.99447385768971	14.4962292728763	14.0894781812667	14.2659890116203	14.3745249191535	15.0084894874647	12.8324711136262	13.3301711795144	15.7150006729432	15.1195986738225	15.6107493543886	12.3140739309673	13.4097517781402	14.4300587671909	12.9403701149922	13.6702828146428	13.3242348064429	12.6347479413827	13.1483303257488	14.0927239248165	13.7498898668824	12.4659798592132	13.2539546779468	13.9208173775474	14.3261072345793	13.2655131979741	13.1346150464538	13.276597925023	13.829600756835	13.305837342858
M810.9928T713.48	16.0238070992949	16.2913619950088	16.3525223919968	16.0593295712537	16.6201974726881	16.9498521036954	16.2808729207063	17.0671088220993	16.3536287265418	16.7940046432038	17.1520833449034	17.412126483634	16.9057198083943	16.2129879008049	14.2202317152469	15.2211141676045	15.2372412128638	16.4591096027856	16.7400760468381	17.6791735112466	17.4770830090924	16.9294985160999	16.5565415046461	16.3238224323895	16.337652510463	18.2250042741215	16.4160951342668	17.1961494951689	17.6700268240047	13.9177088533515	15.5003315707158	15.9701568192534	16.8305445553194	17.2790924448317	16.2126695043025	16.9072129218448	14.3959919649544	17.8745904702504	17.0723853156562	17.1984152706397	17.1459950574616	16.9316997688982
M812.4934T713.64_2	14.6118784903589	14.3703731975356	14.9271613384246	14.2832119952573	14.7675385993078	15.469282628271	14.9786876217174	15.6944660600158	14.678350732557	14.7002118618388	15.5784827637446	15.5232533918776	15.4156543604826	14.6626300741624	11.9853844186858	9.9249571994031	13.6949219183249	15.2804343037255	14.9808268999373	16.3965276322094	16.1513968511834	15.4433845134732	14.8717697410925	14.1024483734997	14.8410655676457	17.0506843814671	14.6757076734895	15.7951316856339	16.5811112796348	0	13.7247005988565	14.5748829322877	15.689809841587	15.765553052149	14.1434470938567	15.4477206602507	12.583146472935	16.4343530346969	15.5798005669048	15.7651022687646	15.8556574701504	15.0350623634058
M811.2748T335.01	15.9493969368788	14.7733948170226	15.8749373897948	16.7873263248088	16.5086976627922	17.6247593732108	17.4196800039411	16.802636900979	16.5732009377365	16.8471363100332	16.0509789471606	18.4841048180917	16.4991410808753	16.2505475037008	14.3597797236629	15.7508324156256	13.203840124961	12.9217280633071	15.2908460610146	16.0228727314163	13.7845304310535	13.6297528417466	16.2326399758752	17.0696547351279	17.9496965629646	14.8496282332789	16.8446227833751	17.095252043018	15.7735252855122	15.5972516509329	17.6849061423431	15.8445458945085	15.3230646013126	15.9735952148587	15.9350863785161	13.8573741628397	16.0933306773032	16.0105544468541	16.6548819905725	16.9387920963713	14.7068664575888	14.4966919482683
M812.7785T334.46	13.1743089549171	11.3949640481876	12.7820993791604	13.7100022028859	13.4233352089071	14.6161350913799	14.6862048350043	14.0133586364865	13.5941059809092	13.9257459284261	13.0014444605877	15.3828360942588	13.5888848992585	13.3287117738645	10.7369190989274	12.4848305914847	8.27707590284441	7.21381624689495	12.1992399356783	12.993251388238	10.1275325231121	0	13.2343312138244	14.0895958354442	15.0296240027875	10.9111568978218	13.8845691190215	13.9436304529239	12.9618545942841	12.8093814045301	14.7645627736401	12.5655908810767	12.4145573095841	13.070731610263	12.83971042461	9.50121770922971	13.1157196123057	12.9676284240421	13.6586330533818	13.8364809162882	11.1458610084502	11.1729338064211
M879.4613T1056.59	10.6411554032222	12.7251861898008	11.198375132719	11.5127610502377	10.9960006846367	11.0914898960011	10.666517312251	10.697084157176	9.15612528303362	10.8466420044382	12.8064636866424	12.1120860529375	11.6962316359386	10.0063052831338	9.37366803339051	9.31105848139522	11.0021126534573	11.7834903111833	11.4319241431089	12.2230549849007	12.8343968368001	12.5943998443004	13.2009591391333	12.3815529722814	12.2492324596503	12.7515589472475	11.1844543011093	11.1930929672679	12.570757415535	8.62701325765123	9.00767618272897	12.402563726966	12.1674511419614	12.9390278880261	12.3611904904777	11.4990890275041	10.3559039819134	12.3243727122796	12.5146221706523	10.0732202781746	12.6802158636383	11.4686169465434
M821.3728T326.1_2	20.6647949769207	20.7949476940412	21.8665843863274	21.8125983708057	20.677362101645	20.7216895147434	21.6041441040491	21.0545719324981	20.7397444922077	20.3267479045204	20.8890199687207	22.0035417290562	20.4823808326784	20.0312303680008	20.5605305849645	20.265522530659	18.1052832626258	18.519780281608	8.44578229091316	20.496235520978	20.351468328532	18.7783950661062	20.7805177725443	21.2155382684361	21.9637403032461	19.5913403637674	20.6979471965755	21.1974403134241	21.2768769828264	20.92821972481	21.3133196782994	21.8546443028262	20.9668637855737	21.9103600799547	21.4286879036228	19.6945509040312	20.6225218203165	20.887408324867	21.1947974419111	19.8192718783945	19.3008636734366	21.1089780537913
M822.8767T326.16_1	16.0890560167199	16.1756349280009	17.2790887338503	17.1991453662524	15.9846765138174	16.0928896443492	16.924288629039	16.4219443569131	16.1272346329595	15.6347871367628	16.2842726195064	17.4185435979096	15.8407884337369	15.3626485426821	15.8567956101077	15.5316939253087	13.4252564592634	13.8880380658603	14.6147906750533	15.8032149970692	15.7818676760787	14.0281388542519	16.025235942993	16.5419613804618	17.3836260171744	14.9929711818799	16.0877816785751	16.5366084744475	16.6298158548495	16.3502609585179	16.6679390111777	17.2512875888855	16.2980116897061	17.281569175802	16.7277827457903	15.0706844725709	15.9370394933611	16.2937985823752	16.5944258627276	15.2077111907565	14.6183341247278	16.4245909420773
M822.2657T334.77	12.732888518134	10.5710874123709	11.8123697245366	13.6619701807181	13.4476663441545	14.2693084398438	14.7933313227616	13.3790412571246	13.5107596248803	13.5961611527411	12.6064003729429	15.2493377902047	13.0395979279734	13.2050148474141	9.90189319858603	12.7045198826186	0	0	11.7822190254362	12.7625273686185	0	7.43865554994027	12.7937882304332	13.8164695160614	14.9012764526601	11.8616516876136	13.4467667678739	14.0486198941072	12.4222261108701	12.1267400751784	14.6787403888029	12.8569950981639	11.8956327720553	12.7785372240048	13.0184656541345	8.70481167793601	13.075721171869	12.9004081741301	13.5818597617494	14.0519856386808	10.9343339526838	11.0538562567322
M827.7596T298.8_1	14.7238372743534	14.1092989091759	15.4628703417308	15.2032326601195	14.307592625169	14.8846257185333	15.5614639121991	15.0713650681362	14.9761793381485	15.1116554619623	14.9633858664668	14.3833757494181	13.7497766504192	14.424420465193	13.6184295588625	13.4760059308159	13.4176520290499	10.9511605814202	13.0948854201958	13.7328801302501	11.5561659713402	12.6807450922392	13.9953389627675	14.8664158328029	14.5227926397683	13.2256603192489	13.7753230585512	14.3295199020469	14.3817260054904	14.3330560182813	15.1836826870964	13.8802794800148	14.7288562819897	14.6792287758449	14.4367229248929	13.0910268727079	15.1228393862029	15.3067319124505	14.0750901096379	14.4603042192745	13.0327970938043	14.3480885895254
M828.2607T299.15_4	16.5264569390604	16.1425765516538	17.2191275821477	17.2330172451071	16.1283130852318	16.9138030053408	17.2838117205476	16.9528418750143	16.7253937044255	16.8310761999084	16.677012310089	16.4723449240281	15.9268778790714	16.3051358717067	15.4841751084186	15.5411789374186	15.4318582423261	13.6484628656402	15.1064089794264	15.6894094111236	13.8064669965469	14.6248825499279	15.54035395891	16.9432402271483	16.4327155919736	14.8911948403558	15.4848240120972	16.1728801270601	16.2087195838286	16.255695423253	16.9449941512169	15.8443647278234	16.5497117048327	16.2644875568294	16.3328095982917	14.4989859165063	17.103570250341	17.2809873830947	15.8013848459211	16.200815529505	14.9302706089535	16.4391440813714
M827.7865T422.81_1	13.0564539450082	14.7422500023831	14.6459471208341	14.9004958371695	14.2387068223371	14.2033756152457	15.0161258484661	13.8614960345947	12.9427149721439	13.9756076306366	14.166882243424	14.4135189026554	13.712526477862	14.0648540895251	11.4826380381516	13.2961241681558	13.5637108779116	13.8710907802434	13.9733316441828	13.764100334712	14.1958096558094	14.2765662354457	14.8743601851879	15.0108240565946	15.6972172980743	15.3073758016321	13.4302736201571	13.4349752498542	15.007517224762	13.3546120968924	13.325735492391	15.0136861841848	14.8596299889204	15.2267411411739	15.5097524667729	14.2457215654212	13.1717420905303	15.040789283521	14.6974387689462	13.4487190619174	14.6200043502186	13.5573420408344
M828.288T422.87_4	13.8951390364812	14.9557207216433	15.0135772146263	15.1835688999595	14.6874000939996	14.6491880194158	15.3667096069904	14.0553365281574	13.2696017371672	13.901715709401	14.491607315058	14.7879806524359	14.2505829555937	14.2595307987586	12.9121588945286	13.4827067023936	13.8563776643259	14.5781080372833	14.0128479795926	13.9633413286293	14.2739384740199	14.9961725905095	15.2655006339854	15.2831173067681	15.8538796677433	15.4157609638091	13.7515076993014	13.5573195083071	15.1155286041533	13.642385520668	13.807078311864	15.1846673637449	15.2771456502116	15.7577585953215	15.5816202198773	14.4674676149564	13.3254143366386	15.3875456705309	15.1711232462014	13.6702890433428	14.8312737190282	13.9107237834106
M827.9267T299.17_2	16.2080538296312	15.8540089448931	16.8982001114196	16.8954439514701	15.6202858107056	16.3462660196745	16.8072225360201	16.6709609340264	16.6763767941187	16.3185229873252	16.1475253445493	16.1141813874063	15.5462880367849	15.7622821616009	15.0984225562641	14.660613570304	15.0007929506767	13.0407183278566	14.8761396766825	14.9917600288157	14.0386564468341	14.5609509355111	14.9461112130732	16.4805937198737	16.0128631063412	14.634578647793	15.0941103609784	15.8886457182413	15.682291262215	15.5955515643782	16.5153321188267	15.6464711669833	16.0059640442516	15.894453583422	15.897388007991	14.140878323014	16.6310803534417	16.7233406202517	15.2682404617207	15.4585525979133	14.3680642329803	16.1147045073723
M827.954T422.91_2	13.8143499911031	15.2503683026202	15.3210373493179	15.3872452515609	14.9395624582529	14.8543904189178	15.6058957110698	14.2782934166248	13.6937237301047	14.5318520398286	14.7959906424737	15.001279775416	14.3674593317719	14.7236080645238	13.0602134656057	13.8070641890367	13.9681151568323	14.4430584351466	14.6391738349903	14.3344785588212	14.4917556543345	15.4108593749306	15.4135264203442	15.512781132434	16.4685149356707	15.9392595910264	14.2291780053176	13.8802022663317	15.6130767874813	14.0900302156431	14.0841322989658	15.5040260453273	15.5491567059498	15.9657015855901	16.0898083358267	14.9149982162644	13.725664930958	15.7896546672931	15.5214038455562	13.952510075437	15.2335252610293	13.7586032332537
M828.0934T299.32_3	16.5291836815691	16.3158475047201	17.4175800911824	17.3755906044834	16.0963823642241	16.6450047475774	17.4222893686323	16.9422572133749	17.0368231841259	16.7356492886502	16.5887518289561	16.8812015224659	16.1775867620575	16.4769709105909	15.7084594590037	15.6368274762028	15.5365795297168	13.9804463838499	15.3797814664932	15.6858813263173	13.8678300925178	14.6534954759384	15.756851009941	16.8514452335337	16.6714919763059	15.1624827508337	15.7596873434741	16.5156132679129	16.1702561296127	16.1642967201625	16.9383979878237	15.9917099457595	16.3150820625208	16.2602182172805	16.5586776944183	14.5834124894106	17.1040315702608	17.401765278732	16.0749692878081	16.2960732128899	14.9781976320755	16.5166290561032
M831.8631T325.77_1	13.7051670457422	14.2575269142894	14.4243254301534	15.01336995177	13.3912478817243	13.6145860435686	14.8696778791783	13.0745353765438	13.074782559026	12.2734470398213	12.6880172383971	15.4528321824043	12.3841657096072	12.6783758591689	13.8160641941642	12.9975709170016	8.19805594891767	8.90404957227999	11.6799926246702	13.3066635977192	13.6646968465324	12.0708225478865	13.7938127409387	15.0053346756334	15.5875212094967	12.6641616350349	10.7421920985176	13.3790648434385	14.44618072201	12.8028041565259	13.6863777735465	14.5944164663727	13.8674837871316	14.9938252933506	14.3794464995125	12.2285682254033	13.5242116816447	13.8465707077096	14.4335582499592	11.6989137827291	12.5118525763957	14.4840429337214
M833.1103T426.4_1	12.9320901282632	14.2863198472888	14.3259563520054	14.1254608087059	13.6501862190178	13.9711793060495	14.2189370465612	13.1611629666246	13.3343365526367	13.0616575252849	14.0360778461212	14.0089403091929	13.0621500721636	13.5924898744875	13.3511069604082	12.5134518130926	12.9535179281057	13.4097441605175	13.2140473896422	12.3767537318803	12.6993138452239	13.5937717512876	14.0077353735428	13.99638578824	14.6821450937689	14.2570905512799	13.4753234132489	12.1037541230096	14.0966631658273	12.5209599365192	13.1976732852487	14.0965773137516	14.412516759426	14.4461688086435	14.3245335367783	13.869967295878	12.6815178786608	14.2809979643146	14.223375686621	13.1132249967093	13.9709684468362	13.4595613221655
M833.6116T426.3_1	13.4716483409653	14.5684863894168	14.3079400030863	14.4707353111758	13.879649080528	13.9317026240273	14.5346684576936	13.0932446489433	13.2837366748845	13.5970855449429	13.8877068509819	14.0901311657905	13.7391144082679	14.0138266889788	12.9539147275326	13.1887685576544	13.2964239927316	13.7850815622551	13.570470586987	13.2638998273542	13.4009269848217	14.028318072679	14.2312389222993	14.2595789286766	15.0205907911429	14.5197226820653	13.3398343748905	12.5701066445651	14.3741980878483	13.2463511975437	13.5404123773666	14.3557707358831	14.4479864740343	14.9227252850006	14.9550354735072	13.9020849233865	12.3204165642466	14.6964397242763	14.6200303847726	13.7008778780931	14.1523314162727	13.6379615939469
M833.2773T426.4_2	13.6923421188414	14.7291339474023	14.6278773319195	14.7094702231848	14.2258175387016	14.4644093582795	14.8700224679936	13.4713398700999	13.9067808102187	13.6958549692709	14.3621473701392	14.6909411061165	13.9947063507497	14.2715836257638	14.1170490780569	13.6044466169017	13.5725034634519	14.1300011937794	13.6436279875254	13.3178467180006	13.075240477425	14.3376345904739	14.8763382930518	14.685716607438	15.2171844599857	14.8332601570012	13.6147076130358	13.2366478627944	14.7039791743001	13.5099819509801	14.0401770437027	14.5260503638555	14.8393172885598	15.1449283700738	15.1351407680198	14.2434562673441	12.9680367322437	15.1202846839276	14.8260339330801	14.0077202274961	14.6580082307827	13.972048584115
M833.4447T426.32_3	13.7410137646137	14.7637647488857	14.5540956893222	14.889401989745	14.3513426358751	14.378419875245	15.1407582875382	13.6038663919042	13.9896091260258	14.0089948070919	14.3958642011505	14.6651239000032	13.8844742380298	14.4184470325384	12.770436984231	13.721827165083	13.8109600152549	14.3218685850682	13.6238710328812	13.4139917775338	13.4789766662624	14.5603074261966	14.8389456825631	14.6566289142375	15.2964584811291	14.8196684082255	13.7336661525269	13.1987431874539	14.755345840674	13.3154662281647	14.0441778539755	14.596449309276	14.9277589560558	15.1907071088383	15.2926990224533	14.1151058222718	13.0304216951166	14.933610145664	14.7131963319342	13.9819481200994	14.7157403696112	14.138317745594
M837.7308T335.1	12.1093033616692	11.000192637289	11.9899258342057	13.157931049439	12.8653376232091	14.1145642828353	13.8694124311813	13.2947146072282	12.8725262642466	13.112585924089	12.3668809433214	14.9507626195108	12.9632163875236	12.5261749912253	9.99698122602608	12.1627623455951	0	0	10.8680081240018	12.394199885297	8.34663755174964	7.59662873127118	12.685285216996	13.5961042706233	14.4763091567769	10.3920487187328	13.1907348753981	13.4611419655397	12.2123504009575	12.2500865775891	13.9264788874314	12.2719032508867	11.7855000446622	12.0491788077459	12.2785412956461	9.43125683248156	12.4261182486868	12.4516175606108	12.8960270254644	13.4296856643749	11.0540344133054	10.512437463012
M838.2331T336.13	12.6529306844286	10.9558617777118	12.6149021767963	13.3457893086595	13.1235496752562	14.2681772430963	14.0682813783196	13.705596575909	13.2292553032043	13.2521552080783	12.7991501273336	14.8625122251202	13.3368471778149	12.8550044548086	9.47997304724681	12.5561797817779	7.45353149096401	7.23380127855377	10.1838948750816	12.1266865670811	9.31678772797598	0	12.8505207237949	13.852917941398	14.6736895496045	10.9450549874608	13.436804618502	13.7654349367614	12.5580938271822	12.3777709665819	14.3868665435858	12.2668624341103	11.5420387261362	12.5652431228939	12.5730139371546	8.72585101102146	12.6000640741802	12.8163349447284	13.2734510951378	13.4705888943529	10.8418155406333	10.3486733103468
M837.9909T657.97_1	16.5360357450776	14.6285889738157	13.4042784149732	14.5958916505372	16.2542018801414	16.9454201725718	15.4527654254162	16.4751080135829	16.5817974055395	16.4334757961047	16.1853986333749	16.6335495957384	16.2446382878114	16.1034729349517	15.3675283646527	16.0388120424696	15.9903093971252	16.1010939381619	16.1588169975942	17.1525462609413	14.8444095861594	15.4290569212945	15.8893781308091	15.2282792952636	15.8360577122143	16.8031082992169	15.6024999367031	17.3729513309287	15.4784021628988	13.0970441270816	15.6897725831597	15.5870969233385	12.0251559618879	15.7694109980373	14.9350157021024	16.5851196477761	14.7832517497705	16.1161596940553	16.9253037464222	16.8373773996908	16.9973548171038	16.8296281985809
M843.9689T657.99_1	15.6677625453954	13.9286607111876	12.6926258219641	12.9527543584798	15.7200274705185	16.4124340839155	15.0151755264955	16.1100461731986	15.9653964837996	16.4624218712096	15.8530246705514	16.5778701225541	16.2872230341664	15.7765327924758	15.0388164668064	15.7122158021327	15.2266351575103	16.0595637147295	15.9320405156655	16.6597107710914	15.4225288143728	14.7651513053546	15.6429989252432	15.1574933457894	15.2215279377671	16.5068355843426	15.5058028878334	16.8808416355609	15.3384296741784	12.1938220761637	15.2838042705256	14.4327178594812	14.5713457956987	15.0314575772336	14.1457991290618	16.4689513711292	14.1204481417565	15.6079042201065	16.4168244966807	16.4872657260557	16.4511103178618	16.2743914699734
M844.7954T423.96_2	13.1285908888697	14.3735698842277	14.2106337569044	14.5872274658222	14.0129864305525	14.0978949371055	14.9169718783362	13.6758915527783	13.0054392980864	13.1697895958873	13.7720960896782	13.852698373142	13.5291962375864	13.6238273127088	10.37845122371	12.8629378558267	12.9228229609437	13.5090810304594	13.1516369399195	13.2049652332702	13.9513214502235	14.3700395544709	14.6003349666528	14.2868516986225	15.206809802982	14.8521795926672	13.2893948972312	13.1973802199479	14.6608189637365	13.0909145669773	13.4481053130153	14.5171438858318	14.6753895682117	14.8762491746543	15.1326993076582	13.9654447386386	12.8538900612751	14.9179339080744	14.4428286678565	13.557236057309	14.4008565014234	13.1848453751381
M845.4195T368.13	16.041325360789	15.3376820706652	14.8032856907916	15.0289354637075	15.7648400488591	15.7903309198976	14.3949725001669	15.8406716613373	16.2835861418075	16.1108551993712	15.4448582215928	14.7822979417762	16.5779569617838	16.0318830853807	15.9969172535617	16.0793199336044	15.5170655853248	15.3078647898061	16.0668895206208	16.2950390682762	15.5881970944553	15.4996596960208	15.1126100592746	14.9756674734321	14.6819943171479	15.5734863370434	15.7944835673335	16.354531261567	15.4076801901215	15.1110629813748	15.5788673621805	16.0760615727208	15.3300503005287	15.1794051325955	15.5419042523108	15.73285365361	15.6649141157585	15.5784905095171	15.1875919932666	15.9325361436523	15.0122710842054	15.6302572035617
M848.3991T304.43	14.616238195504	14.4920743512975	14.1233441608131	14.7741222299819	14.7659619554623	15.0318815644063	14.7238538173302	15.0222982177196	15.3895276514465	15.0770385975237	14.6558826573194	14.869940692456	15.9765660742629	14.7475335457769	14.0407800048311	14.4836988853683	13.6467986631963	0	14.4286003237339	14.7537972015298	14.0753202313991	13.5126992975051	14.320076660607	14.8303435886782	14.6061885038277	13.3942340474044	14.2389940982478	14.6453489467336	13.5899006176739	13.5548458343917	14.7191786664493	13.4212216083124	14.4996150951494	14.3350875012978	14.5261642910684	13.6957842457429	14.7429470969124	14.0059485416622	14.5765065427221	14.5212828584223	14.0299557355491	14.1532183556463
M849.9914T653.74_1	16.2165342446048	15.0971835399825	14.0690419527724	15.5803242997433	15.6860921444726	16.1505870546716	15.6067849205149	16.0559070096287	16.1734552434168	15.380297610526	15.243258219166	15.676887569177	15.9494862186925	15.8827081495739	14.687887716913	15.4784650994116	15.3291797771744	15.3378959106643	15.8971924217324	16.7604449424756	15.730107421297	16.3000998029154	16.1414280171276	15.1858979754682	15.9829663336604	17.1369242628792	15.3085971711488	16.862006197992	16.5147170824681	11.9266151043927	15.4941207592661	16.102585408804	15.2309765717683	16.1740240347425	15.3099972959148	16.1857437923921	14.5634094332988	16.545188183563	16.2822357039894	16.5383857290245	15.8899490617303	16.2788791729677
M851.4008T587.6	18.0692119223286	18.3602460023914	18.3449980540696	17.8203687107266	17.828368239839	17.9638166610503	17.1351253302921	17.3795746570817	17.5256156024182	18.0596258536684	17.7278735457358	18.256831774501	18.3737159923283	16.9807394694532	17.0721348931812	16.7931383260835	17.7178344696314	17.8980919206912	18.2060138832269	18.284054978948	18.917243478686	18.3770476229092	17.4055728361442	17.8538639971676	17.9010953609567	17.1300314814561	17.9383508066364	18.104066898332	17.8547324549915	17.0857141887345	16.7544585536682	18.5420044775572	18.1679017405558	18.1319246201757	17.3466448854128	17.7119564945634	18.0717043756354	17.7795787778142	18.2384078381806	16.7388371832349	18.3260266660513	18.0796841520895
M853.5965T425.28_1	13.9597749464162	14.7812608147051	14.641939293736	14.2705769675197	14.0789100781719	14.4866882771852	14.0919576327671	14.9333156299807	14.3162902550225	15.0598224340921	14.8009527774528	15.0105030856903	15.033646676444	14.0141100727425	10.7756013657704	13.843346698754	14.0216120716136	13.9136699013715	15.3047310732258	15.6195922511428	15.0387979387853	15.3903456164922	15.3706124293232	14.381589950992	14.6654869157244	16.0661636327446	14.7896170140592	14.7346621571544	15.4224202029522	12.9169180960349	14.2459587471923	15.1566083619651	15.0651151755036	14.7078324041141	13.0783258881774	13.9614660497607	13.4532563248532	15.2394395248969	14.0060380093381	15.0493204566742	14.7552957563436	13.4395540803801
M854.0973T425.03_5	17.467685109689	18.3219636955118	18.0537127342884	17.7967140615922	17.4592131737478	17.6102774732061	17.3584721205987	18.2580621459645	17.8633817978474	18.3288226890247	17.9981242606978	17.9193946375685	18.3611659188617	17.4354580099767	16.8777277390168	16.8942983607312	17.070641978265	17.1429578623193	18.3715587034063	18.8937608522727	18.3687070121266	18.5110369659765	18.3632690578211	17.6189636518971	18.1322407789057	19.2766567177836	18.1137115965604	17.8720066177241	18.6619615144161	16.1990118637102	17.3958730426327	18.5350717062255	18.2964091562512	17.9652170939595	16.8975626625957	17.1687492813931	16.7370105215972	18.370829937956	17.5835144982819	18.0386962082802	17.7780700637406	16.9346504128821
M853.7216T425.02_2	15.97027226285	16.918464504829	16.6233344812216	16.5411775766321	16.2420822440432	16.4174735929874	15.8321462194105	16.9644183239843	16.5837054524653	17.0968903563526	16.6604034707347	16.7358351693766	16.9100151559219	16.0262949639263	15.2294486844385	15.5467878151702	15.8225369555654	15.6793591596074	17.0221742470436	17.4703165680047	17.0278729787002	17.1795877647324	16.9990789740168	16.2776837000496	16.7892565720036	17.8144517932237	16.7451262673209	16.4460031169869	17.2801954148304	14.8861031254355	16.0892836513351	17.1772020001213	16.8709424131137	16.7650380446525	15.6519945490279	15.7214318137762	15.3943847099021	17.1180396916614	16.2165399516273	16.7448987347557	16.3071364076582	15.4208809014452
M854.2225T424.86_6	17.1664986440928	17.9707354869173	17.7135056740342	17.6014965865893	17.2079670739569	17.3031002625103	17.0012066064717	17.9564408545689	17.5609849898526	18.0508578254808	17.6723890995493	17.665923678755	18.0757629049644	16.9938534070251	16.5449147757131	16.5515626025202	16.9621442983794	16.8182780440009	18.0045080855967	18.6486865237663	18.1701224619835	18.1831101278502	17.968614076065	17.2783198991562	17.8211877748779	18.9661555727149	17.8867528777516	17.518850310489	18.4276157961055	15.8978670188677	17.1089601221096	18.2542299748031	17.922919783824	17.7037142564708	16.5947593688061	16.8580501249043	16.4237626017146	18.1067892610249	17.3147472558145	17.7576984474264	17.4730506354973	16.6313624297754
M853.8469T424.96_3	16.9812164929388	17.9412468311938	17.5646932622221	17.3630038044766	17.0639099324669	17.3196178273131	16.9142626602354	17.9240774753091	17.447080164729	17.9470859310482	17.5799055223874	17.5807744665422	17.9985066611971	17.0023710434271	16.3004121616714	16.4067466683391	16.7722390636859	16.6547861642118	17.866597978747	18.4588847753537	18.0029601422125	18.1067118239223	17.9437989151917	17.181436631069	17.6947308758957	18.8490252119122	17.7720195901274	17.432690529029	18.2521022321569	15.852803598564	17.0396125532431	18.069682823151	17.9825318379897	17.5823075022777	16.5420453820063	16.6988856243109	16.3112999646465	18.0164692389703	17.2127129186779	17.6431576133962	17.450663223725	16.598593278008
M853.9721T424.89_4	17.3903647557812	18.2805493409622	18.0219847796819	17.8762394404866	17.5011046587211	17.6291340439501	17.2335107369663	18.2551301494432	17.8779629186026	18.3359741417879	18.0471992609646	18.0112216768125	18.4744844494939	17.413399435427	16.8728720458441	16.8303424199871	17.231691108624	17.1903249346286	18.3631179282151	18.8827951551362	18.3438937914705	18.5362573908106	18.2812586725016	17.5344302085536	18.1302216379548	19.1792471376552	18.2627418829798	17.8548371700032	18.6631381772442	16.303659153351	17.4714995909546	18.5404785844353	18.3130788270101	18.0330124844318	16.8668106655905	17.1373622993193	16.7684055390474	18.4433743676694	17.6432430127051	18.0788970449867	17.7752534899538	17.0365712497133
M975.5384T425.03_1	15.2942775442382	16.0925360344772	15.7479759671422	15.5490619062759	15.0924517514168	15.5684891520813	15.0344217145086	15.9859392128298	15.7343266431537	16.1562554553075	15.752577462651	15.738799648285	16.1090411191335	14.8657761456945	14.618739099591	14.6764762470596	14.9712524984048	14.911185552047	15.9625208084043	16.6754852124081	16.1250507043707	16.1448934097585	15.9982382739629	15.5013729902364	15.9621449750044	16.8850971385739	16.0243130040538	15.6340183611702	16.4890892806004	14.0887025102329	15.2214759516736	16.1182358356618	16.0819983119348	15.8868434202345	14.6631042292445	14.9310665159966	14.5306549193226	16.258845248369	15.3939956902161	15.8961811731903	15.4500199171349	15.0087687141921
M976.5408T425.02	13.7510320597332	14.8162506512211	14.3423174475101	14.6074843049543	13.8762702142609	14.4119934928173	13.6979342304798	14.6155203902014	14.4024300762812	15.4432056505781	14.6300071956945	14.7930278015962	14.9517469798992	13.8389275538486	13.3111505602182	13.211393118836	14.0881480496205	13.548371839375	15.1628477446589	15.6019017523534	14.912533433175	15.2917324793011	14.8503246979116	14.282875168786	14.6186938019459	15.6275198425169	14.7259114793992	14.4248793717039	15.3658828199639	12.7812854502661	13.9390478556256	14.9171154850423	14.959272808282	14.8751827201932	13.3197698503498	13.6846590478191	12.7387256675991	14.8668607154552	14.3131961399311	14.6544869078224	14.5062831382936	13.4962553891523
M862.5604T677.37	16.1404441681501	15.7498170508244	16.1996319917236	15.9385377746529	15.7066742089259	16.5663948468685	15.6168503959736	17.1426242957743	16.3242137547102	16.1713293905523	15.5875572050279	16.3090131008935	16.127707192822	13.7557674825174	13.1904398914654	14.1637805156084	14.8416937399919	13.1977455544931	15.3195130949899	16.5078631611971	16.4455498512073	15.6671781245309	16.7668547778583	15.429623959873	15.6387140437382	16.6584392888863	16.7815828215486	17.4594889506181	17.456599282664	14.5255928281568	15.8568334432714	16.1763278414632	16.2218002730939	16.5952394313147	14.8683119315654	15.2239095964396	15.5481919314665	17.4399431458303	15.3453018470827	16.6316178545882	14.3410140814578	16.3893579114009
M888.5759T677.37	15.2938257894604	14.3334108609862	14.6673696557402	14.4746990457222	14.6095423767658	15.3470776896308	14.4021645926455	15.8810286572485	15.5250517241367	14.6786557868807	14.1311854525373	15.0404693658349	14.8748627194985	12.0463159667172	12.3033347802514	12.1659804397974	13.0986865776267	0	13.9845128700558	15.2549279431913	14.9987251666832	14.2608166185917	14.805214428622	14.3215186911782	15.019986470917	16.1800033310685	15.0034552433975	16.6753213577383	15.9484215795812	13.2458313374362	15.0934051176035	14.6670148499259	14.8493299152685	15.2921106214359	13.9185043316199	11.2176922008953	14.9199078436727	16.7112670209085	14.5706656439897	15.078674094537	12.2288382935229	14.6557462104522
M874.1036T424.35_1	14.8207874911143	15.454361039742	14.5250248207498	13.766125273711	14.9876909808865	15.3895921835737	13.9245031815426	15.080334056574	15.4949998082721	15.5492626310637	14.811529320213	14.9375734787773	15.7949056792829	14.8627690318841	13.9483754688079	14.4161849996788	14.7970556044703	13.2730206044305	15.9453745319978	15.6379146084195	15.4964912044677	15.6848047286918	14.8937698822528	15.026872172101	14.334065555103	15.9422269344913	15.4013169079471	15.23720478129	15.4613261152815	13.3873912003575	13.8744459579437	14.6290173325443	15.099226825484	14.8418781661838	13.7188958326349	14.1812431691345	14.2512846319535	15.0206168521981	13.8450046717277	15.2560925484815	14.7331385008004	13.6395574124777
M875.1084T423.28_3	15.2709587709538	16.2213456769566	16.1095068188437	15.7423977089089	15.3288077349638	15.495462497705	15.2090423831703	15.7774804329568	15.5616838625045	16.0066032953231	16.1692381021167	16.3028827191958	15.7779233534703	14.9985814691703	14.5074143337524	14.593213204199	15.1365579106912	15.2361227515325	16.1899604680099	16.6282545119346	16.6139152009922	16.2544046572608	16.0757614523475	15.4117573458371	15.6760956599814	17.0189020937897	15.9181492825253	15.5547152239905	16.6998927980302	13.8351005936409	15.1281098467116	16.3750473292809	16.003613526427	15.969447619219	14.9463567492938	15.3363114453795	14.5839758613767	16.4036569412509	15.6041968513484	15.7772423353737	15.9232249659406	15.4510755094408
M881.7408T991.01	12.8433876583473	15.5550310176174	14.293004198586	13.9123183798435	15.9971933575024	16.7051127872721	13.2532085142461	0	15.8779224668187	13.0430108175893	14.538131307913	13.3139871865848	16.6985752159721	14.2288713700428	13.7036350273582	14.6977708512212	15.913205863998	15.4181154133836	13.2149142322908	10.934017765512	12.5125646991697	13.1495781514246	0	13.6189795928403	12.4106955720983	8.19043036068086	14.1389414083013	6.84357823262994	14.5615675534531	14.0857206040874	14.7065809728485	14.3624354774654	14.7292642796869	15.7323849320217	14.9894988596204	15.8044457022029	15.7294700562817	13.7071828043169	14.2791598424087	16.4377851671734	16.0508695355576	14.8495809117856
M886.5602T670.49	15.510936211494	14.4379288621572	15.367157212334	15.1866044392746	14.1412576580766	15.3640107055989	15.308546964447	16.4308566274036	15.2241309702513	14.3213481050332	12.4212900959131	14.1339659972502	14.753905565212	13.7464853683038	11.7628139018464	13.9747596624474	13.5820263042878	0	14.3901515484123	15.2086079264629	14.3264453392635	14.8240646745262	15.5611374405617	13.6721524702672	14.7388901674997	15.678457924161	15.5102135667712	17.053186198769	16.391295517189	13.6258233500337	15.6313524284911	14.9711110887919	15.3725678605026	15.2732584452502	14.6018710311056	11.724388434596	15.2371243909865	16.8091954481684	13.6475634643974	15.9214156868225	0	15.1374610636342
M898.9224T301.79_1	18.9081532469566	18.3669955696487	18.3275365332426	18.8069291178026	18.9473366732445	18.7487072611209	19.207008666597	19.1262968697773	19.2022117444345	19.2536864491161	18.8132888411312	19.0910488655451	19.7980127509334	18.4794663755758	18.1767269739292	18.1950563697209	17.0790559603298	17.0981914199178	18.1251274311343	18.6374654693216	18.1438701279801	17.2312717704057	18.0362630801537	19.0326494583039	18.8521394501367	17.4604959182168	18.1244763492064	18.7556987242731	17.9652818602337	18.2017024079106	18.8831377338998	17.4433917194257	18.4893189091033	18.4300926270155	18.5191720823008	17.6909221290061	18.5705410204793	18.6462492922852	18.4768497131981	18.4374718024292	17.8083124569202	18.292901123642
M900.4266T301.69_2	16.0340678765575	15.8025136711913	15.7821775250507	16.0356306710571	16.0976331424527	15.9861466322094	16.6688848886952	16.557343903618	16.7264648462878	16.6470466892794	16.0428734501862	16.3223773829034	16.8844237965734	15.9416368863882	15.2807333344908	15.4855598525141	14.381355154503	9.17404087391429	15.5666885804199	15.9601249830027	15.3808568711159	14.2098755095235	15.1749896194361	16.339760999618	16.212977112999	14.7149033325232	15.3662013651653	16.2617410902594	15.207484869274	15.3000787349677	16.0437338065321	14.4191812235764	15.6409501083082	15.5650563028271	15.7899720738348	14.9433041332839	16.1663898782544	16.0505894625889	15.7153225202072	15.6341240283758	15.2328553786121	15.6571591243847
M901.899T322.92_1	14.8586076146986	14.523010663674	15.2248285198239	14.634436434439	14.9421752788865	15.6839051479648	14.7260173178692	14.4602830080874	14.9452171899353	14.3926326338026	14.6079693126065	15.6168962404888	15.0858309525498	14.2061326799625	14.8682806960844	14.5583370874894	10.9779341617906	11.5799310118285	14.0496679421755	14.3555927606929	13.9274125194552	12.9168090969294	14.0725704607307	15.3695672834361	15.0596489246304	12.7333563313643	15.1475820975106	14.8557195589119	14.7383701287859	15.1408189569224	14.8838163020303	14.6548903703986	14.5643055791244	15.4213637297722	14.8682323640413	13.6765659977629	14.7992351535883	14.0298986182755	14.35824114	13.4431751988271	13.1578744525237	14.6361497474694
M916.7499T936.14	16.0780119739013	14.6370619280374	13.6843934834531	14.1884005868896	14.9013162176498	15.7937082484163	14.6077703560583	15.9060865914417	15.0218090784637	15.4310337718627	13.9231795644762	15.11632810411	15.0261957127433	13.8537856661805	13.2221975837798	14.3884311789163	14.3974525631677	13.2434179981549	15.6095312176854	16.2348135162628	15.3534364301407	15.9572895223444	15.7608109113507	13.332956013924	14.3247120266247	15.9259897204943	15.8926742138855	17.0644362693853	15.4831896501739	13.2807812698727	14.7728832742925	14.6636638784761	14.3569406593882	15.0046380175384	14.6642988007802	14.9969192966661	14.5663908241994	15.7945926973916	14.7670397248809	15.3342369625728	15.1204829242219	15.1899402346816
M929.8723T447.57	15.749420644959	15.6502599892077	14.880161643899	15.5178899925176	16.0961199373059	16.0670389996348	15.3719969113972	16.1381468236807	15.1736471174705	16.4631253739049	15.6184350548793	16.4345299581407	16.5896869221984	16.5899768148886	14.9926585865355	15.3693038994301	15.7754431132349	14.3825278235804	15.7182257560486	16.332283269253	15.2816582546094	16.3498073658744	15.8458736021234	16.8778011008949	15.9527403600007	16.5971156056939	15.9838888500367	15.9115787892331	16.4929368928039	14.1613506277761	14.957504685616	15.588717164822	15.9396791804313	16.2726767245331	14.0353232931888	14.9267431687308	14.9434854442345	16.4327176958171	14.9301161792142	16.140409416834	15.8708373900908	14.8979060432278
M930.3723T447.26_5	18.6051366651292	18.2642396371527	18.2017915810658	18.176597894836	18.7544409201418	18.704105344963	18.3669485609148	18.9238048122507	18.4325080184287	19.1303436380821	18.3276019565661	19.0633146756775	19.3300915045263	19.2141619456894	17.8645579377541	18.0598758445354	18.2830789057108	17.6486789021764	18.6237510197606	19.1405202975108	18.1808800823157	18.8006630438636	18.8334204489754	19.5674857312266	18.7484164477272	19.3265652494473	18.5229110858163	18.8481830875928	19.2266565328162	17.2927391999665	17.5317918954911	18.3303685724244	18.7432863636024	18.8682258671906	17.9826758595964	17.8695522021283	17.4401152068138	19.1044804040917	17.7389156031449	18.9684506271576	18.7232289529998	17.6750610033997
M929.9711T447.3_1	16.9987291914116	16.7113909748792	16.7065409510487	16.7215631874415	17.5214718050397	17.1574626273202	17.2080733403974	17.5167061946989	16.8010012520229	17.6795238548096	16.7231889139734	17.5073256813389	17.852773149824	17.6713159552743	16.3855558517807	16.8662080610124	16.8683837968441	16.5277236659818	17.281646493671	17.5717900650297	16.6964804020852	17.4545047868595	17.4965820942797	17.9505209927241	17.3029603065345	17.8324203770972	17.1108549928269	17.3656721315212	17.809566748202	15.9329132034723	16.363100143125	16.7939372500481	17.2317113708385	17.5845194917312	16.680850608271	16.3931683228495	16.0649428253165	17.5942043948565	16.0058329007554	17.8617339156012	17.4081241477506	16.3085653666672
M930.4722T447.23_6	18.2575189667328	18.1728069654718	17.8565581871177	18.1659102643761	18.3840570551994	18.4469679965212	17.9781790799603	18.5158989452732	17.9746117177852	18.6972069452563	18.1384317428581	18.5851775833205	19.0596417254411	18.9740590448583	17.7252883641753	17.9493216872933	18.0454871216038	17.5049559464472	18.3321679558354	18.8673066785954	17.9110967363054	18.6059584667577	18.6748009585994	19.2711428561738	18.6075448849642	19.0417453149915	18.2799421308248	18.5503692865025	19.0584467808037	17.1754059633162	17.2285354663699	18.1398735726713	18.5676798462662	18.7240416153408	17.6900169555045	17.3821427734371	17.2645081006258	18.8100800387748	17.4909544096871	18.8583613301039	18.3891037793263	17.4652483728045
M930.0718T447.34_2	17.9359241417962	17.7988623410826	17.6127997521068	17.6397193761551	18.1275663600905	18.0755121171913	17.7251941389302	18.244385753601	17.6639076697201	18.5028088317304	17.5259042769675	18.4727234142588	18.7976155325178	18.5802560757181	17.5017809592548	17.7017632265586	17.8279767966493	16.85735324577	18.0330684401989	18.4965686729986	17.3796992639616	18.4440202992926	18.222270167845	18.813170407691	18.1285926352115	18.804061524128	17.910900993309	18.19859900341	18.5769833089833	16.4852717848228	17.0439697111691	17.7547476027136	18.2289144724539	18.2447180368412	17.4015140309639	17.1060735525428	16.7684608018938	18.4074532602752	17.378799975815	18.508484921685	18.0707237531624	16.9477649798441
M930.1718T447.27_3	18.4865414595641	18.1691750033782	18.2244397733068	18.2011330110084	18.7788202026941	18.5531819107309	18.0878534040236	18.8234052386693	18.2185396060513	18.8679633680697	18.1913635464363	18.9896930871713	19.2326241549	19.0236551263215	17.820086729122	17.9863919216519	18.2612850564725	17.4082700194873	18.6436366833643	19.1972935390232	17.8569931745082	18.6385412321689	18.7176099190119	19.3508319588066	18.9408827615471	19.1901062288256	18.5051364355504	18.6597631959641	19.016880398859	17.4074742249487	17.2502140371635	18.2701610286463	18.5887898578717	18.8818390836264	17.8639078808858	17.5689672518333	17.5298458497592	18.9357807685432	17.4840161925685	19.0038182489619	18.6213292150459	17.5889041928325
M930.2719T447.26_4	18.5889837716908	18.2957074047676	18.3182170742996	18.3334915634369	18.9238981920027	18.65423237769	18.3807543912066	19.0347703901897	18.4648043357404	19.0810511899637	18.3255809350975	19.1281338804052	19.3820822173246	19.1121466405834	18.0069149259488	18.2282502750013	18.3930171064569	17.8897556673786	18.6941204765787	19.316880545579	18.4566389438839	18.8842934113812	18.8458868927611	19.5436332411323	18.9904905429471	19.3400132109078	18.6001390204533	18.7864623258156	19.2338964747709	17.3864452308674	17.3566599728795	18.5532222302917	18.7740414790957	19.0669487204401	18.0165665939548	18.0112298282446	17.6051783403289	19.1320797472717	17.838066292301	19.2328782244356	18.8913791212603	17.4636924909566
M938.3678T325.98	13.627022438253	13.5113413251484	13.7007457387629	14.2462007877809	13.7945555668262	13.7849299328388	13.6939838736363	14.0294826588381	13.8988595621506	13.3103584255664	13.8871591071518	9.63635880628538	13.4782458499445	13.2737342430113	13.4594325226459	13.1319466490069	10.3633593456444	9.60873545511818	12.4491551479104	13.3615223258453	12.8796254516513	10.839983001341	13.1410484192518	13.1295280810994	14.4234471670086	12.4921931007134	13.2057918102684	13.9769325069565	14.2706270805991	13.6244484601703	14.4024141983991	14.9510352596699	13.8564220606882	14.7719458253881	14.007520935767	12.6122289890658	13.3855816253496	13.7134873911075	14.2181701250574	13.2606276761053	12.2216204694656	13.8578244635195
M955.5817T646.46	14.4653149664574	17.3912106595619	15.7585032045737	15.2220319080424	14.6697626133705	15.4770727898504	15.0696378579978	15.9588914201321	15.333325581285	15.8070164812293	15.7498937379226	16.3034294293264	15.352888341437	12.9740799742191	11.4733004160563	13.918932959044	15.0234888119381	15.8917712660982	16.2580354917698	15.9590946264976	17.4016478217147	18.1037152644697	17.5183179928525	14.5771531676104	14.9555706373966	17.639446633308	16.8054378156658	16.153435745192	17.6921612354832	12.9601189169669	14.7231122425756	16.6767606243646	16.2444671018465	17.0059130689797	16.016441478389	16.3215668295784	14.2099365000435	17.5347809693905	16.306061119057	16.5884962364318	16.8162480513888	15.5446855592726
M956.4724T368.71	13.4299796384031	13.3629957419757	13.0833457638809	13.8733938464482	14.0162691999573	14.0366258031989	12.6510850609618	14.2239743911636	13.731740994632	13.7709615842421	14.1947283492697	12.7305718017186	14.2956934710295	13.1235049006606	11.924695450297	12.6684371098657	8.42379077369272	8.92659354387399	9.94250997055289	12.1307459992752	11.7894123907689	11.9542589086816	12.701165528388	12.1707061887747	12.1227496630837	10.5021806607047	13.2289804338625	13.5366943548143	13.3765664262114	12.3886102043463	12.7084650969883	12.8355429357511	12.1673377224661	12.7569005269116	12.8047707079233	12.4839163439004	13.2855064070057	12.235109804965	13.0422729042585	13.2040077425162	11.3458388856423	12.3308097457647
M958.5037T388.92	17.2584261714872	16.609527532567	16.0953248374443	16.4139994672369	17.1722702067566	16.8893501301375	16.0593131507616	16.9214430459005	17.1452114727899	17.2254385781636	16.4078616582516	15.9719479789656	17.8643988577526	17.2713008075962	17.1120999891669	17.3594692991694	16.7920651584864	16.6198651994483	17.2527114739529	17.4602415452071	16.7390804892841	16.7889252483627	16.3987606115191	16.2442775588315	16.4388211775777	16.823341143148	17.0084229575337	17.3719806410708	16.7703014417614	16.4367894410256	16.656859516838	17.4532867555554	16.8217153386421	16.4653809930422	16.8070696147213	16.9333016455932	17.0956043450275	16.8958114831595	16.4510222587109	16.8930067115911	16.2096229900956	16.7407673644713
M970.1458T454.82_3	17.0686450454124	17.5837201795712	17.91097333942	17.6579444529242	17.1843832042712	17.2331643379685	17.4796673651755	17.7876268400334	17.2444625291382	17.5367350447255	17.0727614467682	17.3844735186272	17.2853084194325	17.1792812223897	16.2396297084115	16.6789378874259	16.75983926994	16.3443259519907	17.2545169180762	17.6278862959301	17.217489670308	17.4741264954706	17.63639220059	17.4041238540577	17.2923347431562	17.808096781649	17.3567022533138	17.0883469788703	18.145371015153	16.2236174991186	16.5934200414132	17.5737296655804	17.6523294180946	17.7705820279195	17.2772365000341	16.1888935998509	16.4554874186191	17.9811349309577	16.9399228868718	17.3797364466261	17.3156531155432	16.2577454493366
M975.6448T688.01	15.0799899629822	16.6790942426884	15.0601371273645	14.5702471826631	14.8404545197859	15.5467283573803	15.0131116288763	16.3978757220585	15.3437534087052	16.1853684409487	16.0289380713119	16.7054491004881	16.0756683834748	14.6126346385336	9.59219813419744	13.6768027858577	13.9365617531366	14.6889992625029	16.2237041046348	16.8535779355963	17.149922523439	17.2371817021504	16.8714303060898	14.9549595362672	14.6277459386484	17.8439573149441	16.6145915833096	16.6503615367978	17.622098719157	0	14.3487357202212	15.7425831735967	16.1279934939452	16.710430026361	15.750699888706	15.6117961832829	13.3091254996776	17.4689298269862	15.6994374192121	16.3167393144156	17.0562105646678	16.0985736913768
M976.9966T373.84_1	15.2076443268766	14.7471803665973	15.3154083090556	15.6093147717839	15.244150465461	15.15582079621	15.483728833521	15.0936659665089	15.6445855003288	15.6665961218664	14.8246831093001	15.7467109824308	15.6098234786543	14.4987639197835	14.4390743292716	14.8492454468909	13.3539556687831	12.7572195341705	14.3744227106041	14.6890886064851	12.8290115125686	12.7966257312697	14.7724323322409	14.9341572936433	14.9813368643139	13.5630468284091	15.339612404974	15.2290086463161	14.7611597328554	15.1362242097671	15.4045254800614	14.9409576658668	14.8591084643301	15.4183694983781	15.0001289462776	13.9268560026412	15.4406603845385	15.0631056626705	14.6814853815305	14.6675157142999	13.8192813915928	14.9640672630829
M977.4979T373.92_3	16.6692328364513	16.0381928130122	16.525451071351	16.6282617790124	16.264773443859	16.5096764108027	16.7417753246715	16.4342822948602	16.9164827020553	16.5285859284595	15.9905108287195	16.4573473843156	16.8781446799312	15.8320041491619	15.931182932872	16.032486031026	14.2328997338384	14.2224456737588	15.5476362890373	16.0469767727784	14.3374915587565	13.7585124269823	16.072118727585	16.185837060205	16.3413162551299	14.5529661398128	16.5203520175864	16.4589170807409	15.9385680394634	16.3557294106316	16.826283063613	16.255019756317	15.9427948776374	16.473108131992	16.5062477825759	15.235469559959	16.4184184443329	16.3182192017182	15.8864100222338	15.7624867681809	14.719126864616	16.0823384414934
M977.247T373.92_2	16.4617887542191	15.9811383912244	16.4252263847728	16.5811852666411	16.1852089287668	16.4175628687999	16.5456216041476	16.2959445626506	16.7403187635568	16.4338672123116	15.9422064426634	16.387402891388	16.662972628223	15.7961540559661	15.7685835021105	15.832089576436	14.1651995603876	13.9512422580863	15.3579844904875	15.9372922231637	14.1743170978983	13.9937199116274	15.9644584774109	16.0646708272231	16.1197787903268	14.4807810214653	16.5190195588188	16.3332139319883	15.9226819330901	16.3498605535371	16.6160954151167	16.0970698903784	15.9210952013148	16.3869644558706	16.2648109618931	15.1127028974069	16.3012850379612	16.1843993943356	15.7227519689209	15.635225404035	14.7225436235608	16.040555156577
M979.5821T645.85	16.237242299882	18.1851862657223	16.5976525998002	16.3319450172771	16.4178067695371	16.9731743122526	16.4175793773368	17.3871250685111	16.3986644802904	17.2329083809012	16.9466817943837	17.8932404076461	16.860251468468	15.0193037925367	13.4600845077295	15.3973083356071	16.1820389674176	16.7979612597451	17.6816689920545	17.648790648976	18.4691541304892	18.5887429108359	18.5896127107905	16.0618268164582	16.5916471328942	18.9599849470774	17.8399329457454	17.6830509001679	18.4814252475539	13.9721437457497	15.9349448455175	17.7240674323999	17.492097948741	18.110750262968	16.7749314569088	17.3041179700138	15.6455587587333	18.6150001706756	17.250976912724	17.8824596650299	17.9330699549097	16.6997532885233
M996.617T644.84	13.6285365820772	15.2265496301696	14.1738562675836	14.0876449367147	13.965760467316	14.1906299783197	14.747573459511	14.6283075836798	13.680426936211	14.5694054085981	14.8678289693276	15.7059696823431	14.4937988374526	13.5145171868427	10.6293447208075	12.3640903185967	13.2429670811631	13.7645491420801	14.7952976701644	15.2832545297437	15.9055840439285	15.2866406659929	15.3983308775862	14.1175035218241	14.3948880266891	16.7825504340192	14.4485389510554	14.7150639886747	15.96204282163	9.6676474416439	12.3217488870031	14.69832250344	15.2547885575559	15.6344461042092	14.2261006266287	14.3715651343517	12.2046098012471	16.0432527170349	14.4305940506574	14.821986497525	15.2393542153472	14.2214678247196
M982.7426T374.08_1	13.2710735420204	12.8157372424254	13.0274951751646	13.1797530182294	12.6384059139294	13.3322261069827	13.5000051445362	12.8327176169122	13.4816416760966	13.0488330000503	12.6426759634273	13.0291315912021	13.1962313095537	12.7412728416972	12.689354656571	12.5063526164625	10.972701377935	11.1208157745825	11.8879980068656	12.5740826940815	10.3366610373072	10.1947680880651	13.0066024969188	13.0233159945188	13.0603353049303	10.3464731946517	13.1829688575654	13.1148555924638	12.8263897941228	13.0376505317227	13.3908309064246	13.3204770994814	12.4682617518133	13.2655017218422	13.0006139712922	11.8684720453902	12.8680223562252	12.8276334385895	12.5568714721192	12.3534493106073	9.99869532062769	12.6386981569848
M987.6447T640.6	14.3176557631101	16.8092427682436	16.195388251312	16.1397387199886	14.6514992889979	15.7298877881594	16.7384670402767	16.0733091817914	14.7639186215596	15.6088730551779	17.3988572598063	18.044873963029	15.8918029816917	14.3485672652528	10.8229688360447	10.4957552094724	13.5871027242211	15.285759051101	15.4924893480686	16.4091654150432	17.7657124400101	16.7065744226822	16.9696126295685	16.1953931044684	15.8085762807289	19.1803639921518	15.2327989734943	15.0268692521944	17.9860768025275	11.893039668285	13.0729685401144	15.9426113779845	17.485538142742	17.7225639619722	16.0795088747286	15.7379765844593	13.3361028908721	18.2451204720504	16.6356181679148	15.6040898692695	16.9837521403172	16.2188848270258
M991.6759T697.11	24.7498084460303	25.0465532903072	23.9808928669332	24.0003983589168	23.9607196024713	24.7920664897111	23.8767434651546	25.1807109786494	24.4854265971203	25.1689476823356	24.4106107400463	24.8311674941025	25.3732511143576	23.9309149869781	22.4743616350565	23.1894569422656	23.559120192224	23.5264097513752	24.87882238218	25.294778619638	25.623852749711	25.0923013027261	25.565628270297	24.0188676988786	24.0922959103064	26.0194712563801	25.0405879942452	25.3513718550045	25.4756035209669	21.9912295797526	23.1249685370105	24.8179993483938	24.6360937658288	24.9718626918185	23.9564426433598	24.2838447074272	23.2846909465047	25.545619076587	24.0011993665655	24.6425872835103	24.6346238593582	24.5955073918529
M995.6872T696.91	17.3762021926865	17.5625389009929	16.3768455982651	16.3798915787532	16.2753766807569	17.355918579883	16.179244286093	17.7639395120865	16.9198343889602	17.6825486495854	16.9066776047676	17.3412902550249	18.0123166111087	16.4247705119309	14.9715437514622	15.3674143843563	15.9275042716831	15.8744876487141	17.3288927441912	17.8587930433906	18.3134058190729	17.5733641825151	18.1718352054824	16.4573166043459	16.6697492706504	18.6359899953436	17.5668729312275	18.1574574736717	18.1459778491622	13.7910129703056	15.0666839979239	17.2050751730345	17.1226278672441	17.4216007529712	16.2864157823624	16.852995193614	15.5610499585088	18.0307601442134	16.3956538080032	17.1975977290827	17.0687542607514	17.1397657813446
M85.0289T52.58	15.3066226137127	14.935094504533	14.5523410660482	15.5184024010887	15.4856877669909	15.3726611772747	14.6396949551514	14.8708914019906	16.1390419573352	14.5570113773831	14.8778788648468	14.297385609766	15.5525657155785	15.0039190962404	15.8254894394587	15.6048025874853	14.8770744311553	15.0839791720285	15.7227706598324	15.0387076227478	15.4857331430258	15.3037102993432	14.4966435703881	14.6481329169449	14.7902423340385	16.5160994142217	15.379771273298	15.5607949464029	14.6216729388778	15.8333720934944	15.0643356278239	14.8778541209223	15.1821217474519	15.2291896914149	16.0584077115182	15.3146947871734	15.3949864417608	14.4330665639464	12.3618607301785	14.4534114954994	15.1868384354292	14.1955257110725
M85.0654T96.8	13.1101585520937	12.8511179838167	12.8513239454176	12.1564155108282	13.2984421814527	11.7758397185315	13.0355109734514	12.9624581218815	13.5613458665849	12.0733345087487	13.0852162385818	12.6716434406319	12.3247483751465	13.5048179389596	13.1294047725705	13.6629620896635	12.0531837533497	11.6647640254712	12.1101851399991	12.8104244532249	12.543204747125	12.7266794981539	13.5912893305643	12.8132107022893	13.7207052221534	13.2429471717928	12.1775872558127	13.0383165873979	13.4351120861915	12.6484925410223	12.5046166997571	12.5847912189281	11.9211089335736	12.561486926232	13.5966020269855	13.0415389697079	13.0643895521032	13.3008545526694	13.445173947613	13.572268798799	13.2109661853857	11.9786756003296
M86.0189T74.55_1	15.3056252038108	15.7020914361357	16.0428019358846	15.3083335095738	14.8234718942383	15.2252048497178	15.1554231367322	15.5197597011227	15.7411690034913	15.2306048196639	14.9236743101577	14.4247196535584	15.3156783906199	15.358148593662	15.7891191657322	16.2882809965996	15.7955768828267	15.2539153002387	15.6283294073882	15.5579330628979	14.8347891184337	15.3809498097093	15.41503453926	15.2587011579789	15.2181815526567	15.1726349230718	15.5925491784304	15.6765832163961	15.377602239998	14.4021226654173	15.3066074685774	15.9718292237173	15.6848348036657	15.4944663374347	14.7330815515814	15.507108176037	15.7401509109037	15.2905453489301	15.2844553126964	14.906671386559	14.8481173105656	14.7672052128193
M86.175T74.57_3	15.4534929150282	15.9481551351187	15.7920786092721	15.2040651120163	15.1654063204478	15.1000442864861	15.4344734887083	15.2780290284806	15.671706749752	14.3840231411007	14.8047955620316	14.504204728567	15.2665949995227	15.1907319727988	15.7512358681328	16.2836494246675	15.2841809561286	15.0749015211386	15.7219595615503	15.3807784287802	14.9171533635583	15.3371395119645	15.2357376362777	15.1775781943306	15.2775871381137	15.1596046338254	15.3270030809695	15.0118083588818	15.4756114003526	14.4202322078917	15.1465420435302	15.7828649059376	15.4878981377857	15.3623817429921	14.6092230131565	15.2604294167363	15.871491515951	15.202615542637	15.3448068113432	15.8686187462113	14.8317109315253	14.9036185705173
M87.0445T198.49	16.1013184583999	16.2244101538004	16.0485736935865	16.2082098573138	16.1383464739227	16.4437921671029	14.5166348023637	16.4004857493542	16.3173664413714	16.1873338816278	15.8752751795667	16.1022844178282	16.9264513696171	15.4135358414424	17.1408301498667	16.5241159198863	15.1916358617909	15.8867750945283	15.9848450285268	16.3027568633201	16.1519780013109	16.1801633209018	15.6582921398346	14.945802811296	16.8155100143734	16.2650679805356	16.7093779459182	16.1085490998368	16.6044965594952	16.3046899739994	16.7628906489994	16.1676451683091	15.9741102922267	16.0294856719978	15.9810676435893	16.3528662548436	17.0432304033267	15.8377729382067	16.0512142910594	15.9209401534221	16.3607386433227	16.2679300203602
M87.0445T114.32	17.6455375835793	18.0725145654215	17.3303023820398	16.1995301842065	17.6975355424582	17.9505406860396	15.354563428954	17.5164383286196	17.9629885739793	16.866966182939	17.2830016723106	17.6853478259189	17.8262543747855	17.4246663433644	17.8960548251779	17.8200861364634	16.3166170355873	17.4663076314847	17.7393051044853	18.0267521116501	17.8818479412239	17.8678866337686	17.638977032479	16.9022221219321	17.3180892111095	17.6808790317424	17.9311349840219	17.934020506462	16.3049005020324	18.052240509477	18.0912141470048	17.632125053769	17.5417521177192	17.330315907849	17.9435288333984	16.6232076319194	18.2409633405542	17.4180420320943	17.2204694519493	17.2605910381282	17.0408426008096	18.3635757348981
M93.9567T38.97_1	13.9983568896448	14.528648957557	14.7603034799697	13.8218728157047	14.3538858453334	13.978144096	14.0659061295172	13.261163617469	14.4159205022962	13.3570602475416	14.6086118753312	8.71842303356587	13.9863072578498	13.1659583084799	14.1829655041574	14.3571027826155	13.554877971676	14.5924422842987	13.7737991055731	14.2259945414149	14.5609452285808	13.9655374357196	14.3501390086572	13.017030160802	14.0832927205774	14.4890051104047	13.9115502064436	13.9368845686839	14.5997453810624	13.9692487957962	14.2453419115243	14.14697558129	14.2446127058153	14.3896759591194	14.2772396567878	14.400893934484	12.6246935006123	13.6469011576173	14.0972305365101	14.0430585636173	14.0638162481014	14.081201777869
M95.0599T198.43	14.5310506912511	14.388819932501	14.9308127264576	14.2142572221375	14.9177796661317	13.8976375973062	15.4637465039373	14.1308722594822	14.8795357884303	15.376826286825	14.1107460810938	13.7746184254668	14.8306909512305	14.4809784977157	14.4333250825788	14.6715759338705	13.8639501642054	13.6878287484954	14.8139716646628	14.2325018155311	15.0778770404669	14.4452423667358	15.4206325886589	14.2685415710737	15.0389650744327	14.4249182981594	14.1638810340956	15.1595595401829	13.9347144476803	15.2429874441577	15.4564755018279	15.1470549099578	14.8819287967917	14.1941734041047	14.0494573597992	14.4969006161966	14.2167998526619	15.2964496525498	14.6183855959806	14.5420573511483	14.1110340366541	14.3429031725411
M96.0686T198.79	15.6651094821514	15.7792488373935	15.684994103304	15.6935069212052	15.7323418076243	15.5011659221939	15.8154137285593	15.546912344126	15.826004100942	15.5317103084361	15.4203155546081	15.5156206127151	15.8071715319776	15.8666287321609	15.7515869539809	15.8758525150326	15.5445778040804	15.4522780255451	15.5789926927377	15.737873692261	15.6489512105922	15.5995108030038	15.8395083820835	15.7517928990174	15.7803592346902	15.8335262509427	15.1776728608291	15.7173515188515	15.8310022658324	15.1338426345616	15.378000215273	15.5312627088328	15.7008885116163	15.7882996186289	15.7479660294245	15.3907489108899	15.8523949951752	15.5738151994348	15.7292881236287	15.786140869813	15.5805992585705	15.6731453995035
M97.014T38.51	14.0165478587404	14.2220505590751	14.7268898587129	13.9846245570265	10.854977505102	13.9246651588914	13.7353657380108	14.1893102100865	14.3449048639972	13.8717170414841	14.8748610664825	13.5775183457861	14.1516271053467	13.688825636278	14.0000566568137	14.0537928241909	14.256750818352	13.6094404826176	14.0573052204455	13.72593369286	14.6586238960769	14.5299800782995	14.0827006890905	13.4029087899178	14.2438561063611	14.4072233888754	14.1193418437815	14.1315362163268	14.2464115500776	14.3407921520266	14.2163893507499	14.5296745381638	14.4743016036427	14.2594683361787	14.2106903472637	13.5737459192679	13.7569116486145	14.1291776224375	14.2498034905758	14.0489157298158	14.2774383365073	14.2130906143812
M97.0289T52.43	14.3273819147539	14.6771034655104	13.5783074993909	12.7527618637628	15.2283263232184	14.4567892778925	13.7815767408623	14.0715110211043	14.0135209560341	13.1392962938268	14.6380827534951	12.798386443584	14.5747928557354	14.6284040103206	14.9826209145963	13.9117050833306	13.9877175962819	12.37703562817	14.5303259238317	13.866433457237	14.6974588645137	14.2931828815742	13.2641033688533	11.7646403853863	14.6328562340107	14.4787704610527	15.4281105881244	14.2885121477292	13.8465412015449	13.7130723778931	14.1917130372877	14.1947776583599	14.5900300151573	14.3017274542286	14.113533942678	12.9750405252647	14.4031040784672	13.0767401883381	12.4540628786325	13.3831004497942	14.24625685238	13.0384734387749
M97.0655T283.33	13.3846503659247	12.9413513888256	13.2738004011247	12.3829043679291	13.442626756745	13.0225660883714	11.2707785468008	13.2668506923828	13.0685344869543	12.6879674814968	13.1474587704831	12.8193188785951	13.2471595019126	12.3278265570509	13.5348128045402	13.5318642089517	12.9853217969439	13.3417337123311	13.0457677411781	13.2131681643868	13.2157020916695	13.2262416956907	12.9800948870679	12.9123179724657	12.7253927232472	12.6642731346856	13.1640542914094	12.4675360535337	13.1307222421568	13.2397856090954	12.7072386228322	13.3645998664258	12.6952137771622	13.0457926313621	12.2564465458427	13.3650899207402	13.4278672828461	12.8342513204313	13.1398001100955	12.7531288434266	13.176979422999	13.390736751019
M97.0764T198.87	15.3052777434205	15.2890353501059	15.0978936192678	15.4484022562974	15.4621232084629	15.0792476358332	16.0310471291951	14.9648667575968	15.2468796806624	15.2034167428426	14.9333944465438	15.2715722141478	15.1363845914851	15.4983898373809	15.2456762998033	15.3076832233558	15.4228957731922	15.0241739777359	15.30614961977	15.3578473892557	15.3324527089717	15.258889635587	15.3050986675158	15.4125609742446	15.5515139435102	15.1600463675133	14.5954790108845	16.0001724049635	15.2618876195122	14.8563257639392	15.0288008426214	15.1634244049858	15.1844693416953	15.6780124705654	15.4193990244576	15.0013455233829	15.4722297221572	15.2972923699887	15.3572981654515	15.324115571672	15.5410566269371	15.4989771959608
M98.0349T38.46	14.2621038241045	14.6234988944711	14.8348765787982	14.3529686265768	9.57943349843253	14.134067334473	14.1536699378814	14.4483639019266	14.4654498824768	13.5352744270002	14.9106467608718	13.3553262047718	14.4187735920545	13.6051989701376	14.2953747885466	14.4612029498494	14.2151549898269	0	13.8922809570247	14.472155223031	14.8146691351169	14.600814588539	14.293790794514	13.3650445880086	14.565086657739	14.6570231296332	14.472704339224	14.3425160395726	13.1116009983053	14.1241215920645	14.3719353316118	14.8402669046287	14.430412606583	14.1518517517465	14.3575909185142	11.7478632793159	13.0858084002904	14.0733207747917	14.6199286640697	14.2198556346792	14.3543067004743	14.5516379074607
M98.9848T83.67	17.5074815960607	15.9374708099684	15.9269751559528	17.3809479985897	18.4376384491433	17.7536715573118	16.4445652845489	17.6035988550117	17.6252133310999	18.5944488325669	11.7733782858841	17.5456052752609	18.4054850088576	18.0674862764349	18.8411596409884	19.1199014425012	18.61361104426	0	18.5170558806822	17.7928761043649	15.8724655207775	18.1090232203959	17.8345620686112	17.1733494137601	17.5092266948042	15.9774993882821	18.5224022412396	18.8585595271229	16.3536437452657	17.2877688042773	18.9086853641446	15.9844212001226	17.2275130853394	17.2205677342521	17.3829109861178	15.6320338387295	19.3474463945366	17.9247511462048	16.7372376322545	18.6002869744318	15.4442937886155	16.7674643263927
M99.0557T198.77	17.1440758398851	17.5043780949161	16.9416671916376	16.598147727573	17.850767455227	17.5480893084405	17.1361980684543	17.3674297717328	17.6237554378282	17.6207635679744	17.2917490758089	18.0249120327797	17.5482829608462	17.2370940849458	17.1655743828823	17.9598403944108	17.9415017293564	17.5594233011864	17.6491892851207	17.168707128504	16.9384939474763	17.5591511151537	17.3042023451374	17.5455529524411	17.402690910486	17.1612273907203	17.1576308874843	17.9365713682509	17.4579665425796	17.1128208807889	17.6995803162427	17.6212607917213	16.3795738115564	18.2321340292842	17.574884293722	17.0540150119945	17.7000922291849	17.3177489814842	17.0732950585821	16.7084964732989	17.7553056525124	16.642864375852
M99.0557T114.14	17.3892134030775	18.0272057389198	17.4467022674633	17.7394763105185	18.3298833630376	17.599058108316	17.3115799689312	17.9080335555756	18.0163887666626	18.0401589200554	17.2691309417432	17.4202817082468	17.2718476870522	17.4303231373523	17.7269575897058	17.5263891395904	17.8009475981161	17.6804380936723	17.4865585297039	18.4813076209659	17.376625131225	17.5073046532247	17.2730796752858	17.9282394895634	17.729515847979	18.3721972518115	18.088514194102	17.8038407467292	17.5639772102457	17.6971865704892	18.0251302050937	17.484098491759	17.1743838479797	17.7461334313294	17.5904516784515	18.2747419848508	17.8844302226114	18.1045142989759	17.5659046896588	17.6321458599111	17.5730278595929	17.8003157237171
M99.0811T174.68	14.0544206549907	13.7041347487023	14.2819855765439	12.6577497797016	13.6682301726281	12.5485789330971	9.69856229313999	13.6689119059844	13.4128649405599	12.9619563848336	12.6959780093394	13.5842736282847	13.7548481841559	12.7446215732289	13.5983213496508	13.7823533115902	13.5558382148427	13.6085468123256	13.7617379188371	13.9715989571936	13.4710105782151	14.1296149536952	14.2259499625548	13.2426288524773	12.1461665125499	12.9235914601441	13.7516529070921	13.3733380768837	13.7176253046157	13.475154709231	12.8970286136108	13.253016779767	12.7479008664697	13.1094984212517	13.1234011078235	13.5852108064491	13.4590050518895	13.7042327072146	13.818108921176	12.8888523627264	13.3134843768542	13.1542083174133
M100.0763T128.34	16.8870065837377	17.3503312705244	16.7778150151725	10.84858653238	17.4122358055876	16.9945108228594	0	17.2525688674819	17.5642513363336	16.6612200820018	17.1875531232634	17.3910266975779	17.1227713239022	16.8435527635787	16.636818005013	17.4912603746259	17.363868525986	16.8680646343134	17.6215039418702	16.0432427027781	17.4440627961812	17.0443640094189	17.0866302238225	0	14.742820872489	16.6473846812813	17.0467634566392	17.0481645124131	17.9101944064876	16.2905312686449	17.0422340640044	16.6905411291518	16.8264023804418	17.2776320507185	17.2325549936072	17.5368397331437	18.2331408772839	16.8164782422434	16.9830950136017	17.2581443075086	17.0609173059093	18.0899366509163
M100.1127T175.72	14.5263919215687	14.5816406442843	14.4593610904282	14.6287230135425	14.9282879861229	14.1162774869337	14.0198407448712	14.5204783212784	14.5552940263429	14.6801595831177	14.0088630105679	14.6164051206794	14.3157157410786	14.2287679232956	14.4988091240849	14.7421557664633	14.5396829636158	14.397624674931	14.715881279001	14.9895811516979	14.496549431036	14.4316870133413	14.4522944053482	14.3060500518964	14.5776510575185	14.6057534072742	14.5140197216614	14.4546556169909	14.6557567552329	14.2330958643315	14.3777645476009	14.3818073139555	14.2333509630971	14.4517661874368	14.5124765027554	14.7154867567167	14.2021464603833	14.2422089240034	14.0886421384145	14.0920828109155	12.4478949993436	14.4997610804435
M100.5432T38.63	13.9127072805661	14.1120809384102	14.0543393638285	14.3502932657792	12.2288120584567	13.8861960259898	13.2612702859673	13.6705588761327	14.1507074560691	0	14.4579284735263	13.4463316962502	13.7503015127602	13.2393763614743	13.4765115520179	13.6897369301261	14.2687472253886	13.4678292596813	10.3382978366841	13.9902623853342	14.1095042805339	14.4950755976301	13.5989916661204	13.1476109122568	13.996719374098	13.9913143870562	13.8367724043092	13.8328131981929	14.2400059793829	13.5491252737039	13.7790173963903	14.3883562586735	13.9483177367366	14.334410959642	13.726282644728	13.35912180341	13.7526354041918	13.9335158098392	13.8395074823561	13.3420342790775	13.8436698685222	13.7639787067947
M101.0237T74.59	15.4707185659464	16.2231042477387	17.0470243224677	16.9066254081469	12.6549287891251	15.727285796137	18.1080849807067	14.6694759288785	16.5999879214323	15.2534365312979	15.6616085636143	15.5961955631942	14.0506235412863	13.9476572652085	13.302632211243	15.5452352233537	13.4322307707657	15.885933103668	14.5931459523861	16.4145787173831	15.8745064424692	15.6357018574157	17.1621942650707	15.8741243083635	15.8195094893234	17.2738409360261	15.7536924291898	15.0332752105079	16.712227037366	15.9188519625152	17.1531123283921	16.3922264391553	15.467125798874	15.5685155468572	16.8343430447891	15.8908678350746	15.8491779983707	16.805741833148	16.4944869104795	15.8078209871761	16.1627798933568	16.1259769981962
M101.0603T100.72	16.803769583426	17.3526973266474	16.6456734762448	16.9998534618478	17.372699477994	17.4391281230648	16.8570832608082	16.7334411567081	17.5199937094194	16.8334504178955	17.5290023640974	16.7385826254444	17.1486619982854	16.6732379281431	16.6228051802396	16.8180896211177	16.5284295414694	17.069828706005	16.3690072657191	16.370378709877	16.8352636937714	17.0789390366982	16.4255343031982	16.3269091403517	16.9082965915868	16.8034207908642	16.639544538047	16.7348759537381	16.9897213100578	16.8101906191988	16.854368410781	17.4374718612647	16.6810908920333	17.3361199136737	16.8529803908383	18.0244472976525	16.9808104153028	16.9945676082991	17.2849770976035	16.9427418135972	16.8908627929612	17.4282874433794
M101.0604T142.7	16.5488354551307	16.4200973267818	16.1329739456388	15.9400957443617	16.4676830660079	11.9778667189737	16.0679200422238	16.2373538388301	16.6525727761109	16.3293989576206	16.2726243109901	15.775236750673	16.6530710333676	16.3923684786711	16.5684846592041	17.021824594593	16.5975249177989	16.5239684910869	16.7225753047783	16.8301773430143	16.0530346898265	16.4198150504875	16.2510845915972	15.4413650407699	15.9008131710954	16.4252712365702	16.5304727348268	16.9678050200578	16.2631394575807	16.3135409904847	16.8025209779468	16.4646320697261	16.0067024669537	16.6707828452881	16.6409778118559	17.2239605004999	17.0157259146482	16.1409130985648	16.6703301292531	17.2271291817938	16.6235066149178	16.7581695942453
M102.0554T114.49_1	16.7116481876585	16.5150248861681	16.3898516658547	16.998341992652	16.9244660036124	16.6566794398189	16.8997760915386	16.4547866369241	16.9620394618706	18.8742806366289	16.2490381396527	17.5193782611167	16.5205649633346	17.6321211106002	17.2021485625953	17.2163641283273	16.9523930382014	16.2421368736847	17.3416262804198	16.5295091372567	16.3205005288023	17.1621826648848	16.962876050873	16.6349228819668	16.8040046840003	17.1902866845512	16.437790285064	16.6717954819126	16.8103584661099	16.512401623755	16.9952741143673	16.8615803753872	16.2989507095073	17.2941464926768	16.8123338188188	16.4563011643607	17.2127866228248	16.5636646482023	16.7492536237012	17.0873590014038	16.7134595979003	16.900726796408
M102.0555T60.91	17.1135789384673	17.6323561984397	17.7058144049494	17.3142883900603	17.3784860426582	17.1743806472039	17.1528824179844	17.2184046536727	17.3910758798592	17.7514003919249	17.2144733400172	17.2414089687038	17.1839389026064	17.3408099242478	17.1539295362056	17.9443809371896	17.3168929063214	16.8872250840992	17.2805058478526	17.0373388257116	17.1579698945998	17.5836309936563	17.4472429691788	17.2655338360651	17.2667306114463	17.2287111942244	17.2652638691329	17.7123634817234	17.2827692821949	17.2799039436623	17.2392648742198	17.3091177152846	17.3519123783846	17.4447967260924	17.7317800294814	17.5658981232306	17.4559413714941	17.2716360908451	18.1547555888508	17.3783178011487	17.6307559562666	17.042144879357
M102.0555T229.62	17.897681220493	16.4945134140749	17.7960272688037	18.195526332699	18.3645876866369	16.5497023856204	16.4698915988573	17.6994111587309	17.9582830880555	17.330449683228	17.766856059398	17.5535195651826	17.2795707217962	17.3842052440554	17.9758862399297	16.8193010979942	16.7525531365062	17.7518509990317	18.6017416783583	18.1545167437962	16.5248559612318	18.3732297754765	17.2692601982163	16.652671453915	16.2046757699339	16.4270534763485	16.7191176705229	17.4915438105454	16.3907006631114	17.8779699191569	16.4788786969877	17.9192712877781	16.3388017354971	16.757063844311	16.4653635691079	18.0092868504354	17.4986613522312	17.9418328013081	17.1674662632329	18.0781736523129	16.7455864950253	16.9246930343844
M102.0668T50.19	17.438288677377	17.2759873630472	17.8332844273042	17.6639992961631	17.5873120238928	16.918998089084	17.5273297574141	17.7742739761899	17.495836896761	17.5276516041804	17.811896867719	17.2086397173372	17.6762895327779	17.3578937448206	17.3906656907734	17.6131542688899	17.8444417908349	16.3499570057418	17.7966954359551	17.0553465164197	17.667931675632	17.8903700469843	17.3899306805909	17.1626613286394	17.7354107840936	17.5296999935107	17.9727012333705	17.3490255989146	17.0408157260326	17.0554414734376	17.3711385320382	17.5511791726009	17.923952471335	17.7997435754327	17.5261768057731	16.475635013488	17.5516464789313	17.6106292407861	17.4913576467928	17.4657346956774	17.4308297360746	17.1913141028882
M102.0917T114.12_2	18.6229092420672	18.0528917620084	18.8591166893352	18.5682447654734	18.7664564616679	18.0154038391986	17.7048903250261	18.8413560249056	18.2593698752598	18.7657600473638	18.7980669355737	18.7599442911724	18.6222404939169	17.9878756173592	18.5524274652174	17.5628657785098	18.725605226524	18.6516586287881	19.0297208494602	18.5231807687183	18.6582690701557	18.6916679265719	17.692638306716	18.692763665496	18.4128887868122	18.0052377468291	18.3793781111707	18.2001420668909	18.5747715652855	18.2569832673585	18.1510524655203	18.6636835026799	19.0547614145201	18.4398175202524	18.1044258205226	18.7278230692472	18.6870957631761	18.0474970557875	18.6959867314341	17.6479284856629	18.5003656886608	18.783551443361
M103.5485T38.92	13.5106701486602	13.8412336342298	13.9015107633392	13.6525095972538	13.3064214114706	12.5697930302682	12.9414390907709	13.2717718966228	13.6726774121626	13.0598984191572	14.2044287340731	11.8521118244671	13.2064188887086	12.5100121921104	13.4068669488389	13.6849987147823	13.513876358708	13.3760709805881	13.3891441974139	13.4282383265117	13.8598798074903	14.0814774485744	12.1598905227515	12.5394551969176	13.8591636308568	13.7640265853411	13.4633322858836	13.3562316541843	14.0402636701373	13.1303632094769	13.5634740874807	13.7424771423962	13.6566591882372	13.6982604249988	13.0865145531464	13.5785017731117	13.2269261512975	13.2649262138702	13.6914373338495	13.5966073726315	13.665819410166	13.8328296959721
M104.0399T38.23	18.5988489674137	18.5062373578052	18.8245024920979	18.0536901946781	17.451931894461	18.4967933602679	18.3834506324259	18.8063836778171	18.724699889948	18.3812018420437	19.2030612390822	18.618703768917	18.5032122380644	18.4368696118475	18.4854896030832	18.9223522049898	18.5597555957524	18.0364224454298	18.7505698597045	18.3376958019316	18.8003419988665	18.7956205195572	18.1566587302278	17.8055785648765	18.479381629815	18.8600846530234	18.8900942472084	18.7358977065089	18.5522140335957	18.2749692218543	18.6822264909797	18.683854610093	18.9430849406482	18.7806401021925	18.738530748039	15.836018969758	17.6136319411591	18.6001878080485	18.467400550269	18.7290550813318	18.6596755708815	18.4859880805263
M104.1075T697.51	17.982175507351	17.7575528541974	17.2533472628177	17.2115907028454	17.2023055576033	17.5961544887462	17.6953126697074	17.7367096761488	17.5971265641716	17.6609175500147	17.4380025517627	17.5089378217574	17.8491738759911	17.5810320029058	16.9501302081812	17.1124892831041	17.0490933737912	17.0258258336212	17.5600835179051	17.8439717501587	18.0110094946122	17.6656741309076	17.7271523718288	17.3023732790165	17.4523924712616	18.3351229857897	17.6939064720536	17.7775662817993	18.286978390589	16.3014649431165	17.2334835851963	17.7568739048398	18.3056376260235	17.4883162884053	17.4954961586927	17.4174315654078	16.8038908930336	18.0757521622724	17.4118489696637	17.6843568228586	17.5830076628118	17.5726568637463
M104.1076T662	17.5926261857714	17.2278997585051	16.8173569962891	17.1856513679526	17.6014232423234	17.6999372536769	17.6754616040119	17.7462948880611	17.5204584332857	17.7883892604702	17.4285957261366	18.0424314446527	17.6449380995996	17.3352341048644	17.1018416736977	17.5504008395973	17.3265524809506	17.6219120135141	17.6676866763208	17.9972836148735	17.9193937489223	17.7990866371395	17.656427488961	17.2627268864661	17.3188555112546	18.2252943421599	17.5518815942339	17.8784787342611	17.802501758759	16.5949982596732	17.3730368920381	17.6559298482788	17.2550992705683	17.4912240972	16.9708833921096	17.9667863235768	16.8594962684506	18.2018943061751	17.9820649924036	17.7151479375656	17.7862101907505	17.7856111363924
M104.2116T48.11_3	14.5557876685757	14.4166605992801	14.9362225938102	14.9322226802291	13.9973076554691	12.9748136015616	15.3136702584686	14.609303510733	14.2849655016046	13.9699192695985	14.6098316866402	14.5624087175795	14.1583124083415	14.3784810250685	14.9053944449224	14.5064047104631	13.9308141380373	14.1120664791577	14.0650900933046	14.3274740003104	13.8974596934693	14.7640946764065	15.0476280704775	14.3548670787951	15.0023614273026	14.6122448083894	14.1754521050345	14.5579801689056	14.8578963247572	14.1924739033385	14.7380351401604	14.954239546426	14.9307315668364	14.6048176040701	14.9023448960849	14.0604005314355	13.5333931076092	15.3074120651296	15.0082978860863	14.5894010326147	14.7151494070513	14.4446812201517
M104.5404T38.28	15.0067355708651	15.0525376929664	15.3597757078991	14.8004641244838	15.3977609889098	15.1357486095678	14.9733890952576	15.3206675294663	15.2127582153976	14.8625740093925	15.8923537942102	15.0503489806043	15.3150665242961	14.8505104673861	14.9971880148768	15.4000884794925	15.4801116750139	14.526845058064	15.5934920653428	15.1130815492961	15.259148030145	15.4982575270197	14.4379999259165	14.6201315931718	15.3056955117189	15.3787932756874	15.308863458686	15.293703622056	14.7855148789016	14.8739073299463	15.091767538711	15.1190080285064	15.395480712031	15.6466325057979	15.2828729846352	14.3274242573526	14.692834453882	15.343121390054	14.9380257749719	15.2209239470319	15.4486536112578	15.1444238219957
M105.0551T114.46	15.7539575432699	16.2367006584312	15.3962277402326	15.5923194857364	15.722030951256	15.9434627586572	14.1249603138855	15.2915534866582	16.1786208369352	13.4722090448466	15.4526498697075	15.9345928344162	15.5584638188364	15.2986206445233	16.1101188914023	16.1327810769646	15.6786261610221	14.5715253237782	15.7276447907234	15.5986752755289	15.9708271806974	15.9649761324865	15.2443357257052	13.2259755521983	15.3007639975323	15.6414782808795	16.0513253661459	15.7998567257584	15.7442756427458	15.9961632874112	16.3340202671215	15.6018774088065	15.4935682582411	15.5056435728587	16.1915220223776	15.5797932843987	16.3773948498206	15.2992745792116	15.2730114420597	16.0205900053429	14.9185716940971	16.2685025952196
M105.0551T230.9	14.2427437218503	14.7518923931404	15.2585690360111	14.5442895908169	13.8660684164286	14.6509011742267	13.6379052501013	14.1876940246692	14.416461118008	13.7627287258693	13.6302083211061	14.2922882814763	14.2316676211459	13.4101855402322	15.2836726619808	14.3741649426565	13.8653281862937	12.8230464598425	14.7268502809278	14.859721714309	14.5246319741182	14.404864571786	14.0366566099763	13.9681365692038	13.9785244355851	13.6956254468773	15.0762585231727	13.9924545966449	14.8240118131619	13.8538662376815	15.4532486626129	13.9594313464124	13.2742758936431	14.4229852319393	14.2901218559244	15.4801403844407	14.5675509264553	13.9199086284332	14.2021998876691	14.4522153267248	14.2294419339188	14.9253675801095
M106.0658T148.97	12.879027214756	16.7723699039471	13.992888837686	16.4533356507414	13.4267375582449	15.2949241749936	15.2296170925919	12.7821310090741	15.1438326080651	11.5467469365402	15.0276079614762	14.8494895633296	16.7110851844892	12.3897006353607	11.516690010103	13.0968849679134	12.481132669052	14.0589910409199	11.0119876276383	13.4875181418149	14.0605934544679	14.7761782351802	12.1001208652447	10.8724231434839	15.5876673023613	15.6112422874117	14.5871244170326	14.27027688039	14.3250603773387	13.0705972712275	14.0889841652691	14.817054331294	16.2228389213216	15.5037133341142	17.9966150460717	13.8211571018028	13.8809771502245	17.7869085312604	14.8382238538982	15.6540733497571	14.6778437826229	14.9238439248828
M106.1118T48.26	14.4324908775119	14.0823837788611	14.6599414574562	14.9392260157331	14.2669913358827	14.0538983022996	15.1518614449795	14.4428190361976	13.6959437393833	0	14.2784760840448	14.6611942984253	13.6501857792751	14.6206990700435	14.5153539204154	14.4379011258948	14.1702606611694	0	14.2168179955286	13.1711959983331	14.4843179004373	14.8231632772802	14.724191124691	14.6134878660806	15.0108908009431	14.9652351509927	11.56863231141	14.7234818787399	14.5042288582689	14.1073842263737	14.2636526158887	14.5246278368129	14.4366725283301	14.4798839953003	14.8065386772325	0	14.3911298391491	15.2453505157052	14.8326122259852	14.6083452114068	14.1764570741694	14.3764536339672
M107.0498T387.61	12.5802816326197	11.9941211039264	11.8244000923718	11.8879855697854	13.0807188609919	13.155064014756	12.34807902722	12.6575876012542	12.6975128444316	12.5208903565859	0	10.8663378066367	13.3659877026858	13.1797073238836	12.7602086064465	13.5970058223619	12.7780449500262	12.0971511371457	12.7125994373613	12.6604826470309	9.39100383377935	11.5590308339149	11.6848171619456	11.81372748738	11.8614925503523	12.6044845089641	12.4011464145916	12.9899324377463	12.2909626182199	12.2439072933441	13.2674701749986	12.3923891485067	11.7845736903887	13.0480444310959	12.2034042238353	12.0818009524893	13.0653886530755	12.7731959211466	11.9075923093501	13.9768635662997	12.0191486188182	11.6338021807646
M107.9676T1195.23	13.1935097190323	12.8513910390738	10.9160292481135	12.3326038858628	12.6160640711636	13.2469355113437	11.9171461197615	12.7930159120233	12.7010210879407	12.7824607202383	12.1947549860774	13.1454803911556	11.9185425655857	11.4827149753798	11.4685014740435	11.6201417948884	12.293474751741	12.1116489648287	12.7725370873542	13.1430132271169	13.0276636518009	13.5163533854562	13.0984570713979	12.3480849814928	12.1445094849971	12.4712079543008	12.3503094073963	13.0121573232013	13.1057848418214	10.6290193678942	11.6286497828406	13.1073781652115	12.3080954475413	13.0594441883603	12.2411495568953	12.784731836216	12.6797845006265	12.4147001155653	12.8866206088657	12.8407472069187	12.3271905341095	13.0144887307348
M108.0812T116.07	16.1086906697469	16.2934226022086	18.2584659804549	16.1098676268297	15.6692640366403	12.8605414646843	13.5209980908914	15.6057335878137	17.1724413645807	15.3623398435424	16.8464868466491	14.7529974863744	17.8214621601812	14.1879184687928	16.0493302482167	16.3555413914608	16.5291593986075	15.045852488754	15.9995826603216	16.4668552682444	17.7178294345543	18.6940440608745	16.9306320886539	16.1983886743044	16.9466636750717	18.4653109291617	17.0340976632118	18.0850351555735	16.7845674515334	15.5474475272066	16.1176693879449	17.4591343127887	17.5032181274904	18.9834589621572	16.8776444009306	13.6926229483556	17.1627932352466	19.2151877033003	16.4334613880299	16.5241358543977	16.6871714586132	13.9170772586523
M109.0325T53.81	13.7997777368288	13.2178890818019	13.2789299272097	12.0578879039181	13.3287663309469	13.1301768959492	13.5552531101791	13.7301830203364	13.8190065164238	12.7098015878804	15.0560318899876	13.0973984402914	12.2212078183408	12.6603728083886	13.3353292091232	13.3580736151633	13.5025784199095	14.158131735846	13.5998560478982	13.0260905489715	13.0244884070771	13.1507409213271	13.2206958989657	12.6137592771765	13.8558805425235	14.1297619385074	13.7100038150025	13.2179758616307	13.6363566893114	13.3617341721912	13.7319064955792	13.476162426877	13.8041051185887	13.8466636068032	13.1756045124778	14.6932621848474	14.5298857073103	13.566913578782	15.6236890068155	13.5778218599663	14.807423746717	14.0700408804653
M111.0447T203.56	13.0792488123497	13.4910074054593	13.2413566876525	13.207302571637	12.3448034810471	13.0440751705023	12.8171652994438	12.2674637333524	13.3269849015761	13.2482779183732	12.7266037452806	13.408122874773	13.2481773440892	12.1479378069858	12.1942517132436	12.5759736362401	13.8133258870563	11.8967276025476	12.7864105355326	12.5074958469674	12.8315514427432	14.075480229713	12.2058442094536	12.5698741435224	12.8443837375749	13.3828301819116	12.5997635663775	12.1599435113388	13.3896273709387	13.1622016138054	13.4015365902112	13.2860310910309	12.2835954961766	13.273572877192	12.9138229638665	13.3915582909444	13.3438660629948	12.6709047972543	13.2247704204941	13.3708837657965	13.2547989903301	13.7461716620216
M111.0796T199.38	13.2108358658974	11.9746269763179	13.6810258045638	14.1559365627886	13.0101693354497	13.3673177297565	13.7668756083468	13.4100520069089	13.7662526486693	12.6844908785794	12.1867238786495	13.3438079017319	13.4070435953678	12.9444030973368	13.1434909290024	13.5708956502857	12.358540650917	13.4116987370961	13.3475637141415	13.557307577741	12.8709147104686	13.9092375303082	13.3381443841601	13.5614880626694	13.804286676648	13.3642488782719	12.4527603359481	13.994880152117	13.3734410874766	13.4603603723871	13.1920255382357	12.91862536543	14.9917189303044	13.3088219148558	13.6122053301322	12.2449696933223	12.9979828042265	13.2205992795945	13.6578086187422	13.66592101043	13.0925613942892	13.2073044745064
M112.0185T639.31	21.9676475840249	22.4719632195469	22.1835097326983	22.744960121911	23.5728029498466	23.0769631332365	22.1019442508499	24.0932589422821	23.1177167613352	23.761573503799	23.8443448077655	23.8745229963911	23.6011030716493	22.2517177553872	21.708046483258	24.2456897181211	23.4241139089938	22.7235067855782	23.6904060819995	23.6990325391212	22.2577713269331	23.4886790710839	23.7548437568892	22.4565463262468	22.5970346934273	24.311756074357	23.8047288483474	23.6819448065526	23.6838307246785	23.0111285495158	22.530229228666	23.8054162053928	22.3005463710693	22.4767113414313	22.6029448743455	23.5872267458537	23.4231958839423	23.0020043383158	23.86738185005	23.3996620554531	23.5541321169789	23.6862123112185
M112.0511T52.44	14.7915580923063	14.9798686649711	14.6720412695949	14.7021408195452	14.6307335482842	14.9378259427057	15.1117534320332	14.3284139435479	14.844392908642	14.6296101481139	14.7089948272487	14.6677253103716	14.0107506845449	14.7816984127966	15.252278335294	14.9522481094177	14.1272706034382	13.6799411978181	15.0989658324136	14.8926590116764	14.3408580942452	14.0073116950122	14.5962203570095	14.5600381077594	15.2716846351338	15.5190172671491	13.7746177139019	14.5729995194222	14.2571416779709	14.1910995885169	14.9364424848491	15.6828131973798	14.5647673713714	14.2371193206106	15.3325038070349	14.3540542605592	14.9690930429337	14.7651760525005	14.5766091068312	15.4530157289297	14.4358958944731	14.5369006837624
M112.0873T199.05_2	15.9577784387119	15.7277264808677	16.1575212591706	15.9906080217883	16.1183416256139	15.4988929296654	16.1879634346792	16.1680483947748	16.0488974020488	16.0744053011821	16.3449121572054	16.1130690988827	16.039894384635	16.1690558701763	16.0987047785453	16.022574481001	15.8340391693578	15.3198091797888	16.1637110808782	15.8426668600472	16.112659160369	16.0867164290543	15.8029654527193	15.9387362999708	16.2684637083246	16.0028818744539	15.811643257121	15.9222061508012	15.6145828722347	15.7712686792497	15.6911509440255	16.1997471110014	16.5081293388714	16.2437158052393	16.2272170117302	15.2802093889163	16.0250093380205	16.0179204376764	16.3853342698119	15.9175974497017	15.9867563462693	16.0315786423892
M112.0875T42.31	17.1166604606004	16.9468448613456	17.5650199771775	17.0264992141165	16.7342841369216	17.0552050906438	17.8704280681925	17.823530743227	17.3246293933108	18.4140647024382	16.6321573062116	17.4038681464466	17.6984740173496	17.032966429156	17.8338188033257	17.4210703425214	16.5264737519606	16.1798391893777	16.6637637235745	17.9819411527826	16.2102508439486	15.7429339383965	17.7394751574637	17.2319610753061	17.6245552243664	16.6108012564682	17.8902782349129	17.8386023903244	17.0229868707038	17.4176848599674	18.0996819124994	16.9408797182345	16.5776170008709	16.4394107232148	16.8272028854528	17.207007082773	17.1478984399678	17.2137565359124	17.1957325444175	17.04873584353	16.5913221844844	17.6338259130627
M112.1129T248.65	10.3691407008506	10.4404743304845	10.725552930876	11.0540226804929	10.2630527672858	8.77934757885299	10.9976634707707	10.5745686225176	10.3479973872048	10.0548393276211	10.9646245632681	11.2081768441154	10.0374934906886	10.3456021741727	9.75601836301697	10.0655841629138	9.9771206747181	10.0094512305082	10.2709243433553	10.5438678834217	10.387679115267	10.6554029980768	9.79683297160627	11.1064241135891	11.0439495157402	10.7967439031324	8.40643743068426	9.63440355276232	10.9089275065952	9.39702346788141	9.87329873804009	10.7225841095684	11.0261430759771	10.7789495123011	10.6996841895553	10.8450625213323	8.06148594553969	10.1561741626643	10.4503339104407	8.65494171959342	10.7376130869127	10.4243245416664
M112.4988T301.59	13.4873372760521	13.0142961899421	13.1714555079778	13.3720759349938	13.4268620963175	13.3279670568387	13.550499682693	13.815725341582	13.9433001560149	13.499182214774	13.5552595731364	13.4419759709549	14.2160790036819	13.0135527268122	13.0531588822583	11.9332856513882	9.45115667561958	0	12.6743917184613	13.3357322564521	13.017224286701	10.5057908613681	12.6594637950714	13.6243339568778	13.3778214143652	11.8408622287615	12.6304434113385	13.4057377977844	11.9620837705157	12.7108231330397	13.5560692220448	10.7911100263236	13.0586496165798	12.8253783636995	13.0507845125592	12.4077146122373	13.1900385907015	13.3276692895622	13.0703412776094	12.9422039914735	12.5338906613754	12.8680328829469
M112.5201T679.83	19.9645309957648	19.3048571490251	18.6556429819771	18.8336176733346	18.9482442569999	16.0629524110887	19.1656301989463	20.1718676986553	18.6517480623522	0	16.745054821108	18.4540053989142	20.2525108426886	18.6854007281983	19.8778398560791	18.0892712150372	18.9166445687951	18.9203793691796	19.4690073900886	19.9091078392479	19.7545314894626	18.3713058421944	18.9647489812428	20.121850884807	19.0884601045782	18.9292307845474	19.2898349841607	19.6608831191337	18.957343584602	19.3947652186115	18.8215967241722	19.4803271608273	20.4181195383621	18.8946502934085	19.6792245758632	20.277699400012	18.8343753978086	18.868804366571	19.8821313720418	19.5138420884092	18.3505233435658	20.0776937401229
M112.526T301.57	13.4396518347717	11.2069074317181	12.6386516063796	12.8571945700529	12.9082053317648	12.7391560951751	14.6828050456595	13.1435056488747	13.8889166117442	13.2121658643694	12.8597168177321	12.9721464153012	13.918608601169	13.9941466762856	12.3537930496046	13.4360461393401	0	0	12.4177942943465	12.773916758876	10.9165475441778	10.1592002841402	13.9195579624223	12.9655159586202	13.2000506953848	13.0367280680163	12.2756663348112	13.3152836369085	12.1432254110403	12.4902557552649	13.9091933130425	10.424684848072	12.3486853845079	8.70726026162652	13.6397341141224	9.56044377942874	12.6164484687088	13.465839097164	13.3555465194106	14.0816374407884	12.1066118185422	10.6270928188411
M112.8963T47.43	15.5443958985125	15.5183946600568	15.681248540734	16.1013623084829	14.3322437338448	14.5779189344645	16.5048099986061	15.5479363776353	15.1960079084403	15.4808118367924	15.5099346625763	15.6204524132115	14.7390757938716	15.6393877366274	15.4717853562373	15.5095570964268	14.2376707504456	14.898622231113	14.7950639371665	15.2324748569034	15.3398089669161	15.1267489090272	15.9579732374034	15.5473296391242	16.1918062252854	15.8070360939357	15.4940860691252	15.3146995447779	15.7470084083319	15.0447438065781	16.0740452547299	15.7107608518776	15.7803097570699	15.1171187734632	15.6953776421061	15.4036398586203	15.0441739428251	16.1475273109386	15.8142345483229	14.9707406264231	14.8183920042598	15.5424981964784
M113.0173T674.1	19.3166709128135	19.245024586998	20.3613796838424	19.4995295789811	19.3859037186963	20.2046298466759	19.7106292974816	20.0399319350833	19.2777478749674	20.2234120173661	20.1019753933828	20.8995848423522	20.3422772602621	21.0169999416709	18.86506646859	20.2845150535749	19.4944202873409	19.5009029773353	20.8056623556736	19.0013673458851	20.0726043199897	20.4524151048613	19.8553536161836	19.5382121269469	19.5403744034468	20.3232273173404	19.2248219703291	20.4491249985218	19.2944449898191	18.3994846079431	19.7916160105772	20.0772108752623	20.2522216382559	19.1787745686319	19.82606612798	20.2177234365242	19.9102309553898	20.2856286770868	19.6293719426894	21.1011803422534	19.5525960407439	19.461542349933
M113.0351T59.96	19.3443671311904	18.9938718491182	19.6233463769681	19.3697509929029	18.6079770975457	18.9987028397767	19.6043091323544	18.6771084258821	19.0627105174601	18.5361271466404	19.2639267781609	19.1362398185793	18.7457783075968	18.5817360942153	18.7789805100716	18.9706921769406	17.5810045209649	17.3632884995799	18.2048441323078	18.3709270591304	18.9856312460244	18.2813091029462	18.6354148210332	19.1863925436519	19.1016695533292	18.8131125927122	18.4149276754452	18.8696058492914	18.926097940601	18.7066387777427	19.3036783900159	18.958171789767	18.8858697438918	18.8135557021434	19.2171073336693	18.5167473198256	19.4017929816938	19.1134514554309	19.0303271833565	18.4992518865977	18.6433498578949	19.063191382127
M113.0968T372.76	13.6450715218531	13.6145600912319	14.0756755354345	12.6564127116707	13.1909637438059	12.8802971478838	11.4787141838957	13.5092750715401	13.2402793472483	13.0716008119982	13.181226085385	13.4221284798529	14.227261714321	11.8231482883628	13.5257064367627	13.6537553035515	14.0924619344365	13.3231611523223	13.4019443867109	13.8103811331174	13.8912350748081	13.5785238704072	13.0878404160709	13.3780460069032	12.5088484372893	12.5729354079263	13.3061119694036	13.3348325477588	13.3952769320404	13.6023939346162	12.296839875772	13.4904071708319	13.4138746030861	13.3961436326541	12.1713381962697	13.3866700510842	13.3065419427256	13.6475635888326	13.6288447950464	12.9718892758908	13.321279031629	13.4090062660064
M114.0386T59.8	13.7150699123843	13.1591462168726	14.2041537539091	13.716279912164	13.4563429955735	13.5060908151202	14.4445631341881	12.6876220193057	13.411848954185	10.7341077878092	13.5508610461476	14.0727366223841	12.9626874097972	12.8410062844596	13.4779283025039	13.3578319393393	11.1999778047642	10.3061764446934	12.7232103140826	12.6586666310626	13.2459095897591	12.0028185411025	13.6131139364714	13.9741658821962	13.6230045672966	13.1927502465164	12.6246011869748	12.6171015787694	13.53060114517	13.0219170334436	13.6208203180899	12.8603909123743	13.1242848819559	13.5812307342184	14.0086913871367	12.7967756690374	14.008662169834	13.5666189422498	13.6558703511659	11.951184933869	13.1488725112657	13.660378831967
M114.0555T65.64	16.9027276607556	17.6385216612748	17.5787409669872	17.5036053338638	16.9697558280853	16.8362441491067	16.8021937745698	16.9596564214042	16.6311805678594	16.328478527364	17.0654704443615	16.7464597941905	16.7787854162119	16.5267611772128	16.8090418284798	16.6066132764604	16.6632164012724	16.8163454399198	16.4435603536397	16.7164170194873	17.0438857358296	17.328499806407	16.8859929429163	17.1542467156092	17.0260530821355	17.5434470793022	17.1771972231899	16.7061008569213	17.338767884749	17.0756721374529	16.9392204692797	17.3210077503114	16.9360832067883	17.0084295313606	17.5302643326307	17.1770450243914	17.0911515359422	17.1555106922168	17.5769831105112	17.0782932943168	17.9779568675338	17.2820674918312
M115.0372T45.14	21.2312733499611	21.169549155617	21.2055537148507	21.1756992892127	21.3363718294723	21.2852072515536	21.2505972217107	21.2346063136114	21.2105146982941	21.2343354629626	21.2574346086898	21.2406371309141	21.1824191864461	21.1636185047514	21.2453307081689	21.2454384828282	21.3057308106553	21.0997690978343	21.4079618313996	21.2667708416664	21.1745770627398	21.2816587734987	21.2606493853057	21.2688374634349	21.2761688710434	21.2311314093012	21.1964601493802	21.280635257367	21.283669235101	21.0283584995718	21.2189915458277	21.1909147510916	21.1670215246751	21.292966951958	21.2343313715967	21.2425939934836	20.9528949496088	21.2376740214615	21.3634467847188	21.3680292413578	21.3166996644024	21.3160347927823
M115.0396T102.84	15.868324245617	16.3314792090143	15.6389280750339	16.0206030378925	16.0015757180378	15.8818389599683	15.7185039915225	15.2201609776821	15.9471629970616	15.7080205803347	16.3124756165357	15.2051961629177	15.7390122323817	15.2694087997685	15.5074486642719	15.7805933592452	15.727463013631	16.1367168749036	15.4738831234319	15.4615310498297	15.3540638359618	16.2130100425132	15.9664887337504	14.9026802347614	15.6066000357226	16.0422995280777	15.9758492270146	16.5236425423112	16.6203440654084	15.4928594047618	15.9091233348214	16.2458737511265	15.945572012455	16.46179259152	16.359846546989	16.6382699206278	15.6986118756344	15.6453905709232	15.841438050331	15.8345422906273	15.9241060193026	15.9499922482483
M115.0508T58.54	18.5613743166577	18.5678567957987	17.7304422958361	17.638953651496	18.2655974854795	18.556360218886	17.271881047722	17.85218924129	17.9777539105697	18.1913548082617	19.293808687214	18.7424837701679	17.9115333795307	18.2078948265535	18.0963152144035	18.7774403778606	17.944508580177	18.6460779291813	17.409980101347	17.0243471318876	17.9327099769032	17.7189684938568	17.4470163944263	17.1277233435439	17.044882602241	17.6927117471097	18.1358227898972	18.3712729562658	17.5514029200415	17.6306241260201	18.2323950275388	18.0695307135272	17.4277017676479	18.0428584380117	17.8380022506646	19.0210477604123	18.75189097246	18.1987153602637	19.3443391158065	18.5065421326611	19.1510120272911	18.7863179960563
M115.0758T196.21	15.6195032934562	17.2840777991071	16.4777160360078	18.4272092602992	16.8894538593181	16.4160090089595	16.9190440481383	16.3404974062522	16.075358934086	16.1609645423729	16.823985176291	16.9556810984854	16.3157926233268	15.3025063885996	15.9504214021269	15.9341758398257	16.7715623937117	16.624114007636	16.6173651072293	16.8137504998485	16.9264106813895	17.3845489631467	15.8830551663848	16.8029777866684	15.8226781897725	16.1222153804751	16.44424161218	17.4178784662729	17.2235632596393	15.9129735312979	15.9062549433413	16.444219469947	16.9194007978719	17.0417769964393	17.163136730284	17.305002638456	16.8160787555648	15.9189792830701	15.9259545888551	15.9036368548969	16.0274050058904	17.5266980981393
M116.0711T198.69	16.9428001761672	17.5518536789841	17.178926011314	16.852544955016	16.8019444737563	15.5827351966383	15.7503882271638	17.5490914771085	17.8386654288947	17.2169729456739	16.9920094643484	16.879557017105	17.6848243990205	17.0328911550687	17.4930253319291	17.8130743475615	17.5681542074556	16.1939803710308	16.7954391190692	17.2287337261435	16.8589938847198	17.1063358185088	16.5012929475132	17.2907527926318	17.3051064895008	16.8244569993704	16.9213898953519	17.0227152420926	16.8266459895394	16.8316057291689	17.5535129156187	16.9810216641515	16.7240161747608	17.3528676463467	17.6483650076334	16.9427631453063	17.3867535308884	17.3246342798368	17.2914224869854	16.9924871976441	17.0880345583064	17.229154414545
M116.0713T49.89	22.564403371893	23.4285069250251	22.8466471166515	22.2446006617602	22.7506560290159	22.7459355387429	21.6504807084934	22.4971307657109	23.3378948622372	23.2914930196363	22.777678100109	21.9057760983365	23.0124697250637	23.0504986965179	22.4995365332146	23.2290588318747	22.8240727633808	22.6107584155233	22.4833361780664	22.0729306579742	22.4313926202546	22.7124837768461	22.2282423834482	22.3101757961201	22.2172552495352	21.9249104389688	22.7329376335755	22.4960222770137	22.9045110501901	21.9820423144424	22.8913099117363	22.2881812301569	22.4223449893723	22.7602177597038	22.9524890848005	22.6863342260106	22.217820989132	22.1318268836421	22.8934167085349	22.6817270643702	22.7041086626042	22.3651619279321
M116.0713T94.45	17.9752266310261	19.0381251269069	18.7764923057842	18.0736065411849	18.3713884499616	0	17.5436454994429	18.3758145652679	18.7412096508851	14.1614328302176	18.5395138165229	17.7884425267034	18.6138820809694	18.5308253135898	18.4867388440589	20.4622075765439	18.4066532395362	0	0	17.866251889546	18.5181402963728	18.3966988920133	17.8251482143142	18.1091563197418	18.2827464797684	17.8986747893263	18.5762985801929	18.220150591424	18.3281765838548	17.8168744380153	18.4857471495287	18.2695874843163	18.249426835563	18.385768388293	18.4118267319424	18.2125307994376	18.0865968547831	17.8816520669686	18.6041641644077	19.9574280604462	18.2019972031196	18.1178227650438
M117.0551T112.27	16.611337348865	16.6688041675109	16.4633637816165	16.4319776359912	16.7695688727511	16.7694107407669	16.5026009623175	16.5883115363926	16.6950234703334	16.2636591018748	16.9349214648746	16.3795006120831	16.7183212550653	16.7413842298597	16.8930972507682	16.745531635289	16.4643422256821	15.6733258031052	16.7363728558675	16.4231531830745	16.5846139484672	16.7289115588489	16.5196337046834	16.699067158126	16.5071111283781	16.7762540319169	16.9554110205376	16.7379005426118	16.5198932780932	16.3676765921087	16.7765017228357	16.7069377211444	16.6347727569353	16.8789041302507	16.6329946257477	16.2805253813146	16.8960358516742	16.2863303577118	16.4153331191753	16.4056451918533	16.5946375261466	16.7892760144789
M117.0551T163.27_2	16.7445941432977	16.0161409685508	16.1508779303739	14.2415419981079	15.8026718660668	16.719595893159	14.1941032337352	16.1458930091309	16.2108345986137	15.2530793199539	17.1910119046888	15.2223151049668	17.0108592601757	15.9770130354377	17.5321502949875	16.1541352771369	14.8983006726553	14.9944817901255	15.5099642537267	15.4756144982398	17.5393659656866	15.6843075318853	15.7112881473815	14.2244467786	16.7038856050218	16.0579327350093	16.9291054209164	16.918403365269	15.9384457323795	16.0101307759925	15.9853743273745	16.7683335371372	16.9581382241982	15.8079129325308	16.1329106683567	15.6412269787735	14.4375043198096	15.9632971116863	16.6131024997896	15.5866336066843	16.3132863537784	16.4293116722662
M117.0917T97.3	13.0410508080453	13.471547166973	13.2253683258235	13.2562604044793	13.2030153227979	12.6119109185918	13.3681701684048	12.9995058438519	13.7725284630475	12.9801966499902	12.831734447881	13.1832006276494	13.3967262631757	13.2804005953615	13.4916995661799	13.1776186186651	13.3462708749539	13.5187826532007	11.3308787773232	12.8206034317773	13.2324765536832	13.4690240645817	12.811966658617	12.8077134491987	12.9183714210235	13.3223899180062	13.1164989481611	13.1698853496773	13.2828667773778	13.318225202192	13.1757790668489	13.5695187198992	13.3233719850709	12.8637794158869	13.2007444456033	13.0709989595865	13.020284928112	13.0966759891742	13.0450903163683	12.6515582556942	13.2222076697511	13.3337517930747
M117.9617T54.73_1	15.6891992790598	16.3095768963062	16.471847966748	15.8807410786592	15.7948677869503	15.8263598493947	15.5612223418793	15.6509980882568	16.1880213615284	15.9662765657128	15.9213837460034	12.8646442555611	15.6320935664199	15.9601384066367	15.9512816544247	16.1795702037794	16.1210677990859	15.8751170418252	16.0931415348858	15.6134820518165	15.6915586473902	15.7037832963943	15.7202009918045	15.6425771111956	15.4505633836948	15.4867467760749	16.2974488099491	16.0005295216835	16.1478686564512	15.4859683962979	16.278108630836	15.9922772603529	15.9584307702699	15.8840934154978	15.9345933786495	15.8881158965423	15.9767078467045	15.3409625596404	15.98334887925	16.0215646933229	15.7523222064017	15.5854532650364
M118.0505T58.75	18.7681971620353	18.6548990161219	18.9739737757262	18.8253040916352	18.2774156510958	18.182894005757	18.6806528237806	17.8661361667021	17.808869669389	16.83790762183	18.3312352184866	19.0030220588698	17.7587910553771	18.1974960927053	18.3446075558055	18.5299510819163	17.9210476181227	17.0272945981519	17.8737403599625	18.0332856954307	19.1896493602617	19.2394909989441	19.1760303342524	18.8743187797218	19.5602127137122	19.1692780576898	17.9998270709105	18.4103271273595	19.2008911393248	18.075574572729	18.1371272816133	19.1302587418001	19.2502225490279	19.1524726527674	19.8228740070024	17.1810963114315	19.3337123235908	19.0594032901668	18.3952216604574	18.3616016697597	18.6776925867394	18.6221914909692
M118.0632T119.23	11.4076871884328	12.2886459908831	12.2522277792023	13.2233880445946	11.8002712044043	12.2166188086132	12.7614114762416	10.5822309446773	11.71885220912	12.0586755805645	11.3612467695224	11.7978429483425	11.2025475816415	11.6290262899522	11.3294225563515	11.4750722119517	10.8767292989078	12.6692359702107	10.0072715312518	12.153246081972	11.2034696892888	11.7665863115126	12.5308194430969	12.5292406372581	12.494825137952	12.6607595027104	11.734124765573	11.4140800968345	11.7616012876858	11.7650831324219	12.5000107387802	12.6984725083509	11.981782475458	12.2787535193831	11.6407613072653	12.5402617996465	10.8150442880903	12.13977475316	10.6779698862285	12.15545832845	13.0346566390624	12.5628549618978
M118.2126T54.73_3	15.6186097429089	15.8823131503847	16.37113093225	15.8621804521639	15.7362865740728	15.758787806817	15.692015182276	15.3147424692539	15.9268197883875	15.9576526591857	15.6409557730707	14.0661723691215	15.4226792151763	16.1046798253154	15.9539959038892	16.5110902545734	16.0222149079481	15.6264181342496	16.0827244495854	15.3903658899837	15.6440581379618	15.5746189283263	15.9325111736054	15.5018697078841	15.2889983940242	15.6177992963581	16.137109978071	15.9505748065996	15.9554194008191	15.2449674040676	16.2596006192469	15.8258819911538	15.6829603906212	15.8973511769714	16.0113515421087	15.7291602387058	15.8881749534021	15.0937907322342	16.0653107543163	16.0807031632354	15.7678683370812	15.5173705488588
M118.5482T62.74	13.7798441552239	14.5643273794764	14.2871194233172	14.4176956053695	14.0240803522389	13.9516898871065	13.249140059356	13.0874406530457	14.3417317833972	13.2079421896923	13.6699638935194	13.1233504765255	13.6331554517048	13.806911992886	13.6168150145742	13.9300125003563	14.2464539884625	14.9859555202532	14.2903703214493	14.2540080899957	14.8622863410882	14.3691288126103	14.2339201018624	13.718852064636	13.5285846453727	14.2602870511791	13.1598247018327	13.7729772199014	14.794141859406	13.2763449572966	13.8990045400566	14.9694380989419	12.6942002531791	14.7963192385512	14.3324528690651	14.5965792274946	14.3811830513516	14.0471683447802	13.6814015292589	13.3621680639432	13.8932695048961	13.5437036431253
M119.05T66.62	13.3116263999989	14.11864412482	13.7568907057796	13.1279369188849	13.6044733735651	13.4973034547086	13.8145923914336	12.8084231022849	13.4983464882793	13.975217940725	13.4317603358156	13.750325244286	13.5277776478218	14.0908256390923	13.5297138297581	14.1635112391559	13.4302662443166	13.9330378400019	13.5364549926268	13.4174563947832	12.923161932789	13.6402761476994	13.3052380201751	13.4723328259306	14.4496790400993	13.0611035805278	8.41072776995822	13.5310132222593	13.7780240940683	12.2881084295634	13.3971196974035	13.1161632447889	13.2477680543877	13.6916555664239	13.3054443395745	14.4077721763826	13.2951113516577	13.0310505775637	14.0821788733206	13.7897117409004	13.6687214928318	13.8428159025547
M119.0708T109.83	15.1033143486696	16.0720897823764	14.8810154106322	15.1195646599926	15.5327639408456	15.3864693373138	14.7948389040001	15.0851069801214	16.1573649419489	15.043631075006	15.8170041405429	14.938096662519	15.1542285595401	14.6959995917537	14.8980315874394	14.8891075134894	15.3139412911484	15.9586316584935	15.6980993457476	15.8827743913689	16.1165024401766	15.184649058321	14.5761372044623	14.299205946839	14.6702215587679	15.0299565499873	14.8099450370427	14.8712476784641	15.0909554204361	15.2095622964482	15.0180958482558	16.2760280821062	14.9341771111144	15.2583581589261	14.800185944529	16.7447215529283	15.7240083379755	15.7362327841131	16.2337959499616	15.377540063334	15.423713619758	15.4414938626959
M119.071T142.51	15.3101908359019	14.6205474564886	14.8821664037806	14.8169674391844	15.1638391739135	15.5203054910054	14.6712359155759	14.9448933069137	15.2033719274166	14.9120608078258	15.1714268282677	14.3274070047636	15.4284205438896	14.7814570883337	15.2431073220271	15.5818193306754	15.176166451428	15.0771545992491	15.3540137788532	15.2762040219257	14.556247868406	15.0734373530857	14.696975860602	14.2506993141479	14.7095948992765	15.0334648948629	15.1331506993698	15.4229448383485	14.8331711083532	14.9777649187703	15.4789489154988	15.1468225817838	14.9503428441606	15.3346657444439	15.2530526438595	15.6700354594976	15.6657079194891	13.1452181199942	15.095425001409	15.8131403042795	15.117472667372	15.440199391353
M121.0727T125.63	14.9233269960909	14.7816947301449	14.9525238796868	15.0361838819232	15.0771827256126	14.5255494765276	14.8022429488803	15.0656371179471	14.5961202546682	14.763672596681	14.8711768407657	14.9120113932934	14.8974299870835	14.9029434739113	14.8522855588234	14.6234941064869	14.9870388205435	13.7182301883911	15.0263046599871	14.8148859432896	14.7637869580036	15.1857565512723	15.0368291895459	14.9471584649225	15.0781970349928	14.8552447791223	14.6456316219098	14.7498048738091	13.8436205117326	14.7453297992469	14.7990479732609	14.941456589348	15.6300514142263	14.5989853913683	14.6294039848268	14.4915958531692	15.1988001654409	14.4036516615309	14.8226125369365	14.6435889570762	14.7139704810557	14.8652874020607
M122.0584T128.27	11.544621452695	11.8731823105997	11.7264246908797	11.0380404615127	11.0416818171441	11.739769442227	9.71220088905728	12.1433350426521	13.1357396413309	11.8762589266279	11.506621879813	9.40067992634492	12.3307358998247	11.9579780928432	11.4735462890956	12.208775267288	11.9417952799619	11.4439801301684	11.8940944470798	10.9440584990429	11.4643349484571	11.3097243413399	10.7199812070361	11.1078264717262	10.7970584593387	11.2996342345637	11.9128062259368	11.9174122426408	11.5494218304943	9.54973764631121	12.4705484746944	11.6573658738394	11.2491150742809	12.0983256410175	12.4569380887086	11.8739020994624	13.4816474603805	12.3814668079916	11.7832848474111	12.3605002033681	11.1369278853627	10.9554925225289
M122.0608T392.1	12.3574800949196	13.0177827411635	12.9689517177246	12.4928337600946	12.5986985958296	11.9775728884132	13.0190673649075	12.6884269434501	12.8889026369111	12.7248395740982	12.4738005241218	12.7321003002688	12.6441778019001	12.8985606113562	12.9858384615487	13.1875880166963	12.7919116665641	11.9497505365712	13.0920213858419	13.2150793136592	12.699756474529	12.8691936037234	13.1141292862208	12.3675517042773	12.5831616704452	12.8667221541566	13.586553594626	13.186404030762	12.4597377202601	9.90027332913918	12.7109081628655	12.1835929486425	12.7647408068595	13.3449678519615	13.1329225515319	12.4172387877492	12.3005730376504	12.7217814834547	12.5923825433889	12.7569322312335	12.7653467286865	12.4307569391413
M123.0446T67.02	14.5027516395032	14.9793997128322	14.7868488751634	14.8306435426323	14.6344678842437	14.7485185497459	14.1140773452491	14.3021380542639	14.299627660884	15.4348526801993	14.4137084762318	14.5398884163031	14.6098361817805	14.6818131313269	14.4196656678382	14.9933064879188	14.4695602436025	15.1494881091984	14.7714985045662	14.5668966383517	14.185443307295	14.3779420834893	13.9544517290803	14.4673287327533	14.3581212549747	14.0296458388421	14.5319309739631	14.4195812867139	14.8060331631453	13.5200188926164	14.6285569530499	14.2767912100346	14.3288067689473	14.954292451933	14.7595034649563	15.4031166173363	14.2953332911018	14.0354540164505	14.9446354409795	14.5570913502013	15.0052618603928	14.9738449590828
M123.0448T316.7	14.8310831921461	14.8888749439712	14.9231917806849	14.5712088812852	13.9440064617006	14.6586775437842	14.6763952109593	14.6899978110308	15.4772524767789	15.7121322355835	14.4222749754214	14.0109260461256	14.8271063720553	15.1874755346311	14.025761227795	15.2696494187637	14.1298258704375	14.1576099078373	14.2539675533142	14.4582408227059	12.9969625860322	14.245980705586	14.7334652137296	14.0928408636845	14.3469611425484	14.7529235042668	15.0239407776412	15.194517572481	14.9620956666698	14.0342110943428	15.196707382858	14.6928480346861	14.4946170261911	14.5322040243962	14.5454160262156	15.0532572740227	14.2816172962923	15.0095453433538	15.2527072049057	14.6088849020521	14.2640972455706	15.1246858079993
M123.1175T325.4	12.993339521956	13.1797665072154	12.5259989895076	13.4502839337666	12.3458461582353	12.4659067019283	13.2958176125233	12.5300671569111	12.5657625027283	14.0886077546662	12.8961118201694	13.8198706622363	13.021981795149	12.9291808266911	12.2312373466295	13.1466459636764	13.5636707045754	12.9917938713383	13.6826870350795	13.120425349085	12.3670827662483	13.6066272628568	13.9893361229908	13.3902252544507	12.4814942729398	13.7531125401793	13.1176701547906	13.4227770299289	13.5480759311487	12.4208613744105	12.8848966308845	13.014034882508	12.8624185731404	13.6726171804253	13.8052080713811	12.7703206304291	13.3480616843955	13.3665525798159	12.3376116480446	13.4651691675712	12.7805578839167	13.0092411869933
M124.04T56.97	15.5251729856932	15.2753294948051	15.0639688839925	13.8125151727072	15.4415212686182	15.8675651400098	14.3502775183484	15.0444527406915	15.6233812173606	15.4724841771822	14.7024258875796	14.6164437134472	15.416358531393	14.956865374382	15.2144672279026	15.39143046008	15.593026677417	14.8055610660001	15.1203121737422	14.9401345191107	14.8059396216246	14.9131067618876	13.5311746975526	14.3694685314923	14.2302987988258	14.3643154280138	15.1512018547848	14.6257203563964	14.9663169920399	15.364848520633	16.4100117454082	14.7384014800062	14.8424216512482	15.0484786489681	15.1577484489151	15.8227972396792	15.865318163373	15.0209931650918	15.0009734994286	15.849993003285	14.9722446494833	15.8832418684325
M124.2098T697.21	16.5455597418263	16.8139825871928	16.1446228894034	16.0669869810223	16.0297898410036	16.5434706690145	16.149613244651	16.738448388696	16.4232089264529	16.8800358932336	16.2813353217731	16.6169050555767	16.9011173409491	16.2463622209173	15.1398617288096	15.9557703791905	15.7837883307668	15.7994998472936	16.6144984867583	16.8404034512059	17.0364475110225	16.8117301279835	17.0245976532714	16.020682379958	16.1213068417399	17.2761783755636	16.7230206928006	16.9688787019201	17.0009918818372	14.6928112123887	15.6284572215038	16.5783438408774	16.4411931481499	16.6920602965803	16.162611551582	16.2672733098281	15.602603575992	17.0893161067142	16.0769043419256	16.6397603211377	16.4644349013357	16.4948016384502
M125.0967T422.98	14.6618593448097	15.0307268496509	14.8731066153285	14.8845887659235	14.8757859847176	14.8991043197504	14.7660685250446	14.6821737488148	14.8953556992351	14.5400635452659	15.0796761749892	14.8695400687521	15.0919704434704	14.8741456471887	14.797090851997	14.5297635920836	14.6725330040627	15.0530216661034	14.932702546373	15.140313554171	14.9756931854053	14.9462625501805	14.7827383976052	14.738693155414	14.5978912539882	14.8269209338082	14.4148380759738	15.0084491409405	14.7744038926531	14.7834553560998	14.7853218014696	14.5879258536836	14.9919134543577	15.0073224875422	14.7460675469881	15.0725966926374	14.7961094566141	14.9319149674929	14.7244233380526	14.9579884587994	14.7557155742367	15.1874114954313
M125.2545T75.19_4	14.97507408187	15.5561959814698	14.2444916536402	15.1404758099471	15.4622034044421	14.1573609324772	14.7050825574683	15.4484431641336	15.4531163807014	14.719462932867	13.7081917448524	14.173443147117	15.2490159848954	15.1590914966292	14.7002596110172	15.6599063081186	15.5663824445978	14.3744293221442	15.821942594409	15.2158723735811	15.2877838176187	14.2784470246194	14.5031194778804	14.666443297473	15.1452964732717	14.7404904779	15.7213153655637	15.181726542982	15.3369315469891	14.4241799447609	14.8205601534725	15.3527659281448	15.5107454623418	15.434975337064	15.2900091376489	14.4630317438694	15.5002285298073	15.1040290197671	14.6901722775451	15.3651317487709	14.9251470547192	14.1758748721548
M125.4828T75.17_6	15.6116405964315	15.7599428489979	16.1663123766659	15.111375400783	15.1207934938638	15.4149779011809	14.8003626182403	15.413450427787	15.9850208031252	15.4654281007558	14.8871913530131	14.1863260654545	15.5955593342627	15.7219734697894	15.3827562569424	15.493907991133	15.3653878732868	15.1673672767976	15.8447175106624	15.4046049435272	15.139174426814	14.4116959444176	14.8039098472454	14.2394871112988	14.7330412752268	14.4015554704152	15.1268864652521	15.3727147633341	15.4115820450498	15.5954987746022	15.8684022751339	15.9846989049745	14.9650328396591	15.4908851699568	15.5448854175561	14.8182557675505	15.375376443641	15.4907672244262	15.6472424492671	15.8287911220046	14.5129588178557	13.1689443593253
M125.5087T75.06_1	15.1940857442743	15.7070603118136	15.7529494541388	15.4184686658676	15.3687365795389	15.3837264190877	15.2364073322825	14.6271461364316	14.685974593963	14.7992305111485	14.6401899662954	14.4048519876328	15.2712209403678	14.6729945662425	15.4418978636683	14.8975343894759	15.6324294950623	15.2703227974373	15.0960275417037	15.0596517591101	13.8145958596091	14.1968326169661	15.2016844499461	15.1371337458565	15.1530008440016	14.4082814925692	15.7225108200371	15.5896049323338	15.6978356434335	14.9439441961262	15.9384764487794	14.7848846280363	15.8245600726727	15.3737592196184	14.8732092484459	15.6321897783778	15.2828384677616	15.2987371693165	15.0824388050796	15.6148659694979	15.0948935230972	13.4578584310205
M125.5307T75.42_2	15.6805777844663	15.9975254110562	15.780054605259	15.0963258751622	15.8804450693692	14.7720244785091	15.6912557624007	15.7788914424721	15.5855877620304	14.3902150738275	14.9757550445304	14.8013867301277	15.9159313176287	16.079562428244	15.1564521622771	15.8899819719221	15.6372502235939	14.6267624106611	15.1437711090768	14.8903954912052	13.3916734221098	15.6091145217187	15.6422908265728	14.7019710363865	15.1906859552552	15.1149736552927	15.5466401118597	15.6402594882264	15.073776308526	15.9171534420087	15.4945769872683	15.6245993049721	15.5507942796093	15.346726843073	14.8147024955709	15.4823887437062	15.825343032925	15.7445328411049	15.0772180862872	15.493893535285	14.2069534983798	14.6128544920485
M125.5442T75.13_3	14.5789498394541	14.36823742863	14.4878794198658	15.1604416008041	14.1648630892209	15.2936686698196	15.4173359179024	15.1087054857474	14.5657116729515	16.0128667088696	13.2948357137407	14.6752519596616	14.4811858301523	14.3740420137961	15.2934950226846	16.7979967119196	14.3086950293309	13.7678765010869	16.110904988458	15.0891976650882	14.6579101944296	15.1044679385926	15.4924186048314	14.5701872452547	14.5429885700406	15.5205666407845	15.4644551644793	14.7553784021109	15.2346695523563	15.0475009445292	15.8274479290932	15.1079646561001	15.5211349446331	13.5656293414807	15.7439544424855	14.9023849818208	15.3212906674918	15.0373720684119	15.399847427181	15.8644615521128	14.6440672930355	13.6057586810328
M125.6324T75.14_7	13.2956348895569	14.8689448813585	15.8789351813871	15.4654048167011	15.3294046323925	15.2830812179088	15.4757429916354	15.3135771504949	15.8121520999055	15.5290119481664	14.7190340082342	14.4347566777706	15.4240421595532	15.3195422435296	15.5220859673438	15.7062405215223	15.7839576737411	14.2382740803385	15.3946712522744	14.853206262031	14.8713127389533	14.5247322925913	15.4543397078009	14.8585337835105	14.3346507448126	14.9709454151733	15.0745021007797	14.8543795798999	14.7100545694021	15.0334554473382	16.0228656532477	14.6709356521414	15.6335910064052	15.4293443886712	15.4822155152085	14.2614184401673	15.5263143927067	14.8115308507638	13.4851065857408	16.1841762149668	14.9785951702929	14.505174503352
M125.6491T75.12_8	15.4151167971354	15.1910767127891	14.9098854720053	15.544640209532	15.5130801379989	15.5835363615763	15.2417467706852	14.6548030505062	15.8679563721348	15.0988673920567	15.157445161662	14.2742431010686	14.8454827515107	15.6518644884468	15.3009992523111	15.3760122463694	15.7640097387364	14.4654647569867	15.610794468073	15.557975222571	15.5253637643542	15.3644623345784	15.3105439462121	14.4552989527607	14.3875405316644	15.4132942051298	14.5064200987782	15.514663614074	15.9019510536409	15.3743794456864	14.3796460926291	15.4673818430316	15.1732446777909	13.8542941384086	15.5896378025617	15.6490998681619	15.5567507343598	15.246950514616	15.327120347719	15.2613775098272	15.1299519242381	14.8231327427702
M125.664T74.99_9	14.8170467944948	15.2929186546052	16.0583645531147	15.2206217327554	14.7300554604727	15.4849029298079	15.1611320002728	15.7316667479218	15.5161621597136	14.9210932855569	14.8312360231798	14.5572418998894	15.849049808609	15.1511776835026	15.7612924367227	15.9954495689799	15.3452670381236	15.5939483752254	15.806995692666	15.4251236647966	14.1739045262114	15.3450902369581	14.9625121235387	14.8998799210123	14.8283131875698	15.4658119907419	15.8743613794867	15.9443329844998	15.4681547593175	15.6224377345491	15.0157938811638	15.8430991312536	15.3730257773257	15.3707969308742	15.6990668710578	15.193798514166	14.7620298688962	14.6231346279919	15.4289231551499	15.2274302316749	14.9253868974339	14.7129896689724
M125.7078T75.12_10	15.4733797306525	15.9584040735355	15.4124959906009	15.5230611981026	15.0140550603004	15.8856609304543	15.1790532775449	14.9001348119882	15.7554900977149	15.536745971237	14.4032736495044	14.5522311593314	15.4517450542105	15.7546026204868	15.173878756452	16.0401406616451	15.5138759290583	15.4219433337431	15.6050582179136	15.1655850441942	14.6362564650842	15.411682245629	15.2129658470305	14.5251905358531	14.9064594772669	14.8742630258346	15.2603693276275	15.6216378884518	15.8361623175644	15.2961252605139	15.6355440553222	14.5409174971798	14.7822105674617	15.244965230032	15.3987986072393	15.5532996078273	15.7340609058673	15.3612213209757	15.4961494343396	15.8631603518352	15.1903317000357	14.782958559355
M125.7392T75.23_11	14.9842258852445	14.9758780161024	14.6004035976081	15.194219588055	15.6935795257138	13.6816195617312	14.527224507203	15.4748335585891	15.0082783960605	15.2003923843288	13.7388088667821	14.7305102287952	14.0159463106146	15.7925787793095	14.5341165077322	16.7239905240123	14.6712692860565	14.2721200728226	15.9719560027827	15.4973675431379	14.9727446354588	14.6650964548488	15.7701145370192	15.1917113317752	15.3667227798505	15.6190109784431	15.6827871328236	14.5403333457933	15.6845512296606	15.0852833094854	15.8972554487874	14.5969811637908	14.5029658162354	14.5844963083383	14.5385300969795	15.3536791748891	15.4549425761319	14.1381418193206	15.1622365415115	15.730614268715	14.9989604630982	14.7578972615066
M125.7696T75.16_12	15.3251810885415	15.6785477066535	15.8936495137551	15.547309266838	15.2023267102723	15.5652260194253	14.0834714890268	15.542336887353	16.0625585966483	14.5408720032502	15.024313993495	14.9851783634832	15.5418908038264	15.6374422103114	15.8645296637849	16.0722494099486	14.3576354531207	15.2438859444338	15.5398770208828	15.4476123246733	14.0117294703707	15.5664472905969	13.2973187451766	14.9912322896142	15.6695916316741	14.4025512039893	15.8342018068595	15.7432163274891	15.5947975220328	15.3735145125633	15.9194272622901	15.6408797590049	15.7521917096157	14.2342040874975	14.7295146617102	15.2727176283035	15.684704121133	13.6178888562012	14.4672369393304	15.8923009898561	14.8082993196176	14.542117813527
M125.8047T75.06_13	15.1074881226526	15.8921617491957	14.832453542433	15.565484227345	15.5616944002527	15.9294158266999	14.9197940834959	15.597329258613	15.7880823819347	15.4707042497191	14.8055431786861	14.2915523019841	15.2218773281933	15.0959653649676	15.8157700912851	16.0253070626846	15.6365998301756	15.8087447710904	15.842698389435	15.6365366960821	15.5774759181824	15.4200495809655	14.3175700014028	15.5386156685487	15.6454443577847	15.3327766783902	16.1810537932595	15.8198480856609	16.2194583991265	15.6366451929152	15.9031035054073	15.4003765738855	16.2801130515877	15.332721238606	15.7423930297717	15.9904318517523	15.7008693036047	15.1932884007106	15.1196068629481	15.0313848973608	15.1872276397991	14.8668644275659
M125.8155T75.03_14	14.9732320211181	15.9829176961153	15.708316327472	15.4459884284702	13.5963719739766	15.5987404780505	13.2653073888787	15.402537013626	15.4541644779089	15.6543646275466	12.7808445110858	12.7559005739698	15.4990789871705	16.0181935322796	12.8971276692103	16.6230717866458	16.0418506579845	13.4185323066297	15.831667485669	15.6213413834889	13.2183132612828	13.4649686125756	13.7343743314228	13.9200808368722	15.2107454955853	13.4958797276092	13.2760466396356	14.0846335089341	13.5972424399872	12.5651287623621	13.0502992785185	15.5674257821883	14.26977337311	15.7284960644185	12.7861705965416	10.7410742319266	14.3525801793606	15.1998319999678	15.2915410585478	16.2737374997387	15.2629782873265	14.8415156977708
M126.0555T61	14.1263987700345	16.9481995424867	16.5089703781342	16.8439382908111	13.3434516316769	13.8525808653585	17.1162939420696	13.4765771964976	13.3754215197563	14.6778638978116	16.2952911504863	17.0154707854938	14.4936667891791	13.4822923880635	13.8711173399132	14.0388883483497	13.4560200466362	13.1778447204223	12.915091727025	13.1400927976908	16.4103252447838	17.8015406944032	17.3180885989502	16.8797241930127	17.3883874335409	16.9664644617299	13.8485389720471	14.4760710405976	17.2489149425695	13.4100067913191	14.1555786002665	17.3660720171781	17.2802120970557	16.9266957505669	16.7590811752377	13.5298140679191	14.0433983312061	16.8105981660965	17.2814767859513	14.0306562637412	16.2638880596884	12.7022147121501
M126.0675T75.19_20	17.2522839070245	16.2783968985176	16.2898077527967	16.29435222273	16.9816572314284	14.6548516078051	14.7800611756537	16.175854461666	16.3304929222815	16.0314984111496	14.2692332937357	14.6192906191889	16.2580152659792	14.8411823589733	16.7270116598733	16.2418310840243	16.139447498994	15.4177571198503	15.3790074091399	16.494802645081	14.7553325080329	15.6191302240138	14.6256158853475	16.1991253309763	16.1487781746548	14.8828523090148	16.4929661899411	16.4415128246674	15.7348488372609	15.1440493018334	14.5939856110345	16.293103318594	15.8610491134774	15.4965470993794	15.7228143497654	16.2371865340314	16.2309215677277	15.3194547900762	15.1319406281482	15.408792562925	15.2861281243278	14.8899710423463
M126.1031T42.77	16.931181182285	15.9526651348139	15.8136681229727	16.6992984304563	16.5367543040509	16.5734817896427	16.6122608247431	16.2843128434174	16.968597709863	17.1107275726584	15.5440248799495	16.1585349111345	16.9950526834752	16.4474516129346	16.7715505826928	16.8034616086483	16.4185662275925	15.437032401117	16.1619013294589	16.3338436557959	16.5510887204423	15.8481827071572	16.4325903018559	16.1365685215132	16.6480348793588	15.9930035522745	16.4863471241698	17.282342667814	15.8139947439271	16.4851360791669	16.5038572163414	16.3779052370923	15.9331671847647	16.2525087117372	16.4433203107047	15.024580157315	16.5606200529749	16.5155260626748	15.841366136603	16.2600123746439	15.6077187384534	15.6539099335324
M126.1187T75.08_22	15.6240316107035	16.2151905082951	15.7270632178441	15.5866082078774	15.7370316028415	15.716325009776	15.1441512284019	15.6830500227913	15.9371394587779	15.8456383557052	14.771047201635	15.0954058946519	15.4869054257369	14.9577594556323	14.9304595592881	16.2498623116473	14.9616007949114	15.1586716387559	15.3212071192912	14.3867379319261	15.2994345454822	15.8314431793708	14.2437899213956	15.2741479620254	14.7406461124276	15.4753934874184	15.349092790907	15.3359874831426	15.8920898501096	15.4582191899591	14.9044797953204	15.6065184969486	15.8432598777328	15.2031268314959	15.7219296383167	14.7337628427771	15.7209342168328	14.6051013601333	15.4323775691936	15.9805155275677	14.3119612297981	15.00596176888
M126.1438T75.17_23	15.3437194937551	15.5098107131757	15.7442850445794	15.8157701688618	15.2723868184583	15.2609962125329	15.3191733768604	15.4645230317027	15.9568809921596	15.1934054521887	14.4318474571733	14.9250340611078	15.4556244644081	15.6998680008554	15.5573284906146	15.6085064662976	16.1590883647518	15.5777951883496	15.2538044323069	15.3558014409227	15.1739185653341	15.6881021067331	15.4417910010108	15.3303942259301	15.5416068861063	14.7129655881286	15.4012271833009	15.7267910263642	15.8454152769198	14.9729536284695	15.8042553289926	15.2437336852256	15.9165331459419	15.4773552093103	15.6099931473235	15.7532161130235	15.8630482371698	15.396025281147	14.7549693210985	15.9129273010872	15.600689705157	15.2060242502399
M126.1634T75.1_24	15.479549820234	15.6693810919263	15.98922331185	15.1815447906617	15.8194252821966	15.152496812334	15.2234734164087	15.5895376682124	15.8765956328408	16.2359910274571	14.9474699577417	15.0517718131356	15.5948743672683	15.6103980972413	15.7606161846187	15.7532942582701	16.0647888785638	15.4746677504186	15.5372219384479	15.8189218378593	15.3689181991537	15.8115117582741	14.7263666283138	15.2179471827239	14.4610198605061	15.2056078576655	15.3159154152034	15.4756603337875	15.6689670168066	14.8031292290529	15.9884812986458	15.2295061276027	15.2505127045255	15.5371371084427	15.0187352388972	15.5289030762916	15.9869188123674	15.551970540397	15.5314996659392	15.9840345965545	15.0983064806765	15.1521009862864
M126.2137T75.17_25	15.3183458383215	15.8231129510026	16.1729365237025	15.6241782355196	15.7125471864993	15.6044373219984	14.9827756714829	15.4180478450773	15.4428151492168	15.8568577031247	14.230095590966	14.9411250858194	15.889184066113	15.6737199279908	16.261544066219	15.9590178925347	15.6666499443242	15.4625386965659	16.1932843489688	15.6893788889179	15.0190416210069	15.7315600256092	15.2039164961638	14.7675229629971	15.9263966520214	15.6956998919728	15.4754854164109	15.7972838771723	15.8581199646502	14.9824557908192	16.1120289674486	15.5802084871648	16.0567429350668	15.8730214810459	15.4980658347639	14.9654364059596	15.8265227168944	14.8417476090553	15.6788612839205	15.8262573375208	15.1650158787753	15.1677474512512
M126.2433T75.06_26	15.6489653571723	15.953064766273	15.9612034643694	15.5429321444668	15.5668630212922	14.6730504767197	15.7775680822861	14.6992608610617	16.075071904144	15.1349674143587	14.9544339274878	14.9507794274354	15.6376229690835	15.3211121825993	15.9455395100328	15.8791161448986	15.8723511055543	14.421964509613	16.1588849926438	15.4490223419916	15.4438455921524	15.3335242688598	14.9742334633529	15.1740977211014	15.7139400253165	15.86221744669	15.1276096522927	15.9882994044173	15.7402072937361	14.6681211741815	16.203372011643	15.4790796822015	15.3308043345837	15.7080070742147	16.2029550594463	15.3767333614734	15.693410046018	15.633441639584	15.6544433364244	16.358612499776	15.1201330686764	15.0992013835424
M126.3239T75.15_27	15.379363510976	16.0474780819531	15.9304334835105	15.8301849798119	15.8736623841083	15.8108277448933	15.0842447443052	15.7020346987304	15.2827411285118	15.6179257812361	14.3294662014417	14.423824908666	15.4676790194005	14.9781020574417	14.6293852388775	16.3299006765548	16.151684737898	14.686231501728	16.1255075732882	15.8356492649557	14.8156636559631	15.3308493150802	15.4284679468879	15.3880123833126	14.9309981652704	15.7242758372224	15.0479580653799	15.1056730350781	15.4225379269403	15.5072936607041	15.8683257242753	15.7471002890101	15.848462871736	15.9616918686663	14.6813707764655	15.0801168120545	15.9911046984076	15.2713030982834	15.5352570320167	14.8728414800804	15.3073153606754	14.3225727637922
M126.383T75.02_28	14.2126397146244	16.3145503731492	16.1968521798855	15.6558566868792	15.8834921022356	15.6770179824597	13.887102423672	14.5503254082447	16.2984483458636	14.7710287217633	15.3694522145492	14.7895270825257	15.8409234787915	15.6654978993914	16.1037196369833	14.6494737549395	16.0845560106261	15.6671025451091	16.0962608446385	15.7828862190639	15.7548945653509	14.1440243745691	15.1750996511218	14.1652947711025	15.6190778904806	14.5715583354544	16.2256846504428	14.3905968066888	14.9872266596632	15.6492781557956	16.1526013005895	16.0910650276036	14.5112734038791	14.444874639028	15.8685411921683	15.0365671665421	16.0763567904768	15.5220744566997	15.700684220962	14.099003516898	13.8329324062385	15.1197025549475
M126.4049T74.92_29	14.6169181560439	16.039583116887	15.8515764845487	15.1933823173297	15.8427226785828	15.7908169248416	15.4061488421412	15.3512175992481	14.7039111923734	15.3503110972525	14.9008015175499	14.1186379818856	15.1763477535653	15.6896639820969	15.5229354520931	16.4612165170417	16.2209958985681	15.2829665414108	16.4896264178495	15.9051127519843	15.3786935711755	14.8771207828968	15.0349166624215	15.4424032880393	15.3806061006091	15.6037868024035	14.7210886617318	15.6612092481947	15.942958870604	15.3699461951898	15.909202165078	15.4802519351001	15.7626078335994	15.3620091491388	15.8686653279942	14.7107074775795	16.2084480104538	15.2448865132579	15.4159255689529	16.3067246463942	15.0623645315475	14.6273017935614
M126.4748T75.04_30	14.94298178689	16.5195439014606	15.0496027475501	15.799071651282	15.8764653092927	16.053465148735	14.1009611521974	16.1061660312071	15.1801678765297	14.5339073109677	14.6191492015005	13.5480080119445	16.0401491723391	14.9087218213699	14.9084088376984	15.9863633664421	15.3463341971746	15.9542583800555	14.9627009158466	16.3104291039701	15.8149322372014	15.6319353581684	15.3857411988981	15.8140156235158	14.6094047729064	15.521778989803	16.6990688683807	15.079830223865	15.5866518936422	15.9984524815433	15.7135945315921	16.1754625709132	16.579480761894	14.8603350821731	15.7451539254762	16.095694136811	15.8226446166947	14.4314722443096	14.6392736855293	15.8427274516129	15.5727674493952	15.3190350493321
M126.4995T75.05_31	15.433352985105	16.159293749432	16.007975359909	15.9703566415233	15.9937486175717	16.0467641117432	15.2498846466138	15.6419204727989	15.9875694710555	16.1616910157396	15.1180835597938	15.0674966154529	15.5964522810931	14.6656863061058	14.83006522984	16.4540662347471	15.1676447652219	15.5918270323031	15.6788546870474	15.7790152814339	14.5484641168085	15.9068004028706	14.1144392524738	15.6175457395097	15.5729644873958	15.6510356588753	15.9627261065257	15.6860060570051	16.0170467350065	14.6409924269065	16.0381704779004	15.7053828708285	14.9532564488959	16.1643531082882	15.8504319006966	15.8436579912753	15.3568604415988	14.3254179324886	15.4521539304098	16.1072470995906	14.4251842716971	14.2908898093904
M126.6135T75.03_3	14.4225808310525	16.18309381423	14.9633618430147	15.4524270561844	15.8073047314297	15.8293944811914	15.295838836174	15.7982309312659	16.2470753310799	15.8048858355885	15.3097352571456	13.309870782111	14.3851468156965	14.7094219808646	16.0450780787699	16.8161147621057	15.0802936344447	15.6909150065478	15.7968223127266	15.8890718758439	14.4488533079611	14.2790698848896	16.1856459133803	15.4775634931424	15.8363849523003	15.9885803720144	16.0362590557206	14.8687353655384	14.5896133030374	14.6756386715862	15.2593324965847	15.8786630347067	14.8950721196148	14.8351139889373	14.7860131519676	14.1341966429122	15.8761680778342	15.7060286715621	15.6136272504801	16.4545699519885	15.3328102447813	13.7738723106382
M126.6443T75.1_4	15.8414369000938	15.9457796820469	15.6116938601127	15.5291035826096	15.7557307573715	15.3273704805422	15.5515432360725	15.4463154227556	16.2416443851875	15.8976462048449	14.3465216930237	14.7333555841701	15.329681278695	15.3795081225569	15.6958180323748	16.6532454518852	15.9304228508141	15.1463203812096	15.4143722400453	15.6896645154833	15.7616918704001	15.1088195403798	15.2842465670479	14.4598633501658	15.9630262365778	15.3565263391666	15.932512868422	16.2518431942067	15.233313527326	15.1118260051908	16.5162499168626	16.038469145676	15.223525211289	15.0614480852335	16.1408744867758	15.6311907468809	15.5836767197765	15.4771612117178	15.8758798160694	16.4077153937049	14.9338709143754	15.0736837169572
M126.6638T75.01_5	14.4980330668813	15.7246856375777	16.1664352214456	15.4890457259772	15.5683522423911	15.5104141837316	14.5220761034277	15.2043663970964	15.3184211775376	16.5142752846113	13.7511212949421	15.2074841005486	15.8297863816262	16.5190642527036	16.2768962146669	15.992212901676	15.7000873352795	14.7359619706197	16.3300691478608	15.3461302994197	15.463359657719	15.5205228840519	14.1024957003693	15.046142427063	16.1449823200492	14.8523444537683	14.8500876364382	16.6218279489283	15.362868759289	15.4846032501311	15.6852964004742	16.0383070175181	15.44288843871	15.6718471116041	15.9698813001376	15.3739609761526	16.1051108884659	15.0868802743011	16.1210846859502	16.7630780524333	13.7566402369747	14.5372393235859
M126.6792T75.05_6	16.039071263203	16.0044594252103	16.1349596873873	15.4422183132815	15.0513206776827	15.5755271486794	15.9685930233734	15.7154169976976	16.2113081252787	15.6890541669468	14.9923082914268	14.7803691232057	15.4547680118924	16.156521382525	15.8037128776829	16.9054023867704	15.0405180195637	14.8117912613345	15.8881874821506	15.5153788632861	14.8863870079809	15.5019164335832	15.1712482675458	14.4286898525441	15.9359016030445	15.3866139100607	15.3618613900953	16.4217950461667	14.7977482723898	15.6888606578065	16.5795058298902	16.0935148922906	15.733002657927	15.8210597105428	16.3645591476161	15.4039968980216	15.9164380797369	16.0553870677151	15.3304101766938	16.5702149296449	14.3436273382276	14.993692866082
M126.7289T75.1_7	15.7445939501771	16.275629452139	16.3665297201304	15.7584569989843	15.91847001045	15.9528002002965	15.6319622851985	15.9944482705447	16.3168370964964	15.7586332474294	14.6842045972349	14.1159304162617	15.6947766686122	15.2829367314281	15.949498910002	15.557007300664	16.1939648000307	14.8262211948963	16.001298125032	15.8074704871419	15.6022955872915	14.7837814331026	15.8347609369152	15.6310644915087	14.6594174715845	15.8965156459403	16.3920898989303	15.9912756951057	16.1536936809321	14.7700931976137	16.222476952487	15.9817582122813	14.914948896264	15.034193389877	16.0313895497263	14.9460710720631	15.923689836357	15.7004417530867	15.4445746033223	15.6615050994705	15.5411933459487	15.1377141429881
M126.8088T74.95_10	15.6780934008215	16.5591510153489	16.4429261191298	15.2951105459168	15.5119286194286	16.2422699327367	15.2658199609839	16.049958986394	15.0922617692931	15.0097409746892	15.7808781999362	14.7015669818909	15.0951171747819	14.9770301973133	16.2914805461638	16.2336724635134	16.4163286952626	16.1038069079294	15.2020418766865	16.1951160762246	15.3846849948901	15.6021810525247	15.5082866447896	14.8884714687301	15.7543121403648	15.4493103713201	16.629461397511	15.9761771242924	16.4322475708752	15.9070446549271	16.2060120205013	16.1600109361359	15.8616057980666	15.5255071367415	15.8399265962214	15.5574125368629	15.7596347777672	15.3955804988831	16.059049548745	15.4245759748646	15.0002028429275	15.3724939622236
M126.85T75.05_11	15.55941327834	15.3019305275729	16.3693651392258	15.8758378015915	15.9257478982243	15.8505676697428	15.0721626818603	16.1824477265576	16.0218001777463	14.9085647421485	14.3674585269681	14.8236861434625	14.591642052818	14.5222450873409	15.1423022329211	16.2700374155524	16.2548187933018	15.8002774515172	16.0474063680861	16.1879657939851	14.7814611108514	15.8368513795277	15.4914060866379	15.8150866067895	15.628508466471	15.6308013184276	16.0112872588662	15.9538715760017	15.2781665061224	14.8478403393112	16.2133595434373	15.9944405358989	16.3973643068416	15.9416843561038	15.8065160264571	16.0240778927241	14.9283667438422	15.7538659560794	14.6480853548213	15.6128314241406	14.6188081072906	15.3561787626415
M126.8919T75.12_13	15.8000448075564	15.7005300327833	16.557646771859	15.8264207226133	15.7696027238403	16.3112841301055	15.4432368386622	15.1686572971182	16.1404441641008	14.6053750291567	14.194724527606	14.9126637010458	16.1741647556144	15.846421976037	16.1597426203291	16.043849484517	15.2259298464808	15.8445289170018	15.9952213124738	15.3927675320485	15.1922177483659	15.8471977516599	15.4730706053305	15.7739364634437	15.9345181277866	15.6543377593841	16.5371359081528	16.1574077645287	16.3356676200548	15.9927836697457	16.2500863802359	16.0386064494418	16.3976390988007	15.9580773289759	15.2145333981076	15.2478433269296	15.8515516014019	14.9817722004017	15.0218956694334	15.3213683745398	15.7300554305963	15.1482121404878
M126.9739T74.91_15	15.8295867871304	15.55835702841	16.3505318668179	16.0548086233832	16.2281772655595	16.2385400844067	15.2571727430156	15.1946656615983	16.1042222516361	16.2783994645835	15.228585045938	15.0809160049261	14.9465760899949	15.1943268612183	15.9528237402916	16.0463117919034	15.8614915890673	15.7485072487968	16.4916293291428	16.0802433040926	15.826327808441	16.0849658094661	15.431924804218	15.0991577388511	15.1062225053877	14.9623285814607	16.2067469639981	15.8352206673515	15.3717146732551	15.530212465661	16.0151546603663	15.9799725108997	16.1972142057248	15.6086213384033	15.5763287874688	15.9965496523952	16.1529047337399	15.5613902553455	15.6899981867884	15.3417028241563	15.6609055919615	15.0216534123725
M126.9888T75.06_16	15.5655651579867	15.6231616706381	16.1603883704906	15.8876276456289	14.882307107674	16.0042697363828	14.9994712506479	15.1183338521259	15.9379593657981	16.1886310112004	15.2865155031382	15.4661920998963	15.9982308516328	14.9752460835398	15.8549908613513	16.0584883256532	15.4671329493649	15.5128531349724	16.4741209786018	14.6669808108695	15.8366922201967	15.9508109279751	14.5087186248301	15.5138982542923	15.4464340626973	14.949502252224	16.2742341017803	15.9621309420934	16.1498593796872	14.6665966788675	15.9854143693059	15.8492073193865	15.8020239223367	15.1586224762442	15.8632013061285	15.8075343989046	16.0092977387896	15.6524464593399	15.8236047598386	15.9594364545525	15.6077915885587	15.4397928396881
M127.0246T74.91_18	15.5756461038531	16.2411974509063	16.4367477265823	15.6996832609014	15.9189574062958	15.9876482975761	15.3938237213856	15.7848925971548	15.2910567522016	14.3974485930246	15.3699814826479	14.6455513216278	15.9504290281892	15.2050612812011	14.8123494195481	16.7545102104703	16.2572643566138	15.7969148637035	15.7921753390617	16.0347605975951	15.7756856535482	15.6729936333642	14.8561007343231	15.5171992133193	15.8945746107954	15.0754849936941	16.3305072913004	16.467360441792	16.3903545430282	14.9638967676891	15.9724242884266	16.1831530023143	16.1122878396157	14.5814540809724	16.1215672354888	15.9250857331543	15.7610497677268	15.5699793909672	15.8690995626889	15.4264166539741	15.3627451303256	15.3073732292438
M127.0396T75.06_19	17.2617136703838	17.5127916615541	16.8841052605171	16.749047842454	17.3823154339384	17.2590286938792	17.2088404094583	17.1390562738138	17.6159543311174	16.5393226372782	17.0555331270739	16.2472118825684	17.4982821739399	16.9455202357683	17.7118401861187	18.2170091648287	16.297478278284	16.4188235144041	17.4331745610862	17.1191070540217	17.7727454885756	16.962265522754	17.95913419179	16.1325570391331	17.0757839728705	17.6425482962229	17.5537326608557	17.7293284542702	17.2938183577042	16.8770243091114	18.766235039942	17.2698721232272	17.8139537519573	17.1956665657591	17.7286934342242	15.588823115348	17.1998072915272	17.2365225987095	17.2113987751516	16.9768579135179	16.8077182184145	14.5062694646386
M127.0397T236.66	15.0995399833982	15.9823483504386	15.3216739410694	15.5013783611358	15.6866295544067	15.2714698856678	15.6173185713148	15.2106868825782	15.84266388668	15.3648415976113	15.2582121340369	15.175518694645	15.5909601463693	15.4193562428137	15.3687634321859	15.7019785392072	15.5667659337465	14.9996056219414	16.5081815167881	16.4096966847035	15.0124070167118	15.597341044222	15.4989027267624	15.1499746345018	15.0806442724889	15.5361807019705	15.0425554013061	16.3013231258367	16.6478965393236	14.8967307913376	15.4332512382759	16.2610252818815	16.1307629147837	16.1470457710924	15.6588058866211	15.3604224257849	16.6780166061554	15.0976880338446	16.2008002554984	15.2000959323433	15.6299026757722	15.7129181652749
M127.0521T75.5	15.7984906761276	16.9382087749719	15.3847498453006	15.7526963489268	16.6405682580019	16.5287826106363	16.5833740461141	16.5390209443696	16.254133169043	15.8998019457081	15.4750133861587	14.8310216665501	15.184605572556	17.2355864061993	15.8485861155454	17.5039358540765	15.6556846651909	15.7676512682616	16.2766424274321	15.9894418641132	15.5807705155294	15.7451285322826	16.5947750371789	15.0918887957875	16.138023311624	16.3562250059344	16.4809626587715	16.1356949242069	16.7272208809093	15.9847159296295	16.8139963941975	16.0230778624126	16.1980629157266	16.0609074179777	16.2419694979804	16.8707091692156	15.8981017628513	16.3535901996952	16.4610772097411	17.1912310619695	15.6216286653959	16.9321638120484
M127.0635T197.71	14.3089087891059	14.3197315758759	13.8786374728819	14.5509321136732	14.1291586244299	13.6186956285312	14.6892640592046	14.1554976412095	14.0146301388553	14.4959219865408	14.0667528942176	14.3234360027389	14.1630897370053	14.2706851468116	14.5464012627224	13.7094299877942	14.1379281744232	13.8426294209672	13.5315786157707	14.3915851987176	14.1701696363018	14.5206439549046	13.9512501091346	14.4928798935869	14.1098007690887	14.1887395019045	13.1263119930572	14.2910851901505	14.4473243849604	14.0678291224371	13.8442826539624	14.397918310048	14.4225729099573	14.4770939634067	14.1617456423439	13.876187903663	14.6655313706956	14.0957442365041	13.8415045884422	14.2201240204958	14.2079371922037	14.244748752979
M127.0873T74.3	14.9776954746889	16.3037089306137	17.0255623528416	16.441907307468	16.3374489689877	15.4690828493769	15.8064382039869	16.4395646217372	16.8010431952054	16.7008696702693	16.323420815978	15.7934246595418	16.1918425370147	15.6111234742627	16.5620591098931	16.2291161235088	16.6436660944537	16.3813497173093	15.6325446309226	16.5572161315005	16.3231024297336	16.2405670071928	16.0172672303832	15.3682006560848	16.4822321532991	16.0037567706767	16.6415608647279	16.2401985444053	16.5976823614265	16.4560682346269	16.4394140361441	16.1900823843235	15.8211162724994	16.1318123298255	16.0308415409296	16.3840143999007	16.3653898998708	15.2874256047512	15.8326226240797	16.5071529843039	16.2479551212299	15.8068639325032
M127.1114T75.06_21	16.1601226357331	16.9185331061048	16.7368381318799	15.8029728406362	15.8266774094325	15.087913167033	15.9599892459817	15.9488733568655	16.3775977037328	15.9255636567621	15.6659307651146	15.628738526879	16.1028121022915	16.1339813217725	15.7772587105364	15.84271818001	16.7968453187622	17.8219755835913	16.4595482476062	16.3257090768353	16.1388162772735	16.2152476339787	14.8586354593665	15.4243547467562	16.0536938844296	16.0135132036382	15.5504109009939	16.5855452308015	16.322567543664	15.9191847325261	16.5816094005455	16.7124147278262	16.3203211454199	15.9921243808069	16.1337516900381	16.7860286546709	15.9346473668152	16.3051409722427	16.46908906322	16.2868734728498	15.0848402483494	16.5337880734488
M127.1125T346.7	14.3729345538859	17.4802830317866	16.5934948136157	16.8361254536067	0	10.1385000930652	16.9568994740843	13.9495902940207	14.0655404731695	0	18.4556201008135	17.9859717258909	14.3362092236163	14.4150828654374	14.3023491676987	14.6985367347118	13.954707511267	0	0	15.2894287483811	17.0455314856549	18.9243792315593	17.1142617093506	0	15.9839843431543	17.377568351946	13.9590767216536	14.4392650421868	16.7688721110502	14.0079602537973	14.4072250781507	18.0154944389118	18.2928661962157	17.6033251415713	17.0708677921614	12.1257334058193	11.569182984286	17.1043734559656	17.9591615510675	14.7366194487527	18.1682044376989	8.40094464903827
M127.159T75.09_23	15.698358561178	16.2081338508966	16.0525235135567	15.2989152715477	14.9818165497994	15.9268382144089	14.7817718360448	15.5848521669254	15.3265151796329	16.4696088202166	15.2502566934968	14.9098121260193	15.7013004479884	15.8942251320971	15.8260093908702	16.7755725205256	15.4305309684384	15.420314120431	16.4602080601212	15.1778929814649	15.4753554044185	16.0569673745831	15.2376202065433	14.7822460865045	15.6503030824383	15.8833261913365	15.1475797663738	14.9987056034934	16.1077543126731	15.60989256364	15.723217149637	15.7379184750786	15.8603004404933	16.2099005211072	15.9728941823255	15.0245760148006	16.2677541131966	15.5825338691913	15.688748906907	15.4641388193661	15.5360510187475	15.1597965342363
M127.2585T75.05_25	15.8336114465821	16.5291971569418	15.7112596011673	15.9066625422661	15.656289478005	15.7063714914394	15.5256712022473	16.0851108909293	15.6173382334995	15.3824309215505	14.7815918290042	15.0223999143181	16.0848649047096	15.76383009841	15.7635142185648	16.2922655105505	15.8252135127424	15.8070168716719	16.1970205043271	16.0952907014887	15.793378890513	15.9863498724235	15.4318392871955	15.0799364015055	16.0866661520516	15.904853854373	16.2654150160148	16.0108110260382	16.4259813910973	15.7296932006885	16.2630801321498	15.7886397590863	16.291429696792	15.4749115231089	15.9697567180446	15.2783132473587	16.0043977593271	15.6158438167767	15.8128487570947	16.2043241791971	15.7441399237579	15.0245738879866
M127.2742T711.87	14.9152822596894	15.0252240598095	13.498688398302	13.7956756702508	14.2908540525807	14.5304845683889	14.170269116891	15.0246672279588	14.8414444782546	15.0258725312919	14.7744069149241	15.0721314228468	15.0091047575846	14.204242189352	12.2189896006819	13.802649324334	12.8585619121464	13.6447994368221	14.6211353197587	15.268632312022	14.9821493019786	14.8876036448116	15.0989587314514	13.9675392166599	13.8139271346192	15.6563403669821	14.975495319894	15.1488704288197	15.1680357550415	10.0283825655963	13.9503828877823	14.6876503002831	13.3945318005492	14.6350959326716	14.2972810081098	14.2921360088508	13.0086209706266	15.3488782627534	13.5710673099155	14.6587011312822	14.2135125618251	14.5334054846902
M127.2796T75.03_27	15.6206784851247	16.4093827601376	16.1677139387485	14.7698291274635	15.8813097883023	15.0466836965902	15.6128406840086	14.4413263737197	16.0816633450343	15.8833061362267	15.2740466317049	15.0937525660572	15.833739025639	16.122370770771	16.0350929412644	16.1875151361877	16.1523435270385	14.9411101257105	16.3478100506193	15.8630011163602	14.8458052320717	14.9982731156548	14.9279385088449	15.5699653368142	14.4214504966032	15.7012615801055	15.0311856693003	15.1415353447726	16.2399035371564	15.6109712121503	16.3424285166681	14.5737474323372	15.0075124332021	15.5171129989959	16.0370589361298	15.4389413823867	14.9096338899236	14.714751270335	14.9459005586779	16.544208763201	15.6557358253208	14.1618902349408
M127.3346T75.04_29	15.7111178266001	16.2056961892822	16.2688024207437	15.8303994343468	15.8727568064285	15.9885641097295	16.0175420161179	14.5766250117508	16.3245466663571	15.3398914088718	14.1245325049728	14.3843207341885	15.8579178830816	15.2891047499644	16.2435568027511	17.0036946173351	16.0325990248463	14.7053838371919	16.0328412693365	15.9154201790594	14.7249699362424	15.9009648918816	16.3400216838844	15.448238739925	15.6987506525968	14.4570818805485	16.1700456242518	15.1593289837389	14.8052738207422	15.6979009824897	16.4017900259395	16.0030667797243	15.790705197842	15.0651846566519	16.2644216255134	15.7034230251279	15.0973836337209	14.8999130636157	14.8938743631036	15.6205139548036	15.3790331152354	14.3590670161192
M127.3687T74.92_32	16.1131945949907	15.43367010248	16.2161052229585	15.6560106428742	14.9606789621087	14.6283634087252	15.6922511750754	15.0166218981893	14.8773855689471	16.0685214899765	15.2519428586835	15.0227997892877	15.9885349346944	16.2164119719219	16.369422281463	16.6264236164196	16.1574196926024	15.5448244394542	16.1069060046803	15.9180124280388	15.8308134016204	14.9477910771025	14.8007742449372	15.5732595959146	15.0472389674028	16.086173294989	15.2539670043765	16.1798680889537	16.090832313616	15.7152588574529	15.3919335759498	16.0281382251364	15.157946935123	15.8208793361811	16.3380201158521	15.8673145600823	14.9998113157402	15.1178018504962	15.1044686597321	15.4330204849968	15.3510135670447	15.2293185052592
M127.3881T75.07_33	15.5673320057137	16.2072261587895	16.3774678254209	15.8311097734936	15.8825251914633	14.9286792902952	14.5982161938166	16.0224985703339	15.4287953840054	16.3455213597542	15.5725370685157	15.2083871514963	16.0367266759424	15.0047857346177	15.3890088123129	15.6063330075025	16.2425696517165	14.9843933092703	15.7363521282735	15.0070170814807	15.094405660957	15.9139179233166	15.5696979190253	15.0047657601655	16.0331258491781	15.8664065379978	16.3042805560558	15.3335976932839	15.9833420189404	15.9242207792742	16.1511904413403	15.592193411752	16.2607289474037	15.3143560607477	15.8813312728855	15.885885940747	16.1671720923914	15.0078756436433	15.896535395198	16.0805378648868	15.5457004163042	15.6483453461813
M127.4045T75_34	16.0191411734307	16.0848028813778	16.1670896071533	15.6474340527589	15.730754995053	15.8083687088587	16.3370479779115	15.7018318595118	15.5972197623123	14.6632072584088	13.9594059110467	14.0080310457477	15.7895067173512	16.526050049553	15.1885484091048	16.4715170066878	15.9850583766385	15.5233514239651	16.1525421045429	14.5916983534922	15.6781967777654	15.8111480066236	16.7699167200589	14.1810425911906	16.0906275106494	16.22569157713	15.8907416311585	16.4400773252723	16.0398928475608	14.5567478256931	16.3849663407666	15.1037410570833	15.9715367166817	14.8712724651739	15.3925567367011	15.5717178525777	16.0028165264116	15.0017264046617	15.0568410639096	16.9846586295718	15.2735379337174	15.1767647090841
M127.4445T74.98_36	15.0277367270879	16.3381055182125	16.3897418082359	15.3097317893775	14.9593786715531	15.1558871433598	14.4119805950377	16.1006703159677	16.1944930939604	16.2515044063544	15.4709081369031	14.7315425012674	14.9639220324821	15.9290662365839	15.9427578664814	15.7130961015298	16.3072763783496	15.6177302977239	16.4680913954742	15.3678723089226	15.9559983909035	16.0739048087989	15.6656026713225	14.9418132820428	15.8877592590154	15.8909334697412	15.4830300874871	15.1494480093068	16.1044371155475	15.7672761498566	16.2730531949038	16.2395726066006	16.0846483073929	16.2566579724744	16.1224619313414	14.4207460668939	15.6157927934581	14.6624062918403	15.8339508541342	15.3242580592865	15.453619329494	14.6175730496212
M127.4828T641.28	12.106805896399	13.223678601085	12.4073301685111	12.3330388852838	12.1636438719038	12.3501334944634	12.8663094005328	12.6786419623961	12.1034163792215	12.4717713457332	12.7122654291677	13.5308131397682	12.4948266322347	11.3067118727334	9.81907484036953	0	10.4044552218911	12.0350074344102	12.4333723747381	12.7295069947089	13.5045445997818	13.0969006698253	13.2750390686357	12.3668850414232	12.5058342185618	14.4615645844892	12.0820621880966	12.5218830360575	13.5769539982901	0	10.5463638505125	12.7894163577443	13.1291673659731	13.3190363633612	12.7948415574233	12.330024786769	11.2767834828822	13.8562629361069	12.7543536411729	12.7144483636172	12.956522215698	12.5021172475596
M127.5177T75.03_2	15.6159843034907	16.7310272940511	15.8305022650778	14.9740388908536	16.0198188960704	16.4356515571903	14.5010416001033	16.2671917865187	16.4473380363989	15.6500923656748	15.9845853008013	14.8239914756172	16.2338131003247	14.8240960818842	16.3263811939711	16.1764490869155	16.3702566382551	16.0173151811295	16.1249072448842	16.2785547579944	16.0887653813924	14.7031320727701	14.3808314561253	14.9799434190289	16.1018350774155	15.8427751101006	16.5943468935738	16.2381350595288	16.6027820635536	15.2239306380347	15.4077650630241	16.3835626497942	15.6515814886858	16.1425054852028	14.6780673315372	16.3173031120091	16.1206976274629	15.6348298734898	15.9219889060072	16.1053988197212	15.7743642024821	15.4896004164465
M127.5326T74.99_3	14.7989148294819	16.4594226006615	16.6725056008541	14.5838639274248	16.1928509099484	15.4136132647931	14.0256682859727	16.3069225930519	16.1654689452833	16.3044164439579	16.0675323872313	13.9633052816373	14.8788208889211	14.553915460798	16.3416169694823	15.8610664034991	16.4939872257289	15.9757673622314	15.0833323351502	16.1580227765773	14.1926476442595	16.0884562518934	13.9236155299156	14.8932972346494	16.1280849132303	15.443197602638	16.6427059706354	14.9854255930213	16.3084256138613	15.9713526922504	14.769341760855	16.2324797347988	16.4008286391541	16.1562336693825	15.8429674165398	14.9760429405888	15.2645971279463	15.6639060140148	15.970621719012	15.884277801134	15.3025394631637	14.362298380328
M127.5889T74.76_6	15.4609985082325	16.6388258797022	16.7788243491099	15.8332958184745	15.9356593922044	15.6328428102349	15.5968481651234	16.7500896561369	16.5187180202744	14.7177111103435	16.0022754045279	14.5831277411446	16.4139534603685	16.010380853583	16.5714665750325	16.4610031028214	15.1975859720633	15.6131727322014	15.9788210544426	16.187768236857	16.2972723082786	14.7425678063883	14.9800894029694	15.7956445877602	16.2776185632786	15.8445280012822	15.6611656513778	16.4298782682279	15.4584780801472	14.8680351598828	16.4172527959379	15.4671419228499	16.7482511929291	15.9327021835208	16.1853644781821	16.3234034005793	15.8747208862572	16.0372806684424	16.2322199278927	16.3895235004619	15.4301155517623	14.729104692364
M127.6134T75.04_7	16.0332618773567	16.5815723070248	16.4302834293098	15.9753290954794	16.035980929952	16.2272852474329	14.4376377736274	14.7405299934269	15.2372227850703	16.0454638479713	15.7360033134566	15.178342174528	16.0870019563611	15.9893454067463	16.3566722928667	16.4039332830043	14.8149292667239	14.8329321183567	15.9911285230773	14.755184522988	15.1358046578772	15.7664627724866	15.8686776798056	15.0744085249929	16.0058275963824	16.0290424340542	15.6837425635336	16.1426736980528	16.2067384033867	15.66820505047	16.2740182074465	16.1345801836494	16.1661873294071	15.8892570333489	14.6521468030965	16.0336087588581	15.9479122041789	15.9321491569943	16.1053646241685	16.045093610127	15.7168253687391	15.3497276277136
M127.6394T74.97_8	15.0316002023319	16.3388956771021	16.0484015043556	15.0136259517078	15.5575079684983	16.3653961604647	14.5361392869261	15.8257399894198	15.7576330763016	16.3518140659377	15.5217005362101	14.7360565814493	15.91862916475	15.6963231757925	15.5155393282611	16.1901469165236	15.712599661606	15.5818856218658	16.598611209528	16.0777441387896	14.9580267716319	16.3064885781718	15.4174585516649	15.9757810269301	15.8773380499829	15.6424313259599	15.5213332987253	15.2595228243184	15.5539947416616	15.0461478817139	16.1809933037635	16.1234941425155	16.1088059108297	16.1729747051334	15.8278419063649	16.0164912469453	15.2815916853149	14.9232798472835	15.7870875502928	14.8571198569604	14.8995852960335	15.6152343482686
M127.6591T75.01_9	14.6067008456895	16.3602725996546	16.4609530606369	15.1262637638042	16.4274953704495	15.5579989417746	14.7000685924297	15.9380828335395	15.3188077016088	15.9708270387008	15.6129921440593	14.1767050069711	15.9385249719883	15.9598864852888	15.3165512240316	16.433557343625	16.4576772620981	15.7292922809015	15.6463512532028	14.8501314525221	15.6543403997274	16.0445223013745	15.7189606695782	14.9200218262819	16.0029658495465	14.7506972859392	16.1964790244974	15.3835954158732	14.7940125866691	15.8556447183534	16.4231539241498	16.0846521331029	16.1464332192783	16.2412296310565	16.1069673185929	15.9179360729517	16.4307339675371	14.6925513492931	15.9114816106547	15.4473781276336	15.036868227374	14.3967638887582
M127.673T75_10	14.908176091976	16.4782250771058	16.5989364679587	16.0348291483514	16.2296952028645	16.2614077329904	13.9978633980117	16.1419644576896	16.4243403422614	14.8103751865099	15.5970363396169	14.0678694268194	14.73939437416	15.5825186894531	16.3702184843974	15.103356818303	16.2671965321657	14.2429396026228	15.2575693669843	14.8227022646533	16.1554926054149	15.0789092489895	15.4677195117879	15.428829636322	16.1331997217453	15.8090770299365	16.5876248900506	16.1360396230391	15.5570025461217	15.9608133432752	14.9091861975558	16.3284603247531	16.3768875085219	16.18135900732	15.8493625718515	16.1526594017373	14.8987284250676	14.9638121246831	16.1101553674806	16.1050094178725	15.630581843485	15.4463496049288
M127.6854T75.06_11	15.8974343050227	15.1391066460294	16.3564534676161	15.5937304290412	15.7642758633728	15.1415655337347	16.331643127303	15.4058627975246	15.4873021446401	16.1591828694358	15.2721811142697	15.0827839480537	15.964924649563	16.6041274934587	15.2599040013015	17.3964789931483	15.9478308020263	15.4514380966662	16.1686780722921	15.6701365807361	15.7860668898913	15.7143386013879	15.4602916299643	14.6307329962728	14.6598144578323	15.1624386128913	14.7095987305561	16.4983253137611	15.5056102567261	15.8343381238863	16.6357114054452	15.9590893927912	14.8118301919415	14.997497194206	15.2350198634211	14.1979805394234	16.1489234399362	16.0514396608998	16.1466043374722	16.11555596471	15.3778911832859	14.9539092120062
M127.7089T75.05_12	15.8240744123366	16.3885281200438	16.3127929525046	15.1746385603849	16.3556226265258	16.1000247206792	15.2865182287147	15.9641385497093	15.3877284069613	16.1612346501838	15.5814982460511	15.2152692072276	15.1216406289052	15.8535029035592	15.0503274578023	16.4148670886239	16.3785133835616	14.4507459601843	15.5097771878446	15.9737999244654	15.8779967512189	15.3874248956036	15.6826174548985	15.6785047460786	16.0869106305932	15.9120468234312	16.2040311152472	15.9712656632572	16.1185917507007	15.8345559817462	15.2599667295096	16.0852485211077	15.302288315773	16.1734799158309	15.9993118407704	16.0319240703736	15.4279033060955	14.6742504196228	14.8319044658264	15.950833819813	15.7214427347213	15.3332674352882
M127.7388T75.04_13	15.9300466388856	15.9716500354297	15.9126144599125	15.825368807987	15.9740517240042	16.2930012830277	14.3140071348062	16.1413245514581	16.3176258518566	15.0540548833539	15.6398222553986	15.042950296272	16.0981619642353	15.8974346394771	15.4385618340738	16.523227585836	15.5742682439296	15.7668172771094	16.2097619034253	16.0525534318651	16.0719166801458	15.9388207980994	14.7583555506994	14.8714915877423	15.7738755266885	15.8222203085095	16.38920406141	16.0791545191238	16.4083536296828	15.9741104402807	15.7372357163831	15.1923526539425	15.7133079664992	16.0081609825741	15.9583403785436	15.9349425236475	16.1394702003191	15.8747918824174	16.1610673199972	16.0214955037115	14.6779368368391	15.5494550802256
M127.7548T75.06_14	16.4788620271151	15.4608513919143	16.9287750137967	15.766247380214	16.1498407867256	15.6066685355958	14.4945505267823	15.5315032997796	16.7644051131467	15.6324511157302	16.3056822752921	14.5955211151882	16.5053310232122	15.9734902310616	15.9008029713218	15.2828051539518	15.6722955871059	16.136814569906	16.089890722601	15.2891579672993	16.491391714247	15.6161246850245	14.7235802971374	15.7883991258301	16.6054269713443	15.3417542069844	16.9146344996379	16.4136654430594	16.6608665090338	15.1104901519389	15.4321136551318	15.9559680434422	15.5023464586907	14.7776757953364	16.1384343443236	15.3763219572875	15.0401126651401	16.1592987492292	15.3581321042112	16.2295507934868	15.7588099774897	14.6101752447724
M127.769T75.06_15	16.0002043109951	15.6259555969902	15.2838657684072	15.9545850515612	15.1742713592335	16.2467075518899	14.1266676512235	15.2876132480422	16.437239955874	14.9823550973543	15.2939861912311	15.2572732003225	16.0258284856192	15.8778864922834	15.1626597449402	15.031566190936	16.312748522838	14.5360456494103	16.3444787188594	15.0728352225411	15.6850407462962	15.9012488699655	15.8941118171172	14.7976334767274	16.0129030936463	15.0159996009012	15.3453166070977	15.3188597484766	16.1355466987438	14.9829371727038	16.2633130040813	16.1567019706866	15.1028434181674	15.311729160095	14.8053722545673	15.9518870211066	15.1582868964807	15.831853745621	15.9959807086728	16.2980415300124	15.618574706014	15.2880251973788
M127.7942T75.1_17	15.7347280648074	16.4923324821123	15.1654609476009	15.3439309304518	15.6714443246141	16.1313984422166	15.7515613796411	15.6167585647882	15.8624017659066	16.3825270515139	15.3040291345346	14.4497182966616	14.7078455802004	15.9987403246011	15.0881613919582	16.4328307547135	16.4445140232456	15.6606853819529	15.5506434910418	16.0151662705801	14.6349188858096	16.1093917656494	15.1098804326184	15.9108770165938	15.8299467098531	16.0215773708503	15.9373196465364	14.9626608090332	16.0464792684914	15.6162566089803	15.4104168267981	15.759235353984	16.0407507243562	15.0550356430105	16.0636276275622	15.9479226099413	16.3996484203471	15.7259862788729	15.6943275146398	16.257052385117	15.8721934679708	15.5050571040723
M127.815T74.99_18	15.3056658622073	16.2947861547307	16.2954318660745	16.0580277761109	15.960009096652	16.163813072996	15.6955925936936	15.9353812637828	15.6652509491878	16.3559763412123	14.3296307778889	15.4687268647574	15.7745148811728	14.9668611122183	16.2976975148196	16.6257441567636	16.2766744105012	15.6644911078201	16.624483504974	15.914562925162	15.8441484746604	16.1100855064077	15.6362866286112	14.9048005848848	16.0472752458681	16.0045117188217	15.2123151604729	15.434017718554	16.0951868926762	15.7526486371499	15.2728421057153	15.9555180009366	16.0157232738833	16.3157447574633	16.2757312182506	15.8225759830375	15.4839228436043	15.8365801162969	15.9582179761931	16.3389316111872	15.6394454692508	15.3134604339097
M127.8937T75_20	15.8463011958609	16.4968274627072	15.5813492119433	16.0017051875932	16.1527200272026	16.4036662706671	15.3565303210657	16.0763206700452	16.3372128293858	15.2919693413026	14.7147838126126	15.0382534444539	16.1893594419851	16.0278723225456	15.4480428474629	16.2657023162877	15.8999094396128	15.8513004467667	16.4646748271215	16.0823857524673	14.8256411516499	16.0540553295426	15.6005200261588	15.7717349997108	16.032266446969	15.0880535960227	15.1508015122754	15.4613871063979	16.3926496556488	15.8274409464752	16.3061188276627	15.4035979493428	16.3038426767871	16.1495053227312	16.0649190474842	16.0516159967402	15.51686397787	15.8679452595961	16.1647209785425	15.0096852234074	15.8065734650453	14.9381970319173
M127.9545T75.04_22	16.3178064555209	16.1313363741534	16.6967205426137	15.9381128627558	16.0447064828005	16.0309394046344	15.4793599682657	15.6361450038847	16.5993090887301	15.5191805895984	15.8770713396181	14.2765966126077	16.2296785511847	15.9324904164048	16.4597645907804	16.5801658008901	15.5617256394448	15.4391557785762	16.2189922497229	16.0286312968216	16.2371413377105	16.0217524743257	15.6220885393521	15.0505250623832	16.2033072971619	15.5388290627316	15.7243200396875	16.3072499041985	16.4184021506363	15.2862955651601	15.8093335630839	16.4206971434215	16.4476360740134	15.4911910321558	16.2076634019005	16.0455998910915	16.1192905320301	15.950188967419	16.2631416455517	16.4308885925994	15.7186479859732	15.4422674466982
M127.9834T75.06_23	15.4431952422931	15.5672347169577	16.5158664620323	14.8961192618136	16.1456951313046	14.8388086561963	15.5035116699692	15.3446084498758	15.5322395735625	16.1520243888387	14.7411073303438	15.1572195894577	16.0882537735043	14.8795134407268	15.5694897394399	16.5550713935351	16.3351834681439	14.9178350839119	15.5742930409636	15.9695133697826	15.3228781654723	15.9446142163198	15.1419615820069	14.5843210246794	16.1717149080931	16.0449640175229	15.7045404361678	15.3890437408661	16.2501954615707	16.0094107010382	16.3491420051283	15.48682501647	15.3246058923878	15.4465245226704	15.2725017120061	15.9464088868365	16.1551202999145	15.8959755768284	16.094508256297	15.8218413488602	15.7310033038955	15.4616060560331
M127.9985T75_24	15.910414685399	16.7987855407674	16.7638964051893	15.0667990517069	16.2734313299473	15.974256834856	15.4936664066477	16.3323208490581	15.469309792586	15.9474940188757	15.2475118657444	15.2358407925767	16.2752936868212	15.7977844000107	16.3586459834735	16.2304111323621	16.5210627643309	15.5772661547535	15.5727732673926	16.2789782857829	16.0343696650142	15.9166896987288	15.4425477700401	16.0064246891029	16.0654472146698	16.0248229917947	16.6510537131162	15.4771090316124	15.8589287632027	16.2067595853563	16.2553064076812	16.1450831621343	16.620525306889	16.2700060769867	16.0815620197371	16.3779550842804	16.3189321238364	15.6834716219747	15.7039495018955	16.0522375711278	15.9120945728855	15.5411312242671
M128.0174T74.95_25	15.1441100241845	16.8828221665015	16.9779831219871	15.9191767806601	16.1236365537192	15.7846841066706	15.2538298360966	16.6924538857784	16.5238052114191	15.5951260254065	16.2149206298626	14.8409988335217	16.4765694319591	15.7050848419704	16.7363841802087	16.0733848553275	16.5301210262579	16.2427632103986	15.8370574083638	15.3737467681396	16.5953858300633	14.5159169416143	14.2665123433159	14.8909028776461	16.410082239205	14.5932893741602	15.8078538393095	16.2751106247794	16.6714304410938	16.5804731880882	16.4267808068547	16.706746765746	16.9198136609893	16.0144786006105	16.2389406524629	16.6181762161742	16.0215887454892	15.9314717178587	16.40512453745	16.0008860390584	16.0884339925033	15.8040489839167
M128.04T74.93_26	16.3716201686031	16.3806371118917	16.551609230167	15.7068747408837	16.084515255051	16.1673135242603	15.6924600440053	14.6330780785521	16.6242531722559	15.2056679438495	15.4595231376039	15.0365434744982	15.236165589655	16.2936744385681	16.3038505504451	16.7779962938791	16.0793126523379	15.7533027971684	15.5120066827151	14.9746528506705	15.775999299242	14.9721655123544	16.3960795164132	15.3364445314502	16.3603301353502	16.2691502672209	16.3478849757007	16.4894739096331	16.0814994668174	15.9879397513504	16.5996676602207	15.6133443541238	15.3376959469017	15.1289870288791	16.015649082926	15.9309007940148	15.2658587071464	16.0854419936005	14.9590464061361	16.6568640830001	14.8914383785894	14.7216145418466
M128.0458T114.2	16.8896519545759	16.678818424693	16.7052096252012	16.7693655416039	16.9635366984316	16.6545406974475	16.9777059387701	16.8854803320808	16.7054169965545	16.7996960284783	16.4167891816388	16.7785704783064	16.7019562260029	16.6180954064953	16.7490918149437	16.4810202851617	16.7201561280596	16.797566483796	16.8919168324812	16.8415243308726	16.961705279124	16.7540776307905	16.7822199348082	16.9409213676463	16.8311638070234	16.7003585800834	16.4131250547399	16.7862789947571	16.7158680348353	16.7130013272451	16.8616771553142	16.7429500990856	16.9270714407324	16.7287706137843	16.9227519150704	16.7861287476248	16.6811862259424	16.7981867633886	16.6513896205271	16.706667673348	16.6010240675794	16.8699537134825
M128.0558T75_27	16.0031703577497	16.2506845988655	16.3783023895865	16.0155827828651	16.2032333619199	15.2689331928514	15.5268510796291	15.757047472535	16.33924493354	16.9847889207956	15.1197083651619	15.0726049867693	15.9743722329273	16.0064117307858	16.2623612427747	16.4634449692353	16.3257117601739	15.3400624091972	15.4839925689974	15.7455248696168	14.7781152221781	16.3454858053008	15.6503027092816	15.4983937481793	14.5220561138838	16.0614216204162	15.9687650861668	16.0949519564249	15.9586778222633	15.6913177100293	16.2687208647328	15.9287687067449	15.750607754657	16.449505715963	16.1236181532664	15.675208850819	16.0646643829581	15.5383714989928	16.1525849226608	16.1778538038241	15.391399193945	15.1075561584771
M128.0712T199.5_1	15.3071914986421	15.4204747326865	15.3798374955034	15.6880709173653	15.0177033419312	15.2515304509944	15.289532595707	15.5239371344708	15.4596479799627	15.3760818069596	16.1384753997226	15.1196449410205	16.6833101785971	15.8218577229231	15.3525301660241	15.4681259332207	15.3896980301084	15.1228861506623	15.2889674316454	15.4425600195224	15.3490902646311	15.4785464509878	15.515537130726	15.8002577696108	15.8124320135207	15.6298215754167	16.0465827142968	15.6634245817161	15.2459284972843	15.3133560919667	15.4138313111485	15.3666321920938	15.4859966294798	15.3496391312385	15.3807137027998	15.0701115549686	15.8951100079047	15.3170395131426	15.3461700098453	16.2645900589712	15.5272101923868	15.1897908285657
M128.1076T762.05	16.0189765430163	15.5314376984095	14.9141851929674	14.8064130045971	14.9729451562441	15.5846427810485	14.8020305090883	16.024381857353	15.6442679670736	14.4320191209937	14.7316971554809	13.7754621273259	14.8188001917581	14.9912376490291	13.3660066478369	14.76154334201	15.0145869546215	15.2316640842177	15.4270972382743	15.425945869503	16.4958839449178	15.6154342365696	16.2371851891224	13.3858034951549	15.1132279470294	16.2631270706672	16.2835437326988	16.142416989422	15.977349169036	14.6524860058082	15.2958978048381	15.5403934101309	15.2806633553038	15.8703569648955	15.2933070231849	15.5480995528708	14.2383035981183	16.1605627863689	15.3395062866337	15.4340324196716	15.421815962666	15.7162778319307
M128.1332T74.93_32	15.9720063636521	16.3892422081	16.4872279058626	15.8719881132811	14.9423825422083	16.0485968965405	15.6837670944964	15.1231872887153	16.4699673858933	16.0309621561669	15.6916878933904	14.3895285268368	14.7091842575408	15.917157304807	16.2753277079649	15.8425619524596	15.3304795823437	15.7485117789083	16.331844658421	16.1255497678751	14.9028790055696	15.9847368001569	15.521058463662	15.732122289352	15.2203715816222	15.1201540154453	16.5229201843253	14.804990327716	15.1773167898632	14.5917076251004	15.3074220266856	15.2392995107353	16.1159603554312	16.0902657719484	14.9817127627443	16.0124757675883	16.284844254646	14.5382081902689	16.1677590533098	16.0570401555658	15.6707944960539	14.7233819977808
M128.1548T75.03_33	15.7476912280702	16.6604944228097	16.3684499755701	16.9422248184014	16.1029149010145	15.7382793790195	15.1447927306027	14.9921864843226	15.0918068382121	15.7982166736044	14.5310546017558	16.1427838951851	16.0337381340484	15.2776210710302	15.9608633862833	15.8800822663718	17.1867959106793	16.1428103982166	15.83601482389	16.6689129322999	15.9044753822605	17.0481817570262	15.1881025696171	16.5032420393894	15.7361157776417	15.3811364678427	16.4441960413223	15.4023142488405	16.7750979419141	14.422732732537	14.7924719494197	15.7629607977669	16.457672658472	17.1061695623291	15.6529193004766	16.4025850360352	17.262376405855	14.3268472417798	15.6562584621532	14.6851955979568	16.5059594627256	14.6315097133968
M128.1729T75_34	16.4650831265713	15.1418112093708	16.6592422002432	15.6652065606611	15.1704178729257	15.5104476171832	15.7936157034385	15.9157524290666	16.782539501297	16.0918683513372	15.4636999470254	15.2671407997656	16.3335417376331	16.2488592563794	16.5328337020943	15.56421305244	16.0878128325271	14.9188246560921	16.2350580290067	15.6942943988826	16.0953880793341	14.7488244239209	15.0463925202281	15.5648278495507	16.4872058626397	16.1827603318735	16.4659215196884	16.6300065973276	15.0150583666092	16.2061956165381	15.6541939359776	16.4317602236877	14.9408938608455	15.0622341883375	15.3973584680378	15.7368392259795	16.2109950078064	16.0082731925262	16.3270975956302	16.4661666608346	14.54191040396	15.0917042988008
M128.2139T75.08_35	15.7999772912376	16.1434379848471	15.7304453406713	15.9087204854485	15.867083895029	16.0720353486663	16.269289469062	14.7103983389913	16.3226161566784	16.7605484472534	15.1720459124756	15.5324122139433	15.8126415008147	15.2403430984627	14.9512406305245	17.0480727521368	16.1313741457948	14.5960535048752	15.5866559684264	14.6112568016011	15.5681205516959	16.1549152892241	16.1982489207444	15.2504629712504	15.9648134376675	16.178989509388	14.972570455987	15.2582113683637	14.4688726686261	15.6389301847613	16.5285042139005	14.8144067289804	14.4927968933924	15.7880324436163	16.4062336086953	15.6899101919333	16.4543020829891	14.7166281407846	15.8663432578105	16.6970949013307	14.7595837683266	14.4226171238485
M128.2392T74.99_37	15.1274810233948	16.5110315270907	16.4212227907205	16.3167854250795	16.1266519784511	16.4234640767155	15.6666969638413	15.4123616702665	16.2508443484179	16.2591473458332	15.6611610267068	15.4287195038226	16.0068338142036	15.234147194443	15.4655368708025	16.50688051504	16.4619107263733	15.2498502793858	16.3238362643879	15.5096956883422	15.9824173986797	16.1441379936886	14.681347217997	15.3179848484836	16.1265361892098	15.9472564089406	15.2695343417725	16.133227224068	16.2263882396793	15.8720777154732	16.1268272652892	15.2688939434923	16.2179748456464	16.0932190787187	16.206579416845	16.0249855390297	15.8457998156802	15.851082551208	16.0507730620281	16.1882087979488	15.9398690813631	15.4606924148333
M128.2534T75.07_38	14.8636898733667	16.2135309323649	15.5266839819894	14.2839402360984	15.9797180580802	16.0152772607249	16.0929234074715	16.0821187258489	16.7787525324679	14.9926199491616	14.2119859198942	14.1943250479479	16.331923681092	16.3558364233901	16.4133685765787	16.5682481201847	16.1175757724908	15.7451924996169	16.3459024722629	14.4091756288814	16.0431072132458	14.8525488242298	14.8235349609644	14.5206603843043	14.905174989374	16.4346383967983	14.7351243038198	14.974547429698	16.1798472595675	16.1745376350681	16.7024779826212	15.0480021280253	15.132487154735	16.0198166600206	16.4220099269668	15.9420153347872	15.7933634831723	16.2161510384276	16.2427640073092	16.6024178058885	15.4866919516348	15.2092389057558
M128.2881T74.99_40	16.0081616076096	15.5406579336554	16.4312816818981	15.911350508436	16.1554573473039	15.9868600555462	15.6137655114421	15.1325640145667	16.3926083698015	16.6447437161484	15.1441745264262	15.8611384643483	15.8508672549259	16.1246172492459	15.5081335201867	16.476068206256	15.2201847424226	15.381054213692	15.9414032557149	14.8538801338412	15.08373711208	16.0363040842118	15.7826733331255	15.5500814973361	16.2065947975698	16.1165057370625	16.0969523192172	16.2018469485415	15.8146877447695	15.8520705687381	15.5504256406841	16.1744008191471	15.7702541102613	16.3667110985851	15.3555780360932	15.7009258508094	16.3934081946178	15.0564680843166	16.3652618952304	16.438981621082	14.7143229587034	15.298997453785
M128.3687T74.96_43	15.9397257120613	16.4455190378519	14.9111177248356	16.3730535934491	16.6632281318746	16.2137452851371	15.47929563877	14.5152971176297	15.1555185710142	17.0155004796022	15.199528055345	16.2992046685296	15.6624860550626	15.5824807239566	15.8547001846868	14.594021660638	16.814664307486	14.7109394401789	17.2936466944485	15.99614049777	15.5079010410506	15.8342280228768	15.6839478309384	15.8547015728729	15.9439983123155	15.5906036198819	16.0005696440496	15.0469132964785	14.9785615027118	15.5620050209583	16.0502830831804	15.0223869606161	15.8913895831332	16.5036851999546	14.4481223932788	15.9462237477124	16.7357442045064	15.5632210019227	14.8028930279845	16.1504252717888	15.8541952806968	14.3489548706293
M128.4544T75.03_44	14.866087010141	15.1272752365845	16.461430281886	15.7779477664988	16.0919324381756	16.0105130108075	15.8857110587729	15.8383855627481	16.609619399838	16.2568500712426	14.4919223135124	15.6008932432321	16.3141379441485	16.125136645545	16.3671585430159	16.5116666244183	16.2484680553	14.2636757544723	15.8772089547147	14.7521961316375	15.8618185164556	16.0275419370006	16.0886937439844	15.6288815890992	14.956624194787	15.3830072273126	16.0236810868886	16.5021370698446	14.6033056148176	15.9293509797153	16.6483097341298	16.2047746024307	15.0722126768007	16.0829151843737	16.388602383338	15.7368379255722	16.2062436796263	16.1574420882909	16.1088055569859	16.4572584880836	15.5237486269417	14.4246496888959
M128.5838T74.84_2	16.1474974575914	16.363527942626	15.4736503825502	15.9087296158114	15.1778907542018	14.7696616923228	15.164342098365	16.0880154941878	15.7981125110376	15.4164408913653	15.0054622544308	13.8845373241988	16.1692818769599	16.1861690280599	16.2271179326873	16.6885834107256	16.1638438425078	14.5593547228799	15.583621838736	15.7842182988991	15.9356067793931	14.8298818677689	15.9897693549499	15.6998959602835	16.2695534629218	15.3681293886528	15.5189999177832	16.4146936028502	15.4174803308704	15.3619708409404	15.8430925892301	15.6924290049937	15.692973752684	16.2065744415957	16.2221548778351	15.9286113955881	15.2864851595562	15.3605908016213	15.9219327292915	16.5985639548369	15.6447607487008	14.6354510220112
M128.5938T75_3	15.3250132682049	15.238457903265	15.1820999631894	14.836206565344	16.194696443007	16.3027199304197	15.9159532747664	16.3361979866211	16.6416246461212	15.9185268188021	15.7735204726839	15.0931304638912	16.2677204110854	15.3285632413443	16.4217799808376	16.7855312355302	16.3228876349542	16.1056779071379	16.1940773396961	16.1681315069967	14.7146292460427	15.8419359729015	15.0035737633403	15.8961267126024	15.0690805654601	16.3250873042344	16.5718720082167	14.9537604025538	16.3697968428528	16.1858613237393	16.5894735940489	16.3362520735134	16.4239482494017	16.089569065749	14.9146755933233	14.9074961832201	16.3190755309985	16.093335607458	16.3472349420386	16.6316942404086	14.728022936292	15.4187712576747
M128.6096T75.06_4	14.5546941069817	16.4499730765254	16.438059386071	16.0359257383683	16.2702087737777	16.3645185733684	14.6519952714295	16.1641714772337	16.4201249617378	15.2457044169318	15.7165883039437	14.5126224929471	16.3961923413421	14.8950190225418	16.4846521690879	16.1704792467376	16.4250847869948	15.8444972009288	15.1565271374094	16.1903673508179	15.0782077169204	15.0724776767957	15.714010999546	16.0081761160443	14.9816397812147	15.8943605063463	16.2550262662583	15.2990193122865	16.4233894895208	16.1817914792394	14.9971373029346	16.3006808378375	16.0593777797517	16.0645492591787	15.1760749892844	14.4584089877986	16.2935329731557	15.9035447562228	16.2006640684293	15.2752930430042	15.8523587810664	14.4105402026253
M128.6285T74.99_5	15.9867519066833	16.4442606765447	16.4708430494026	16.1241058347914	15.2014192266745	16.1941879455556	14.4900033703131	15.7293976189601	16.3998035064276	16.476793493365	15.4016993617235	14.3207768577169	14.5969314116716	14.9073639894099	14.7032845014149	15.5603212489023	15.5890295971351	15.6855969459517	16.8089377801798	16.0308273629175	14.6660215536846	14.9873549487684	15.8175852337613	15.7782981630859	15.0619917314974	15.0813304453149	16.14355541975	16.2727911420877	15.0459375250503	15.7240621332361	16.2763091574523	15.0421565812236	14.8947338068194	16.2768573412012	15.0882527072815	15.8342864688628	16.5709362063777	15.8867155561035	16.0789811131701	15.105129285193	14.6772258118584	15.5986276465152
M128.6395T74.99_6	15.4850566401105	16.213435973941	16.6486904466193	15.8696628713342	15.9475456920028	16.2417149734539	15.7190428077965	16.4459424325718	15.4517161590778	14.9336565607538	14.5277610607906	15.4860446319183	16.6519232742013	16.1238508638023	16.9154957227451	16.5146324998237	16.2611454222002	15.6419808484823	15.3872199247442	15.8187429844924	15.1213710828195	15.8070732125315	15.8813590277782	14.5208478157212	16.6671301477901	16.4151565062822	16.5607876620502	15.3221266719183	16.2784099037089	16.4625643336952	16.7247362614481	16.6899067627592	16.3039509984279	14.4138658235366	16.531511262161	15.7145245352327	14.7542087955844	16.3904071501495	16.6140777349081	16.4600161384667	15.7530449453171	14.1832868172612
M128.6641T75.02_8	16.4172914957227	15.4835464781826	15.8914648070494	15.8872365970111	16.1821334678522	15.0648379564241	14.9180150018901	15.9499975888657	16.7369800255103	16.0197740965673	15.1591800288985	14.3204134725168	15.2997912046738	15.2617355306431	16.6538879583925	14.9991051092202	16.2606912390122	14.9068881164851	15.5201350995786	15.9794068473392	14.8565466184373	15.9596745428953	15.9833803311792	15.6694133934611	16.3657605451548	15.3781825587988	15.5359143939522	15.614983487157	15.5537337079608	16.0103772891842	15.2677812435781	16.3992023797374	15.0723987539275	16.0254537405821	16.3471344636067	15.9294421646118	16.1892996484316	15.4127327153045	15.5915073528393	15.534657094739	15.6233230513351	15.424216832201
M128.7031T75.06_10	15.5901033410839	15.5677505431853	16.8433732535833	15.8723189882949	15.0415707712595	16.2838768484921	16.1746119217826	16.5368616670746	16.7909934847493	14.7853615075505	15.9458842429694	15.0341664373178	16.2971049308408	16.3140955711076	16.4764013985525	16.2224228567695	14.9066189151919	14.9948038745027	15.251000321075	15.4473876076634	16.4572146790466	15.7966298907545	15.3008938612887	14.6835789402841	15.5155188931835	15.5915838459151	16.6041107118066	15.7243369438343	15.9420589080633	15.7278189963562	16.4920801648346	16.2835633834127	15.5660014000808	14.9552009061192	15.5599869808025	16.1869312230565	16.1036522029006	16.1619701462326	16.288693962793	15.7125055719676	14.4270517607877	14.0247132629476
M128.7236T75.06_11	15.9670479191847	16.4471817906709	15.5517346594264	16.0283549130184	16.2762621011991	15.1270836085718	16.167744518897	15.786633707432	16.159775205941	16.1990448159779	14.6294161452437	15.2682981124436	15.3587060906897	16.3191876551833	15.3069475968064	17.1916124413584	16.3913012531348	15.7462564508615	16.5162358967913	16.089412891347	14.7065786106831	16.0717950721612	16.3424760806771	15.9028723485333	16.1523879436139	16.3598222826775	16.1523001259106	15.4982060353837	16.367347828156	15.081466512392	16.4404147606084	16.0813962561136	15.5255294109631	16.2604590889892	15.7336372974126	15.8770320637962	16.284950513227	15.7890550703797	15.721415678372	16.7615905467601	15.2870222782837	15.5696710854463
M128.8489T75.02_19	16.0668021922461	16.319475443028	16.3994533429212	15.8665244964554	16.1581620377818	15.3267094070923	16.3335010419415	15.7129725599579	15.5412791128765	15.7141633115333	15.5629316179118	15.595350741513	15.1915872725298	16.4740471135179	16.3876170281223	16.4006431135644	16.0840298655475	14.7451105873056	16.6978464014098	15.7843868243456	15.8728488885327	15.5791186953968	16.2452288655487	14.9999244076917	16.358351323716	16.3972487207936	15.9057272932596	15.6338137419146	16.2031288848649	15.971301650492	16.6011373555322	16.2881083919523	16.0189474868235	16.109371985631	16.6749326654957	15.8706472083617	15.5337389540984	14.9435674531135	16.3186833401315	16.7228041270353	14.8459458626139	14.6841216471396
M128.8598T75_20	14.6935149226591	16.7133189732535	16.6316904176546	16.4336605277494	16.4116110030895	16.9442866041262	15.6115199755914	16.3594328438678	16.3625412429596	16.260556309468	15.8715404655419	14.0590426872959	15.970496584351	14.2716519409917	16.609445919739	16.4358020035398	15.2322345649167	16.1714286123929	15.4923841963593	16.401225634963	14.8206456455972	16.2313201174364	15.7229535818515	16.3166383903505	14.216727687309	14.5808149736956	16.4005719196954	16.2108701262479	15.8204605761468	16.0652965916057	16.2869499361775	16.0738936047485	16.5736053308074	15.5325970884714	14.4748217377972	14.997687565553	16.4451231218726	15.806975243497	14.8026216570439	16.0690289089803	16.1635889730012	15.7813418737202
M128.8791T75.09_21	16.2592311516961	16.338316295307	16.7234887163781	15.2086081576192	15.421448443363	16.2912203315809	15.7469922768543	16.1220049332204	16.570923610435	16.3745112779822	14.6692345918893	15.5602621633853	16.0945832835026	15.82618721758	15.5458873760119	16.1893248461872	16.1912811778556	15.9105166948467	16.6122242103702	15.1207929973998	15.373602094723	16.1784501826271	16.0201959525059	15.8027685368208	16.4107695584444	15.5619715353945	16.2572054632167	15.5353561897486	16.080377870077	15.2269974393201	16.6152537911642	15.3981507983584	16.1203486876906	15.811310104498	16.3295351230812	16.0441969380945	16.3210308111677	15.4601672122214	16.2530926831454	16.5145707724125	15.0993241148315	14.6554549227918
M128.9134T75.1_23	15.4620841762924	16.301629829842	16.6057630237756	14.6435272676972	14.6440166004905	16.3200880294043	16.072562464223	16.123351037432	16.8330784365323	16.1184583349095	14.5199414657501	14.0346992437459	16.4216895800594	16.2938642051066	16.6655375668767	16.7081418421628	16.196994813775	14.5996438141712	15.4037643013399	14.8348197080358	14.7230671657443	15.9953719676042	16.1780584160239	14.4190319194867	16.4435379992976	16.4093994150181	16.2751811173893	16.5687690281188	16.2298480151736	16.1091141176397	16.7067915531199	16.4266140263213	14.7367140555563	16.0306421781615	15.2027299683098	14.6234632204021	16.0107837240369	16.2031541183689	15.6379558344153	16.374050913739	15.6829307947437	14.4874840439778
M128.954T75.04_25	16.086569769513	15.6227012447298	16.7813033986982	16.3203809242972	16.3479202618751	16.1340155438746	15.7112643259895	16.2439729463005	16.370556561719	16.4568228758562	15.4791719834376	15.6891985103845	16.1395927238347	15.8609923956647	15.6164013907774	16.6245298074057	16.6974618582893	15.3955536547424	16.2411196484625	16.1359563391968	15.9513796826365	16.2597615282503	14.9445596521273	15.3797323617872	16.0720254858879	14.8281308055288	16.4082663335558	16.137246517921	15.5547692100673	14.839971186757	16.2783488484126	16.1701949937686	16.3988313261115	16.4399019205759	15.1346691393727	16.2833760899156	16.4719360224528	15.0014610974116	16.110461574877	16.1854665088781	16.0830971973322	15.7565572984982
M128.97T74.98_26	16.1773225263162	16.5789226199638	16.5828363543346	15.9929933588249	16.168826384307	16.1257062104098	16.062867584896	16.1131766466244	16.62501059	16.0594327413175	15.7470499195671	15.4290334555897	15.5635515607693	16.2389708698969	16.4234630547261	16.9744759221418	15.6415992501719	15.856414998042	16.6223176622895	15.2193752838048	16.1340828649294	15.1443758313616	15.2060679621622	15.9148661516989	16.3253810603536	16.2948115091245	16.3350538048209	16.3688215426768	16.4351014414373	15.5063608257922	15.778257849504	15.6390884557259	15.6115716734885	16.1788682330099	16.4827809381761	15.9167076950232	16.5455204289653	15.9099766186046	16.2784625986338	16.7237238092368	14.9886146629216	15.492994249763
M129.0346T74.99_29	14.6365126858761	15.2843501293727	15.0261752077204	16.1806112861627	16.4264295536376	16.2974892472122	15.7694235205858	14.538920472045	14.5602129716512	15.3312988929179	15.3754431215783	15.9747541131062	16.1603415320444	15.7954823382618	16.2796382570343	16.6443442141052	16.514208037284	15.8396440391457	17.0631287640505	16.1439290393033	15.9040682975041	16.1685902574538	14.537849739701	14.8788511867231	16.0792571359707	15.9554819194006	16.3050958792571	16.3054586978559	16.38952049933	14.3103693059586	16.3530025376605	14.951833794733	15.9578852293967	16.4248605455787	16.0696889523935	15.943938351995	16.4161235460881	15.779594895458	16.0846313751149	16.3587187341689	15.9833781702157	15.6247894655617
M129.0376T106.36	11.146695321317	10.8295441738263	10.4654836140295	11.315701899816	11.7786932865195	11.3663665188288	11.3322360289943	11.1753931172795	10.9149706006325	0	11.3493269439906	11.8567722215884	11.0817359716622	11.1968906895822	11.4123867395317	11.5252284384916	11.40626779037	11.5122922497633	0	11.0787139445621	11.2690980553918	11.4445105163207	11.3222455200037	10.9731217996981	10.7537636909978	10.9292057557987	10.7948345203844	10.9519362929739	11.1262464696364	10.6283275777674	11.2593406359245	10.9071215743062	11.0746328199648	11.4453568694448	10.8717839302637	11.8311384495491	12.1217229673972	11.1107761223289	11.2379071461306	11.1804402414614	11.7494271650598	11.9198025641371
M129.0664T163.18	17.0929319806814	16.8106549439839	17.0653970411765	17.6541528339225	17.6020976260328	16.5576702143709	16.2497983743286	17.5544785162028	17.1289584281298	17.5344547342052	17.8082603519008	16.6016582558483	17.952131068743	17.5622480533179	17.2850969406895	17.2028610265816	16.7512158386304	16.8118074405186	16.7106337404542	16.7567658024909	16.8454273690247	17.2428596474291	17.3718713011896	16.7147359190312	17.4335536607041	17.2322197430573	16.7470217089729	17.347887693187	16.5059946595927	17.2377761687975	17.466262402446	17.1620776685454	16.7891438697276	17.2858239848426	18.420961014967	16.7403600964262	17.5648702171616	18.0593537253565	17.307928305768	18.3319691353542	17.5838168743021	16.7691523072603
M129.0903T74.99_30	15.1858270440287	16.5824890191738	16.544718883966	16.3329168283617	16.5461337318311	16.5728060425666	15.7427929221671	15.5393730741626	16.3395722682391	16.3824679614305	15.8162595103556	15.549100639447	16.3736242990599	14.6874286420004	14.9634865935996	16.7193360195812	16.6062513673197	14.9060656002522	16.7964873883298	16.6796899894484	15.42619975605	16.3147814864467	16.1478458750668	14.7506665075466	16.2173592135215	15.2386565897413	16.4480152378581	16.221724599265	16.9667166840416	15.994903053444	16.4251038733338	14.5814726429674	16.9200828292753	16.5163996196167	16.3016912077536	15.6836038170821	14.8942696168642	15.9073608449356	16.1402917641403	15.2668921269303	16.2396001191323	15.9911919176467
M129.1298T75.01_32	15.1528381918139	16.6354293927638	16.5188307921019	16.0628903321077	16.1886858787643	16.5842523245068	15.9711440904975	15.150733968001	15.5291401622549	15.4559338033038	15.8289667392116	15.453242911382	16.146128685072	16.2579041222295	16.3150678708598	16.4864947435255	16.5616246340886	15.4708078707747	15.8539778668	15.4594202560893	15.9351645864171	15.3008344561233	16.4307785484355	16.007221311686	16.063897155694	16.340974006613	16.4950641298598	16.4507861457724	15.2640968976276	14.8551300117245	16.5414346564671	15.5843120213348	16.2140936410745	16.3261437415135	15.5968800288411	16.2127325560544	16.3991303159787	15.9670900153689	16.148695771916	16.6477383285921	15.7000306668667	15.6381638633843
M129.1447T75.03_33	15.2839768554701	16.4069305111531	15.5104783345433	15.9551121618202	16.2586960447699	16.2198575066705	15.8740896965474	15.8331250639866	15.4599478000255	16.7716752197092	15.4120959205649	15.935314065045	16.1126225641547	16.0060567431003	16.425949760972	16.5418570944101	16.4068890755852	15.6966195106264	16.961550853552	15.0815741195493	15.9826702802347	15.4067880454558	15.9108760286466	15.8463076480952	15.0331216510652	16.0211460292346	15.9050773499833	16.1751415050384	16.2149550672047	15.8734313200047	16.445615173043	14.9669737045303	15.8945593325155	16.5305868162744	15.1243085294368	15.7111622222785	16.6116571645086	15.9488385430831	16.2264126025519	16.3685672106502	15.8383436715354	15.4029853067177
M129.2084T74.99_35	16.1449907179863	16.3690618197745	16.3754913223916	15.5122765963922	15.3990071699774	15.2833159779272	16.2064256576214	16.1269456487063	16.6548800452385	16.2889176852576	15.5862615910611	14.5697665140703	15.4640417538167	16.2071864998295	16.454410510205	17.0560499388911	15.4691590331276	14.6947812680505	16.5189420666206	15.8586991508543	15.9224120499588	16.1634099238491	16.3706611749162	15.6520997633359	16.3790568104363	15.5531201329042	15.7017286866957	16.5670260032404	16.299125391532	16.1025795347272	16.0923235063338	16.3124386011712	16.2289312939889	16.172350380994	16.5492730113115	15.225508865433	16.2972131326325	15.624064002684	16.3216563498044	16.5693946023867	15.7404460710917	15.3791976270077
M129.2443T75.06_37	15.8037993197475	15.122262772041	16.3122017411231	16.2225283948981	16.5351922861688	16.3501990662661	16.2451144576541	15.5631999004195	15.0465095158734	15.9003400249671	15.2711595689532	16.3672986852346	15.8166525379549	16.2837787928231	14.8383087523295	15.9754111922635	16.507090171714	15.4232631848772	16.2627392183318	15.9513719911243	14.172919458504	16.530850786889	16.4266008196348	15.8940688320362	15.8467430769274	16.1897368046392	14.5981556505006	15.1800096214609	16.2098164681258	15.7146469497044	16.3149291806033	15.8794641334534	15.0306110748857	16.5772698356282	14.8125831353614	14.7451457626894	16.0627429326668	14.8526319864177	13.6190232051275	15.5137682370401	15.8521389642985	15.5470405787639
M129.2785T75.06_38	15.8134590368549	16.4694620307929	15.3239438562498	16.3935519778205	16.5816584783664	16.4822836125824	15.0403491533551	15.1845178595817	16.3798343335708	16.8493933644655	15.5461175339145	16.0988624982905	14.9162528487904	16.0482358717397	16.1079563096851	16.744189986062	16.6276030468789	15.6114306516021	17.1532922839287	14.7340064620317	15.9773500363346	16.5137705047499	16.2444511851067	16.1317267110047	16.0795900991963	16.1190339881768	15.3091578272217	16.162651801098	16.4323053439537	15.9568209621667	15.1539998599585	16.2264499381956	16.2772223466096	16.5924275585177	15.0394092043456	15.95807595348	15.9162635777917	15.6765098281416	16.096876633954	16.4106095781974	15.9940689598925	15.3923377857336
M129.3333T74.98_40	16.1629159327733	15.5872097971568	15.1919705940903	16.1855719761761	16.4381164860751	16.5043176764448	15.6951539074741	14.81665550502	15.4868195080204	16.565172363843	15.9354165284021	14.8293555459105	15.1124379620305	15.9342675398535	16.2839272685407	16.4211325130381	15.4828078762394	16.0317155412591	17.0259096149889	14.6653067639655	14.2224304154957	15.0975290851853	15.7529696028283	16.1146669711395	16.2151070126529	16.0397247706816	15.312694426966	16.238855679035	15.6507538982799	15.0465880102069	15.1879124603877	15.2825390150293	16.570677214876	16.4024215121208	16.1523131672434	16.0900590922825	16.6483961533362	15.9935784309626	14.9787611784615	16.2611495799437	14.8042483821939	15.5975711913946
M129.3479T75.01_41	16.1443456767657	16.578244996955	15.2987450802318	16.1844591785585	15.6754747442419	16.5225094306763	15.1205911541923	15.2732436024029	15.4846258878732	16.3825628407106	14.8772725519802	15.662006234235	15.9946974346545	15.905934686517	15.5394943270853	16.7419087130362	15.895661334348	15.2727564378459	15.8801576289317	15.9411050526071	15.151024242243	15.7640814747844	15.9719888500416	15.1306876725757	16.1402130864266	16.066322336435	16.3783878186428	15.9593346666155	16.5184111738389	15.0572013662655	15.761815742661	16.3241492124654	15.5727567771379	16.2539243174034	15.49766445948	15.1963302306804	16.2661040578235	15.9256963770384	14.8962817743303	16.2767584309936	15.9254515081217	15.7570562871754
M129.379T75.06_43	15.8122493979722	15.6539082351898	16.2086615178332	14.9799372717074	17.098694710814	15.4763258226977	15.6546334248523	16.084463450746	16.3234318939917	17.0975960079812	15.5384128747196	16.3540930079258	15.8972457097415	14.9195677906786	16.0932650748503	16.5279154499716	16.8808136929056	15.9373581144599	17.397577440767	15.0683683490976	14.8361825101912	16.9072732522899	15.5097535292682	16.3220431562156	15.9743339074151	15.7834981949232	16.2120044910191	15.1837025055618	15.7520444303622	15.2004345814829	16.1102166650824	15.7268754847315	16.0890927409857	15.586893892086	15.0201785077977	16.1343283704587	17.15854569082	15.6795047352167	15.9675194087682	16.1656214234342	14.8643803296655	16.1363246325198
M129.3998T75.01_44	15.9407491086213	16.5692375050784	16.042055489599	15.5883258919031	15.1419853324406	15.6140173369873	15.6179359079501	16.1025114859224	15.7465989524786	17.0660845541574	15.7551186593171	16.2846828423552	15.3674143568142	15.8699194727247	16.2765588389993	15.3361814904239	15.7468548496304	15.9972307425227	17.3231985660107	16.0731833945028	15.9928647303351	16.4342275015439	15.7424976633057	16.087065293752	16.1473774315588	16.0016158999423	16.342687661546	16.0701290162864	16.5956472019108	15.3579434495072	15.5477673809916	15.6629341270385	16.1843980325845	15.4709860508834	16.0995861708146	15.9755639431598	16.9275315965162	16.0402521335888	16.2274945807399	16.1707610982194	16.0463198352146	15.5383737970227
M129.4144T74.91_45	15.332498886991	16.4491661815579	15.819101974832	15.9208400085566	16.5000264901127	16.4122408259524	15.7885644849255	15.1214079098609	16.4235642516876	16.7324617002415	14.7473445198609	15.88321600687	15.7378736560207	16.06635559706	15.5152384205715	16.8489950728285	16.3452165035138	15.8398560321693	16.9642724262113	16.0596883518698	15.8149465903184	16.3317015302363	16.1071817370053	14.8313401107225	16.3003323829378	15.4701547144584	16.1766835090617	16.4486192220451	15.3441299395268	15.0519930188827	15.5743799269934	16.368344777032	16.2480918095738	15.1882190621936	15.3425253213224	15.2468891553291	16.5186587308739	15.0721209593125	15.9675164395154	16.4982312946296	15.6782720584919	15.4868629515766
M129.4574T75.02_48	16.2866614632812	16.4476113751511	16.5763518538994	16.005605176235	15.4233339650722	16.302031739922	14.9211134802204	15.9965321256769	15.2258822029391	15.3717550425086	14.3320080207437	15.6362642556682	15.046231104297	16.3198587455435	15.5621324969833	16.9981394064466	16.3358812179676	15.769583900322	16.4583561840621	15.8595546883598	15.8867714730192	16.2387566788636	16.3529971788944	15.8332700485818	16.2423816749707	16.3758326999356	16.2823240065683	15.1338720713345	16.4297638497644	14.6733312378287	16.750198346612	14.3321691833593	16.0982653443711	16.0487550023601	16.5613851170793	15.8555853174482	16.5717760984094	16.2684547821062	16.2424430124639	15.8250998899754	14.8211454493862	14.5956895009645
M129.5581T74.99_3	16.214303376583	15.6071080814858	16.7946274512327	15.2025559097248	15.5259864319416	16.5052551343009	16.1360057543445	15.5244058297014	16.5949472292933	16.2853306444121	15.7692801368315	15.619775790596	15.3280401431766	16.1779146875148	16.5843548310418	16.9215523971498	15.5624369616509	15.8815043910587	16.7174048658976	15.2118365085146	16.0582926825956	16.1382890478237	16.2112669391773	14.9165210290889	16.4390028907417	15.530436592653	16.3574608677551	15.5607852562333	15.4255554487359	15.153016183032	15.886848252814	16.5441541590263	16.4104571246207	14.7608270853223	16.5827006506089	15.932017011931	16.3480296632267	16.1816775780668	15.4138808428941	15.6787453396196	15.984485942671	15.3808409094514
M129.5794T75.04_4	15.9809362151295	16.9535379434607	16.6049987664029	16.2042695728886	16.4391239498812	16.7566764095208	16.3154628368668	16.3911246316858	15.0784973179882	16.0167615583408	15.8805263610801	15.2603537505895	16.3027647151519	16.3698026045733	15.2046496993669	17.4200958681052	15.1093332186004	16.0126501959258	16.5588935610756	16.346788080966	16.0886149562689	15.9911730322522	14.7240257980424	16.1682353331098	15.9374193647463	15.1995273818407	16.2460343512469	16.3411609321564	15.3122047611928	16.0706111208543	16.6304008010271	16.1166585845	16.3967275448813	16.0316983447559	16.5471169955513	16.2259695863223	15.0080254841214	14.530896613474	14.6386604381184	15.1496635774603	14.8684677439758	15.7857320780754
M129.5987T74.96_5	16.4969042576917	14.9116568710571	16.5801018821856	16.0064108314455	14.8261391239629	15.3106236324527	15.9549178678729	16.4577218893562	15.7467461362251	15.9301500520557	14.1447364214896	14.141135711882	16.6027694372575	14.509549457347	15.7289039590579	16.4182266804825	16.4545307165098	13.9444254945595	16.4040020885981	16.3173919087241	14.9255816504163	16.1254675698749	14.3543238021733	16.0384698836182	16.4937504052314	16.319938775781	16.3586162338675	15.3114058340619	16.8514197581349	16.316770765323	16.7005422059807	16.2001501223359	15.0933777761709	15.1635561804619	16.316060264498	16.3214160649803	16.2447961382621	16.0725870947353	16.4660589045808	16.420211114036	16.1407923391869	14.4641830886084
M129.6432T74.95_7	16.1960653461051	16.3054138779316	16.6951666529938	15.6826626668954	16.5088847050893	16.2376086716459	15.7872624482082	15.674830763981	15.6675272985137	16.2653787251009	15.6943703946626	15.9973976701819	15.5473830293352	15.7961868306211	16.5851282207608	15.9192721488958	16.5788079544023	15.7496678387532	17.0218284904101	15.2343201664649	16.1650532485752	16.5266143371092	16.1455047502281	15.4715872319732	16.1837831824423	15.7188327124417	16.3395181970639	16.623704952345	16.4792632323019	16.0521508528902	16.4881230851927	16.3560626389511	16.1172273217503	16.5569601274514	16.4006038731701	15.4743195855471	16.677270752949	16.2561115265326	16.1559670963465	15.8875369844062	16.0151745528023	15.697755066051
M129.664T75.09_8	15.6644383013855	16.8896654294455	16.6092748168725	16.1904128829267	15.7900873883564	16.8111776939289	15.3611249702724	15.8172550880183	16.3841885192366	15.4650720939368	15.8680755320534	15.6715392463964	16.3621959129998	15.4768420353045	16.5284941719345	16.7603272523078	16.6491355491818	15.934019798258	16.8679348354587	16.334221243653	15.4334550615226	16.142721713026	15.9999788706291	15.4792226266444	16.2434695000866	15.5854933271981	16.4747606470634	16.4123689985529	16.6378782475071	16.3229992075741	15.9289941962504	16.3486159439175	15.9535295951149	15.6097886723656	16.4410134217693	16.1666763558717	16.6267358578867	16.0038807134538	16.2898921182511	16.3408999394626	15.8348547680584	15.7475685233922
M129.7143T74.93_11	15.5102868079798	16.6991013075195	15.9042129914549	15.4588837434084	16.4872018703091	15.7181221392974	16.3081861929296	16.2151322418889	16.722401663783	16.22676035511	15.1477134213636	15.4999837098441	15.6839952299223	16.4505749062596	15.8700178480103	17.4023702665912	16.4075903393441	15.1958304478847	16.7348508739565	15.3798455334247	16.0089686717455	16.1421051245204	16.4099346637857	15.5431240102095	16.2570995522961	15.7669596130565	16.4276953572106	16.2559155791172	16.0134667788909	15.1069094844613	16.2095957534951	16.3073131677047	15.6422261135503	16.3118830758141	16.5744949653175	15.9783543114577	16.4398357526703	15.420033675113	15.6297728379456	16.823300030831	15.1100417222473	15.7245982800029
M129.7335T74.9_12	15.6366047626279	16.5783157538511	16.19224731098	15.8840969958223	16.1323376017013	15.9087670767025	15.3697238738466	16.4376587549298	16.9052715944015	15.4585157671394	15.9503777880456	15.443087206285	15.4507770883578	15.5144722553664	16.4488055252814	16.5708617655253	16.5559798857708	15.0673758734823	16.6637614620515	16.1725023260756	15.4885746533121	15.9334897555388	16.0084153352833	15.3053120086835	16.650423393668	16.486272986119	15.7819257724951	16.7248304608512	16.2118998773287	16.1945279014393	16.8290239597154	15.6798358214353	16.617261173656	16.2111869812337	16.5389846372718	15.0256495630339	16.3817012632586	16.0405506966898	16.5383225807642	16.2699649960215	15.8258924557723	14.6553970583258
M129.7495T74.94_13	16.137419159045	16.1066503039143	16.7921682915694	15.7527554190111	15.6868026299787	16.3753624994783	15.1746168683416	16.2650594806846	15.5978667186765	15.2015904546902	15.9350470531483	15.370967010084	16.3059740783555	15.4108636007689	16.571960313021	16.8308951991231	16.5684758221486	15.5422271829427	16.5651187078004	16.5108433953362	16.2038399462077	16.0496121100198	16.3241045974839	15.437447302379	16.3234187221216	16.3275377144906	16.7144978579164	16.1156572030669	16.9299778641043	16.2266458914427	15.6302263446766	16.1647491853876	16.7754148084336	16.3811299422284	16.5157741796213	15.1001856540446	16.1993616529497	16.1126462662286	16.2519283673013	16.5961912126945	16.1564587547187	15.151703536555
M129.8047T75.01_16	16.1047576713143	16.9419495040162	16.8252548758456	15.460010991422	16.5076335103576	16.908539686602	15.3112477106199	16.6074218908372	16.5545361507326	15.413280206843	16.2583598975867	15.6337283335862	16.3597723915666	15.1680377509546	16.5489216168271	15.7927267171613	16.8049001231776	15.1731291796667	16.6528079182433	16.5727477863364	15.7799034124643	15.1668294876024	15.9680791206688	15.6040885237135	16.4081076836725	16.2142084779048	16.6843403945138	16.2706901316652	16.4291097149586	16.3378131004693	15.8317790070348	16.4861336302235	16.7710557343231	16.2102483376664	15.4063275671459	15.8731933522404	16.4690713583668	15.0974828782432	16.3361511115366	16.4383565032933	16.2892255267792	14.8646273881553
M129.8282T75.06_17	16.0546475336637	16.6303409240027	16.3092202250116	16.2947904841718	15.1846110885894	16.5895396000931	15.7406920028447	15.1730458269611	16.2684685888986	16.7584008365404	15.6704327868749	16.0847318738124	16.0058094417052	15.1770607216675	15.3837150001011	16.614565018438	15.5602319956688	15.7243497422263	15.9020528166214	15.3675190972003	14.9764614421765	16.4411249997864	15.7218231967816	16.1572878854315	15.9853996698627	15.9730392309764	15.3066969685906	16.0854593668041	16.3745456721789	15.738169824292	16.3438284840549	15.3215895987973	16.2784883220925	16.0465115221788	16.1504552583899	15.259837957448	16.1233010901321	15.7994341735688	15.736824314047	16.3618990581253	15.9913247175452	15.7346984563901
M129.8785T74.98_20	16.7016071604882	16.9850202684968	17.2471854252926	16.8412782366314	16.9134178493119	16.7534675463759	16.227972451275	16.7683608810528	16.204942460031	16.6111024211348	16.7792152790036	15.7028644255005	16.9564656690671	16.8996157602594	16.9221767259783	16.6662222869263	17.1910573315988	16.4131277193145	16.9039239511711	16.5820865248327	16.5071969802495	16.6658866253473	15.2330925211532	16.2947974141074	16.5739586282934	16.5956280362673	17.1163548248798	17.0354670077158	16.621669420689	16.7706244845259	16.33423232777	17.2498494957083	17.1833588604842	17.1487525613547	16.1065036338053	16.2540813304956	16.437530150708	16.8011443454637	16.5996993170698	16.8985040117169	16.204727947911	16.2836128924932
M129.8922T75.06_21	15.9201305799684	16.7275973190927	17.1739297694887	16.1470552508917	16.4965547315245	16.0303968216215	15.9349222927033	16.5783331897231	16.2271665272274	16.3940356988348	15.9956504571378	15.8478463602011	16.0862665423767	16.2688469394636	16.1614701539267	16.0762036869252	16.6370738355018	16.2322460448579	16.9395832769196	16.1194092617936	16.337940962026	16.2528439844614	15.3073370964195	15.9781277687428	16.1356352089452	16.4918462842111	16.7108210641078	15.9399633999089	15.7307819253783	16.4239594977939	15.9500278963961	16.6846340651329	16.3612350303576	16.4069960250861	15.967876938493	16.058780209874	16.7019691014079	16.4541859835255	16.73232518985	16.4400138795478	15.7234349006192	15.3779611942504
M129.9179T74.92_23	17.352841251516	17.9980973784235	17.8617311924098	17.1586397624623	17.4056824438864	17.6200641307907	17.2142180912933	17.3777802736902	17.6103083253217	17.8262991000189	16.955114795188	16.8049566570433	17.411688336561	17.3504897296836	17.7437926959887	17.9230360150833	17.6723196182382	17.1147728341983	17.6776069064298	17.4816993328594	17.2595665517042	17.1485515735562	17.3986750972945	17.1791035507566	17.3822319068953	17.1713712447972	17.6401968698225	17.4895630384927	17.8162133370035	17.2806783587955	17.5847417728527	17.6232799401554	17.6654598407064	17.4497019015106	17.2825954396035	17.4653932483735	17.3648348550233	16.9952318675881	17.3549064614389	17.6267824490238	17.1332871041417	16.7343689726291
M129.9342T74.99_24	16.3448812033783	16.0856672077592	16.6649602858066	16.3910077856405	16.7124570883018	16.4239737003299	15.6497868353818	16.2481353227105	15.3334486762225	17.5478716858616	15.5034554063203	15.6106635870013	16.3101006875607	15.9472817671764	16.4158439367035	16.633668099765	16.2774067226875	15.874933473668	17.6763329080805	15.8486199688475	16.0352016231478	16.7249460379664	15.9677612431382	14.8594710273876	16.3477846977503	16.1488339249613	16.2430260483847	16.3493193241743	15.3051093415231	14.8735891733127	16.5292868112509	16.2937189220053	16.0338091864091	16.6694117876341	16.2119319195544	14.6413931046923	17.14884900893	14.8223060501043	16.3832821768644	15.4471330611123	15.0418930059957	14.5559732583578
M129.9592T75.06_25	15.0945446554485	16.5877933004655	16.7675083347494	15.9490249991618	16.3721198712996	15.5346630875159	15.9308994363857	16.4380792539779	17.0741247872835	15.4677683468105	14.5577793707816	16.0319003090346	15.4083382611602	16.1687610697968	15.1797272637214	15.5798844280413	16.4943231165704	15.1154628711367	17.0015111178935	16.0465017108469	14.8477846947146	15.1505399098579	15.9960517028254	16.0746309898863	15.1129820649956	14.9010036258453	14.4819605376494	16.6492840893223	16.4882977336183	16.5253265983156	15.7401547579061	16.7269913273674	15.2846429542746	16.3674186400624	16.6069938591271	15.9250889437918	16.6445505877641	16.425097984397	16.6540414936932	15.1218260327163	15.73765524142	15.5114078987928
M130.0084T198.68	16.954110925057	16.8844178302442	17.0781698327396	17.0178899826361	17.4320051916421	16.9057172686099	17.7668206365229	17.3965252464154	17.1401405746839	17.1262846902846	16.7508082776992	16.9894376472709	17.2839240645921	17.1940386412137	17.1853972917784	17.165706546824	17.0507803475976	17.050251351598	17.0998765992095	16.930643145059	17.3228329012877	17.0378050140419	17.2435369313172	17.5071642094145	17.0448436788503	17.2998940402055	18.414338543098	17.8431962108448	17.4155817613061	17.5009119723393	17.0123504660458	17.0688961108936	16.8745345050634	17.1223400945871	17.5020848112862	16.9853468203154	17.5292724377582	17.5480849576996	17.0910161989036	17.1485627666332	17.0372352126995	17.1795713261638
M130.0225T75_28	16.1895834489139	16.8218492993981	16.5957505147884	16.1218869685455	16.2105029176069	16.7873657515948	16.2300875056515	16.1913556700279	16.7571127924006	16.1140612250854	14.3213980504575	12.5916945903132	16.3120818423543	16.2695129752561	15.2123636891789	17.3616772129246	16.3729196322057	16.2114838432116	17.0478891247582	15.0342781863316	14.7390524055632	15.8068469440874	16.7270423479701	15.2554957963611	16.504960025667	15.4923715763596	16.5303163770308	16.5654686459506	16.7494377729711	16.2488053554919	16.8307545869247	16.3817922386228	16.4866318199443	16.4978789188848	16.5998400200737	14.6225153655708	16.5887006322851	16.1101656804697	14.8204577339059	16.6025037035888	16.1074776395929	15.8613424073177
M130.0347T75.06_29	16.225643388702	16.0670552555263	16.547412758083	15.5592113129897	16.5243628701583	16.6014781367292	16.3661178829646	16.2684583845826	15.5276626231995	16.583539568967	15.7952240694866	16.0078806396269	16.247370328384	16.3806747293168	16.6460017820137	17.0737657422383	16.6859549449261	15.2156381030606	15.5493860895439	16.0967148140359	16.1145412863057	16.4301946457254	16.2754192841305	16.202879306631	16.2495947138126	16.4238422919931	16.1859723219428	16.5378984200156	16.7476065215633	16.124762807238	16.075726187182	15.5165699644097	16.238328980838	16.3874930013827	16.6303590805521	16.1103428405504	16.4656766647068	16.2118400344985	16.6572607425846	16.8645988348071	16.0353877405963	15.6842330603948
M130.0505T486.63	15.3108618548265	14.0507982010405	14.0579683948193	13.6293210550523	14.2417227308341	14.0235963316081	14.1254415880218	14.6219501371194	13.9909565696444	14.2911154003329	14.6813838938471	15.4576101222337	14.8644164898698	14.6979973441468	14.5562669368926	14.6177237686058	13.8237940314163	14.6665760366578	14.0386531361185	14.3080715860512	14.5726979395765	13.7143452134586	14.3340374445933	14.1514560838209	14.8852679270016	14.9057959855172	14.5606456476104	14.9924537705961	13.7847444672307	14.1974884490722	14.8543044387886	14.1102369205138	14.0027991378047	14.5329552397243	14.3308775021362	15.1107416343977	14.8840109916629	14.6449515977354	15.4615521664427	14.6056327020648	15.4347854614651	15.5948514359553
M130.0658T119.08	16.1463508858177	15.0865538238386	15.1724341380156	14.9128954995561	14.8121015396304	14.6422783071622	15.0355247707523	14.6432131455265	13.9152557360193	13.5883841811258	16.0053405831374	15.1386724221327	15.1186296725851	14.5673667743254	15.0803214449846	14.3422476424472	13.7110103421133	15.2074997782177	14.1470151618135	15.7908478527656	15.1162831056856	15.2811598166745	16.0300757001061	14.6058191648192	15.0428968255125	15.3586577839368	14.143416734432	12.2559726269044	14.666844791129	13.4182042542674	14.2696183891698	16.2681557690684	16.0737319455232	15.8449893942334	13.9275721265015	15.4631593949795	10.6397941091423	16.0722206063559	16.4572502430143	13.7985307472395	16.5415512686213	14.9367343887153
M130.0659T371.59	14.573933670129	14.6731145059046	14.9657127893001	14.3305965477687	14.3978793092694	15.0265222630071	14.7832084953619	14.6242256703963	15.070551321167	14.5575446701588	14.9010812496832	14.2219436585736	15.401570206671	14.7300874701778	14.4854748632081	15.4301246926063	15.6763364992239	15.0722768676768	14.4666118032034	14.9646782892778	14.1841972462353	14.4578352606534	14.7126511207465	14.2201928847735	14.5611024694842	14.7774868021959	14.7275471654274	14.3724879236632	14.7722849724319	14.4752436267194	15.080588565705	14.9086444165676	15.8784797837413	15.180480433508	15.3517999648174	14.8559511518258	15.3973251191543	14.9648733626682	15.430367497873	15.5486279643293	14.8841807713515	14.9243765302313
M130.0869T55.38	20.4418230781586	20.860965974627	20.5050843767881	20.7010084402668	20.44380216599	20.0419107127766	20.7158307170317	20.4936983710296	20.6314675813431	20.4757671496352	20.333041803973	20.2153195220971	20.2080566460743	20.4449345492734	19.8683495377298	20.3341373480814	20.0970551462806	19.4117485361574	20.1026670875396	20.176087379382	20.4516529593188	20.6803722927241	20.5934022418161	20.904078238562	20.8402465560574	20.9907617686813	19.9976160391871	20.1122354494246	20.7468178034717	20.0519686333229	20.3807936374821	20.9343929531204	20.4568100739683	20.8415736428767	20.6145608655423	19.5035087271655	20.0788771848229	20.8143809022264	20.3685239826388	20.5628569397941	20.5822343639973	19.87204097525
M130.0871T75.56_2	18.91313362724	17.6435995469634	18.4447744751891	17.7538813638769	17.8974162686379	18.1475670895467	18.6009056171874	17.9372921706041	17.0135821150305	17.0744302911588	15.7040919006863	16.5597346954967	18.1772943862546	16.5822885866122	18.2379641865393	17.8553689748355	17.5673707329718	16.1018866697607	16.8638099328044	15.9903426761599	20.743692901748	17.8066445654805	17.417886425219	17.7671735736095	18.6399854094722	16.0510481994856	17.5600097475474	17.0438292825925	18.2056641501846	17.9109782640085	17.0894169600559	17.0838088554062	16.454417337953	17.6935729720225	16.6247628296456	15.7589550004602	18.1458051033743	18.2024883865395	17.1483335395493	18.4263113557783	17.4144101503833	17.9911141644733
M130.1115T687.01	13.238716938224	13.3535454370843	12.6858921244826	12.9275767804797	12.9875825964051	13.6588015655622	13.3978996945333	14.1847061550742	13.2683796383862	13.4338516129738	13.6294287058843	14.2333687877445	13.8027654596241	13.2064053963174	11.4756456382266	12.4417078894714	12.5947863652496	12.9728049668742	14.0908988020196	14.5238503459921	14.2637658310422	13.974106593802	13.7141644758766	13.1585778912313	13.6427670245942	15.0544879216586	13.66546280773	13.8379843296416	14.5384633847275	10.6835563855568	12.7534759338873	13.4647487391043	13.8154087883165	13.9521494625442	13.1093908100933	13.5770216173822	11.7576978526434	14.4081106273622	13.8004194713476	13.8092773478477	13.7712504117456	13.7239609689699
M130.1233T417.68	14.2405730293451	14.4415480190772	14.2833712755015	14.2959218304586	13.6466806248788	13.7302638033109	14.1785913953735	14.1884484802074	14.4099231438091	13.6564145593443	13.8356923150989	13.7500718198788	13.6692319486078	14.4424410972177	14.3341040356829	13.8711549016896	14.2544431882458	14.3679322788102	14.1157005502248	14.390816809874	14.6756277399323	14.5347750393396	14.6170544727138	13.7530801630966	14.4301480747739	14.40471205344	13.8216019921118	14.4381315902822	13.6524214906854	14.0271710942656	14.6925486357237	13.6195586792139	14.395126423572	14.1471707610556	14.3807466498912	13.7929476998899	13.8997886169262	14.028666984769	14.4775801854738	14.0881469648704	13.9940874651534	13.6855691754695
M130.1596T75.14_35	16.5876370861233	17.5774596542875	17.2665683334257	17.0076071985522	16.5227924530226	17.1153399928888	17.1456582769026	17.1989010181483	16.9551448102076	17.4873627139593	16.483940227516	17.0356761381177	16.9762887925138	16.3654875796234	17.1722041659935	16.8482235905424	16.8749784273234	16.5572123377914	17.2624546775794	17.0917455870091	16.908052212362	16.9461542385615	16.4841234937563	17.1094940829111	16.7886689026564	14.5815636612413	17.3432716327981	16.9449986235852	16.9819838283902	16.997818300211	16.9372785280272	17.2313598778112	16.7832417889456	17.4491270626065	16.6374510198225	17.1948895924703	17.0711877860805	16.6484146471186	16.8927821728787	17.3834414521361	17.3808635305277	17.0340325765651
M130.2099T662.7	15.4995085359413	15.8943669075841	15.578796713081	15.7531357487336	15.245857514372	15.76554663242	15.395649598813	16.0690033638246	15.7929847329292	16.1900589000141	15.8898613805586	16.1041937122557	15.9210087714727	15.1216508185251	14.5101585368975	15.1665047149788	15.5356927667125	15.9729707298558	16.0388177321156	16.3191823295547	16.3282596283029	16.2955432737889	16.1532763255754	15.272420579573	15.7619645384263	16.6719615558704	16.239261948629	16.2449248888728	16.5681146606241	14.4189683234603	15.3651442749962	16.0163479807258	15.8566351113052	16.1861391486468	15.4796519081448	16.3592595196476	14.5692867154776	16.5099854275654	15.9624342994894	16.0446411586997	16.0504651872972	16.1836903041519
M130.2337T75.13_39	15.0575895356778	17.0945560440081	15.5039254823584	16.2112201098708	16.5466498498534	16.7854638606877	15.0254838999482	16.6938730883029	16.7282102304562	16.367661641751	15.8788083332064	14.7173511971007	16.5846621426732	14.9850762391421	16.8298148329176	16.8356644480871	14.7575720227425	16.4287937844005	16.9266650696654	14.962945607425	15.8390068030364	14.5855388305747	16.4225506130011	15.1661963990773	14.751156145258	14.8427091129491	16.3512069500977	16.7049480728933	15.3577450218871	16.388873406428	16.6695614333768	16.6374918127913	16.6355792364074	15.1008841219469	16.8725249724727	14.8789127013574	16.5416980777943	16.2850820115527	16.5757212061287	16.5706714108217	16.2814368560823	15.8433994672671
M130.2484T74.96_40	15.1698965579486	16.4684159171021	16.5639784445004	14.8867396298049	16.3221077089342	16.488241423902	17.1002540839223	16.1465371143328	16.793469310155	16.4121198595825	15.1327453544134	16.8705448960075	16.0323501105953	14.87620466746	16.445620377652	18.3279629998752	14.4738706455322	15.7663413150803	17.6383151288207	15.8651793052069	15.885218492084	15.4909490114605	17.3193735014283	15.9656327712475	16.4451168839583	15.5861898857815	16.1176351757144	16.6452585939366	16.4749984696927	15.7789427709028	15.3734834694999	14.939373635322	14.5090440774905	15.1889040437907	17.0436986060544	15.751092760769	16.8883759929784	16.4054319629366	16.2348503625133	17.2005604616757	15.7993531156704	15.5969506943637
M130.2612T75.06_41	16.4673143075323	16.8364250194954	16.8801696003908	16.4371862353664	16.7434856851892	15.2090041665447	16.1303089978608	16.3973828723989	15.8810777541054	16.4573767158182	15.9564325291106	15.9777838342416	16.240442787738	16.0352997982	15.346912504198	15.8924770828653	16.738162668662	14.8500364196383	17.208496841569	16.1463812571456	16.3093296822934	16.3964298831284	16.3576880547818	16.4672445677845	16.3005797619738	16.4633594185517	15.6167614121588	15.1931729465871	16.9189041888082	16.3626184851784	16.7251813366092	16.5729917166232	16.4537716150736	16.6381011788937	16.2460509756696	16.0358787632471	15.1605927673304	14.9960692811474	16.3698605875364	15.5704453105459	16.4038274731141	14.1799479512968
M130.3384T75.01_46	16.557065560072	16.7052351979875	16.8099055181071	16.1898253621775	16.4352136636042	15.417469440607	16.531827789667	14.5790016820921	15.4318335216517	16.3903893097309	15.7888315633262	15.9058188413413	15.1952724624013	16.4384170970037	16.7074534814254	17.3210956753267	16.4798246195092	14.8684526852553	15.5320110212028	16.0353336521257	14.2697613643076	15.545048444846	15.2100336696121	16.2646504902283	16.5309160295034	15.4305071476117	16.577191575094	16.4004834195722	16.7659471472352	15.9880284926535	17.0530824398202	15.1815033276024	15.5048130856809	16.3474084958466	16.8943328309784	15.9315258680758	16.5995486306975	16.4503577227515	16.7510290081292	15.6065179047086	16.1265282964807	15.813607992039
M130.4038T75.01_49	16.3665591721042	16.8149568596432	16.5076670982744	16.114263555702	16.2483214837263	15.1935548211187	15.7577016539532	16.3783270056062	16.1889110615038	16.1785202466519	15.2471022661602	15.8384034514627	16.4482938226689	16.4283471104691	16.6538613654805	16.7828399320179	16.5441382218008	15.0633653122929	17.0357763840489	16.2541521060348	15.3642145955128	16.2974091634961	16.8104443297554	16.3171281817597	15.8666861666171	16.6459939460973	15.8669693143882	16.4042658497334	16.9807166365955	15.479463909706	17.078742049086	15.6159122460068	16.3451032928926	15.3129683684702	16.2057870929533	16.1395671079376	16.8059279907743	16.3049406986428	16.3537697865105	17.0494100097449	16.078940380751	14.8179585221772
M130.4683T74.99_52	16.2375163862064	16.7694015623719	16.8432573527182	16.1521542806792	15.4031062386023	16.5631883061628	15.2215650379284	16.415542269164	16.8650636870316	15.3361181264385	15.6909907987949	14.9012631241325	15.2516334965211	16.6485877300604	16.5866580750908	17.6895612758828	15.5056009285078	16.1904596135163	17.4511286960455	15.9517501785999	14.507815980217	16.5211958512869	16.9541724142436	16.2286537371644	16.4893696806049	16.5597083580224	16.4728319474667	16.5784354010246	15.2637204688462	14.8271012895632	16.9644593558721	15.2804967593567	16.4762316342977	16.4053807728694	15.3026432806941	16.0496920152735	16.77115335808	16.312532652094	16.4858505686046	16.945313064158	16.0748347319015	15.6205486867211
M130.5087T75.01_1	16.4216225315442	17.2270241375905	15.4727742139549	14.6513057382597	17.000283047151	15.2504507795883	14.4952200132825	15.5891504222888	15.6786627796428	16.8060425989957	16.1260530942954	16.2492409470955	16.697072921622	14.7513056416497	16.7589302728639	16.6315528393636	15.5519661133202	14.8137807004238	17.4160934383637	16.702623923611	16.4939168150171	16.6492517060966	15.6019324448319	16.9734880133454	16.5280910995804	16.2685643979201	15.5318604994399	16.1605323787003	17.4097269528636	15.0971332766261	15.6842130433444	16.5868787566561	16.8792045736556	16.7240753843841	16.5067128230454	16.3523347793198	17.0709089862432	16.1751413833883	16.4924958948433	16.1752080828991	16.671913626451	16.2683601320252
M130.5484T74.99_4	16.5215862829101	16.1390818455803	16.8435515810091	15.3069426018385	16.3279602323489	16.6377981486444	16.6710218974837	14.742938901655	17.0061687729442	16.9010457000056	15.6784410479687	15.4230845958413	16.5184570884605	16.4437586467868	15.6029697276719	16.3996956712697	16.3265858593553	16.0547226214943	16.4087643070735	15.9856193741945	16.1481257685876	15.5911975036017	16.6542177103721	16.1187469570615	16.5440829591595	15.3986646239422	14.9495969190389	16.6392366384589	16.6967903620328	15.2040651237438	17.0854394097876	16.6268628629089	16.1537568371897	15.6908870473453	16.8696536046116	15.824012137964	16.0719686598399	15.1307519352767	16.6098573185613	16.9413141356499	16.0308330881846	15.6399761240477
M130.6005T75.04_7	16.763690869011	16.9507176687523	17.0150982110972	15.0229617604634	16.4144305227495	16.69465978772	17.0327852944477	16.6007464388524	15.7988013858226	16.2769933892031	15.9861941797253	15.8787907958003	16.6219329934313	16.8150008356067	16.8568208857127	17.8419020594647	15.594803888316	16.3024729151877	16.9162190706412	16.290926692473	16.1132154652018	16.1121436821811	17.0647514821397	16.2103427881547	16.7882065188818	15.8038153350357	16.7111139961945	17.0701189921417	16.8964715847073	16.4430756600387	17.4134465875694	16.7619697319547	16.6185720069306	16.2864281321554	17.2190759183021	15.874261582651	16.457350290866	15.4427410960989	16.8605217409032	17.2562569479853	15.8927235941286	14.4545977753479
M130.6556T74.93_9	14.7043856823331	16.7256008400739	16.7508470626322	15.2011649844651	16.9658579931371	16.8906140327541	16.1018702933894	15.061537408173	16.815801686572	16.9585040556777	15.9965655120212	16.3075591386945	15.5140702916759	16.2209689677525	16.6443850408726	17.0367760412709	15.6152898163408	16.3811302105727	17.3764356306953	16.1849507850007	15.74232124303	16.5539642061453	16.2330042664558	16.5120413368703	15.0861212847419	15.129390666859	16.6208977394775	15.1026561253841	17.1364864897551	14.8575321288066	15.3429178729236	16.6598409488902	16.6172023231157	15.3329390290107	16.714190721726	16.0585266789598	15.6693974340452	16.3961098793545	16.5019012391031	16.4337916266994	16.5843102572621	15.8662651333911
M130.6699T75.01_10	16.3854284577975	17.2305616763911	17.2637354451602	16.4243451405557	16.500895179121	16.9948662271034	16.7037272630476	15.0818227808672	15.0622844068658	16.960893748484	15.9141722565948	15.9106449554456	16.5108389501485	16.6873822796134	16.9969742762091	15.5205683877171	17.0441842588584	16.436561873336	17.26983662753	16.7411341926283	16.727490030786	16.6943707882284	16.593490739559	16.7071180551205	15.0754119197472	14.5850658000683	16.9019474882772	16.6816113702425	17.0007405608214	14.1671541704827	16.6444666380807	16.8964122673615	14.8933880160522	16.925200825945	15.3291032473092	16.4118189484496	16.971822813764	16.6788177060743	16.7315683404836	17.0787723238878	16.3044412331248	15.9140196879707
M130.6882T75.02_11	16.6467393538212	17.4951175466102	17.1940656797755	16.2336911755819	15.0245908435796	17.1144318251623	15.7848227775681	17.1868032284333	16.9363326653948	16.1857516930393	15.3624471983089	15.9724343919561	15.4672550447343	16.0061740435708	17.1048833449974	16.444002165824	15.8803308590872	16.8357317545138	16.2189677274893	15.5654898963553	15.5971613677741	16.3062902829479	16.2136072027527	16.7932956105936	15.7039813770968	16.453472738394	17.0815326058247	16.6679558540582	17.4700827804347	15.8063294305328	16.8461482882839	16.9451336267182	17.1272526783749	16.6108602601338	16.7424712643263	15.5104924624742	16.3786220575888	16.3294234799843	16.7062111864037	16.4500446216912	16.5665673678098	15.9451177869502
M130.704T74.9_12	16.5424824559262	16.2668167987446	16.0489724879311	16.5784410044393	16.9999296291597	17.1020819845875	16.2635707601065	16.1648093430731	16.0570582598361	16.6323252960191	15.3273011484818	16.1931353459217	15.5903486034795	15.0844289825364	16.7071670150892	16.9266162097171	15.9469140249868	16.6597254252836	16.7788615117422	15.4999783838343	16.4088520976232	16.5070865662563	15.9783925079455	15.9513463118544	16.6045733945475	16.3496516082665	15.9223389109625	16.1259664143931	17.3087012600527	16.5203310710268	16.8463179976334	16.7275087936919	16.9959479601205	16.6792330663529	15.6850826158325	16.1811794966808	16.9975072101954	16.2989053868461	16.6165714759947	16.3308893574309	16.0282880119838	15.2847392687383
M130.7137T713.48	14.2091751817415	14.233640417886	14.0636863109124	14.1834762453627	14.4765048179115	14.7414886077289	14.6427772175289	14.8925261667588	14.1613545216858	14.7386155073014	14.8007082340516	15.3990186696314	14.8000546395077	14.366345993547	13.0254438477719	14.06120161882	13.6365026978285	14.3076668880982	14.702658520165	15.4474011919795	15.1562836831355	14.7960222396234	14.6709316378424	14.2171841993217	14.3947603735991	15.8470336108297	14.523849439813	15.023622795987	15.4037480580817	12.6932853862407	13.8126642114436	14.2261706880585	14.868095526233	15.0338563659169	14.3220141768154	14.7520691818829	13.0113084930956	15.496240207804	14.7745519898643	15.2625386651563	14.9281125634137	14.76601975214
M130.7387T74.89_13	16.5076211498491	17.2306057743387	16.9816194665509	16.1375909461482	15.794823650099	16.9705639500563	15.9216129528408	16.6536641885026	16.9625037951904	16.3243533194629	15.8060390363248	15.8892915909886	15.0662528552949	16.8098659076494	16.7477063401469	18.203479864227	16.6054682676465	15.348074040884	16.7914302774133	15.2592994972932	16.209364150232	15.4293630317323	16.0090630973083	16.6119478321664	16.4864408818779	15.3476817182293	14.9837264094719	16.7000113569222	17.1833714181493	16.212462074726	17.1329638693037	15.2541750915342	16.8376184136847	16.4392606163877	17.0354441947974	14.7125426829935	16.4978877343913	14.7074940995755	16.5978113741749	17.0169282759605	16.3649059733388	15.8828743478218
M130.7828T75.12_16	15.16599173503	16.818393172725	17.2154113841317	16.2141959239522	16.5041251559417	16.7826287853387	17.1513595111131	16.5781654273515	15.5809874473032	16.715131808079	15.7723477010233	15.8198976041327	16.800308798868	16.6786323229332	17.0250757529402	17.6608417503571	16.7415661958583	14.2020780898981	17.2126211050066	16.0685422669271	15.3289817171124	16.2089768040862	16.9813843919714	16.2002655305664	17.0780346845948	17.1535084819826	16.5843445045797	15.1964848092223	16.8071273571616	16.595104124828	16.0401326926825	15.5036029523392	16.655167252312	15.4412129441808	17.2840136939456	16.1062698273465	16.6892039371265	16.4400815394287	17.0383834187767	16.9894306339467	15.7753535101107	15.7717357163399
M130.8341T75_19	16.7736000250089	17.5017857606553	17.4238742958972	14.418548904743	16.5841277875712	17.3212715321138	14.8552475530041	17.4031851913731	15.4830280153163	16.2630066604202	16.6473665229913	15.8912671561146	17.0349043210889	16.009337281525	17.0114800539313	14.5317397492527	16.8797072978655	17.1370459990797	17.1157550252177	16.6541471109544	16.5780840000696	14.8951352616133	16.2134447295291	16.9981483901769	16.8036919992493	16.6069682785939	17.4695095365277	16.6345663018293	17.5996024367866	15.0118562085377	16.953693188479	15.6012984779275	17.3967423359896	16.5240698727662	16.8033083781376	16.9501355245165	15.2415907201992	16.5507200696476	15.4100859012895	16.3119253854701	15.0322881495343	15.8428611395557
M130.8532T75.06_20	16.5666112613499	16.0727705532958	15.5180362277927	16.502786795919	16.8968703015859	17.2982627680052	16.3998234792387	17.002098642575	16.9674612350367	15.1538238272404	16.3458488498847	16.0641874883583	15.5070937009355	16.1336748169412	16.8772145247131	17.088870809506	16.6912229360049	16.5126778255016	17.2752154315029	16.7999140033507	14.977664655133	16.3723415655406	16.3543957439079	16.92412082358	16.618541902375	16.5653400704496	16.9857880472297	16.2564972926595	17.5974149001069	15.1125483522699	16.8197184832923	16.7497923126003	17.189250476217	15.4248399154412	15.5632151499128	15.4509750100541	16.8326764930469	16.4029896923029	16.4946936444335	14.8542431225101	16.8112742392359	14.773988915002
M131.0345T62.28	15.6227363555008	15.6195777687383	15.2258547916743	15.4802906467122	15.2035342104119	15.6472815842993	14.2754389274955	14.8113755651481	15.6151561802121	15.3471751519413	15.535318675111	15.0778713405692	15.1935518603575	15.3211007937792	15.3346060682086	15.583481868793	15.4881356481744	15.3283067271143	15.1685353193211	15.1776425822363	15.2691893948887	15.3840198325562	15.0649350435549	14.6207545768342	14.6944005664527	15.6375387662989	14.5885453853306	15.4693161836458	15.4718961088568	15.5959340555265	16.1151862043869	15.5670877702471	13.3053663069768	15.3092082794614	15.9344618361051	14.9398731124347	16.4789584488487	15.2574004253106	15.149688114693	16.2308515600503	15.505054367806	16.1576420356422
M131.0393T75.03_30	16.5697027741936	16.4496435170805	16.5315625963829	15.5528171585444	16.5728704358111	15.6126767880149	16.369140694571	16.4754935495002	17.0248538030206	16.2926906176892	15.7128598716566	16.5661283777619	16.7619936531428	15.3155563456991	16.7450698522195	16.9680387608955	15.7823590706243	16.5249659107189	17.6228504675376	16.0452295130065	16.3282174026025	16.4879931311572	16.1913514413078	16.5370223931879	16.6934693858046	16.2798133829212	16.6588555851982	16.836151126685	17.0406143917634	16.1252419725097	17.0579516255104	16.8512177913314	16.9889030077614	16.7255677113952	16.0375873981636	16.218056618605	16.5979789407261	16.6384774617703	16.693423021393	16.5374514730164	16.5523645981179	14.3920296391826
M131.1542T74.99_35	16.4592718634802	16.8991438994526	16.5109835113325	16.4204436666807	16.5751545139049	16.0063642404175	16.4276224347354	16.390845191519	16.584829642616	16.5972236693964	16.1867865787654	15.7412091736088	16.1126535585048	16.255921577939	16.0744404974274	16.9672387929673	16.055071287436	16.8521286900749	17.4583635357286	16.6545449428113	15.6660201022306	16.4027034766237	16.2294235757861	16.6622468499837	16.6241033296343	16.6219902480255	15.9503952201564	16.3287168301583	17.4524040807387	16.6216259855296	16.3772909712158	16.3482867566708	17.2614890661078	16.5031290333568	16.7910262914514	16.0988289887706	16.8490843104105	15.9893660514715	16.187071983709	15.40814703542	16.6359322580381	16.0730545373751
M131.2551T75.03_39	16.7209653018844	17.4292879916683	17.3598630540047	16.1394392045107	16.6613799307004	15.5899109903022	16.718229382603	17.0548183777782	16.6135005472836	16.8353492230587	16.1754653626741	16.0943100520307	16.9922083162537	15.7328848183749	16.9973193501266	16.881254419931	16.7487107199283	15.4799169533815	16.320716925343	15.4839798552745	16.2229829100639	16.12772557273	15.1065097180659	15.2157925580601	16.2409178533801	16.5746428485772	15.9494751687126	17.1242543206021	17.3363994428035	16.4783431094662	16.4798128318382	17.0389975537021	17.2917944756041	16.2739460578068	16.2585021137289	16.3700402765688	16.6718382045574	16.7963805927086	16.8009640190782	16.6182686700342	16.5354896838405	15.6415003941073
M131.2951T75.06_41	16.2696944717169	17.3753525966802	17.1245580879847	16.1577683680024	15.9684338688584	16.1886610363426	15.6116088116673	16.8075076767054	17.1997451755966	16.0715116186471	16.1535866305369	15.2252632335154	16.8599565589519	16.8169758288718	16.9313498522552	16.3463064667658	15.9487121726526	16.6210425591605	17.4320560954314	15.3894311083267	16.3485762705938	16.0903471331288	16.9920792115599	16.5899299546731	15.4178051448504	16.9393060358365	16.7039926270068	15.9781049936567	16.0980652415599	16.5221958194443	17.3730560670649	15.9594429672477	17.1451179220624	16.2463832585928	17.2490125807867	16.2123619528046	16.6653383519475	16.8395192578026	16.011172866692	15.9690143632647	16.3603112946693	15.471597847903
M131.3108T74.99_42	17.1904814438702	17.4526577121667	17.5879150093768	16.9610585072685	17.3226000171312	17.4558997930673	16.1246006472568	17.2283842972534	17.4373142661729	15.8532229204577	16.7542750531546	16.2482541408159	17.4209773537057	16.9845008763857	17.4800411917313	17.3879551144943	17.6005605830524	16.8981355856583	17.2995510066908	16.8502759837758	17.0576352497821	16.806653657138	16.6868377096435	15.5330788460077	16.9989456699932	16.8855971150768	17.1789818875778	16.5785009794567	17.4792190329	17.1428079546114	17.0105405881917	17.2051783355006	17.3108246283216	17.0395420891087	16.1217980489537	17.0243026781801	17.4132346984452	16.9125351896518	17.0294496585776	17.2574092795846	16.7873194140076	16.4182882902323
M131.3289T75.06_43	16.0364386360569	17.7290635935877	17.14609325436	16.4588926825427	16.9180835896632	17.3533415461431	16.6286927658217	16.9983248315181	17.0733998110107	16.3701760891257	16.3217205843271	16.3013482076749	16.7930503119376	15.3252692311454	16.52192758687	17.3029789999208	16.7475408574464	17.1192501794975	17.485738358687	16.7971034021806	16.0578114315984	16.4273563802577	16.765388322963	16.9223028701161	16.0890606744351	16.7272383731942	16.6777648779056	16.9539169987529	17.497606655906	16.6336544696544	16.1642814791312	15.7546991736931	16.4051620558602	16.477788889093	16.7840570543508	15.5703983606593	16.0281582547262	15.4976654803806	16.6512087213273	16.2465414480537	16.8402509832531	15.9920643145036
M131.3433T75.03_44	16.837678227188	18.4471418805554	17.7012518984255	16.5110574445438	16.8736997627438	17.6929308081515	14.7702694225849	16.2965706829511	17.1831830250827	16.6399567063875	17.1344337733154	14.5127385647552	17.2117656947025	16.1415597245802	16.0085916831661	16.6447719838277	17.2662357251389	17.2000708120874	17.1566408512552	17.3200134696109	15.4702107340274	16.1527373707463	15.9109934850311	16.8806025178138	15.3553902593034	15.0975006111793	17.6158600151867	16.8196953747297	18.1657844833425	17.0919399983829	17.0217534253008	17.4126740936403	18.2549818511267	16.671741591003	15.2437976898902	17.2648876967625	16.6803922372171	15.2044499960589	16.7045135268835	15.0953094123351	17.162843450834	15.4962061703302
M131.3635T74.99_45	16.7183139231204	16.5378015141085	17.4951051074923	16.6959621852835	16.9979925499962	17.4666349458493	16.1549577049667	15.811045302877	16.8408366454008	17.3822275355168	16.6393029732999	16.6988470141666	16.9335781128522	16.4401558244649	15.6891445498576	16.7211415474346	17.0352567218354	17.2131750214342	17.0345828394863	17.05845492177	16.7365422994555	16.7701714835395	16.1429565690788	17.2274448711264	16.5741690275296	16.1667841225873	16.1327341907858	16.90934395297	17.7483580428574	16.8135309646693	16.9466162618978	17.1217165244878	17.6961564846178	15.8927260185626	14.9806035420013	16.8315423495188	17.2060743528423	16.4240273117878	15.2593235585295	16.2745715088043	17.0853072149394	16.2796314063443
M131.4345T75.12_49	16.6578487473876	17.5667324980138	17.1797537241219	15.6781101203255	16.1437259804029	17.4164821692039	16.3913617652175	16.425589157449	16.9806543298836	16.0469299599184	15.5044514840069	14.9749169736469	16.9281491492489	16.5531737122872	16.9627563282363	15.8991065520824	15.9482244684444	17.0038103361527	17.6592079218051	17.0191391549686	15.7330048606117	16.3742105490014	16.396370853037	17.1507379138629	16.7799964973742	16.4260949648109	15.9127378738357	17.0087486958554	17.6049187226395	16.708339688588	16.3005506156565	16.4449262091227	17.4421188878902	15.5670113284286	16.0451286490637	16.7397052507807	17.154632298202	16.5703689548022	15.7560312261396	15.3624343349681	16.9825823266785	16.1845124421229
M131.4487T75.15_50	16.8551591373146	17.6438391412493	17.3663918105402	15.788858527873	16.1364345188463	17.2247200238795	16.3535222057249	16.9746829432735	17.1210607145675	17.2213427565927	15.5904210872815	16.2710639812088	16.863090213427	16.7878484620781	16.9688364065469	17.1217854338813	15.984953308214	16.9966586579829	17.2875192482161	16.762332647248	16.6886805882531	16.3796828709161	16.5322849414333	16.3231587208995	16.1280422119013	16.7910913622321	16.4884718439581	17.0175294057169	17.3406811587419	16.5885411622675	16.6429941746042	17.1208044220904	17.2634865551187	16.5868093030835	16.3411598408644	16.3198096705104	16.354723400748	16.728078643842	16.7407404221795	15.9615945623548	16.1715013000847	15.9696933543368
M131.499T74.94_52	16.3711422511923	17.6240921340042	17.5052073275202	16.4876680817308	16.8795117835568	17.7099719964859	16.1798605653521	17.3619731718485	15.2492848530487	16.9376029285594	16.5488700741647	14.3763348652338	17.0390064289405	16.6163137567516	17.0436054703561	17.0360225092319	15.6900473434519	17.451320862546	17.3434841833118	15.7989316202779	15.2142408827123	15.2630247984283	16.407396491385	17.1914178459283	16.6878548463758	15.332722729403	15.254387448948	17.0549978184143	16.371277907804	16.9035417416987	16.9620743915839	17.1729267264307	17.9089009284731	15.6386129727209	16.676978369549	16.954388367128	16.7063832885402	16.7023101331431	14.692819375969	16.6333110019838	16.9080546473154	15.2691904244853
M131.5191T75.05_1	17.1986735066496	17.0257461745341	16.7906256227183	16.2856240910158	16.6629828196892	17.1467686784551	15.8955133412816	16.8373694932556	17.2362349262499	16.9146875422208	16.4540445127124	15.1883078487063	16.9965844645181	17.3807206965263	17.1807284911509	17.6230472748874	15.9360521895601	16.6739414923258	17.0360271736859	15.7492277237861	16.7727450200041	15.5253982612082	17.158889679073	16.0416550436113	17.1594492373322	15.7275671541683	16.7938111938577	17.4988330861138	17.0805433160013	16.8944213361374	16.2508558781804	17.0311360420437	17.4456894631665	16.3384751593841	16.0740949807463	16.4751271962452	16.0035536771824	17.1117613496703	16.644015832135	17.1813668970957	16.5192751177434	15.5814796476548
M131.5484T75.12_3	16.8417682522711	17.9278440414401	16.4600096699546	16.7373039026485	17.1275934463708	17.5323123258735	15.9566240776947	17.1844917232638	16.5213881616583	17.5238880927659	16.6249367224621	15.8752566868766	16.8497298162441	16.619650972758	16.90113773469	16.8214089608874	16.9467578060199	15.6783189373293	16.4666124322551	15.8725111127959	16.0750857705354	15.9853181210888	16.3533479706468	16.9358467816056	16.4166665161961	15.0198166335405	17.0839541865202	16.9968058963206	17.5513922577304	16.8693502683312	15.6882334858185	15.2487918868497	17.7322042927526	16.7918010031994	15.4052956882377	16.8000165309011	17.3619487482035	14.8215784689043	15.8169563338602	16.0183770615279	16.7869436590743	15.3827526768575
M131.5789T75.17_4	17.087894372525	18.1038142766725	16.851038812835	16.6124488331256	16.9726322739301	16.8849306941309	16.2231454524128	17.4337243059711	17.1934542301999	16.9092422053075	16.9104705801696	15.0767279840276	15.2937330266419	15.5663653411273	17.0013443347267	16.3934123530007	17.0140507849074	15.9383127963341	17.0983880996287	17.5540546354156	17.0642325250606	16.4745160302484	16.5336280117512	17.1933303437048	16.9643916186014	16.4999098825589	17.5451582449828	17.1994083692106	16.3282772635724	16.8713219454621	16.9438638512352	16.590062626253	18.0239497614711	16.6092184032109	16.8314856568827	17.0425073566342	16.8127931569831	16.5702500640317	16.5669974395715	15.776587797905	16.2494676822422	16.1125914951213
M131.6964T75.01_7	16.9936684319239	17.4303259288496	17.5559343475683	16.9197243454428	17.0444220039727	17.4072721370439	16.940242020671	15.6111009495879	17.4135302635292	17.0148587769976	14.9261520991188	16.1223443623967	17.1245983155537	17.1119241872121	17.0349880392525	17.7504153700559	16.8689643456955	16.95795870848	17.145132014607	17.3372475836299	16.4515410135631	16.7948329150525	16.2949532968646	17.0119574678377	16.982047371557	17.3327543903605	16.9139059515191	17.2381210324375	17.0075596477126	16.8959592714035	17.6882936672008	16.9730135634774	17.5103343961809	16.9727189433912	17.3470406428068	16.9409927018813	16.8805468688381	16.7447224930016	16.9827386129746	16.5029116775017	16.8332605097794	16.1933583423645
M131.7348T75.08_8	16.5015432787102	16.8094402752007	17.5232863664314	17.0837407582348	17.0303419590669	16.6192748186465	16.7151094724206	17.0688463246825	16.8729898839577	17.9769753285452	16.7355273812065	16.1982522427441	17.0899541427926	16.6297712670858	17.2237738489096	17.4433730086743	17.4156542052177	17.0136939734272	17.7650197178438	16.3880523757035	17.1398237915824	17.4165292358974	16.9602483457508	17.0620868999371	16.8931039927473	17.1550259768977	17.3920458802487	16.9498490587009	17.5636869325261	16.8678454880825	17.4082151141972	17.2770786858311	17.5683580564944	17.5210397930867	16.8862015783157	15.7614813913755	17.713596562611	17.1022751470063	16.9310751013689	17.4210175721713	16.9740340541924	16.5070320004853
M132.0813T230.05	14.6406413478538	14.3018033339295	14.6600862073964	14.207013411156	14.6308700400161	14.3908613622427	14.1940677514879	14.286935211957	14.3169434757612	15.2226686957398	14.6137339793383	14.0759383993278	14.0913744003703	14.9458787942055	15.0025657085062	15.2026770717396	14.6596168699019	14.5707577172702	14.5564272495303	14.7755441366191	13.8679080110609	14.0762053102597	14.2855546380852	14.3172760833169	14.8017359880149	14.5444149372402	14.42008762564	14.2982144937521	14.5990732118068	14.0974765859543	14.8257641514222	14.2771784845009	14.5944785884317	14.4022792290535	14.5686133603991	14.8819912151038	14.4778784115983	14.498867896001	14.6832128538791	14.8010066803646	14.2925944307194	14.8462568271163
M132.0816T372.03	11.6566087551097	13.8247568150851	14.1359797320255	13.8596578022896	14.2920864316646	13.4357070369892	13.8235745530655	0	13.7948157216514	7.4142563497747	14.151759158738	12.7888306803123	13.4364195237484	14.7267964112515	14.9819451959332	14.5758963515985	14.0220365917612	14.464981839918	0	0	7.73625797322567	6.95827251076042	0	13.6123793885166	10.9720403421915	0	11.4866598120278	0	8.24953007346382	14.1357337929433	14.5526692746606	13.5215931184014	13.8446304735141	13.5998497160903	12.9359517756408	12.761272828543	13.9543840704885	12.240496396921	14.237833597405	13.8146871759186	14.786473555441	12.2046315857468
M132.1024T163.31	17.0514268909256	17.6872597706021	18.0283976088459	17.268862081827	17.441875053142	17.2618114522795	15.8034079305731	16.777835595114	17.2938735829507	17.5880145311931	16.7522819092409	15.1556585298249	17.4917184445223	16.7432736129062	16.9669591740526	18.582430048918	17.5222792348812	17.043741277961	17.6176343674422	17.2692463133897	17.6009753176004	16.2443290627397	17.4589962964166	16.752856796396	16.8756778598208	17.2634601685668	17.288564058676	17.6055618168138	17.1555858153054	16.3586046264028	18.3646766530397	16.9426465889316	17.3485843873111	17.4316298801085	17.6263936622174	16.5807716049573	17.9735684362008	16.75017153958	16.8133021603615	17.762170640009	17.0528205613103	17.2271586649193
M132.1024T198.74	16.7378089488355	17.6415788031447	17.3142582297943	17.0048505466931	17.6841636108387	16.9119913412042	16.7869733672057	16.8796890314687	17.5299304785154	17.1344857552082	16.7332646645877	16.4544243578736	16.8790820875188	16.8208809017994	17.1629200627976	17.3147256936074	17.2046943518856	16.2643390113832	17.7525660700146	16.9778718490924	17.4431425827448	17.0949068023989	16.6735655079801	17.187569877835	16.764149139082	16.8845849532544	17.6709037818931	17.0165834613037	17.0128120864472	17.0525170098861	17.1364878138316	16.8966035509033	17.0057510106469	17.0825260685853	16.9008370415811	16.9023829681995	17.2895351824994	16.7259812541959	17.1370997930334	17.9379839916703	16.74234337995	16.5355280563295
M132.1027T335.64	16.2202893737804	17.0187505160175	17.0341623607393	16.1964098856507	17.0691992960413	16.6141208941047	9.96921249038839	17.1596102957312	16.7293893971818	16.3652938717414	0	0	16.6366723403578	15.7535824761419	16.3947197176991	17.2088190867539	16.6670303301156	15.6858410330551	16.4706222725559	16.1539223766062	17.4795557230636	17.147054768207	16.4569428017747	0	18.3839174406746	15.8485730399883	16.980316562993	16.3427643120736	16.5306033364301	16.2626730694112	17.7244481017691	16.7340411593763	16.5216839607769	16.6648250181784	16.5374504695866	0	17.0281984617529	15.8751983999819	16.029901518408	16.4115822049574	15.9968672802791	10.5814372424599
M132.4718T74.85_12	16.8077457476605	17.4328744093581	17.3729758755783	17.531237488426	17.6681671264635	16.8591072579198	16.9564679265468	16.9563617540953	17.1930356142376	17.6564366700848	16.6381957478474	17.1225154378525	17.1556102664981	17.3459920782935	16.9885401619415	17.5639378744684	17.6567383809439	17.079716477734	18.2421198383631	17.0696625475519	17.0976643669775	16.8585849778545	16.3226101611072	16.6467422191004	17.2958235995047	16.3288496968429	16.7840498921894	17.425132752021	17.4300647823007	16.9583999225977	17.5387968414331	17.1057717743025	17.5245471744708	17.5465521248236	16.6844531901572	15.9737432459929	17.8405550680977	17.0438963223292	16.1600819529997	17.715952005214	16.882196556439	15.8519812918828
M132.51T74.97_1	15.9762482968539	17.2607259327697	14.56574544167	16.8317061802796	15.6295619851428	15.9475588675519	17.0144132443305	15.657087570137	16.0705143453223	16.5677623814141	14.7683285695757	16.2509586828908	16.7311158505092	17.0716173951273	16.12255670482	17.128603633991	16.2702127999728	17.0590145272211	16.9969595588644	17.0051481522314	15.2740394226097	16.650290251145	15.1807010985189	15.4441994084613	15.6205370250311	16.3837881696231	16.638228100682	17.3610861126227	17.1064743373116	15.6187261553797	16.2684615156145	16.2273054555244	17.2216708567577	16.8772260268115	16.3157018637749	16.8075184629074	15.8067593077729	17.021905119351	16.5651074250149	17.3874677906913	16.2566305375355	16.2804802072816
M132.9878T54.83	16.4620492031455	16.8944590173697	16.748218603926	16.7905808199587	16.6185233328185	16.2175402800684	16.5839383229867	16.4476553905912	16.9332150445371	16.6529721036075	16.9926753882429	16.2190983024732	16.6952421652302	16.9639289716809	16.0511957633845	16.215717110043	15.8835144590041	16.4741889652632	16.0060904402615	16.4611590549648	16.3866904275401	15.9270439419565	16.4243384898757	16.9129803101744	16.8085978070349	17.5647379018068	15.9118594871907	15.9802382515131	16.6598861621889	15.7199876468986	16.7279315106203	17.1121231966034	16.9151388616975	16.697926935395	16.6463123950706	17.1573641031754	16.0042535919345	16.7016163116305	17.0630301321453	16.5869266132979	16.9388485903514	16.8662694854817
M133.0501T52.24	13.4274138192409	13.0090910081941	12.8023586635679	13.1548646112149	14.0372430380103	13.5257293332112	13.3670856813542	12.3997308520009	13.7032014458296	0	12.3372695748332	13.2405708049864	13.6733264021946	13.3491400744534	13.9657602854989	14.2374843069899	13.1336061047506	9.21360201799135	14.3237046594342	12.4930885590032	14.0049184831073	13.96621834292	13.7759560976844	12.0510568671783	13.4936815719951	14.0923179756834	13.2666193557627	13.6810803063622	12.5281039589488	13.5746564279521	13.529962957933	13.750907389759	14.1878827019675	14.3287047080149	14.0151894117185	11.7679835748133	13.7740554469829	12.2811693030539	12.2035671670628	12.1390433305529	12.9895435006803	12.0501733786414
M133.0502T102.94	14.0934537112133	14.9405322563694	14.246526828213	14.7040640630991	15.0009446319903	14.436718140101	14.4272478432155	13.9002004583681	14.6898560333759	14.7513380916145	14.8935391859648	10.9590426847822	14.4734291381104	14.0573098982187	14.2967651647603	14.6234331893764	14.6035386287846	14.5925468138133	15.0348675977947	14.1412248992659	14.2354029859685	15.038056349474	14.7339195106855	13.7693410195919	14.3844418307581	14.8438821347548	14.9675445987099	14.1573701417464	14.7884163821545	14.2770997218834	14.6899221741989	14.8528083293707	14.4241011346317	15.2350278449169	15.7713233852149	15.1555299665169	14.6870539288442	14.2983420116758	14.6048284359456	14.6506566551633	14.6250854960519	14.543477689706
M133.0614T57.52	20.4363872202956	20.4017169914113	19.2143336434033	19.1813232933681	20.0316909933157	20.3126679138525	18.1780133719815	19.8233276397291	19.5189406604001	20.2633453771824	20.2446315090488	19.2606167907376	19.8169477814278	20.1019975640304	19.9716546712512	20.7078175300244	19.9275580611888	19.1169592796892	19.3431544871219	18.7180985972817	19.2864313443103	19.3738886037414	18.9987508730262	18.3950373115961	18.3631432172153	18.9032665825308	20.1959241016956	20.2223855046958	18.9968196024203	19.3485745969066	20.0523004948612	19.8903338727242	18.8124545734612	19.6906064943463	19.1291628242541	19.8990269217954	20.6504896089629	19.8538738390728	19.5958172971291	20.2118191756683	19.6425910740946	19.5643571654289
M133.0866T197.1	14.6408166579224	14.5229339115079	14.7745042754082	14.3277395687836	14.5816310974228	14.1794194143532	15.9139917085336	15.1271574751828	14.9276138044117	14.3232691992853	14.825596316435	15.0920986706893	15.2096129730892	15.2497490859923	15.1086781701214	14.7891197976662	14.8545111242131	14.2904437407724	14.8414449702844	14.7802781690315	15.2780352517521	14.0479156018546	14.994372004244	14.800619362797	15.1569625556767	15.1330589697055	14.754479877114	14.9684476626477	15.238423139249	14.5235573190728	15.2997467501669	14.9351642424573	14.6213010488874	14.3540633296311	15.4800017334797	14.6225177597179	13.6023633169634	14.6272555570815	15.0325354711353	14.4379722059423	12.9980625872024	14.9711583433229
M133.0867T291.59	15.721953694619	13.7793185710007	13.9155288091309	13.7817978148818	15.6963828568214	15.0240087659083	14.0845336506937	14.0900163851886	14.2652586682829	14.377209176568	13.9444037585319	15.3469961747124	15.2373067779476	14.5455573803455	14.940297968405	15.7851599681155	15.5931491962135	14.6387533752784	14.8778055742716	14.6378289028196	13.780575171487	14.2272412562759	14.1310773849355	13.5066478369486	13.6470258620312	15.2357445148151	14.0548952562929	14.8861879135355	13.9038528860169	14.5280717317705	15.0301913769396	13.9877471673356	13.7982771500901	14.2641050246472	14.1046367153408	15.2646899099043	15.4703207014685	13.8488844522784	13.8054844441521	14.7602101354615	13.9479720144858	15.6005549728542
M133.2187T74.91_5	16.2921444692514	16.6136352892335	16.525042124939	15.5239659445642	16.5326576034762	16.1078463141325	16.4287213712123	15.6053617040857	16.7310105346596	17.0588240611763	15.6108885997636	16.0974320291036	16.6940705825362	16.6325690760135	16.6706583284594	16.4824315976498	16.6324466035219	16.6374300145752	17.3283689563242	16.3885130011547	15.4577494814527	15.49382585609	15.8760624658071	15.7646635442289	16.2301489293484	15.9270409129905	16.1526968756646	16.97950990094	16.9937057203028	15.1387240113872	17.0126455954713	16.4092158062094	16.4526160721067	16.5489569440703	16.6084810085102	15.9974472622184	15.812447676555	16.4073782359871	16.2033842547173	15.7646813616226	15.5847896892771	15.6608731450394
M133.2433T74.99_6	16.4014798140328	17.3003469228496	16.6284254948042	16.0537661029393	16.5698560389051	16.5639245420814	16.583666282222	15.4251131868052	17.007910136936	16.9629395740213	14.8603268057876	16.1684346624211	16.4051881961817	15.8940162201605	16.1598322990667	15.8294961898955	16.7735377137067	16.7621679608536	17.4237514543571	16.4700199762408	15.9700694810914	15.8279612901678	16.020931110731	16.2271804099127	16.3680310660334	16.7218940638379	16.1600196203614	17.0535230286612	16.2949218228849	16.3611016310665	17.134492300617	16.7902255587318	17.052325677078	15.7178816057655	16.8722674442398	16.3053257951538	16.340379271181	15.6485543376253	15.8629430273522	16.3879431743005	15.8953630506169	14.6727169225922
M133.2576T75.05_7	16.4643044883992	15.9390884311375	15.1611228237701	16.1692774245528	15.441762156043	16.6438223723182	16.6269255430505	16.5048830424844	17.2633810014457	16.9101662191434	14.0230653137182	16.0793351346539	16.8867028279437	14.9901110776116	16.7300548978985	15.5790806449	15.6197733499025	16.381422212908	16.9228471674242	16.7335623832078	16.1747178041442	16.4164608766139	15.8302723298555	15.9271811827285	16.4804667318273	16.61870149608	16.6748149294344	15.6801851087132	15.6752800086936	14.8789631626329	17.272784435147	17.0883259642351	17.1310795801624	16.4016898293975	15.6235370019073	16.1052582050011	16.3185635935158	16.723302258572	16.7543766330016	16.6736984367824	15.8937463013085	15.6915357622285
M133.2941T75.06_9	16.4505531782254	17.3587010501781	15.8444223382881	15.0544745317438	15.4221076963002	15.663022697197	16.4291468113231	16.6717084029382	16.9883309114488	16.7450858768119	15.8272279698328	16.0179952709969	16.7742975944864	16.3652734276368	16.8317094767146	16.5612297781391	16.6075580486459	16.0499687300825	17.2100266316758	15.2387887005204	15.9841282508998	15.0671241440786	15.2743738972426	15.3437371971588	16.4606828469617	16.53650491348	16.4691805725897	16.8869480580021	17.1744406014803	16.3899643623671	15.9237694288667	16.969859682863	15.9740344464219	15.1987473882915	15.4594818166122	16.2715217160936	16.2535439002452	16.6491292420182	16.6845618418315	16.1023684267145	16.0278658280211	15.5622550386237
M133.4398T74.99_16	16.5510952993398	16.0132173113234	16.8407009649681	15.013993053179	16.2720828337325	16.6843029499994	16.2527551620391	16.4089190257223	16.9970746757666	16.6688381070633	15.6382340169526	16.0566396434584	16.391108213479	16.3738149244061	15.6365061806719	16.658759689701	15.4863118098653	15.642393242696	17.1092191224572	16.2299904579481	14.942292716254	15.2388922479035	16.0332339057354	16.3047066325243	16.5469500433589	16.3780507738463	16.3196391258393	16.6533473607851	16.8560726851065	15.1986714917779	16.9582562898529	16.9502236872229	16.9283817471668	16.1735878531742	16.7924508869099	15.4253066401663	15.2926469030999	16.4709025741592	16.5299903251842	16.37755845459	15.9074156605252	14.2421256645685
M133.4689T75.06_18	16.1334097621656	16.8178189970174	16.2980586074897	16.0942374446117	15.8925949092836	14.9770209699007	16.3390202019623	14.7819994149634	15.3217391386797	16.0305888469109	13.512552366561	16.5965247717141	16.3681641809626	16.2163471493297	15.0366339300915	16.7259915983235	16.144592648297	16.3121326178167	17.683848467092	14.9930659437153	15.6995020609004	16.1969836966308	14.8751609162175	15.0613002227283	14.7083252399228	16.5532252289925	14.3965526576685	15.1594454734717	16.9599085602259	16.1632002401142	15.8275526419147	16.6603634597948	16.7313922230875	14.1765443677592	15.1335384865761	15.0459535462534	14.8473921126952	15.082935519057	16.3442098309194	16.1396244800325	15.8735528685557	13.9767925629593
M133.5471T75.05_3	16.1687712661027	15.698066192126	16.4608668015409	12.4677033847757	16.0039916002246	16.224045707038	16.0332900717413	16.1261106739433	16.6034878207261	16.3881991119298	15.5023597665633	16.0341240377445	16.1928416818704	16.5190873364628	16.5460138010385	17.1037366986084	16.4732790907217	16.1886985717742	17.0122254185253	11.8921370963584	15.6806341704065	15.9678212930711	16.5567722294449	15.9263008403362	16.0443558389283	16.7332718363438	15.8444553833167	15.2725331221931	16.9003125119616	16.0448392531642	16.9161112566459	11.7690286358667	16.5396247288019	15.8496084307339	17.0198107074671	14.5491484287794	16.1948762171057	16.5098183537093	16.3585296958071	15.8817587652547	15.2332066221858	14.9395802193228
M133.5732T75_5	16.032757311904	17.6304280156477	17.2566679628514	15.9452160731473	16.2481592660981	16.6324534235132	15.852097971291	17.0550865247551	15.841198853775	16.3948701655325	15.6591202459568	15.3947514071042	15.9764562973346	15.7135724399451	16.9749932959429	16.2164976899882	16.3660522964981	16.989923623249	17.0434610351744	16.5111536287902	16.2862650790866	16.0504249815087	15.6364360169254	16.53841797401	15.8410273550878	15.5969349663484	16.6239827874178	16.6633404663114	17.2853625103329	16.8834008947022	15.5224095344701	16.0581135625067	16.4551527198549	15.8425560380831	15.5739545512018	16.4013032979663	16.2436435920085	16.4550615527932	16.8292178325244	15.8977266474203	16.0598147581329	15.0285662231296
M133.593T75.12_6	16.2870338039889	16.4827441820058	15.4510635588187	16.1548992065878	16.312922654682	15.8225726015692	16.3997744062971	15.5754911405816	16.9107618479468	15.9863496940761	14.6493316428529	15.2031082398618	15.6493839471807	15.2454644556139	15.7911134558353	15.9948561474962	16.4238217948873	15.9684377745721	16.5587017233501	16.181999107049	16.0522237376705	16.1147132746276	16.1934748145829	16.3493806848428	15.2698269155917	16.5602711094691	15.5936113111751	16.2704765099518	16.8993886606206	16.3404457315283	16.0273026299282	16.6829891367293	16.273499013519	15.1397908170111	15.9651528076278	16.1720488373498	16.2016178619529	16.2870141022485	16.4971479432031	16.3684802376041	15.7463520474599	15.3646682961593
M133.603T74.98_7	16.54648252805	17.1339944745357	16.5611368674023	16.1850213967447	15.8016648810006	17.0043879408434	15.934170778074	16.8461493396638	16.9823055619095	16.1683550842491	15.9832660250129	15.923815192176	16.6206080935651	16.1045646898383	16.7028332459876	16.5119765483953	16.3676208021923	16.8099657418617	17.1123696821121	15.5759958853997	15.4104941739598	15.5447665108432	15.7555861814258	16.4877162594845	16.4879169046387	16.4643143113291	16.5976911691713	16.6559787990603	17.313324586142	15.8527323984519	16.8325026587891	16.7167421509375	17.2109499205212	15.4706731994248	16.5997155192634	15.5268676652307	16.3261312201458	16.3786446135129	16.5692787423462	15.3448749470823	16.3636642849836	15.0370696499162
M133.6239T75.13_8	16.5066294378858	15.6833327997585	15.9482553190975	15.1463232504417	15.7173153105397	16.2304434685253	15.7450676068642	16.301903941458	15.7237831762816	16.3758642239052	15.5012962862693	15.7449567587847	16.6030354428483	16.5778646265627	16.8471405313086	17.1018314386668	16.2275033245373	15.8294216656597	16.8716406689584	15.900330414788	15.958402205344	15.324449291417	16.5616117240602	16.2216035827609	15.3534660788303	16.7942966836944	16.3630173360747	16.8985328728445	15.4340644884448	16.2019755791524	17.0680787899975	16.8407318164211	16.8176663360815	15.1077418243686	17.0499748444748	15.8186066527512	15.2490398982083	16.6632494813494	16.7363428736339	16.7724424584399	15.9743558519241	14.112289934881
M133.6686T74.91_10	16.1922006099838	17.2043513215292	15.1531351256418	14.8978538308506	15.2113345512068	16.6474095241469	14.6669430088353	16.4035035402871	16.6015531599019	15.2098639488295	15.5625121420366	14.7582032234471	16.2556104447526	16.1609248604994	16.6707875419485	16.522705017283	16.5987245108663	16.4678349343807	17.3109781643066	16.2735461265204	15.6266698813778	16.1944099481279	15.6249219036343	15.143815820228	16.2300169314687	15.1174454557589	16.0666277162765	16.6115038508897	16.9423012189521	16.1917497512427	16.8427511757944	15.1337227679705	15.3076718698733	16.2151465783539	14.9213408419253	16.1794300624049	16.3382107894768	16.254211132454	14.7967511847126	16.0583832640389	16.2909807540901	15.2474682720205
M133.7433T75.01_13	15.4174983809799	17.6577322843583	16.2103667745557	16.0615908713208	14.6005368896173	16.9968649670337	15.9317600249656	17.39066622889	15.6309189787765	14.4958289798516	16.5714643910881	15.5439511279603	17.0200409907705	15.9264953029409	15.9129994849796	16.29682951713	16.6238762957924	17.217523760313	16.8860080579043	16.2623245167596	16.6605924722292	15.3936173046369	14.2866724899597	16.2491769674808	16.765153704252	16.368207645181	17.3933548372185	16.7497575556204	17.1288443375217	17.0582921496349	16.8339736560947	15.8877480483776	17.3218780660218	15.5043274894883	16.6202547509224	16.8025161222077	15.0098400122126	16.2982796844892	15.1885526098721	15.9182143664799	14.9388897664134	14.0480177284211
M133.7586T75.06_14	15.5994593759426	17.4440039051073	16.1576150533848	15.8814265308538	16.435560587643	16.598099647106	15.923373645061	16.7980616602629	16.8005116169782	15.9845167703346	15.8739336336087	15.3687692339811	15.6381564568002	16.0648956064445	16.6383684202216	16.305257741875	16.5926491916883	16.7755729818996	16.5276053108906	16.4834559974078	16.2215102114347	16.1785304353601	14.7384135806323	16.584751912233	16.3018538625631	15.5378509883547	15.4772570913495	16.7084159931738	17.3459662672528	16.47881648937	16.7686802183479	16.55454679148	17.1350738158901	16.103812914849	16.4853239837415	16.2522274442272	16.1798756278723	16.1649020407287	16.4598559315479	15.0930775610803	16.1273426034486	15.1639272454856
M133.7884T75.06_15	16.2459796488666	16.9584464483835	16.0954377927455	16.0770109368917	16.3821905625659	15.8663248258726	15.755148618887	16.6088882816431	16.4223258024794	16.8466025123486	14.9138049889254	16.3424377213501	16.3433139119329	15.815003056094	16.1723993610004	15.7555627417225	16.7432926630051	16.5041256243689	16.8260639555177	16.1658576926148	15.8760774837152	15.6825888282828	15.2980373861955	16.6172485503579	16.0963475575716	16.199472453266	15.7432456697415	15.7741345536136	17.0261543670573	16.1974979921036	16.3074721414602	16.0904696867029	15.5965888253577	16.3896601291736	16.3069455774235	16.0782455086819	16.4347087697986	15.0961372724292	15.752398104743	15.9439587007367	16.1174608537013	15.5525310322209
M133.9688T75.02_22	15.6724702595064	15.7777232696183	16.2537937767297	16.2154821993166	15.3553509943947	16.3763490583351	15.5423791310706	16.006972828117	16.6664556402065	16.8154571178625	15.2495970792328	16.3478840980273	15.8862544171368	15.3622917520329	16.2938057201298	16.4871540944416	15.7141761934472	16.1234040458733	17.5263422613985	15.0003478645552	15.5330735194429	16.0647130705146	16.8018342738228	16.1790712147013	16.1851414367266	16.4977477061107	15.6608526520533	15.2530991461156	15.5896786035219	14.6925341733945	15.4868778015838	16.414460305779	16.5765791712924	16.0996160383467	16.690313804158	15.7315978217591	15.6600101443467	16.1042189543849	16.33884074364	16.6974974337583	16.1099549837802	14.9886079157916
M134.0195T46.53	17.357118996855	18.1448896499187	17.4270047068106	17.2431080532877	18.3058576547797	18.6717834955318	16.9938303121776	17.3848451768978	18.3814448396714	17.7810103005336	17.3199974688123	16.7701195326947	18.1207058193101	17.7263350873016	17.3053652352183	18.1436773628329	18.1511261888105	17.266221056451	17.7351875151651	17.2544436807327	17.6907005079644	18.0692965947167	17.3075195527878	17.383857212204	16.8812278338287	17.1656321007181	17.6179950067943	17.9528443726175	17.6603757723	17.172710985005	18.1498027398134	17.4510935663652	17.6855946334611	18.0141039745922	17.9689177488745	17.5752727289548	17.876505856524	17.0876332768814	17.5247837915893	18.5602853944976	17.7769802222975	17.2289496864985
M134.0356T61.82	15.9935986792834	17.0623445202415	16.7365919318173	16.2013675371523	16.6773934722742	16.5674043209778	16.5206859457974	15.819764940812	17.2597207906046	16.7434167445543	16.5293752208766	15.6115646626413	16.8360161607645	16.7373821799197	16.9126710983099	16.6455553955297	16.6714427178882	16.5473174066388	15.1571981497072	16.0444255036525	15.5296825260369	16.3993471642193	16.3928562966783	16.6070161514777	16.2070725154458	16.2069238214754	16.7423664659777	16.5721504578812	16.4043909825468	16.1276009351979	17.2483013134388	16.6255995893909	16.3956743506003	16.5545404619762	16.5061614565259	16.5699975856924	16.0725870785556	16.3516919157015	16.466852260832	16.7288363996697	16.5516490507777	16.0373234155032
M134.0615T198.55_2	13.1682203646992	14.2604037733748	12.9564835489308	13.0238904513702	13.7851258197495	13.3418928449443	14.4165723173854	12.0284896362809	13.7899784061433	14.0911478210086	13.2936281341876	13.5997568794367	13.0515586720055	14.1230867304143	13.1074599741988	14.2700568480481	13.119998147755	12.9454795300724	13.4016816871714	13.0366092178615	13.6536622347416	14.1458838809945	14.6321197521626	14.5153503237083	13.0236480974809	13.7221690139285	12.7173441218201	13.7976569833771	13.3695191160167	12.1015993810303	13.0011890380702	13.0647106030136	13.724817429162	14.1758949396235	13.3137864245488	13.3493150048265	13.9910185778937	14.7149943266271	12.659849599125	13.5059357056049	13.106574760402	13.8821100463698
M134.0643T172.4	11.0924419371485	11.4797715376716	11.8762726505927	12.3765260630103	11.5487076388804	11.107835881579	12.6333399270607	11.2555423932755	10.8926206731873	10.7794127219527	11.6177158755303	10.8881123835554	10.493430602715	11.2855521796824	11.1251075433114	11.956165471757	11.2294552247208	11.3935342405297	11.4992822758272	11.3673237587762	11.6776517795324	11.7361352035972	11.5454205668768	9.01737900301534	11.2404469636902	13.1578134182474	11.0196302694331	11.0700769141002	12.0428927758703	11.5289999398639	13.319340645334	12.4350217251404	12.5266615532109	12.882975754967	11.8316142507474	11.4890316860856	11.6648151341339	12.182527181851	12.7067769927251	11.7389308456329	12.1270962770522	11.5035862737112
M134.0941T75.05_27	16.2415358692372	17.2465986088257	16.6813987821464	15.0656548420495	15.7495085368201	16.4934025919288	15.9315997375104	16.011311606207	16.5241002408561	15.7256711954145	15.5498409179399	15.6318093096181	16.4726541924021	15.6817463291953	16.2110262494692	15.5130319742246	16.3591263892032	16.305022733022	17.0339751498194	15.8191508350881	14.8222289501978	15.1119979023154	15.6310641265915	16.383866399877	15.4424059323526	16.11646319999	16.1856152033866	16.4238990415857	16.5309351686503	16.0817114660014	16.60343327504	16.7527501219292	16.6689270401767	14.9073612659064	15.8964645388642	15.563059079064	14.9357597064093	16.1277251756594	16.4076150906266	15.6762650213591	16.4167747428218	14.6246125529072
M134.097T159.77_2	13.7444994294306	12.4225641782012	12.2379524310543	11.1618930978841	11.5420102314031	11.4376354986818	8.27740380542648	11.718500336031	11.3918961462849	9.63194954472938	12.943718853578	12.4964958023949	12.4864292825828	10.2683432805972	12.7329822970803	11.1762187298643	9.99408286388279	12.6487553847164	10.881406653354	12.9717871254184	12.3220906287814	12.2073751800095	12.7185584850523	11.9462101653608	12.2038103459091	12.1424537116671	11.5525303808503	7.03311363904611	11.553294113014	11.0687076523239	12.0113482533475	13.5991653293424	13.0388114534155	12.9120587455358	11.5979896780499	12.6301200645091	9.79449080132131	13.3533304522899	13.6273542998419	10.2018172410486	13.8282127340058	11.7743101909302
M134.1184T75.03_29	15.9136501738282	16.6145044519427	16.348514778025	16.0174466268686	15.9295932068043	16.486820442938	16.0461226869203	15.801029675962	16.5790621239194	16.545696975264	15.2943469968419	15.1448765317866	15.855690445602	16.3712947546584	15.5293999777241	16.8139363803993	16.2772381504954	15.991369464499	16.1464446528422	15.9653360017804	15.6115888825285	16.0805212361278	15.7300689653648	15.5085929896606	16.2030551566532	16.3586248029465	16.0596837050226	16.5235251120191	16.4442878392017	15.5770008272489	16.4896849571757	16.4779819787273	16.3884327125646	15.6275779784172	16.4650783725112	15.676139417329	16.0193528734894	16.0029843005345	16.3394252218632	16.3930470170565	15.5214935798181	15.2716821345133
M134.1333T75.02_30	14.6112379487804	16.9037847829859	16.1349877520561	14.6789228057817	14.9718565731677	16.2211215656241	14.653216960899	16.0619431731245	16.0530979589374	16.4974073118653	13.3439945677791	15.3593168331188	15.8218261827558	15.2196232108117	15.9892288354011	16.7795153497939	16.3246249755817	16.0540399224987	16.6699296717707	15.1203223854006	15.6165817518069	14.535743709025	15.8634831181371	15.8563175053188	15.9013260593238	16.1176027714779	15.8995804563304	16.5550775281151	15.4630195748659	15.4823945389265	16.5752670458956	14.9427597536297	16.5970577421294	15.8665798005355	16.369885218535	15.0785322426646	15.9261651646215	16.1027828468977	15.6741947478029	16.2850600120641	15.3034743471469	12.7605196803663
M134.1582T75.12_31	15.8658225729323	17.2704722556664	15.5504664303922	16.2536145202862	15.714015446346	16.744022023107	15.5688311557606	16.3481786682523	16.3768939143433	16.6405260194896	15.2351881070378	15.2727394786828	16.2007691136709	15.8465095702476	16.1442216610175	15.9583917605982	16.7458451184125	15.8569614110788	16.2699752341436	15.6025191930698	14.7133380221409	16.1784125614166	14.9816845257311	16.3871329842873	15.1837810054583	15.6020275736978	16.1066742967489	16.1453104870561	17.0239566357615	15.8495868694511	15.5297757589359	16.3010560564245	16.6747449655566	16.2393892020588	15.1891482527614	15.1501793018214	16.1791685246163	15.7248439202416	15.9669020581147	15.7378017577128	15.6725623514202	15.2582275221883
M134.1789T75.18_32	15.6219220309435	17.2379598738867	16.2411823571227	15.4251305839742	16.3409321515327	16.7674272715179	14.8625252348698	16.2938536115763	16.3493001294166	16.5687824773967	15.6152503965306	15.1445041644465	16.1595987636765	15.7236192159504	16.2202820598041	15.057037479185	16.5944467945773	16.352383385972	16.9309870028196	15.0309791224084	14.8051585684358	16.0374701139105	15.4860259846019	15.959493644159	15.1356567571944	15.3367234583609	16.0565792507238	16.1544617252313	16.8533964249215	15.8960327886097	15.4793277135361	16.220491181406	16.637492041105	16.2365527314028	16.0623996233784	16.1244668466737	16.2405834884716	15.7554259414717	15.3268258580531	15.5897453997262	16.0292325302925	14.900445713552
M134.3092T75.04_37	16.0379177005373	15.7990527041941	16.2190013993771	15.9399671787599	15.4834722487755	16.5840639457312	15.9982707713435	15.8920568412198	16.5106763295719	15.5970748864119	14.6947062709203	15.4563210190295	14.8141737878382	15.5968869867762	16.3787997297593	16.0069821517899	15.2535848459815	16.6692697939522	16.7270971524744	16.2169754947873	14.831941167223	16.114741612011	15.418403005012	16.4560715199357	15.8877821986866	16.185057555678	15.4195883560859	15.4682081333235	16.0243788422096	15.9504848209957	16.5055632803395	15.5593653485312	15.5255944651471	15.9592886405162	15.4480333122935	15.2846738072431	15.7413440563683	16.0776504668918	16.0961471399602	15.6870778764568	14.5308353273095	14.9749457642701
M134.3692T74.92_40	15.7404708682994	16.4099487532838	16.1881460198971	15.8644446720581	14.8670930544137	15.7218188428214	16.0820955358696	15.6203201783048	16.4148847393766	16.2879412692566	14.9650964174746	15.2285069961142	16.0886083996231	15.9446151917259	16.1198317110196	16.5130595960413	16.1287183003899	15.6351252046082	16.4932412111788	15.7638278479719	15.2218359717659	15.7486909574841	15.2387604020962	15.8479183450995	15.6433491641472	15.5448167463778	15.6121769592307	16.5192023721724	15.886193589216	15.2745431135383	16.3707211977727	16.351287260145	15.8199729067167	15.6706339684183	16.6077657720367	15.5253664303328	15.982214867408	15.7663476377673	15.8543636945356	16.093230868471	15.1661580176727	14.6135755521837
M134.377T198.49_7	12.8315438153877	13.1367673455494	13.4931920938494	12.8191754063072	12.5537456609792	12.91212444044	14.2119565123452	12.4061382358932	13.6742940764953	13.2281073515081	12.5039280944186	12.5875551887154	13.748428527649	13.9319397226855	13.6811634483351	14.194599551608	12.6677301182387	12.6340499573778	13.1491742305692	12.8660638985123	13.4985928487184	13.1124125833623	13.6876581482914	12.4825596983365	13.5255751766808	13.9612579693375	12.8999659294585	13.5252438157751	12.1449607184013	12.7085828381241	12.9292317003724	12.8211231452543	13.1134115325379	13.406612019443	13.4842943608478	10.6053119338723	11.9424028007158	13.8246009751567	12.7998915982269	13.1617491972328	13.0110182507145	12.7047405796986
M134.384T75_41	15.4825321846551	16.5832443380609	16.4897690983295	16.6485649993264	17.0599962638929	16.037607507512	16.2565093482913	15.4549477312987	16.6578603600073	16.6929881040293	16.1620432308691	14.664341013566	16.6803803898184	16.5442436579732	16.2905373861279	16.2826523015872	16.913635601531	16.1220747994007	17.0091128695317	16.0181202538779	16.2409116488494	16.0396010320029	15.3642123001384	15.808205147577	16.0734882621723	16.441690405477	16.5200513700849	16.6638285191396	16.2107692993777	16.3433741851981	16.8198829419716	16.8664358452615	16.6838396464388	16.6716715304083	16.7088017018766	15.8902134138721	15.9727492201198	16.3946394494439	15.1924495189933	16.9249124974268	15.776192238894	16.0334913014011
M134.399T75.06_42	16.1375734579686	16.6987220985673	15.6878111609368	15.6985839332007	16.0527296153915	16.2596550872145	16.2768996299679	15.770392734238	16.6016609122245	15.9901398102505	14.2592095094511	15.2528454264419	16.1558243612444	15.1579182351396	16.5027723987251	16.5626590969214	15.1767072880862	16.4233877974742	15.6606413104506	14.8726787696712	15.610221970112	15.7934488110751	15.8726704396606	15.6403402730857	15.4201202470889	16.3169872974371	15.9169185887974	16.4425647711455	16.7037956423781	16.1194395327537	16.5382308268739	16.4183706193507	16.7220483017412	15.2860951967918	16.4570089950827	15.5792151013152	15.0928585181099	15.087856983744	15.6174957750325	16.2552861705344	15.8240388635769	14.7773064116178
M134.4093T75.03_43	15.5912932143222	15.2568028377315	16.2957755392195	15.7017698643757	15.7525341411878	16.1163253121876	15.7314907876882	16.1513414794319	15.8727420404293	16.35511102121	15.1300916910812	15.1596135299298	16.192088746347	16.2063737151058	16.0911161819548	15.6258477259741	16.3250128233508	15.33077643806	16.9658504071159	15.7780062882492	14.7086299385779	15.0898778682019	16.0409505397311	15.6473291627974	16.2883778628896	16.1772478099764	15.1866818851376	16.4039353223234	15.4570606622657	15.9374393390053	16.754284927695	15.7636390382897	16.1688686068785	15.7162576412097	15.8171905532259	15.3635194792269	16.3329059511002	16.1631608040878	16.2768525122782	16.5194431146397	15.7519209432522	13.7980335909729
M134.4249T75.04_44	16.1564371463785	15.6747982100226	16.4936397123251	16.2729040600744	16.2365233814819	15.9875678042524	16.2325750626474	14.5942437310747	16.0538810556253	16.2608557044493	15.7208993557705	15.4152499129127	16.2220660283945	16.3918034113937	16.5557271639806	16.6339077649018	16.4794433088932	16.3956914300781	15.6978762420284	15.8369102173043	15.7011709320975	15.3573946356314	15.4082899101095	15.6784158445905	16.0088829778531	15.624585990699	15.9937535730295	16.5087088016613	16.5760977673163	15.9015417938203	15.3446881220921	15.8635600794095	16.5015607551692	16.2322152794697	16.5738497326198	16.1869313914118	15.7561624289575	16.0806639800967	15.9886805491692	16.1986509034208	14.8808919727555	15.02414645488
M134.4285T198.39_9	13.7070348905913	13.1475181266118	13.1140363159561	12.4525309548111	12.9018603478528	12.2769638181269	14.1105248379087	13.3499099177553	13.63602746614	13.2913939599277	12.0780100384118	12.5710654157038	12.423652077011	13.642721161965	13.5817252101959	13.1126397189384	12.9273058908747	11.3538024539429	13.5152613006965	13.2164237872619	12.0059274620915	12.3384027232543	13.953946233015	13.4031067552183	13.3553385197095	13.7429013050324	12.553211709208	13.383855333507	13.2710735263035	10.913817120805	11.9688358656293	13.5466988671969	13.3692797043578	13.3607793884878	13.3309250329369	12.0884654018226	13.0901891382675	13.5056961444862	13.71157368982	13.8714736731957	13.0957225516335	12.4400093370468
M134.4821T75.06_45	14.7088081632651	16.7006510847579	15.8504485644737	15.8495967567196	16.064368188232	16.0695714925293	16.1201239187424	15.9046905516845	16.1074014768991	16.1929134039758	15.1777649781513	16.2143653187126	15.702863473806	16.0375185259018	14.9442731436617	15.5214795772431	15.6720307126389	15.9062524132668	16.9792843924918	15.6196055605468	14.3257714046088	16.0558225679739	15.7835280888033	15.8342785338545	15.8615750903405	16.0984947834246	15.658393800136	15.3327160103327	16.4006437744508	15.5522445692256	16.4426283495151	16.1535757107893	16.1251308439006	16.0252148284152	16.2541491797477	15.5096056534763	15.8674949256049	15.4646427055315	15.203560827817	15.1674496578103	15.5803503711396	14.5085781505122
M134.4993T198.46_10	13.5029704929833	13.5120325295761	12.6567527069637	13.3264162254439	13.1637275425015	12.2624760632672	12.0496889517488	12.5504869727756	13.5148126854032	13.0454606185827	13.3574152027922	13.3166634982502	13.3785120326897	12.8773561177196	12.8620065877134	14.2540676082839	12.994405000363	12.0489679594674	12.8199705245824	13.6729756687086	12.7398267361725	13.3972938067575	14.1639148316631	13.4587123355841	13.2269043805528	13.7382776411862	12.6885148985394	13.3327394377391	13.5810104268683	11.4767467410983	13.2838786446732	13.5193600670465	13.5293338081522	13.4436155142537	13.013033047828	12.8161485621573	13.5358929874143	13.600624638414	13.4838408007063	13.7229292444871	13.4686271295345	12.4508580115021
M134.5175T198.57_1	13.1377355715048	13.1427170381568	13.1983566194714	11.8950079916752	12.3414984874748	13.2355764742462	12.510655997215	12.9868190469554	13.2805964512423	13.1970090794894	12.7482401446519	13.249782997902	13.1322806360556	13.735145569292	11.981780167183	13.7725142195183	13.3939878520927	12.9244717578716	14.3502253395119	13.0353054110872	11.7163212940698	12.5437738109786	13.4449378397136	11.7755133723188	13.1500920576863	13.2553643932004	11.9052934454851	13.2798455232658	13.3035517214615	12.3329421572749	10.8307299426254	13.1699865623881	13.4419128286634	14.1238546696895	12.281646000135	12.5697135442909	14.1756236221672	12.9461186543019	11.8682684134331	13.3762625866102	13.4410920599358	13.3868150065895
M134.5436T75.06_3	15.1128733881018	16.2182453138128	16.3615720066765	16.1264354790509	15.8430412000122	16.3420708882488	15.2221693902592	15.3949692651357	15.7034438965326	15.5354764947137	15.0626487816418	15.0359047529499	16.3352095620484	15.850283435051	16.3478986574252	15.1044185713821	16.4933367636158	15.5304421841285	16.6689051739068	15.9911047824266	15.7156463948614	15.7669531396005	14.7122466830722	16.036809997531	14.9094442235455	15.9443123952649	15.9931180046458	16.3192864517484	16.6656344104361	15.8018183191419	16.5492926492723	15.5792033276103	15.9612460780099	15.9636753503964	16.0665665572848	15.9338564090755	15.2079992462511	14.7077604039792	15.7188111110511	14.1620739752146	15.2969024231041	14.7554656607934
M134.5488T198.5_2	10.743962114321	12.0789937857769	13.184820152109	13.4012238716482	13.8071319396624	12.9623290895508	13.9127594436879	13.4158367898893	13.5497678115957	11.977950832844	13.2005091475012	13.5029207974046	13.492610387751	13.9303491755264	11.9102840705319	14.53789356982	13.1886206831597	13.0263689953281	13.2701957318829	13.2229878636756	12.9552488432322	13.1135375024209	14.2096404178364	13.5144846432027	11.6082940294077	13.2904733195082	10.008856469494	13.2955786389945	11.5495361072627	12.2002654705298	13.1105881055401	13.093633997903	13.3780618887877	11.3484333390284	13.6527089511573	12.6661542031583	13.4890309192459	13.0081611280803	13.2730076966764	13.9211062394141	13.3085988478479	13.2412840501334
M134.569T75.16_4	15.9418252661023	16.7233966461392	14.8631289904468	15.6466566529349	15.4200805134639	16.0739816347809	15.8162957643303	14.6638765858151	16.3621466073147	16.4675837652258	15.1798715403781	15.2639271200315	15.3579364439395	16.003044522807	15.2117758834707	16.0862240526657	16.0890792991966	15.8124227340576	16.9212233952923	15.160051732051	14.1296133256392	15.8028157572993	15.250551281758	15.837545753609	16.2283632228371	16.286224687582	15.6728842557853	16.5293089983981	16.2040528950956	15.737111767425	16.5691680872818	16.2937360027558	15.5721373545263	15.4573540719837	16.4869368424505	13.8814318631696	15.2973865644616	15.410117613402	15.0266582983373	14.9618066596231	13.9936827180939	13.1985301361509
M134.6231T198.5_3	13.4785754053262	12.9482083959731	13.3642208574117	12.3251530674631	13.8294649253434	13.3427187440141	13.843293668853	13.3863435801076	13.1916145927411	12.5108554697079	13.2609506294037	12.919637369791	13.0542121977185	13.8116131326535	13.4249742145174	14.2971118221738	13.4159082042233	13.315186269219	13.4691117208508	13.5847402684457	13.369900259006	13.5340159508416	13.7043634742975	13.3793981459829	13.5812064027851	12.994002176309	13.1263013624537	13.3693088593262	12.4230600502582	12.601330603762	13.3023007634679	13.1220585666424	12.7601347533741	12.9988618088148	13.7448937167839	13.0272076450297	13.711057633861	12.6481232761845	13.4456518123396	13.7158652219463	13.3318310988388	13.6132928517309
M134.699T75.12_7	16.0258295764238	16.6958473361347	16.2317674773607	15.5192026954197	15.5202825584829	15.9176712634041	17.1097055738501	14.8484320993701	15.0362899977741	15.9731926697299	15.2856935173251	13.3695615258778	14.9833201735023	16.5113601019067	16.0563535650841	16.2503349648084	16.0578789836034	15.8704512422073	16.3766873703256	13.9146035753991	15.3432801313998	15.7459674441353	16.805282189898	14.538262633387	16.1992057145484	16.6903353476657	14.5506926660467	16.5663802464042	15.0362447501065	15.8815465758608	16.8467488538234	15.0818914072561	16.3247069110949	13.369572657333	16.8507913090435	15.4227469073539	15.1612938000918	16.4089368128059	16.2563591823805	15.1630578072651	15.299174591221	14.7536890895974
M134.7782T198.5_5	13.3994810347012	13.3657315532126	12.9329653709537	12.972404187979	13.401281889425	13.1304356150474	13.8190579614996	13.4683997970125	13.4599561937516	13.7888115176941	13.3056539356721	13.2508853699595	12.8023985987366	13.6609896764077	13.5514678027749	13.9682943654807	13.4378691751247	13.1216659149826	13.6786072586437	13.6119257857919	13.1131792919346	13.6032868275167	13.5541337725999	13.8613766236873	13.4691281136311	13.4803109739777	12.9245447549329	13.3940762788537	13.2990448127593	12.8353258202141	12.8151963276586	13.3509640955763	12.8514902528896	13.5134622781623	13.5049933838307	12.6846519069531	13.9389201793975	12.9223167481931	13.3600056081654	13.1476955168742	13.6561569115494	13.4626441770941
M134.7939T75.13_10	15.8550089950425	15.650960754486	14.7959142457249	14.8599010107161	15.3025329615667	15.2456637401427	16.2481902449325	14.6506467082997	16.1503681334066	16.0292024334036	15.2698091863309	15.6024641508433	15.6523409354752	15.5123631092704	16.0773051841796	16.6756338879472	16.3405059330468	15.9538019723634	16.7583464108767	15.7767976096087	14.1350420340365	15.5823549237713	15.0156292970311	15.8057448005513	15.9968178318399	16.2479427837573	14.9006166222413	16.2809243937293	15.4915895540661	15.6421472712651	15.8676562133069	15.7660488120509	16.4359988052535	15.6829839185482	16.4578496596946	15.044178927518	15.6814012342779	16.121938351619	15.021814876665	15.2409475960304	15.5401158339843	14.163044441607
M134.8342T75.05_11	16.130957061295	16.817990913164	16.4743463580958	15.7948397030147	14.8250443034629	16.2095385097641	16.0392710257158	15.8511161977467	16.5525427379972	14.9465810838588	15.0850203544328	15.4860726158457	16.2510426780588	15.5197045984705	16.3501276131543	15.3365595775988	16.2740232834821	15.4657967671428	15.9410880918587	15.8753838608315	15.0517999251033	15.1670063256917	15.2448774570674	15.7192578942791	16.1810408904727	16.3648618383999	15.118550281566	15.820853716401	16.4785583558526	15.9565477387709	16.4978588238263	16.5326399679069	16.4446486633777	15.581421738547	16.4276935237331	15.9480226338213	15.0132337351764	16.2022435967709	15.4474553342345	15.9068823096828	15.5034891058367	14.6088872371995
M134.8535T75_12	15.8765674522927	16.7581895029713	16.192528439698	15.6038556033957	15.7380514899389	15.0460064312386	16.295199861098	15.5933672398414	16.5003074874731	15.5031131077621	14.2702281849628	15.4345870948441	16.1807475111566	15.9986983153738	16.2329096026909	16.8285263621295	16.0876270022681	15.2598501698878	16.6322254434846	15.6323772525995	15.2296879161093	15.2955297706729	15.9236163205325	15.74267229284	15.1744540592437	16.135451719625	15.9283338223529	15.9569643181278	16.4353116344537	15.7611249300715	16.665048065275	16.1423655251765	16.4564188816909	15.7085388796568	16.6398712732899	15.867839549655	15.394420004617	16.1739942305542	16.0685867811168	16.1263792270378	14.5867718389445	14.2049745144251
M134.9537T198.49_2	13.9094565873115	13.6294393831747	14.2676862319287	13.7092397186655	13.2275765197688	13.6874058856757	13.3048249054941	13.616213204131	13.6577129476102	13.4014433818197	13.8521724244838	13.182652991467	12.9741241024641	12.6369766801053	14.1602987306168	12.3497351865505	12.9712612019277	13.7271241008822	13.4278888334396	13.8317097362642	13.6293043143891	12.92790200237	13.2988182787097	13.7753076687925	13.6336861316113	13.3699557699542	13.8320918371842	13.5511058373896	13.9523785060203	13.3824015744932	13.140145608328	13.84700357297	14.0819970242425	13.7461797398566	13.0719781341654	12.4486157244665	13.5605732676281	13.6078699823042	14.0101911466357	13.4279847735253	12.9662688856138	13.0080453832221
M134.9872T198.49_3	13.7514241618196	13.0718455355704	13.7456080107768	12.4843346200438	13.7637637273841	13.7336351534784	14.2848553832986	13.8963187055128	13.3816699506205	13.4827616711445	14.1380408299001	13.8724042341509	13.5464478673207	13.5161780491147	14.4147827016878	13.4523750192297	13.5146013634285	13.5962742613974	13.6694711622108	13.6310331787902	13.303293463376	13.8225781696041	12.7671114056242	13.8960705218517	13.2748713275609	13.6629230400518	12.7842736299471	13.424390944067	13.8686064494215	13.0639133259241	13.7645923823726	14.0276094568895	14.1841655633244	12.7289821476993	13.4133519971307	13.3348703115534	13.1815487337914	13.6351700514168	13.9225221474513	14.1303826436617	13.9438578905	13.9916722029468
M135.0029T198.43_4	13.8098230979474	12.6750847859075	13.8160785133341	13.3045678515616	13.2138120208832	12.7912501597253	13.9715885912296	13.8346517205975	12.6802293726587	13.0901035919286	13.3074903778766	13.7305585747251	13.5293261063195	13.8253079059248	13.7594922049706	14.1379231202629	13.1611069335017	13.1647216371547	13.9272446625286	13.3144465365039	12.6068414811283	12.2545647864747	13.2169304440073	13.4701714754526	13.103749519137	13.9505060693757	11.8207261941601	12.0517989624991	13.3155278010533	12.9867765390069	13.2910281738009	13.4342017388533	13.7583533544243	13.6962237237012	12.9605158071566	12.6461740481257	13.1622394571271	13.6582753153639	13.5358976412391	13.5685441451951	13.5779376316604	12.9733797989492
M135.0281T61.55	15.7655250152546	16.7463546288378	16.3104871104373	16.3598790940786	16.0349610222473	16.1571416717638	15.4606613772964	15.5080723841805	16.2221458170613	16.6261905445879	16.3042822532808	14.383210568923	16.2603317730141	16.4859020296883	16.1790560601118	16.3418921882252	16.4993377062523	15.8981138105529	15.9213248576829	15.8213591523925	15.1716358680677	16.1185108733793	15.8820540198036	15.7824804139354	15.8490528261238	15.8531422937057	16.3547653174736	16.0332351709247	16.362714149123	15.9748479327258	16.4646157778949	16.1957987374205	16.087259052636	16.3363612982626	15.8805413047963	16.3221138183117	15.6576563419903	16.1292530322089	16.1449546919906	16.4356384521386	15.9463885451277	15.8135233581126
M135.0293T198.43_5	13.2853899772742	12.3254561581545	13.5972876542598	13.6769791307054	14.1314467322163	13.458014838912	12.3439144381666	13.2236888227113	13.4625247624802	14.5424718017961	13.5940171612524	14.5275254360833	12.6134360591261	14.2579344631733	12.8446008105511	13.3199490761009	13.4695770051844	13.3569235317206	14.2204710298099	13.060256472685	13.4216265520458	12.6979495816438	13.8769498718717	13.8217401342365	13.0792773363492	13.450877139421	12.9276060312809	13.6798867851537	13.4911089818679	11.9044231706822	13.2479495067389	12.9293146275191	12.7232300995392	14.0041534449386	13.7181161240308	12.6648510638965	13.6162645857222	13.4862124161602	13.2382674716561	13.7098565101512	13.629863938353	13.4868606971544
M135.0431T198.56_6	14.1134714341736	13.6458722208774	14.6876808927095	13.7775266216301	14.1961115693252	13.900287306178	13.6970165863316	14.1449547694133	13.47023335817	14.2142557354777	14.2814905904823	13.0357517329714	13.6086055060771	13.1114992523886	14.1061752793143	13.266029424206	13.9479980616073	13.6088561384463	13.8705529542063	15.1430906131234	13.7627606188047	14.4584773006804	13.1563827073104	13.8051404116256	14.0564579670121	13.9461451947475	13.9592517958764	13.9776522970813	14.1327125377745	13.5873762574648	13.1717367100898	14.8198879952315	14.5792334137495	14.6420196465732	12.4934650105958	13.6986255639495	14.1375976688456	13.8600572397158	13.925319495473	11.911641745775	13.9862316370811	14.1172280980504
M135.0664T74.94_15	16.1574430126276	16.4828467102744	12.0657180570726	15.4255369207147	15.3908474879844	15.9254442334869	16.325276338073	15.8818679882389	16.7124257565763	14.7094439234506	13.6053024434192	15.6054083266944	14.3252711213452	16.3888719461125	16.0426393478369	13.4752505525993	15.073557643024	14.7517401209848	16.4935182615399	14.7639873130621	15.3101771825241	15.7072800589572	15.4824694993585	15.5396795121926	14.3442713688352	16.6559314235038	15.4475581599125	16.4784059709497	14.7021036627846	15.7600004790296	16.900827841458	16.4699638745558	15.9756146732472	15.3733879598928	16.6479199909508	15.6324193942004	15.9597508360913	16.104337693757	14.2270207501986	16.2038528059599	15.0892955644437	13.4773391456358
M135.0847T74.93_16	15.9948997132206	16.2206395352005	16.3065552295803	15.3276790179762	14.4399695443005	15.6687935194185	16.128330666981	15.9807684746591	16.4068009430767	16.3122421563324	14.9807323946359	15.3008842175571	15.3993749590934	16.3060004440148	16.2420906610375	15.9425116565853	16.0123479670621	15.0425691850748	16.6128135579854	16.0292627948856	15.5551269240604	14.8198759692716	15.7500161329549	15.6988726351581	16.0260108382414	16.3022659747305	14.5979935058306	16.1944284838111	15.6509377242928	15.9702259892527	15.5503763285912	16.2102936052303	16.3006572400176	15.5143727221736	16.6554310745605	15.4955856843716	15.4610356849027	16.1552333818268	16.3975631207709	16.4059823748645	14.5973943795742	13.7933526408919
M135.1024T199.04_9	14.1293588148017	13.8495181267114	14.6360054681107	13.6751634154309	14.1583736754316	14.2811153085535	14.2357999930337	13.0699131561505	13.5973168362009	13.6536548578758	14.1726626932505	13.9752965610199	14.1597089573944	14.7920038102203	14.949032934879	15.1721331784604	13.9134760628918	11.222652867921	13.7674678005266	14.5642975541131	14.0812933289407	14.5744619795784	15.1097875285297	13.6310047218978	14.1281963401927	14.4903528986735	14.2586898493186	14.9465974943864	14.2406399728217	13.8014997711549	13.8405535566613	13.8988333094595	14.1825878386296	14.2035122165375	14.0634297871939	13.4871049627824	13.9175301918346	13.6252349791343	13.47161578275	14.9339005069655	13.8036202681173	13.7279947339925
M135.1178T198.54_10	14.3683208225969	14.883926874203	14.4023796669937	14.1036424313333	14.5719841787643	14.0705881140688	13.4549420087622	14.6518400893247	14.7759369519136	14.5195362802411	13.9515600602417	14.3094288530746	13.8501388522726	14.5930103594692	14.1354310326282	14.2481318459774	14.2139996016335	14.0710318886628	14.2056944730087	14.3328382758298	14.1270860427642	14.5484074742586	14.3706523165102	14.2991626272491	14.5138016825499	14.2835331928597	12.9232708580568	14.3839711485767	14.3476160444636	13.4480652661957	13.6189637135248	14.2957217301401	14.556591144264	13.3421331985999	14.1580539776882	13.2622462381968	14.9270552772174	14.1284585868728	14.7899785022805	13.1930317836985	13.0648598037545	14.1306726651096
M135.1297T75.01_18	14.7370429989747	16.7575586983645	16.132719480936	15.7229103095385	15.4224943990778	15.3187393644097	15.9445739006716	16.0924537259388	15.3927352219516	16.0800578269355	13.9084684574093	14.8473338212772	16.0370939521518	15.0462550472499	15.1238133053481	16.1319492217008	15.224731504143	15.155894953308	16.7193580873294	14.9780763364369	14.5755307545443	14.2373445232221	15.3640200714116	15.9951929965717	14.7104499556981	16.000515094564	15.5425406831202	15.0180643578521	15.1752092900802	15.6553676757927	15.4610346657914	16.1782932970684	16.4457071777978	15.479445060032	15.270039734641	15.6091719875803	14.4384774439188	15.1369869586967	15.9602937137847	16.0832179491686	14.9020617806613	14.0681623879694
M135.1336T198.41_6	13.6105981303022	13.4597340971594	13.2674472203104	13.5546093899794	13.592287106338	13.2053226443641	14.0353511274106	13.6482968779057	13.8629813830355	13.6478196573451	13.6426074147101	13.6568903310613	12.8364727355868	14.0793551862984	13.7414985405631	14.0640002156688	13.2905959345647	12.1014506653095	13.6122529880108	13.5853089241577	13.3238971824642	13.5079346722194	14.114025439963	13.7127368402318	13.611390351522	13.9066588351307	13.1394232089191	12.7661480047199	13.2702932869957	12.9473742014291	12.9633401790226	13.7011623758314	13.8097245092074	13.8229417246929	13.7901070276282	12.6239019776904	13.8747269504775	12.800719747869	13.7258000866421	13.0394448928312	13.6121992905798	12.2044024325666
M135.169T198.49_8	13.0908121433712	13.9354745842498	13.5846780674032	12.8164503355656	14.3936600761756	13.6466522975948	12.6850468576616	13.5650165619116	13.0351645739753	14.6373982518048	13.4692880196526	14.5405588443452	13.0990679362064	13.495268673697	13.4249837053612	13.2320965390881	12.5244375112191	12.2300421149975	14.3761256369956	13.4944714988547	11.6228943999837	14.1039046031735	13.5824095186431	13.9648563859974	13.2154585631941	13.283850010762	13.1079561929425	12.2253320917688	13.8228548995736	11.7590839950622	12.8002008703352	11.5873987761851	13.6635407709407	12.5791582906659	13.3118774434056	11.7139184811431	14.4380415170852	12.446963169758	13.3399306557069	13.1006206607587	14.2169969514118	13.9354237840288
M135.2086T198.63_11	13.5578946924529	14.0064306489232	13.7479730254262	13.0853186717135	14.0720590647858	13.2690720851114	13.7355401644123	13.2078122601476	13.5853142082794	13.3586406407655	13.4221302851216	13.4772354983034	12.8870316213674	13.5760484043833	12.295237328098	12.4659643676867	13.7697238860408	13.3778476701106	13.3046137598731	13.6061376024485	12.7956383611289	13.8623755532783	13.5097991769606	14.1232798946024	13.6805402120071	11.5679105542401	13.3864722647723	12.6039775810781	13.3749716273667	13.0438380394063	12.9258373086987	13.5615767160349	14.0851085814513	13.9152655672847	13.5192517418078	13.5664510351667	14.0658013674823	13.3824318538246	12.6658569111328	13.3999298924428	13.8784810434402	13.5730095502562
M135.219T75.05_21	14.7918690769215	15.7467494437655	15.1361592753582	15.6840556133488	14.7084249032101	15.958211479508	16.1130212219919	16.0989326520455	16.2089645510511	16.1178027422923	14.2069436131062	15.3514169666163	15.1332302927642	14.8815048240213	15.2364594045843	16.5508923249903	15.6390621163155	16.0836229094277	16.8784374888612	15.3135284650093	14.1955615302401	15.0545713488887	15.5573089113347	15.9098792919835	15.1620217911515	16.1150576041947	14.4540253523117	15.9840959228419	16.1413846179375	15.5508540863237	15.8432957881663	16.0111928905355	16.2576292782173	15.2127582019766	16.3352839685205	15.0770920645667	15.7202118708644	16.0397702482713	15.8573163198675	15.9912193502617	14.9440549077286	13.6181134506259
M135.223T198.46_9	12.6189771467432	13.6084312608517	13.8951225921809	13.7449363576893	12.5817284173069	13.5891619402309	13.695864557258	13.8256509484867	13.7571397459524	13.6895067966534	13.5800294103585	13.7715844988586	12.5385251143244	13.4615883984774	14.0579656086883	12.6668323442443	13.4966730660442	13.4484991015247	13.8881966933261	13.7612822023237	12.7982600290062	13.6045644628355	13.2928888699878	13.9577198802248	13.571540435487	13.6295239506155	12.8613303189551	13.7207058987309	13.8971473660219	12.9749784423998	13.4150834860395	13.1205128209979	13.7217204332402	13.7951450276068	13.3379329009124	13.2214482747516	13.9982346143787	13.3914105205259	13.8251929589541	12.6749785336226	13.5662847530969	13.6332082054343
M135.2942T75.11_22	14.3242747741244	16.1812437562855	16.0991580807348	16.2352805471194	15.8847788808527	16.6266287463463	15.5862729751741	16.3684151893806	16.0534504770616	16.0972740352854	13.948684467737	14.7636399944372	15.8818660954626	14.5000063479974	15.6621657924526	15.4818116603522	15.7679104366021	16.648327709948	16.8901349242271	16.1219441152524	13.7044645810681	16.0175635703617	13.9880557999795	16.312912003198	14.1583508584744	15.6298187289134	14.969459771174	15.8676423676754	17.2745178358461	15.5861578404009	16.0484762503488	16.1438064925624	16.7898628242237	16.057278974405	15.8285395901246	15.3790718899617	14.9738453574175	15.6230914446532	15.7963850296545	15.5300181453011	16.1554548338141	13.7599197015144
M135.2974T198.42_11	13.1564518492398	13.1420099903631	13.692447600336	13.2710218082879	13.8202406872949	13.450826326314	14.0725866815951	13.6463648899395	13.1413008269828	13.3254053016169	12.5895977593276	13.4096525878241	13.1025446322438	13.259063064306	13.7895969694027	14.0865101955006	13.2975119608638	11.8806715793472	12.6460615541248	13.3468486786882	13.6778894997361	13.6374875621022	13.7243702781339	13.161756001015	13.9408359529466	12.759257275847	13.314144149191	13.9090455154949	13.5229362479887	12.089034084536	13.3642096665726	13.5399392312378	13.8218032878833	12.5789044397471	13.8126010601483	13.1835452163669	13.7808573268712	12.3259130294082	13.9878933588045	13.621446501619	13.5842437067362	13.3063373714246
M135.3427T75.13_24	14.7702044527546	16.742177624721	15.232516535939	15.8639152823866	14.846626701716	15.9239579645431	14.7188961393775	15.9498794613026	14.4448784472426	15.5703683184839	15.0577480254253	14.6485740911466	16.0179894953687	15.5812552840392	16.048370914567	14.5942446807106	15.3037785350609	16.0825508093006	16.5832179813003	15.2735783258367	14.2892285687657	14.8560550320718	14.6354654023854	15.0780773551554	14.8687924914604	15.915076499968	15.0961761124146	15.3984383636517	16.6649729674381	15.7066315481464	16.2840760197325	15.491344506773	15.7069140773455	15.605765991966	14.8109189303422	15.8721564377947	15.2481766043211	15.7921873168903	15.8415471455576	15.6123960020479	15.1275690322198	13.6685153426356
M135.3433T198.49_12	14.087644975486	13.7695362974505	13.3208206668085	12.7560547711923	13.8103374455124	13.4866974311912	13.8547645201481	14.0482886314262	14.0735171289514	13.3371139297042	13.3339836668787	13.3517685705535	13.8467627282221	14.0353789103015	13.642080428957	13.3906416847534	12.7938063565485	12.9263773042687	12.3704534898617	13.8373700159117	13.7694526767542	12.8024642349396	13.685810887687	13.8403505467691	14.0386886011147	13.9589859529333	13.5721078653165	13.4341744504948	13.9477843062134	13.5284408451263	13.6420574486194	14.1319233001945	14.2409496549884	12.9702486503851	13.8417051682338	13.3176922149884	13.7306432348988	13.5594717663199	14.1299133741786	12.6308852419887	13.6675626978005	12.8995947031053
M135.4294T75.21_25	14.9431522315918	15.3518486782815	15.982545404327	15.4131898325929	15.2135461102303	14.6847049277472	16.8102626935372	15.5681761104159	15.282947773809	15.6965071571968	14.7581842336632	15.1411153977045	15.7680121437297	16.5579444040679	16.1906078741153	16.8527524895506	15.7690455339615	15.7032746441309	16.1990230525563	14.6667710360988	13.9200960880686	15.0771158807428	16.1912690226309	15.3272638225526	16.0366667549886	16.4510740686708	13.6443567601671	16.4457888483094	16.2727123715372	15.5728100458085	16.7450934225171	15.917628132671	16.2229829500306	15.4118697252409	16.421362022473	13.9310453456118	14.5556154817535	14.810134273336	15.7172667325416	15.9659326650671	14.8322093130388	13.0506431331238
M135.469T198.33_13	12.9582806002997	13.3977510590193	12.8668253321174	13.6082149387838	13.8439010023164	13.3850090329193	14.1184979294156	13.5256943590785	12.8651726443216	13.9262351442849	13.2045185977848	13.9436666717737	13.8500861844559	12.9786218941016	13.1739818298938	14.003944033317	13.3911987872317	12.0289905495777	13.1561786773408	13.4399562138733	13.6876471709873	13.5705942345728	13.7926356728529	11.7815240816963	13.5447286220085	13.6312164801278	13.0516698301053	12.0575639185699	12.5578128705794	12.989539142969	10.7356232442304	13.8395057183413	13.7255478933131	13.6127323328763	13.9055752243993	12.88328480587	12.6683025748772	13.7675774433323	14.0322968472508	13.8694874677304	13.3968070906764	13.461767382231
M135.495T198.6_14	13.6863266740698	12.6392654449542	13.6751572925747	13.0990013006089	13.9756378582642	13.6372669991378	13.1904482427315	13.5765153022023	13.6766773994039	14.120281678943	13.5513850735337	14.2288308814193	13.5009548467363	13.6709549230032	12.1543178942749	12.8953934002607	12.9150969311505	13.1752489179153	13.3261135027888	12.4866106991927	13.5928779514169	13.8574310297602	13.8384083349389	13.9531961042209	13.3937700398547	13.5865678976325	13.1269295651763	13.6346436643535	12.4219750013106	12.8507106829491	12.5021875350028	13.47405668168	12.6790891432136	14.121202258328	13.8433256752432	13.0024686377705	13.5936352384591	12.9855082396823	13.4524837263706	13.6668858183664	13.7215241706647	13.7320653056806
M135.5539T75.06_3	15.3593615055267	16.9091158649757	16.0320031921878	14.9814909368576	13.9848153521946	16.1102534932804	15.6207584733814	15.8438269925415	14.9252116414558	15.0915976277239	14.2403514977187	15.4087184656046	15.8028636725688	15.6745751320246	15.8738766189982	15.4614684750167	15.1972579183237	15.954175039261	16.691831572989	14.9567319719125	14.7174640719108	15.0428447942721	14.450403483887	15.7755399309178	14.5816151266319	15.7445198344232	15.696944439563	15.817229076351	16.641435388272	14.7311899019897	16.2793087886838	15.9400469868033	16.5991262782229	15.8644577422673	15.9132104271801	15.2557429604338	14.8514530043016	15.3881625063858	15.6916103449734	14.3493866057462	15.7424319906287	14.3116524997844
M135.5583T198.6_1	12.9324157663873	13.7786625009159	13.871928174137	12.39391954706	12.781429195506	13.4442037167183	13.2715239630744	13.6942733259106	13.7453140764979	14.0190461619425	13.5144613261867	13.0843435699902	13.731815053986	13.9899235478634	14.023768029316	13.2777417251698	13.598477465465	13.2638071257679	12.8749464697918	10.9959523910191	12.2493263841734	13.6743564165423	14.0257266069418	13.6860676845382	13.8729356114939	13.8632309731031	13.3721416484088	13.5792626933319	13.7250331541613	13.2578614535801	13.3278541548019	13.7768126492172	13.8472694917967	13.2037739730029	13.8756279920351	13.0475418706748	14.1289006629646	12.2378711066894	13.961401464102	13.5440935809681	13.6432904818605	13.680981761886
M135.61T198.43_2	13.7688352507619	13.845978964002	13.3146652992943	13.3973776002832	12.9434264605713	12.0812660917146	14.1211458780235	13.7300527155542	13.6664236572788	13.7861063662151	13.62961357569	13.7844615355886	13.3403834296227	14.0258729791506	13.5780462230074	14.2936932041898	13.4414943803123	13.2531075184804	13.2884748103904	13.5428676094903	13.03553214507	13.6534607224373	14.2090629106837	13.9815362743211	13.7602898609006	13.8890528832601	13.5491810665166	13.3472152471453	12.9181861093717	13.1850758148236	12.5002361482713	13.2937992507007	13.7764454409073	13.8002437049579	13.4191371436846	13.1720883891508	13.9381419647481	13.5970963758481	13.8025010209395	13.9153315178072	13.716312808659	13.5517418459161
M135.6793T198.56_2	13.4731577833738	13.55947962213	12.4696232052221	13.7117443876682	14.1735151461054	12.3359859421618	14.0513078065024	13.6368269359268	13.7325596111217	14.9819769411436	13.164770687305	14.7902925432162	11.9989021168339	13.8887297745251	13.6740235844219	13.908753498376	13.5771614990908	13.2139976802319	14.5445666197453	13.4604156184024	12.5504878845991	14.225100226256	12.8482330564969	13.9523371009124	13.7548671456097	13.7845541107195	13.1609771689613	11.7551455017898	12.0856907193894	12.8059550110651	13.4185885580578	13.6063227723771	11.4478622608291	14.0433820042457	13.7558964829098	12.0389514324599	13.1198366344262	13.6634193293735	13.5681806809436	13.871905706368	11.7721781281432	12.4366698758716
M135.7093T198.46_3	13.5470585416162	13.6906777600872	13.7245515307339	12.6330688319917	13.970335722803	13.4218439814269	13.1503467214025	13.4515710881094	13.684680773774	14.2511153080003	13.474880692628	14.334592614836	13.5633414496127	12.9148260279512	13.793230682962	13.3454421923279	13.7216037813518	13.4183552278931	13.2852765604313	13.7260142088325	13.3388409365648	14.0846530213727	13.1069506265359	13.8727012021622	13.5541489242551	13.72609900532	12.8162760740895	12.5612349168186	13.7821591444509	12.8028251296719	12.5603100381021	13.4972654529414	13.9693241653962	14.0004429443415	13.8982904572245	11.7192176722746	14.3954352629892	12.7138622134858	13.6212708507351	13.5883522366176	13.7993760561122	13.6909723536153
M135.7582T198.62_5	13.9082235566832	11.9306073190702	11.9207640333166	13.7731377128899	12.9499948429043	13.692648471384	13.5883184236332	13.5283415590256	13.7198729746065	14.4509078958369	13.5551893035108	14.3451897754038	13.9875181919569	13.7354035903455	14.0614454485589	13.4986231199087	13.6659139377789	11.7018046819797	14.3027810448338	13.701183662924	12.2404855279481	14.0203169154644	13.5348412540393	14.1081518103888	13.922603897058	13.6933162436972	13.1246013839149	13.6702094874323	13.7127723394673	11.2860561672715	13.4721471726607	11.3851475355154	13.9227568836504	13.225604540546	13.8247629057625	12.3554211152383	13.1743927449895	12.8079579940673	13.7855479044556	13.3124536623748	13.7689022117914	13.7223404951546
M135.886T653.08	13.9289415044637	14.0468792012338	13.6096513801934	13.6788624826963	13.8130332110454	13.9843401582759	13.5879626695599	14.5624118488282	14.2009580661806	14.4670355583982	14.1586553968763	14.4047901026642	14.3134576642918	13.4829421862535	12.7576641965082	13.4517406607352	13.7821869337736	13.918165573754	14.3836596959848	14.7629210367443	14.5782796065944	14.5564587450272	14.6436076192693	13.6440666535042	13.8361306562451	15.2962225300793	14.4545046403884	14.7655379586441	14.8837631361407	12.4492345849	13.657184205601	14.2667404279377	14.1903215539282	14.3774661029588	13.7123508695137	14.5258254738221	13.0446381753136	14.7977404614005	14.2556784150977	14.4000334210575	14.3910257014477	14.4176900719133
M135.9093T198.46_5	12.9321593434798	13.8110562704105	13.7338676572071	13.7327773002604	14.0213045160811	13.5936719093691	14.4199258989813	12.7532464262836	13.8204093737872	12.2273214937616	13.6678356800055	13.9020317518476	13.6777453120854	14.3087777490035	12.7202726313428	14.6543623768301	13.0510797377511	13.4932540306263	12.7205624934505	13.0740595478121	13.5726168428771	13.6594340664605	14.4563884126152	14.0713473706914	13.8956595663828	14.0267293992674	13.3758008940891	12.798315516446	13.8623831335829	13.001299804984	12.8871971686809	13.7665210220555	14.0425671030518	12.8769487623915	14.0734526787878	11.7224126698749	13.8332254704506	13.8490934909158	12.3741581193272	13.8785240547717	13.8726853459729	13.642911935403
M135.9245T198.53_8	13.7938063655105	13.8197102039966	13.854982480204	13.7693769121148	14.2099899415294	13.4338259216689	14.2425132976822	12.6033805544247	13.6263005392294	14.3642135033639	13.6643784367175	14.1419888510751	12.3975397679216	13.9687025867731	13.7438450561287	14.4258819377682	12.9837551700659	13.2063435623144	14.2550617290904	13.8020698584628	12.6172083900888	14.1969801200056	14.1259756870985	13.8129470892817	13.7059488800902	13.6875609117998	13.256954980782	13.7805642867158	13.8306537086943	13.1195671823749	13.4720832386445	12.3508005381084	13.676797029729	14.0280852884003	13.9132973106904	12.6000869481475	13.6046773111799	13.6476934626437	13.744846393756	13.9224012062858	12.9782998802677	13.4249766097375
M135.9642T198.49_6	13.0402261475684	13.2360594165379	14.1065526572542	13.6946167977684	13.7531485899354	12.5436900614947	14.0622646205981	14.0004784238104	14.1788885200072	13.8547001649055	12.5491178220455	13.9440198246031	13.9298250648934	12.6143181463888	13.6010922329746	13.9525222034482	13.3421851807021	13.4984237958641	14.091087469381	13.7792944887063	13.0498823617026	13.7024698580144	13.8985105794911	13.7549331732257	14.2340310732394	12.7945615787983	12.7437890269664	13.3515510187033	13.6912499730609	13.4249617522922	13.6694858691604	13.9242696628676	14.0930049840886	13.3547259174234	14.1093597234019	13.0418655374585	13.7880069984756	13.8864451166836	14.1950141566066	13.8216583725063	13.4696581939077	13.5439969086286
M136.0081T75.05_8	15.4078754974066	16.7395268544304	15.6779713640059	14.9700003916657	15.0414068946032	14.9980875387339	15.3693417104277	15.7396213989179	15.8902055749963	16.0045432842949	14.1394180502204	14.6155439190109	15.7369236541822	15.5150562243966	15.9053334388179	13.8982821177931	15.5491290811588	15.9079948143248	15.3555683386502	15.6962137184924	12.9748881477925	14.7666229336822	14.4429695957898	14.9739106046074	14.3016228330838	15.4886332120128	14.5955864063286	15.8728142934006	16.4539842949388	15.4468309222986	15.7564044311953	15.8980738237332	15.6231956120917	15.4575141168518	15.595925481696	14.3820787718173	15.225317976009	15.2513519703564	15.088715106423	14.5725331704219	15.473420913825	13.9688099963568
M136.0222T439.83	13.564497256541	14.2534978442865	13.8187225406191	13.8416985008794	13.7852707069823	14.5638984789677	14.3835514966607	13.640596147664	14.2879929186525	14.1320338942038	13.7613812681266	14.3735535351279	14.2089650911231	13.8190369529344	13.2398652861249	13.979440283346	14.4752621963638	14.3972250269768	14.0159836320114	14.5965595727259	13.922072285129	13.8698912498009	14.4381931592188	13.8963766000823	13.9268763227846	13.8345463540232	13.7569884002257	13.8405192824292	14.1801547150273	13.7462609044234	14.0650633778288	14.1222484122097	13.8449029476649	13.9970210146365	13.1936608013746	14.7939789076655	13.9453513970861	14.1450233877216	13.7342252178219	14.4055166248849	14.5470918537438	14.2280362792504
M136.0434T139.85	12.0897911408239	11.8363974023932	11.5559140874621	10.3087726235599	12.5965658580383	13.3260188762502	9.53386138005562	11.4260712905387	11.2371953915719	11.2319657269578	8.00720925516027	6.58684473921791	12.152186300907	11.8012601841922	11.7693556794502	12.9039831350592	11.2667902618345	0	11.999906213652	11.6211366666019	11.3320017997932	11.9542074009617	11.2020545958709	10.6514441246113	10.2314899697396	10.9636620609122	11.1558817988841	11.8619291518852	11.1698045547013	11.0626443175424	12.2611435890317	11.2089467919639	11.083758140308	11.9886226208731	12.3096436555023	9.40718635151462	13.4741541820193	10.4728598105142	10.0252243433107	12.8369489974754	10.4190200304726	11.2837260158037
M136.0485T198.49_9	13.8977074240404	14.1205289911175	14.300423894279	13.3711146977834	14.0350489554113	13.7213321583817	14.1341101320246	14.0057897837137	15.1174135476158	13.6935810004224	13.8804445626633	13.4346813055391	13.9920148310041	14.4291794914419	14.210053870766	14.5881682908604	12.9486056652291	13.6374389891928	13.6044764244805	13.9617810954941	14.1611537764474	13.7328295765721	14.4652129169958	14.0785361346166	14.6006246729767	13.7889920678182	12.9033082135976	14.2345622294793	13.9740248194472	14.1289971191815	13.5867192238726	13.7909359570034	14.0118534067913	13.6834657740225	13.65626309422	13.6818589162889	14.1918833214891	14.0684987058749	13.9147768719097	13.912629676636	13.9413015360041	13.451979961198
M136.0622T198.43_10	14.1614927629288	13.6559720482294	13.6580597574765	14.3020603803963	14.5906688377114	14.0403310512926	13.3012632590739	14.3940786285545	13.2497158028206	13.8891250236424	14.3066911999625	14.007313989604	14.4645514467622	13.5826239748034	14.2315422180214	13.6262679359962	13.8689434089032	13.6999024216174	14.0671344628511	14.2062869682398	13.9571910237068	14.1123444803216	13.7215379312629	14.1679870086325	13.6676399221668	14.1964218062337	12.5159468654601	13.7509133163564	14.3376835409827	12.7325746162159	14.0497507593048	14.1886193201439	14.6253312483983	14.2605642348904	14.2630744755051	13.4755020553774	14.2502489550798	13.3269544680831	14.3777387378177	13.0752910177903	14.0226873264822	14.0564950141568
M136.1038T198.79_11	13.5405008050735	13.3853099909565	13.5104072608617	13.9140420950344	12.7393824808993	12.824929336632	14.4158405038117	13.2057592798976	13.4990725928442	14.2240160305752	13.0595507302345	14.0004550820524	13.7008962775534	14.0501410429151	13.9253503098357	14.4076890743289	13.631117372827	13.2496043657377	13.120376102873	13.7394757605537	12.9896812256919	13.6552073539071	14.09623877969	13.9104682385336	12.6432508058089	12.682791184122	12.2367915765248	13.7752329914386	12.9780620853995	13.3472792524997	13.6608315895687	13.6585431917521	14.0360279162342	14.1268683195637	13.9475429560414	12.2591664953034	13.9745168897636	13.761217405241	13.6895307577998	13.8027315401972	12.4956722675175	13.7818083014639
M136.133T198.52_13	13.5175497898983	13.6816733626658	13.9047331578583	13.6163558605705	13.8495731319649	13.7365311022701	14.4422758622233	13.4812745808179	13.7270207600438	13.8405232006097	13.6104443963122	13.8955588200002	12.7770574074289	14.3071528941891	13.1674179670139	14.3570625629494	12.757344027502	13.3164910791637	13.0952644478606	13.5479469233847	13.521461209031	13.1740744568082	14.4147408604148	13.8557112642631	13.3117839760293	14.1510213120883	13.4068079712808	13.2867888506904	13.6727780940591	12.9122689812439	12.6437930736848	13.7876716683157	13.7414795479804	13.2361076455013	12.688179008514	12.9874440976829	13.7504539742704	13.6261573504216	13.9277055181826	14.0623108762017	13.7427398336966	13.304256779629
M136.1831T198.52_14	12.7500919407474	13.9693355205884	13.6492722157917	13.9338083348825	13.9770093402457	13.5946923956739	14.3273607289064	13.7353877824679	13.9533869711931	13.0697368506767	11.9754423830771	13.9876665748767	13.8508471498843	14.0514369297411	14.0400393148015	13.2073149015544	13.4055351953706	13.4105356585832	13.8467128622004	13.5952085491396	13.5970058665576	14.070208198216	14.2704520743133	14.0291494913513	12.8827533902539	14.0265570840247	13.5095223855597	12.7339000290699	13.591994566637	11.8358838464775	13.6787758403715	13.8440765760161	13.7704136218891	13.9684742367924	14.2805640762427	13.2861121533184	14.0319635952167	12.2444612988549	13.7730737367739	14.0327855518183	13.6794619679741	13.7554885267361
M136.2098T657.97	13.7287745799067	12.2068640411456	11.2669859094648	12.4314733236504	13.676835250877	14.1518742037417	13.01556219926	13.9326837247345	13.6397459530046	14.3080599099547	13.6916733039038	14.3969042841759	14.1320886099694	13.4764655527745	12.8940590039827	13.436999167269	13.1553918258527	13.6419425829138	13.6894112200855	14.1894110691482	13.0287124638914	12.848203818148	13.130738998457	12.8878799647882	13.1373764718328	14.2165917316254	13.6389081108022	14.4051949257009	13.1082303867252	10.9474514315716	13.0141280708013	12.624274503575	13.0016256863667	13.0362186762716	11.542267211873	14.2160393182031	12.489406088136	13.3011144691241	14.1899417544527	14.1326274403709	14.1913127893766	14.3130783562339
M136.2677T198.54_15	13.6725928589143	14.0781507879086	13.0999656466421	13.8389216003985	13.493938212407	13.5838943157999	14.3954395484994	14.0331402578034	13.401808420016	13.5770410630759	13.8277505422777	13.3930298315426	12.7360625523122	13.7070968405018	12.7811236326603	14.5615351299546	12.5348381907676	13.6125968427232	12.4780737292508	13.9265186033466	13.5012502480254	13.7678445918918	14.065872274409	14.1275249092156	12.1738289880552	13.9920113243249	13.8130066827601	12.8231883868677	14.1905253871794	13.3126153056757	12.6970549372568	12.8535947506993	14.1501773448669	13.9907981841261	14.2833640847893	13.5217921336383	12.9810631486366	13.4740402151549	12.8688475757707	14.0687628126551	13.9400824020579	13.9355191744626
M136.3939T198.42_15	13.7793127760058	13.802326176016	13.925159874938	13.9190709738776	14.1766804702857	13.5861173369068	12.9557713894921	13.9562491652026	13.7305472505302	13.9890255790054	13.7993662488078	13.4633628598258	13.4526436652174	14.1041215012089	12.9408416219013	14.2066329629879	13.5511210142941	13.4746278978534	14.1316760696353	13.5264653341504	13.8568650228244	13.2767243609596	13.8548410006281	14.1765269380858	13.5170048220989	13.8233766902603	13.5761675219826	13.6961183629251	13.9599292133636	12.367333315433	13.2375068427098	13.0823088837006	13.9849919672274	14.1307845728666	13.6478607141549	13.2244469049899	13.770106495051	13.7954608597445	13.327415694017	13.6745773653038	13.2184398377997	14.0199625497747
M136.4532T198.64_17	12.7754862913119	14.2414241589987	13.889428447438	13.8843152302212	14.1800129379339	12.7339389687487	14.4522276383305	13.1818359015374	13.9052981969758	12.3518091347672	13.6437008225107	13.9412121158194	13.7434794080201	14.1355065516503	14.1335563850311	14.3008899652354	13.9034952007833	13.3520207666783	14.141623718169	13.7774357779277	13.8925145786326	13.952562255181	14.2678428623649	14.0765899303251	13.6433667134401	13.8370029858419	13.2539139989996	13.67517791178	13.9579635092576	12.9168785706465	13.4858871195759	13.5584429705339	14.1578117149016	14.1237608398928	12.6752226430844	13.2046049603268	12.685981828709	12.694972713857	14.0306606035488	13.9353864162286	12.8784452721588	13.7107388309147
M136.4887T198.69_18	13.0018095408184	13.9322376515751	13.8792741447797	13.8502545511217	13.8525399687037	13.549411047602	13.9075937254481	13.1154470012675	14.0189948503989	14.5934378696438	13.2491914957185	13.8291255922715	13.7629876766242	13.8546746981246	13.958726405421	13.3440504214726	13.8049815823295	13.2945985118471	13.8699695562572	13.7058121663085	13.853494196223	13.5524824147676	13.9022529948905	13.1064179924958	13.7762846513254	13.7780351871923	13.3075017397458	13.692529736685	13.8927578559696	12.6416774039475	13.5242346967121	13.6146610420023	13.2280897642836	14.1333040400042	12.9552105466416	12.9136075904274	14.5110184246821	13.8858122384525	13.9461075599026	13.8776583303163	13.982013889821	13.6916610972835
M136.575T198.61_1	13.9828526332309	13.9490680289196	13.8002492043889	12.581397974258	14.322823017441	13.0231735658682	14.392326588779	12.8915265818902	13.9358899437052	13.2344513797366	13.6492101580076	13.2361517291793	13.9758998246607	13.3700496608127	13.3351136453907	14.2623622811046	13.6777829627164	12.0793514166342	14.2160894049615	12.7684490857736	13.8708978607659	13.9626307464541	14.4628616563186	14.002020648668	13.8435132478842	12.9469807374459	13.4152005221612	13.9458984550705	13.8196528009401	13.1312136161813	13.8413440473373	13.8188036802873	13.6745886813889	13.9713010091845	14.1446862575899	13.1501987246776	14.2742460909091	13.173699678237	14.1349915828644	14.0375571705354	13.7940029076276	12.6862701144934
M136.6145T198.64_2	13.7132714902337	12.9789085757263	13.1805664940901	13.996360603465	14.0419883183934	13.8218386966813	14.1088773209716	13.074452348886	14.1152272004085	12.6866484617973	12.7712209273246	14.0386619589632	13.9773133391134	12.7367833851875	13.668948305021	13.8671172840718	13.0633883459771	13.5075315238723	13.0351168145069	13.7811953128867	12.7446418983205	14.0201509983997	13.9006802782804	13.1473983687206	14.0903637494797	13.913714340139	13.6931298358818	13.8864574422567	14.1743231198219	13.3339675255738	13.6124415392798	13.9968184712155	14.0532622834538	14.1156041353223	14.203386275657	13.2564530798507	12.4848260927949	13.7095975528902	13.8627744900071	13.8530564293473	13.8190385969963	12.581071317569
M136.6778T198.68_4	13.7935144027005	13.9839468165467	13.7099503380988	13.9694224860112	14.2063848596529	12.9451160915347	14.3802940565226	13.5570337024597	13.8092084608391	14.0159856090318	12.6106631422728	13.9973871321416	13.8232265073246	14.0976684458686	13.1175402994313	14.5221775955768	13.5185190093525	13.4907940205824	14.1327972910874	12.9118134806602	13.5339259628167	13.6177198440988	14.2569301744965	14.0035439033399	13.8104874630863	13.3704989670369	13.1898349303907	14.1063257128647	14.14581999127	13.2926030870696	13.4644983703679	12.5568062279111	13.1372502248348	13.8860058335375	13.4052663583719	12.4515158736755	14.1761817072499	13.5253835705224	13.8231033530559	13.4370483979855	13.8553132283686	13.8918903224829
M136.7436T198.6_6	13.6848733241024	13.9406914004236	13.8109140192846	13.781205817417	13.288974865372	12.7678267544542	14.7550909660303	12.8795128811936	14.0119975600131	13.9657845505894	13.6364686599114	13.1141795601224	13.8199497814505	14.7446852478728	13.9659606886882	14.064511044336	12.5394702522952	13.3862591744085	14.1095641262271	13.8320449772039	13.5691885120324	13.7862919361709	13.4538200417323	13.9571249347593	14.1210035897967	14.1154834921646	13.0865095327071	12.9282300180663	13.7249327912317	12.3073102907313	14.0197123119023	12.8642545567965	13.7728854054255	13.9822120647818	14.4103533302278	12.8748538445307	12.7604456017271	12.6775140781196	14.2604977775777	14.2657008334554	13.5901604530722	13.8246203597939
M136.7797T198.67_7	14.317608501369	14.4288389061384	14.5817449490925	12.8151509401286	14.0556259773976	13.1173875029792	13.6388519636737	14.6129899388731	14.0583053515621	13.5414921016024	13.0814585875493	12.7304703088462	14.2663929454293	12.5095827966478	14.6091055947645	13.5415411148414	13.8809807667481	14.0470667049216	13.8713390859395	14.5947585060297	13.9338406765521	13.7769786347539	12.3012740336511	13.5045745715665	14.2068613079696	14.0152592473831	14.1622427998317	13.9491795678327	13.3652121264088	13.9778946925185	13.668574988191	13.3864549076437	14.7977848644209	14.1014813917434	14.0023767806139	13.9235581441726	13.8347121194058	14.0038594729314	14.4731525305134	13.7749724446135	13.9648698563229	12.6216841625655
M136.8038T198.71_8	12.9050123290633	13.8794660754789	14.0360103218108	14.0435058635514	13.4588933667369	13.9192747267579	14.1481330497297	12.7745664571485	13.2824112004577	14.0896759805082	12.7109621125749	13.9819418689742	13.8968091479969	14.0108627431286	13.4614196648506	14.1110426225075	13.9972814852032	12.2975496945419	13.2711617361415	13.9066770711034	13.8043708394055	13.9158835433865	12.9157703904737	14.2070842827683	14.0036444972859	14.1623059662683	13.7142419261814	13.7292703143132	14.0269726257717	12.6533289423742	13.6369036825143	14.0212449071099	14.1471920861983	13.962161360157	14.1300411813836	12.4659839595799	14.1260643544138	13.90753315775	14.1684982717875	13.7593425956859	13.9853695433227	13.2523357061004
M136.9185T198.68_11	13.7867391631532	13.2017724874147	13.9565703242837	14.1046640053279	13.3146009969473	13.8136125370912	14.0992990467204	13.9836102448487	13.3474704774151	14.1735671218871	13.6942474661721	14.1924970915421	13.8294531868321	14.0120570263561	13.1696576195912	13.9207613090361	13.9545021538996	13.5469301644098	14.3899410548144	13.8449865799252	12.7957575557177	13.17388420568	14.0687502213668	13.7011327439968	13.966951587766	13.9643105594828	12.6911725698658	13.8441344048575	13.1774931012011	13.2027984041088	13.7250613165178	13.5771290134294	14.0969642046417	14.2912775234506	14.0088033757041	12.8495957799704	14.3695466580801	13.8328892856732	13.9608584496345	12.8662764194651	13.3608069919686	13.926012722403
M136.9358T198.52_12	13.831347772935	14.2121192047578	13.8428163197926	14.2952370946357	14.0599226905786	14.089078902173	13.7900966783162	13.3985637861207	13.825729202351	13.9067735576214	14.0094640309505	14.0781892336266	13.8965657744674	13.9106849660878	13.8851410829351	14.0494548744084	13.0138160948324	13.6455907454463	13.1117307658532	14.3515851828838	12.9780594923754	13.704697250041	13.8008389199077	14.5468754214408	13.6611848103035	13.769985808112	13.4866019036941	13.9273045441208	14.4923188937078	13.3276794982311	12.6644780565139	13.9649449725617	12.7640508218382	14.1352609493957	13.5271557561126	12.9039818089934	14.1330598734724	13.8230389577487	13.8683677903734	13.556092227796	14.2993088972463	14.1369808271602
M136.9534T198.55_13	13.646243738114	13.350606931466	13.7489042351433	13.7513740567912	14.1815410695498	13.0537957274129	14.7400050652586	13.6363381754595	13.9238227623056	13.8992389208865	13.6583213423078	14.3842403050922	13.8214205202118	13.7723154488197	14.079300713414	14.8309830991878	13.6088297995399	13.4825350725641	13.8848258696713	13.8871303739887	13.8721858677281	13.9688166164249	14.5259100698709	13.8866723389495	13.739522345024	14.2216439195514	12.3325657785794	13.9999731428718	14.0411825933616	13.1525663146179	13.7060600302113	13.6774733074745	13.9104747823377	13.3042851537334	13.7415238268429	13.2023402830773	13.8027638171426	13.627056220772	13.9610791526691	14.4003189746776	13.7970156978787	13.7710229281804
M136.9734T198.55_14	12.9668730159181	13.984128539651	14.0695094101733	13.870220880901	14.2667272953764	13.6426534296972	14.3608416129177	13.9519758293716	13.9541736139395	14.3667466831744	13.8071431920983	14.4253442051681	14.0699299681171	14.0369782376704	13.3412696773201	14.0672319555609	13.8797712984331	13.5728215725829	14.4914915294797	13.1967136013149	13.9057720711078	13.5938359663829	14.1415156107714	14.1755973247177	13.9692622744788	13.9720449683917	13.5858589897112	13.9664333381702	14.0513474481017	13.361082608544	13.5953425341475	13.7232719272938	14.2266019766083	14.2532650188253	13.4375937729693	13.2115641718323	14.5704753598357	12.9758687991183	14.1090236100764	13.8782565885344	13.7114944918229	13.5209040101492
M137.0465T105.25	13.0060542709577	12.7663398504706	12.6515524024211	12.2433101639832	12.3485392460986	12.5002561156132	12.2999653857491	12.3391167796546	12.9319371981038	12.5090931411522	12.8322065944547	12.6398030751463	12.1913794975525	12.697482037943	12.7412132047533	13.1309227175059	12.6787128518947	12.6946987484706	12.8567053157466	12.3832070552132	12.4210569435427	12.1237620992245	12.1817854153363	11.9798703078806	12.3051459318714	12.4643782543205	12.7453859649078	12.8180293875884	12.2054585394203	11.8501759839676	12.7667119529155	12.283236531499	12.2016109275237	12.0358698846965	12.3282954640009	13.1062813026633	12.9003101403988	12.4404143260506	13.1833108624551	12.5586998771563	12.5696517923109	12.9612700827696
M137.0468T198.68_16	13.9532747279317	12.9846434304648	13.8822554145049	14.0221890571349	14.1846125266714	13.6794165708123	13.8610881068018	14.2425463981009	14.1221913957049	14.1023183821792	13.8553916461109	14.2004785525695	14.0621874069449	12.7760635484863	14.180057487631	13.659992798923	12.7093147977647	13.7185900111764	12.666464573701	14.1512593058155	14.1569716791795	14.0131125396811	13.8993332747594	12.609044206634	12.6265550860476	13.889022267764	13.6819316834604	13.7062587879096	14.2520719435426	13.4841259243781	13.3692840631347	13.0248984478855	14.3001230097368	13.9979340941821	13.3484664982525	13.6170038790882	12.8177385462062	13.7615010905183	11.4061423453258	13.5569006329283	13.4906713343578	13.9543690317766
M137.0795T67.35	15.2181943043522	16.1397018026662	15.6965995563873	15.3653124277455	15.407845829434	15.2916000684555	14.5440776489366	14.4715088122823	16.1724756140617	16.410494174451	15.2953418095289	14.8897540472311	15.6606715007386	15.8220160731641	15.5725869665508	16.3287122432578	15.4297647095409	15.809568862	15.2288078479889	15.2071373756371	14.7772997204278	15.6901920186397	15.2490295190799	15.1057188851454	14.8696691792921	16.0123865132666	15.1388827099513	15.495771040867	15.6835100981381	15.4122456468638	15.4418916315169	15.8866540933455	12.7283067104369	15.1433051730038	15.4672168887739	16.2241352518355	15.0139708337236	16.1386788038527	15.9662180429183	15.5343150396892	15.6532432169517	15.7332302340531
M137.097T198.62_18	14.1906047000568	14.2476579434218	14.081183899148	13.9790435023676	14.3824722112982	14.1736579749858	14.161879471316	14.4809938261757	13.5557663569316	14.0030198326612	14.2608574256074	14.1220975574094	13.4478606317844	13.165412911528	14.4771148856145	14.4353678061333	13.6751133785321	13.9476851167457	13.6749479446419	14.4400523093334	14.12185710282	14.1665844777492	14.4762471927578	14.5019359002866	14.4096812918795	14.3823415898412	13.7411224530043	14.2405506045578	14.561978654665	13.9581076653411	14.0275321200083	13.6673527007465	14.4836104171769	14.4309702228722	14.4122611133585	13.7540294433982	14.2938252111229	13.9506584145564	13.6063034933371	14.2392802873843	14.1395401358774	14.1664564577732
M137.118T198.53_19	14.0139953644145	14.0197112573933	14.1925581259142	13.9162499282634	14.1720970061342	13.7788184461369	14.2311519048762	14.0400082505122	13.9438927686844	14.124261013003	13.9356828542844	13.5180531331465	14.0629381240287	13.1854703079426	14.0593489885105	13.1122569802624	13.7959558209468	13.6157483911428	13.4452809349921	14.0107069384065	13.1945303720587	14.1863326251703	13.3609910604558	13.4030670603833	13.9151628424557	13.7509338740972	12.6344819799442	14.1429055719213	14.1579167151545	12.4801077279571	13.5589520472633	13.498537527266	13.5237449648779	14.2114882907842	13.980525901228	13.528705171696	14.1344580323234	12.6711711471958	13.8591704218713	13.650102639267	13.9544215164907	13.8889374296516
M137.134T198.4_5	14.0696583384561	14.2372844777581	12.8571438064261	14.3416115375693	14.630732403843	13.9353222136592	14.4138193953807	13.8523717617699	14.2352515928521	14.453086360284	13.8204159710156	14.4255431199352	14.287243631084	13.543934344535	14.1068228407778	13.8344376925228	14.1191884476001	13.9377023195361	14.4410841041772	14.1434509987118	13.7840542266834	14.2387893381801	14.4696463071685	14.1737708521252	14.3809101975581	13.5816313844726	13.591134562963	14.2152893725289	13.9414415327847	12.9956432984952	13.8299267708012	14.1691196776183	12.7824520116161	14.4490080027068	14.1867935840707	13.3081217294403	14.4156621473377	12.7870590464261	14.4129262413207	13.9916426307607	13.9662361334719	14.179521306254
M137.1684T198.6_20	14.0100993145296	13.8688301397437	14.1388379167827	13.0572769442883	13.7006103833308	13.5930082617428	13.9139396289043	14.0667891814561	13.9996208710246	12.9643099095194	13.7645971915658	13.057370195659	14.1037259095578	14.4614801776916	14.4184872112221	14.9544666410813	13.6839244953079	13.725653279429	13.7034024613643	13.925052316447	13.898044276423	12.4578051734083	14.6827933972387	13.9363471326968	14.0093979481526	14.260972098127	13.6016497644607	13.0520649684362	12.9212977461754	13.3483904799541	13.8903884304025	13.9330673840698	14.0826083371363	13.077933684595	14.3188581550743	13.2846317890424	13.9825942973528	14.1225684223915	13.6153774853614	13.8733949424836	13.5553764970686	12.1315652241809
M137.2639T198.68_22	12.5956353237135	14.0560613263724	13.9390606206444	13.8032474466803	14.1715603660231	13.1153114258613	14.5081928706918	13.8449574241569	13.9422664167944	13.0339816938822	13.9488430614765	14.0829405963146	12.8563322055769	14.40220548965	14.1931227071048	14.0521533695634	13.7756916192423	13.4611297264194	13.2729195117458	13.9110492919249	13.8066187389215	14.0219890032661	14.4795822927359	13.8631477174339	12.7078343195494	14.2662325068281	12.0631577676756	13.8557835687028	13.8390274206896	13.065673823232	13.5668239032779	13.7103821999541	13.7466160630088	14.1949645721653	14.2630864316495	13.3427805491065	12.8921585214256	14.0798002981438	14.0127042705245	14.2942995116666	13.0950374877341	12.1239961389475
M137.293T198.49_6	12.7797650689294	14.2596630439845	14.0218328329726	13.9493078954187	14.1112123083082	14.0938012922982	13.3427199489924	14.2883834423537	14.0995729839553	13.9719054415492	14.0762019974915	13.7038373730801	13.8254351927489	14.0731352407842	13.3994294663674	14.2723081162036	13.1918043413926	13.9152526086452	14.1079189020105	14.3204400007602	14.2021123513326	14.0948102972301	13.6894734413659	13.108148018868	13.943504237093	13.1172149746084	13.9679905692173	13.0162679415532	14.4402525206894	13.6144859226926	13.2658325899306	13.4271061569091	14.3391846509289	14.0027702187169	14.0050103764186	12.6464206611691	13.9577040137736	13.1564630158423	14.2949111320963	13.7493889096275	14.2686827276383	13.1892262621966
M137.3446T198.49_7	13.1880080628939	13.9812646014146	13.9816113546277	14.2462357134902	14.3083233158288	13.9592336425115	13.990683881587	14.2712058372994	14.0688845260787	13.3633102524368	14.0926801616361	13.1908510700292	14.2372167467748	13.0458678946693	14.2338504269414	13.8451822484991	13.7319800851351	13.8185374884245	14.3838991034639	14.1365098706445	13.9503111762545	14.2702606603612	13.3454439914696	14.3986801179234	12.9824279255569	13.8344201974521	13.3424830150761	13.1885740760256	13.3772784134139	13.5710611341005	13.5758136695898	14.0937324414577	14.474312539674	14.3565728616395	12.9352123340569	13.8525775243961	13.5447882692794	14.0203654604836	14.220004117178	13.6431717796873	14.2673027237592	13.870517193003
M137.3844T198.43_8	13.169294543889	14.1308874914296	14.2391734206778	12.8618959353568	13.0566991426974	14.0020400216253	13.8552131148694	14.2690733356127	14.3945568290224	13.8276847676007	13.637102327426	13.929673676345	13.1121035153625	14.2309156084734	14.5779486525059	11.639152960482	13.8620902740632	14.0982159155241	13.938321534084	13.9161153570974	14.2244902629183	13.9272887644599	14.0932882635562	14.0255721372465	12.7547116699782	14.1154625855368	14.0638460308884	14.2975398689934	14.195743228615	13.995043881928	12.524111944984	12.9901705561959	14.3399387613335	13.9372667675087	14.1641048457037	13.5055940185753	13.8628324503593	13.0894072036756	14.4100104627957	12.433303938103	12.4294278665511	14.0020158936644
M137.4189T198.4_9	14.2469725444681	13.3272201575477	14.2163352498998	13.0589809043793	14.0377346023161	13.7996093463298	13.7828684068314	14.4141275295073	14.3446954648109	13.6302316612839	13.5914568278122	13.6500443400709	14.2591042434005	13.7125531401134	14.108864451554	13.8883002460071	13.6934370601037	13.9457752034654	14.0203225650677	14.0956802988207	14.1863618148059	13.8190975469347	14.3634216241134	14.2605064350689	14.3075634140366	14.0695623089903	13.8069856928342	13.2303776135302	14.1372295482559	13.6611248274665	14.0358300293107	14.4028191555756	14.4746299829575	13.5414623946142	13.2468357920184	12.9955379575222	13.9414392308375	14.3387958100672	14.5385254961752	13.3639375631562	13.8136756232139	13.7820842016103
M137.4384T198.56_23	14.0014085728499	14.2895496423967	14.0122123558157	11.8639620913368	14.2087058201394	12.945181592014	13.6062987684515	14.2033986154697	14.0119658263706	14.2962183645848	13.9704780290308	14.1889615946345	13.8875274927265	13.3667807813811	14.1887316872241	13.1052646290043	13.8583269726615	13.5495003256941	14.305582311758	13.97324091688	13.7724996092437	12.7541527274741	13.8587932295987	14.2304625456114	14.1602349893949	13.2153984594494	13.6805644879958	13.8302066988556	14.0049208291731	13.4658327406297	13.8589696918428	12.2346548192725	14.1016055315839	13.0229714866256	14.251628995275	12.51509010822	14.0421755774719	12.9969561012542	14.2512195020199	14.0060543594202	13.5018316651943	13.8822279883487
M137.5141T198.55_1	13.8630700902101	13.9675809928718	14.1629844482864	13.1721347420565	14.109472766193	13.5885209817365	13.6194218011833	13.6508426740065	14.30670756088	14.0310332047607	13.1467716331363	13.8450344938037	14.2603434126466	14.2359846563238	14.3373179158444	14.4879103506269	13.7365185336032	13.4441152749951	13.8147656278808	13.0154569329599	13.782727189462	12.898313594627	14.1249952014411	13.8061213598337	14.0874723715571	13.6454394924299	13.4528665002202	14.2724879164839	13.9853581555795	13.3616094408545	13.2212960771406	13.9788379572216	13.9514870500621	13.8950947154667	14.5238008510104	12.3605786757514	13.6517547147801	14.2343063695932	13.3328121439188	14.2652795601546	13.1662750566649	13.4700552569936
M137.5427T198.56_2	14.1642343321747	14.0433517384229	14.3175880837971	13.9260022663521	13.2910668491952	12.7900326632059	14.5104293230343	12.9819579936593	14.1880082210527	14.0036335444247	14.1294582377573	14.0602861842543	14.0776242877221	14.3399344486542	14.3367985445392	14.3867615711768	13.8706610081571	13.8752765423675	13.9893390596669	13.9825449918316	12.9570238225174	13.9943504437472	14.3266619664018	14.2007735484936	14.4034097931028	13.5953828181662	11.9030471266439	14.3536456155881	14.1953608364156	13.5670805340796	12.5069453792014	13.9544571098057	14.2481028935114	13.8975672850504	14.2058882602744	12.2183378935053	14.0008592378434	14.0050623990853	13.0858296387806	14.0498898596454	12.5037694030267	13.8628840707922
M137.5686T198.66_3	13.215871645893	14.1317593187089	13.3622400136576	14.0158058367681	14.4162034754314	13.0383669204318	13.9648255325372	13.6489698844643	14.0826181524771	14.4776581930133	14.0422859588865	13.5891700004105	13.8989129421068	14.2095226503603	13.5265074406017	14.123047407939	12.9030202457359	13.5843852205642	14.2830622409641	14.0887629202406	13.9765532902465	14.0634342263812	14.0174992186437	14.3101684573585	13.96885357571	13.9879753214621	13.6046172471403	14.0914411264506	13.5139880374474	13.4928248537603	13.5612389163826	13.8709602196568	14.2559893195399	14.2341972696578	14.0831336090744	13.4957949219397	14.3374047157182	13.2082706820215	14.1222084520235	13.9741945917966	13.1101187269696	13.9090395242436
M137.6484T198.66_5	13.136175424007	14.4314933486889	14.1236383079295	13.8451623112413	13.2892547418687	14.2346416557324	14.1691562377289	14.218527850867	13.5493543399009	13.9810968191951	13.0639470867673	12.7081249832945	14.3064732955263	14.0644737400569	14.1018702121453	13.4503616586567	14.0209574808216	13.8229117678077	14.3601565519397	12.6855288072699	14.1514056184281	12.8187029601344	13.9691762016703	13.3409952643011	14.0098984681891	14.1341619364165	13.8695199628569	13.3932532269302	14.4079313372734	12.2750745009489	13.1953810794641	13.0677038385663	14.4014219286488	14.2792324057792	13.3201112007287	13.3581384600534	14.3185800522606	13.7901865837537	14.2378929997128	13.8074427588507	14.3409473839249	14.1082551122172
M137.8289T198.64_11	13.8374022674488	14.1677336758543	12.9042156054876	13.1759940260706	13.0795302107295	13.8430892178837	14.2259874307792	13.8736423528199	13.1043729067839	14.5058537934324	13.9023281446467	14.5266343233696	13.9836781415984	14.0896028099901	13.2572814603483	14.3354971481087	13.4116616189116	13.6191127578955	14.435104715726	12.7142534776681	13.0356401363044	14.2366369937384	14.3947338277942	14.4468903299209	13.851917730688	13.9206908216135	13.5591245037948	13.4283699677501	13.7288328995387	13.4226505774445	13.6877468015424	12.9147888235323	14.3814988218607	14.1232425964323	13.9180881967236	13.4506281086125	14.4514220598229	13.6039985845827	13.6496127782197	13.9890309057338	13.1838956635592	12.9781155431605
M137.8992T198.63_12	14.0026974109358	13.9804224435955	13.8956791560298	13.8654298288314	14.5656970051453	12.4263099730574	14.3776890377706	13.3110891814624	13.2775585741889	14.748021569501	13.6741314071611	14.7104689476595	12.7790613196334	14.0971260246258	14.0071319732299	13.8764811084843	13.9259762352634	13.5024713577285	13.9305219306526	13.1350942952803	14.1399275002877	14.3328444521891	14.0917611200281	14.154498193141	13.7645226233932	14.2519944807283	13.4085585404597	13.5804404055196	14.0280344801039	12.3940935861568	13.4325296972974	14.2171201496978	14.1473876370991	14.027457868037	14.1966335799964	13.163493202708	13.3936045513375	13.2893501192964	14.3485773074656	13.6829242215106	12.7336070279303	13.9712141063466
M137.9489T47.58	13.9874208572613	14.3630251989364	14.2741579841087	13.5517136426498	13.0233958745933	13.2477226190828	14.7391195672954	14.5866270657235	13.7007017105443	14.3261805244105	14.9910990657305	14.8539221982999	13.5078005527396	13.9779999025446	14.2940882280447	13.7663181387906	13.9922097639244	11.2914944800044	9.92829847403515	14.1440129487246	14.3121406925816	14.8240182799896	14.6243853452021	12.6047630220409	14.5199974777853	14.2073714516299	14.4654142895003	13.9764285065176	13.9161428741743	13.3692202372392	14.4005018047596	14.2397013532303	14.7337231406784	14.6755310275904	14.3076223950094	14.3575001866122	13.6779188578209	14.260602728705	14.3556792313277	14.0021383513526	14.4485192469016	15.150230604201
M137.9735T198.69_13	14.1891538176284	14.1412236022733	14.0176628356066	13.9524166738631	14.0600326250101	13.8764420855353	14.1161008836268	13.9157608538875	14.4098677249158	14.1884158337729	13.9409970540446	14.0705701141826	14.0733445401406	14.1898793602779	14.2614475950488	14.4079247058096	13.8645655811197	13.4338503825972	14.0008321644514	13.16530017183	14.0798290858764	13.622044753676	14.327196933778	14.1243467367132	14.3877105132881	14.1009732514625	13.0775343010561	14.4058615231277	13.947980563131	13.494793789782	13.2020129645044	14.2970674352385	14.1185654674459	13.9598706622149	14.0108701363085	12.1481232654619	13.7070094226111	13.7999914804372	14.1570329343563	14.027661310724	13.9487434461687	12.7703402825914
M138.0036T198.71_14	14.1769628162963	14.2407617107469	13.9757817689517	13.5146826446216	13.4912898714139	13.2496514572725	14.4859380930535	13.9208318443081	13.9868668217319	14.0125903006799	14.0736538158995	14.165867007279	14.1317369846275	14.1013839084991	13.5465079820343	14.3400804378773	13.0759229095782	13.4556177259144	14.3064461122057	13.7361848252335	13.8431812976448	14.1227847264149	13.9559760163814	14.3418218747636	13.3390988448496	14.0469348761822	13.4786060710501	14.1697671577002	14.2424700067903	13.4350372153573	13.4108542418193	14.0535503528	14.4144599749455	14.024922173735	13.8502359810709	13.1340939374983	14.0795371015383	13.9939764342373	13.4833745522034	14.1453823395771	14.3393569240393	13.6854130115653
M138.0543T198.42_3	12.9408605264707	13.9992699817384	14.4305277556735	14.1796004394547	14.2939316673088	14.0828271655253	14.7622353141203	14.2561051957166	14.0979828500238	13.9668118505879	13.9486034470951	14.0615410769229	14.6301358906035	14.3803456629322	13.6396463391977	13.9589704165267	13.9185390722316	14.0194776378097	14.2367616240123	14.3896317580337	13.1017261999766	13.2921990413347	14.3893082069805	13.0943451599942	13.4516879276867	13.5620994176374	13.7898517254832	13.5918068496056	14.9877661859518	13.5457439651976	13.7270285236321	14.2046552412469	14.5256836913961	14.2542584720805	14.9137107556845	14.486539269252	13.4579961456617	13.0261310784387	14.6709362019987	15.1181137273984	14.6573844195165	13.9174870704633
M138.0555T50.24	17.5001925389522	17.8916914530575	17.7782865367578	17.3593754558551	17.4786315606866	16.8636394486551	16.9430196562781	17.5252704075303	17.8223004427674	17.7989794128587	16.6969134994366	16.6685586170274	17.6726615378597	17.5629324602227	17.3725828194561	17.584663108798	17.6595731713869	16.5448878353539	17.4135718868973	17.5716034292724	17.7130271956879	17.7929336377568	17.5778066443452	16.939994677192	17.0434414166514	17.3811629952258	17.5653744577173	17.6524104438151	17.6517486282663	17.5660608065051	17.6923366160486	17.6598813472918	17.4758509301561	17.465422651023	17.708456772694	16.9511531607002	17.1884112302054	16.9675106832081	16.9062567905042	17.4828840035942	16.7122983871656	16.556091931564
M138.0557T265.17	14.5718091892324	14.1283470324337	14.4147219771436	13.5118256602354	13.7579604123901	14.0049127133202	14.6384618730756	14.7750292356231	14.0787429770674	13.1983590389338	13.8296709539914	12.8234832787354	14.025713746962	13.251874321016	13.7427515214427	13.9058676441276	13.9181851075754	13.3402121097082	14.2091166766471	14.9009540816731	13.7579853882902	14.7387920658647	13.7556738417642	13.1803253303213	13.4256860139793	13.4783258027839	14.019742406039	13.9825470993679	14.9632341955004	13.2918482950709	13.9446283400188	13.7464270339328	13.5587055652933	13.9604304783747	13.6466374167492	13.7355875391962	13.6345038378062	13.6518258685178	13.4975793115714	14.0841318713002	13.8183054414493	13.441423066553
M138.0816T198.66_17	14.3629173275695	14.1509171957857	14.3016212808876	13.9465142025354	13.8585877993566	13.5590505857669	14.5130464682682	13.5355595934191	14.522712462917	14.0575867285203	13.5077044967008	14.2802729061112	14.3637639764242	14.478682423856	14.5330851534253	14.4295579433075	13.947388927952	13.6948156693568	13.9402774859429	13.1742708725021	14.0070820249207	13.47277094501	14.2456057086853	14.4148991251711	13.8958875105986	14.1775557337616	13.8538119587709	14.5622595028689	13.7454494362465	13.6117092531835	13.7496971821672	14.0767227411011	13.5394861630653	14.1756875326064	14.032281715919	12.8914200238307	14.0550620557811	14.2440952619581	14.534313128511	14.1945515285825	13.6754382996143	13.7415935177341
M138.1043T198.55_18	14.4325583611073	14.0025405461683	12.7964713593206	13.1262857086641	13.5407074168189	13.947192677491	13.6409465308459	14.0869231944657	14.4725097338086	14.3995722377009	14.0795695236868	14.336075407853	13.3342416203298	14.3317490602445	14.6070213793395	13.3874549501292	14.2722933778564	13.9504875321362	14.3272557342311	14.2507135511566	14.2046715472901	14.1008377827002	14.4835134851181	14.0032905424445	14.3261615017995	13.2335671609718	13.8218191611787	14.6092711126934	13.8632780619905	12.664238123094	14.3179415602749	13.1673907235917	14.2190091080698	14.3192308251371	14.4930457465941	13.8030686957323	14.3379575309081	13.1550028017927	14.5862678040696	13.7465605335324	13.6646788265019	13.0100519328238
M138.3139T198.71_21	14.3789608773938	14.19353878831	14.2473803564781	13.1872851558739	14.0846790967406	13.8339523293956	14.2742942595845	14.4633204517191	12.8772285144692	13.3532342889969	14.2632745467334	14.1531488125243	14.3186812418826	14.137823483108	13.415005663066	14.0070406828934	13.8426355450494	13.830638468565	14.4080860981905	13.4940822469768	13.3864135881214	14.0207988365918	14.1526670771757	14.3323244666989	14.2899922004596	14.3193406731295	13.7024711589009	14.2417956945344	14.279308901252	13.81648447544	13.8403914901922	14.5250597692384	14.6482546461053	13.5704161255539	14.4092626794022	13.277689492504	14.2246534691683	14.1850434266538	14.1456578264718	13.9073004629191	14.0530575469513	13.0414502301601
M138.3733T198.69_22	14.513477377827	14.1207162082884	14.2749349240656	13.8191092128469	12.7539342700132	13.4560998658389	14.2362831038491	14.3741051450185	14.7721131263887	14.5166861223312	14.245891585829	14.6442729784817	14.8018939081478	14.4099455207757	13.4956337623734	13.562431123929	13.9490399570174	13.7486834157072	14.4158982798794	13.8240924572779	14.314643351436	14.1146814507641	13.8725462040703	12.8293829762799	14.4691715428687	13.0962322771205	13.9084860823481	14.0961782616371	13.479487429808	14.0787513275665	14.1165258736753	14.6554228213495	12.7018614908994	13.0479753313802	13.3140843471994	12.096595782554	12.2209169907892	14.0526558858073	14.7874052627439	14.0378331417989	12.6319508136293	13.7233301591587
M138.482T198.66_25	13.1856748133788	13.7206681747776	13.1469285033146	14.1978361410593	14.3566778239464	14.3797731259824	13.9497655490296	13.8786582146859	14.436081361428	13.8583677880895	14.6155832967368	13.1211665939938	14.339508315562	14.1795383846853	14.2645621717707	12.6167496073019	14.1987994511795	14.1936367524112	14.1774034227899	14.0332511234808	14.4335531575734	12.9748324214071	13.908328259215	14.9602550202791	14.1878688095064	13.3678770278982	14.0154444006623	14.1893050234272	14.8830442237946	13.8832357597085	13.5727996392377	13.1909331478228	13.9015998908105	14.4227717340594	14.1009758659709	14.1836745696437	14.201100657105	13.8878328534935	14.0977822353135	13.8752789406302	14.2936259798749	14.3126287586417
M138.598T198.68_3	14.0659297090373	14.3651178708132	14.0432842146214	14.1403871293898	14.3099512910024	14.1436891716843	14.7699035842992	13.981671341145	13.6094210928756	14.2566444990875	13.2739417864304	14.2942269142581	14.1165529571377	14.4783436933932	13.7892361342984	14.5552101615951	13.5294617342494	13.032186286747	13.8101559319167	13.5681842004445	13.9881009241292	14.0034692824665	14.5783234703764	13.6651293468067	14.023073434948	14.2068997149952	13.4200091649689	14.35862315977	14.3508741468346	13.4697645012295	13.7542737328645	14.2431246857208	13.6158456473589	14.4006026284872	14.4385446282638	13.1843096417523	14.0292802301837	13.3980743394025	14.3842453556605	14.2139614308413	14.0080801100293	13.9824904138527
M138.6135T198.65_4	14.3512632412102	13.6623627334503	13.906019910379	13.7416556719034	14.1875492835743	13.7915810355614	14.6161946496218	14.164373115353	13.9900210227611	14.2648218843924	14.0826348106909	14.1068966928576	14.2227830183042	14.6101950916538	14.3374846505701	14.5796174189759	13.005052392113	13.4513206989081	14.6783603027335	13.233097978557	13.9534081416859	13.2025014640327	14.1487135485653	14.2882908640906	14.4043843119619	14.4544691572848	12.4831694135185	14.3812716462611	14.0455271532801	13.6775617593981	14.0311763787847	14.0251085404493	13.2213971540824	14.3541717507869	14.3843941656144	13.3661395543644	14.1464530257966	14.0943245276692	14.3488074269962	14.2666501053385	14.0107572792176	13.6227795365623
M138.7589T198.79_6	14.5409411130571	13.8098041455743	14.6964844914633	13.1967187683794	12.9543692851916	12.773049744134	14.6150171791525	14.8494719698613	14.4147933885374	14.0871090131201	14.4357984050066	14.194142961043	14.8744085829681	14.3473271650605	14.9152393240725	14.0585952952252	14.0384775684848	14.1710581929433	14.1844751341163	12.8880186411587	14.6372882829182	12.5994320298421	14.1972134537365	14.6314825070751	14.6175282174345	13.7173525834228	14.3470768919516	13.18256070852	14.4716649764225	13.3981841980338	14.0789005494314	14.8206277187256	14.7585678117898	14.0805354805344	14.4988114724183	13.3059407402297	14.170554296424	14.3994804673924	14.6540120260039	13.9999387784205	13.2233728684768	13.8950341012023
M138.7843T198.55_7	14.0606648109066	14.4654598973973	14.01424503759	14.4047441768579	14.6934793634664	14.283399832482	13.0415348330942	13.3906169909584	14.0158429093658	14.5933125430371	14.266410920272	14.9908719724381	13.9331475372267	13.9157093792418	13.9391813095395	13.1848454674415	14.5068091982355	14.00884159994	14.9162378319909	14.6801770502226	14.0742160382541	14.5996471585725	14.0050431839389	13.7114412212234	13.0608757288065	13.152871671377	12.8759186449757	13.8516011345275	14.518832176759	12.6831749297322	13.7498273032534	14.0226710632977	14.6322738818481	14.678365495651	14.0562004142993	13.7942825131732	14.8907721482708	13.8118196317674	14.0211782461774	12.9998294015162	14.4322400626098	14.4361245132319
M138.8191T198.49_1	14.4157850315638	14.0156832572782	14.4377491869684	14.2307668701553	14.0698000068996	13.7140851391526	13.7283403760131	14.4475088832169	14.3323796600454	14.1429995667895	13.3006376401697	14.235686692956	13.469953159697	13.9084424998144	14.5899763207716	14.092475872028	14.0547519398935	12.905719194843	14.3420602406684	13.9868427236174	14.1482008448358	14.0555616094945	14.2281176086272	14.3895879863061	14.536277018525	13.6505406583566	13.9320008563204	14.4178788696832	14.2499658908373	14.0448754092268	13.2483362046053	13.5587950549706	14.5424480979946	14.1748656045056	14.3714090479322	13.4040844184841	13.4484395657821	13.3606247858898	13.8084384537869	14.1604712550774	13.9436454497449	13.8359095142752
M138.858T198.42_2	14.5423301463935	14.4201777541509	14.3782582029641	13.8602460630819	14.3410307363887	13.8845080066124	13.1096057962716	14.3448346947603	14.4606640713026	13.9811242718603	13.6271170514365	14.0767658216871	13.7815953577725	13.8351394150341	14.6355713739023	14.0429984740521	13.9706124639744	12.7119647498807	14.3929012690653	14.2587220469739	14.4727078196655	13.8871525037708	14.2048658764838	14.3207888672871	14.613716367475	14.2300785040253	14.0870281970916	14.5735613279079	13.9889363673718	13.8351059957612	14.2729926104475	13.7826039753985	14.5618747925872	14.2070859441964	14.6555562544473	12.5222382308676	13.2175689320511	13.927446959432	14.0110258676213	13.9726653960299	14.1267753637098	13.9082645467488
M138.8735T198.56_10	12.9903521220266	14.6953678808832	13.3045196134601	14.4757063115928	14.5765168492682	13.0866072208313	14.4834170169461	14.4777993883424	14.1073773885168	14.3848218039845	13.5160745662461	13.9729504905323	12.9543998545394	14.2935529260796	14.369793311441	14.1898869891649	14.4901020560144	14.0733188743389	14.8121891962431	14.5364867190273	14.2109568381719	14.2252273607835	12.8983187512096	14.7868804350434	11.7669320146086	14.1273232913997	12.8861954753354	13.9099945942011	14.7771040701527	13.6433719868601	13.5278569671644	13.9722683865081	13.3256996509735	14.5792351746035	14.3616447766768	13.7564711843072	14.5078068638923	13.1129083380459	14.1528894396638	13.7956934016198	14.4066916352821	12.8479143403981
M138.9048T198.64_11	14.2082525215145	14.3926485589612	14.0232574636271	14.0981398370975	13.3405287819347	13.9294533566763	14.7779179180693	14.1125707724035	13.0224281309281	14.4244437301095	13.8788445265731	14.4157531457893	14.106045009702	13.615698129729	13.3187595929816	13.6530449441564	14.0074538625242	12.857520630026	13.8994899865168	14.3911880712056	14.1471242554979	13.5229465587125	13.7840845973953	14.5631786244003	14.185432403517	14.2742031709029	13.6435468589364	14.2596244407148	14.3642038441217	13.3046153830351	13.9903588520386	14.0149940847126	14.530853512862	14.5260160739367	14.515867861595	12.8371608606125	13.5844781819685	13.8938377103097	14.1445420476553	14.2275285658612	14.2716619682726	13.9394739328056
M138.9433T198.6_13	14.3706501335266	14.3002543378087	14.342636798311	14.1645501117343	14.2472406850143	13.7887035836992	14.4475845297194	14.2055209944409	14.4401248713717	14.2196708999979	13.9678760824929	14.6674354579437	13.297568775736	14.5188058086825	14.7203658349659	14.3251707362347	14.1457937250257	13.803845988971	13.2622493566944	13.2710264398705	13.9666717477402	13.4549530427688	14.4592423746375	14.3220117679572	13.606315414825	14.4704271749414	13.0071597430626	14.6148753124811	14.053960215161	13.5445944880125	13.3940318348273	14.2038582592905	14.3421255282639	14.3327418818053	14.1832126353067	13.2912709922669	14.2323446009917	14.5080623772489	14.5216587058954	13.2305493722891	13.4222763729589	13.849634993006
M138.9867T198.57_15	14.7652988328798	15.3279876457428	14.8528109650133	13.9995746159356	15.1098364136496	14.3016876336767	15.1691622383522	15.0928335452932	14.0060971663971	14.5122164768634	15.1682818803171	14.7567362761298	14.7733210569691	14.992751128806	15.1927346773372	14.5516281360418	14.4823599218825	14.6967323614344	14.5819910020904	15.1337921788499	14.4846867733745	14.2066999262347	14.4254554058767	15.347513607362	13.8756715565858	14.8846875248203	14.2045466292631	14.9092880539715	15.3407085500986	14.9099711578395	14.4356464849605	14.4941693822847	15.3460554014081	15.0563210633756	14.8003380692786	14.8140657546739	14.558156270256	14.9152774805061	14.8199163713856	14.2286282717802	14.9766236102301	14.3468892106577
M139.0029T198.71_16	14.0397906831349	14.4274110548825	14.0731702841936	14.1762326640307	14.3683406228834	13.5404633870593	14.8148230149759	14.2642386094052	14.2217782838605	14.1908092018464	14.0486962562668	13.9382415919659	14.0988032646536	14.4137370451791	14.2026785549209	13.5671882206485	14.1716807230918	13.9432174711318	14.5058754197651	13.7057425716235	13.9986531954231	13.6629509771457	12.8146543806566	14.4735622836361	14.1671897151842	14.3590093882222	13.8183800070036	13.5023173821224	14.3106598469911	13.3515557857633	13.998848854311	14.1180264399906	13.3056977623723	13.8946533682355	14.3142021851889	13.3912512909424	14.3196723203264	13.9786484524831	14.1861701208208	14.1160012740114	13.9755890651534	14.0445511811035
M139.003T63.1	14.7871989720556	15.13439024027	15.1726239706003	15.4786078349973	15.1162896471054	15.7222555462078	15.0621783619354	14.4023323320433	15.3362294579864	15.2621669840392	15.1059137186547	14.9996640182286	14.9976561735717	14.6291657267349	14.9445345020554	15.0769074862247	15.7338345897575	15.1263431750148	15.0192386643413	15.2588615875962	14.9922024308586	15.3370390475249	15.1501323593954	14.0120686586769	15.0549447855831	15.4715186144097	14.9221606172534	15.1438335307621	15.3850545958225	15.1206738372196	15.8498511593688	15.5501532618551	14.7624858065616	15.4161639691159	15.4783509104081	15.4443915458339	15.7394082695506	14.9282002954882	15.4382313288201	15.5991737331996	15.6846990255796	15.5306429261616
M139.0085T119.64	10.5976545399355	11.2768419534877	11.6559252976294	12.0970384651572	11.4503149649841	10.7391516889013	12.0492671993635	9.73265125877899	10.0106770258073	11.3083928686391	11.621197478137	11.5638512045377	9.37529160059865	9.22895287173426	9.6823213873048	11.0139434943036	9.01630029494444	11.0084014434851	10.6193436716366	10.8347327359485	9.59420123368236	10.8658782390615	11.7890236476257	11.6585447414035	10.7896833137368	11.4794418545587	9.73045958621077	10.2791635324978	11.3899120809223	10.4018228109257	11.5536878391192	11.8104652577699	10.8698160797819	11.6758040171336	11.3526578149914	11.4353721887336	11.2091291845358	10.8231378155635	10.6359999200286	11.0470596012673	11.5782601441796	12.7462346675371
M139.0508T53.63	19.4864222294523	19.611985608093	19.4856697093978	19.0249065317654	19.3579330449186	18.6536454504524	19.4766418530883	18.9014457218848	19.6090101298003	19.0771464971888	19.1555955625481	19.4912492349991	18.9282840763847	19.0958748569317	18.8312846268713	19.4996604136468	18.0063763556569	18.09412036155	18.4101011566997	18.1403178976344	17.3746553780181	19.5907070361065	17.9196900307285	18.9290521730891	19.6934159677115	18.7080126470216	18.6016086989462	19.3147895500322	18.908038742009	18.4031374805816	20.2589137291384	18.553062609982	18.8693393402758	18.6551357776639	19.0311187490034	19.2900591386634	19.3009997499447	19.9581117851578	19.2732097920151	19.1713039378968	18.3088749521834	19.674087930452
M139.0611T198.49_3	14.2406915966745	14.2772622548083	13.99397791645	14.1290840555907	14.2807821578066	13.8408081006638	15.2292671756145	14.1227790193205	13.6102270390293	12.6645504500623	13.4210132880067	14.3374527155698	13.7576415541483	14.6147459024495	13.4167565816643	14.1786155925029	12.5386112864782	13.5598590680649	14.6862132988215	14.1352740426774	12.8659026549032	14.1267141871206	14.3345533333311	14.0222540930897	14.2208576225574	14.5923366550197	12.4081150027905	14.4580303632517	14.4106182204949	13.5723613895258	12.8889406836373	12.5682134108256	13.9439504396289	14.052839632954	14.7058193698212	13.2844957538684	14.2795317288752	14.2068903909807	14.3691805476897	14.4572294640476	13.1234914873174	13.61005846596
M139.0755T198.58_19	14.3655947294176	14.6118416085308	14.5835941080935	14.792271445424	14.5852506876939	14.5450434609622	14.5114133672983	13.6607242742355	14.8101267236423	14.6257067169138	14.5830960541872	13.5392118617011	14.6664609309573	14.7353840493718	14.7948788611831	14.5104970741913	14.4594904750282	14.394025756996	14.935464454035	14.8911741225603	14.4033661731852	14.5632592358163	14.2471140487223	14.7009426711386	14.563878040717	14.7897368780182	14.4039099090789	14.716281134649	14.6914259427241	14.0421969751261	14.2083089273212	14.7031943412805	14.6346829588805	14.6057050044693	13.5700064508478	14.1201809161927	14.8293021813471	14.7522925889187	14.8655973507079	14.3928261204206	14.3306652952446	14.5075921479139
M139.0984T198.68_20	14.8018022978536	14.5650333386078	14.7195071869197	14.8698053562335	14.6079539443953	14.6567254347137	15.0690980279605	14.5015358492202	14.6327919181128	14.6199688174866	14.2794245073716	14.9157425390855	14.6920733696622	15.0030486835287	14.4879911081504	14.7296832852687	13.9908754905964	13.8211529075049	14.8993313720586	15.1166492707536	14.3336342853533	15.1753811257249	14.5782358595625	14.7065450511636	14.6168563804406	14.4355025163572	14.1192878517968	14.4886870835352	14.8041679874284	14.214175491178	14.4623819482403	14.5407348614555	14.7679501030088	14.6627979590772	14.4791232249178	13.9944333527181	14.8585863020261	14.6329927940427	14.5114637144822	14.0863417634033	14.224777607046	14.4050000938797
M139.1127T198.5_4	14.483307188995	14.8324786993187	13.6456238870897	14.7010279495908	15.2484217110593	14.5360632579817	15.0647504979403	14.8980396023976	15.1404697647275	14.6198663989679	14.9009329810361	14.5440747533017	14.0748412096273	14.9319655534548	14.145488609899	14.8961263143953	14.5287701542138	15.0421372136522	14.8199926762571	14.828544116031	14.7403790657572	14.5338155373098	14.8198104183873	14.8708198312462	14.7172588527649	15.1152888624737	14.104544401706	15.0922754184397	14.589657802128	14.7865693908308	14.8638100969176	13.8914605357046	14.8449254441658	14.7880917263377	15.0754519854117	14.2601523311475	14.6779353519303	14.8723870084738	15.2265870682237	15.0225557898067	14.560314085071	14.405000761555
M139.1275T198.46_5	14.8480607434308	14.4507538702354	13.9332468161928	13.9660222373292	14.1066502972828	13.9445443888636	14.4971147577966	14.5690154763487	14.6703792232773	14.0001232760634	14.3311860016339	13.4849930875955	14.6705775650963	14.5032086627642	14.9449137152929	14.263219174717	13.6945668731012	14.1343576439741	14.082640893206	13.9167309106057	14.0527459390518	13.8408052723586	14.3980474044554	13.8857859147979	14.0098288696232	14.1856260649973	14.0459265072494	14.7077345758132	14.5400899933733	13.567949429322	14.3813189250916	14.7671165784185	14.7941591638083	13.0219555408106	14.5482011918952	13.4106132364565	14.0496304840123	14.6589503373876	14.6761031147084	14.2114413209621	13.8892617105808	13.8482149047383
M139.2281T198.46_6	14.2379519994876	14.3660606845257	13.1062624009829	14.2614110449965	13.2108239347477	12.8291473046267	13.7773776826544	13.8989441837338	14.2977781468003	13.5220101932588	14.0279821489427	14.5616098480806	14.3499534544765	14.6893776926871	14.6570380956407	14.3407134170142	14.1341360361023	13.1356729634068	14.3939439610751	13.0965111247983	14.0047589616487	14.0395862599366	13.6542255232211	13.4228270003641	14.290341847716	13.4488012772233	13.6768455235745	14.4236986136141	14.1716375386998	13.6348496005789	14.0516519414606	13.8987500839327	14.3964845362499	13.4406414504894	14.6102344217533	13.6185035540968	14.3151866804914	14.5045368687264	14.3606866740636	13.1049302375287	13.9144579433997	13.9226080884222
M139.2482T198.68_21	14.8580496795128	13.589743612975	14.4545120524021	14.0399800127838	14.2096600599125	13.6863111733315	14.2507260721497	14.3324133193991	14.6753769152682	14.9244290453712	13.8935322520895	14.9240519990074	14.6484332921123	14.4683215663429	14.996433312449	12.9348156216318	13.8764687842467	12.8141820354712	14.8615236501891	14.0496918002435	14.6243218812824	14.2092146936182	12.7052871974119	14.251625258868	14.4027583459458	14.5898636758541	13.7627125693603	13.7675569800361	13.7461685783895	13.8532423106354	14.2593825882756	14.8403052899248	14.359250611063	13.044198651825	14.4277470296539	12.7367589067273	14.3079270518651	13.2663273143476	14.7832413455165	13.1966388424352	12.7075592522458	12.8883550618459
M139.2983T198.68_23	14.3102210400466	14.5637838619386	13.8929982319961	13.5485822555469	14.2069406861317	14.0676956244027	15.0060475699681	14.4150065638763	13.7195897994044	14.1966486558322	14.4062373363964	14.2528330122651	14.2394146447936	14.7837799524695	13.6353035089109	14.6856869421773	13.7184405083128	14.0565502868063	13.6457741970773	14.2382818216276	14.285754652597	13.8033149352116	14.4481908941233	13.3737609844579	14.0476513141935	14.5230906850039	13.8187896039041	14.5791438380025	13.9783418801572	13.8084845953968	14.2418483682212	14.4914001396506	14.6875268446336	14.1836582040814	14.3457412747877	14.0296790099467	13.1530224263367	14.5676404356633	14.5189300501306	13.5702139186391	13.9384496613676	13.9044255251284
M139.3194T198.67_24	13.8993460428678	14.5470844955879	14.3587794599853	14.3355110892723	14.5944403244666	12.9446637043294	14.7040833125721	13.7086342117319	14.3121797225233	14.4412254805854	14.6579520163549	14.7050641637752	14.4366540370963	13.7641027056039	14.5677321834857	14.4591658074184	14.3350419390895	12.9956886178089	14.5122246486152	13.7416593117716	14.2965639025932	13.4723158676056	13.7596354175906	14.2994825346871	14.392088911683	14.3419609867782	13.9529080726667	14.4180203680066	14.5840432780457	13.69136745788	13.811899477323	14.365598376377	13.66527316224	13.6646886590722	13.9668036755274	13.6361859143345	14.0989478615975	14.1049705932073	14.0492950106329	14.2401059280538	14.408753441928	14.0810660948237
M139.3492T198.54_25	14.1978037380576	14.7512043764019	13.7262701565552	14.3566894451067	14.4515980805831	14.2078243596341	14.1887190647374	14.4433684065242	13.5427291772554	14.8127532799865	14.0793413564498	14.8793946184115	13.5493656775243	14.396854110074	13.8441529472462	13.9663583010665	14.1687695003715	14.0855050958526	14.6432511281655	14.5586734656635	14.2269165416378	14.5041607540831	13.0741339427581	14.7226908542916	14.0302048539057	14.4270993956458	13.6757064230181	13.8240718747896	14.4940705286847	13.8092318398271	13.1156940835662	13.5010654437974	14.6097284298288	14.6085901769153	14.5048439849057	13.5500199055563	14.6531882730786	14.1934117579841	13.7766103379573	14.0200697332922	14.2290633364886	14.2379261226197
M139.3651T198.71_26	14.0003747864301	13.9227825289144	14.221199119766	14.4503420200737	14.7261902552027	14.1833381850342	14.4087906647334	13.9664749075934	12.4759425763152	13.7403625922683	14.1043142188189	15.358928972416	12.9997894861303	14.3390030359891	14.2491343173019	14.2364602470148	14.2481096090636	13.7941579819657	15.4450536140626	13.104650475406	13.8954710496466	13.3375386794059	12.9578848215515	14.5058386276081	13.9966967018019	14.1384551235736	13.7016474464863	14.0810805888576	13.4075375817203	13.3526075290602	13.7178199286472	14.2677381620631	14.7324817309327	14.9815060962193	14.3272997176146	13.8338201086723	15.1155097861869	13.885967378278	14.2588824973061	11.705149893476	14.4329489786868	13.3267976084682
M139.4099T198.55_27	14.9406598671008	14.4592491658726	14.7149317178632	13.8090949052543	13.814951413259	13.6456690306592	15.0368409832893	13.973677993409	14.7981928429103	13.7271098458394	14.1193579108776	13.3474746693549	14.7482653382317	15.027027405971	15.0626997170122	14.7379391893593	13.8537017098415	13.5513765463304	14.1239190640287	14.3354592754256	14.4449869868707	12.5780313760286	13.7365316436879	14.2071645432177	14.009509346838	14.8655520637325	13.2263395455694	14.2034561318279	14.3919923233412	14.1794905344647	14.6154189385701	14.9736594681092	14.7887950063771	13.0766472916277	14.9272534938637	13.9053140192595	13.8393054360191	14.7467963312299	14.9845623068017	14.4415758344413	13.1356893490337	13.1462388299339
M139.5243T198.55_1	14.6109249547342	13.7186018687628	14.2459296976646	14.2308068021691	14.4610795571709	13.8117209034106	14.4583095540305	14.4989315486731	14.3501160572244	12.6146302491994	14.7749881766403	12.6282749549026	14.2101122516755	13.4205019634427	14.7440639383144	13.9224981869475	14.2804633938486	14.1615871166653	13.5512459056355	14.3252696425571	14.5693228053173	13.9942119843225	12.9986403783232	14.4276625546652	14.3430058753573	14.4815149805812	14.1040027799299	14.513351245048	14.5929463094891	13.8242374558521	14.1153349108174	14.362750674098	13.457011520354	14.2479253918197	14.3035009172151	13.7552517678259	13.4639655523028	13.5742797792417	14.409671873517	12.6163399774064	14.321835000606	14.1498882580951
M139.5402T198.55_2	14.4841984560161	14.392519132422	14.2931894365163	14.6155723944933	14.7926046825644	14.2672872816804	15.0071029381613	14.3820196048187	14.4561014001313	13.7175392193913	14.3019123256823	14.5497402075067	14.4731936546813	15.0761305376553	13.3487152857387	15.2705087349674	14.4629993177179	14.1261555963429	13.0906675567947	14.3987161044266	14.6852784995284	14.2992926121488	15.1615304890898	14.3452313739779	14.5443363571559	14.808204050629	14.218276591491	14.5051121262856	14.2857450650222	13.6718851274129	14.0136552733743	14.4014241529598	14.5976728411894	14.8488478292891	13.4646625930872	11.8460356179535	14.756145359004	14.531363168209	14.6970374380064	14.0644315005942	14.3820227606676	14.5077478302266
M139.5588T198.61_3	14.2781257826379	14.3272859235399	14.1076079586228	14.5428132457835	13.8197627797106	13.5727757997664	14.926744478633	14.318488022745	13.4409025476383	14.7865067189112	14.150122830054	14.6962516710287	14.4413154086863	14.5850923039185	14.6329151808573	14.5141934166405	14.4728839861534	14.1025070045741	13.9074221279331	14.236602664571	13.4829719002245	13.7525912704789	14.3635479574161	14.3527322902144	13.6037656035227	14.4219919884874	13.11407641757	14.6469355611016	13.693992829923	13.6079878809982	13.3893917902539	14.082468837745	14.8856101687489	14.1417616984185	14.246397786198	13.5523982734241	14.4760468382298	14.4995785461155	14.3314207451703	13.9603161689907	14.3355197438557	14.1684892436657
M139.5825T198.7_4	14.6634217601208	13.7940078345992	14.5811026748427	14.546545939298	15.0637317465331	14.1916280445083	15.0318288853535	14.4669927940717	14.7401579277304	14.9676513329592	14.6721118292738	15.0058362798553	14.6208511588929	15.0357639730672	14.8827210639882	14.4624138475388	14.6530360764113	12.941232938672	14.9136440774154	13.5613497581546	14.7692151671638	14.7747188346482	14.6349415200871	14.5506843337349	14.7682725612047	14.6869323589511	14.1528714583163	14.7704823676723	14.1608020249764	13.6401220642749	14.382282163581	14.7650098023047	14.9219698668389	15.1902194592296	13.8004627891627	13.5386040963332	14.4162263924752	14.8053064090513	13.6637778361505	14.8336544567815	14.4393089835466	14.5368287971547
M139.6264T198.69_6	15.5430587394955	15.5525993980122	15.5885367214234	15.3408486162657	15.3108662207451	15.3214136247038	15.8850801488888	15.4739172154577	15.455053317542	15.788602351855	15.3989813189978	15.4962260619165	15.4622151218347	15.4341011953207	15.5732796519115	15.8534703007394	15.2016888209933	14.8552586228775	15.1353787291451	15.5970575140837	15.5187053549226	14.9565127214145	15.6389364654713	15.6211416522587	15.6184122756213	15.4275721614398	15.1561920785963	15.5280261097184	15.5626205236305	14.96298216138	15.1913061340436	15.7234166176276	15.4700578151624	15.4117291554115	15.474500285133	15.1107576444053	15.3533664324216	15.29471247858	15.4899053421548	15.4904020421753	15.4060332634756	15.1851405222996
M139.6415T198.83_7	14.5117598865351	14.9358780029996	14.4057888961629	13.6247856566833	14.3825855172497	14.1558723402998	14.1739632823977	14.0018678034337	14.4302256984074	14.2597181701336	14.4496914945813	14.6238040281905	13.7853480394046	14.5741553151068	14.8224920760564	14.2354288158365	14.106912265978	14.451550185399	14.3263180453631	14.7582809838131	13.8881268063293	13.8933338606658	14.1092711466875	14.2782572009341	13.9059889520298	14.2838775741049	14.0217804045192	14.566560050448	14.1348411830038	13.7947063002558	13.5684270714926	14.6201629858876	14.8892858961858	14.4275458387516	13.7974776569132	13.2775685856489	14.1482818172601	14.437997388881	14.6869629193747	14.1371953617728	14.3778764427433	13.5680411909088
M139.74T198.6_10	13.1950591333189	14.7603883093303	13.7973757607154	13.5856894003225	14.922911611294	14.186479704251	14.1269030107879	14.4746815203761	14.027062005662	15.2788396363681	14.1194876426401	13.9720308112112	14.3090140700912	13.4268972215086	14.4143306701444	13.7539179374489	14.6203254592489	14.3378708321974	15.2175316992068	14.6585380753326	14.1912786756735	14.6782061037082	13.8658368924285	14.0576664961664	13.9965895984237	13.1155045647757	13.9291667298179	14.1496250137801	14.7248995741462	13.6738187975525	13.9639282636826	13.3049416947738	14.7187071784704	14.9127848759956	13.0158842940716	13.6574934027471	14.838871861425	14.2694496757834	14.4656915599909	13.677905211898	14.397720590546	14.2514060815974
M139.7634T198.61_11	14.3294496717152	14.7521371710994	14.3898574332134	13.1022573866529	14.4112841060948	14.0655183083093	14.7365840816923	13.3186427292891	13.0948019261365	14.4949246290821	14.0479646528901	14.2536082524793	14.336412524016	14.4458421598729	14.6989954010162	14.069339677583	14.3935826534481	13.6163644204232	13.8747662147528	14.5271307028187	12.7896423247638	12.9282048574804	14.2211756519152	14.5224013128512	14.2222086775915	14.281364954608	11.8394787013485	14.5166799743228	14.4355125591554	13.6879836944509	13.772802853149	13.382162153898	12.5460897079427	14.7791558036836	14.6305747138897	13.6227930681668	14.4461134564413	14.2661072056407	14.5442966432805	13.1395053215091	12.7713174859878	14.1143603132379
M139.9497T198.71_14	14.1363364511125	15.1318153867315	14.176076900975	14.4521137427316	12.9099230656208	13.1020689196154	14.7059723205151	12.9828818086615	14.5189687504249	14.6450230576564	14.4804478409341	14.3702653396604	14.5738340307463	13.0691598999606	14.7600515873706	14.1686686549756	13.1718662849644	14.4543234441404	14.8933296111956	14.8639010058889	14.3747952698118	14.4082474313784	14.2431140783855	14.1801010682573	12.7465232531737	14.5247627262998	13.8752177143685	14.3955647399197	14.8897843263074	13.718642384284	14.0574052074101	13.306911055679	15.0166554953929	14.6149692308437	14.1718229654127	14.0136623133276	14.5443762026804	14.1028049325345	14.4785001285838	14.1008042491048	11.50832611527	13.1037452629635
M139.9826T163.85	16.7145316193877	16.5943671709755	16.4841529020561	17.6131894284667	17.6024021730586	16.6676022669946	15.8050188033618	17.6602273915372	16.8146788116039	17.1464796773286	17.3785912849784	17.3912596716316	16.9109690924638	17.3723125355043	17.1028558504633	17.7399532261731	17.6616924000952	16.4499395931674	17.3368368214976	16.9211973909416	16.5538655229882	17.6101377861932	17.4465497286245	17.4673248891626	17.5287890797207	17.5656262590974	17.0201382374587	17.1286461294647	17.2987116752851	17.5376985742125	17.4153979818553	17.1579652324303	16.8843526167561	17.3660923393282	17.820093215945	17.5560385889292	17.5352301090356	16.7661208422663	16.5688545392919	18.0503381849751	16.8726571787539	15.8691090871268
M139.9827T229.84	17.1373007829479	17.3228639436344	17.2374071244176	17.0920905945582	17.1476240705395	16.5301541759712	16.569674716463	17.0734609388649	16.4028161641022	15.6984858435501	16.8076640755742	16.9310545788819	17.1139839425082	16.5315967080086	17.054366477949	16.5632510550162	18.664489460569	18.5822791776916	16.9549856989336	17.0287578467489	17.8332547067884	17.2952210331954	17.7286184303989	17.3068220068691	16.8960778831999	17.1076008101339	17.6227765929879	17.6083450136278	14.3962656486212	17.2776819614925	18.5485851062582	17.1104465258532	16.982177876285	17.1013545729061	16.9360522274339	18.5370114105249	15.8229338451245	17.0994599096696	17.5487100540903	17.2131263998479	17.8211901448788	17.4182407375067
M139.9829T198.71_16	16.7641565016613	16.8861461097418	16.0156215359238	17.4964363608218	17.1906068701404	16.7223294186142	17.0976845569664	17.4888205045035	17.4085455276433	17.1369357226689	14.3953051990853	17.1681160924492	17.6465142811121	16.9560957004283	16.9102553723552	17.4258193932612	17.0597684313089	14.4562731566659	17.1784829176323	16.964501534951	14.1265883983224	17.6433672672936	16.7731088065031	17.0755588701814	16.8288609724328	17.2531639872058	16.6432066346857	17.072992324345	16.937746424637	16.9356945078731	16.645095435505	16.9649913285008	17.6715645779432	17.2997783272424	17.0205205990583	16.4834096408533	17.1704093339689	16.7540451304855	16.7817415023817	17.4874002295316	17.054011888316	17.4753017198574
M139.9973T198.6_17	14.5997164159898	14.9481655301189	14.4467209707269	14.1702088503657	14.3990248864188	14.0720046936304	14.250076453083	14.5362941675095	14.3251872625993	14.5827461381753	14.4114776200633	15.0622237638505	14.3062310614166	15.139351816825	14.5672420343484	14.8446155081731	14.3288706109691	14.2164221716177	14.9169454382672	14.4170402110396	13.0424666436886	14.2144831427945	14.8018425489955	14.5787612306904	13.9730314042368	13.5257480861617	13.6636894712059	14.7463321873071	14.4872062018679	13.7412626329449	13.3427642475404	14.7135600596059	14.8010668841211	14.5309626278379	14.912743520236	13.6775703096206	13.4036102440838	14.600238520196	14.6083606453612	14.4413825862573	13.2369512739731	13.8418576978525
M140.0113T198.67_18	14.8612940696298	14.6374094270387	14.5784134975287	13.3083359926518	14.3070906282063	14.0691341123072	15.191709214572	14.2185126957033	14.9014753023189	14.4410688364746	13.0891365255162	14.5286171341333	14.8496123047886	14.0952147656403	15.2460224311227	14.5415288797077	13.938042656952	14.4625224766116	15.046047973344	14.6907894536121	14.6878910245919	14.2882574770804	14.3775636567618	14.8642529176039	14.8763366349597	14.9312799730007	14.676124200988	15.253627056893	14.7611943497036	14.2448644279983	14.8775582836993	14.8257684063932	14.8636543398537	14.5288545121983	15.0473415676525	12.1739730624686	14.2719826092665	14.5147465663975	14.2706571782571	15.0127279184949	14.0984445798733	14.0410266443706
M140.0114T61.28	15.9422912977942	13.3419804024265	14.377400709022	14.6350950263674	16.4763716942188	16.6083994933656	15.7694023111258	15.411738091095	16.4060616986255	15.8577735187654	14.6761559359094	15.6146049337777	16.0065477213172	16.2256133361425	16.7258853554067	16.0433137147888	16.1538754979563	15.5271511811001	15.8719262649411	15.5280031543996	14.2945394571394	15.661415609193	15.1476601982188	15.6921118322481	15.5301854210226	14.756438484681	16.5540541150798	16.5925734839011	15.9765311772019	15.7037385166397	16.9785561256949	14.4000971675942	15.3434109902867	14.8645704197086	15.662624428975	14.7834164693287	16.5539947692944	15.2852137547099	15.0085267181745	16.9696946058514	14.9770849237424	15.5574961593867
M140.0323T59.73	14.0495265516202	14.3982469487348	14.2550656884784	13.8890302193599	13.7129563456456	13.9654543411697	14.2907829932999	13.1877583436334	14.2298175922039	14.023561013881	13.1864293698561	14.3460349944118	13.3461094345651	13.4380617571268	14.0060421625903	13.946884482871	12.3093659785575	12.7810642259741	13.9315199540968	12.9513741726924	14.3902950416715	14.5677777473721	14.8011955431073	13.9375896517111	14.5256189465169	14.7794025418679	13.0327457938065	13.7673083529073	14.8737503179896	12.7896032330408	13.3556292518577	14.5836062271443	14.1571817092854	14.9363035338828	15.4164766443643	12.5870676828582	14.8897992862511	14.8054878223978	13.6211364830442	13.4039318657193	14.0302253824658	13.7169695040129
M140.0541T53.75	15.0605425689949	14.5446296351239	14.8605595456572	14.3746862859562	14.2687754052025	13.9302525502156	15.4808215474757	13.981840230424	15.3962550246218	14.0650347340803	14.4252272995097	14.157609924415	13.5513311650805	14.3133429257684	14.4360738347244	15.1464650171119	14.3970434749002	13.4910061550266	13.2858427757744	12.4560657840288	13.3791803528331	13.8364797042222	13.4096773813312	14.4731861767247	14.6022557733253	14.2502764683153	13.9373443705995	14.8123044357735	14.4129705505536	13.5485477846049	15.0756373916447	14.0274251762001	14.3601635700813	13.5467279958216	13.9721878861841	14.6039664834099	14.3211990044366	15.5824166677407	14.8844150620198	15.2233183809165	13.8506834602787	15.2768280146444
M140.0822T75.37	18.1819299551119	18.4914894182299	19.2095185377959	18.960286203343	18.5139499271667	18.1903717694833	18.5057431486754	18.0448525939411	18.6972990471875	20.0615973961949	18.5762631729968	18.7301425980898	19.5144220597159	18.8143176044009	19.2760005851958	18.5418169593321	18.3504792292799	18.7810511303107	19.01996896261	19.3056991850744	18.4662337651865	18.7162647154867	18.3489396210558	17.9444523232304	19.1798100947231	18.9964516895985	18.5835056308789	19.0860965310235	18.5984798518765	18.4708448496885	19.4666288661018	18.3530920690622	18.2383749133256	19.1453298173413	18.7731542368077	18.9401616973305	18.835805044814	19.4035375791565	18.6043149203215	19.4437293686526	18.5145134402298	19.3964854002335
M140.0978T198.55_20	14.3007779481426	14.1020623144438	14.1034551805313	14.3486857612474	13.8032877702073	13.4654777436116	14.8818356333914	14.1844220281105	14.0061861264304	14.6279928822942	14.199414681526	14.5083964390726	14.1617702680068	14.4446973327521	14.0262542705725	13.8628769273303	13.8056920952201	14.00086041005	14.7632624946983	14.504669898894	13.9546013484358	13.9928472812677	13.6439953181759	14.2633093895129	14.1762495610291	14.5019933577686	13.7927991082327	14.0635002512149	13.9278603131136	13.5684384760418	13.6522909211694	14.3489536820889	14.5662323281754	14.28211396093	14.124680111586	13.5478140714257	14.4623619365778	14.3581968339461	14.5583880940957	14.2516532947282	14.0828226827816	14.0342317910512
M140.1752T198.49_4	14.6618585027758	14.5620098659401	13.769290708825	14.3248963860486	14.383457183114	13.8386724084443	13.8932192759938	15.0984286583344	14.7461685781643	14.4386940095877	14.4910910581274	14.7352637029056	14.980576261852	13.792438952838	14.7081608010564	13.919293498493	14.3766630229435	14.3056749746966	14.8185796752304	14.6882214738173	14.7026917769045	14.2788109368692	14.0867250360575	14.3752834871433	13.8418387866271	13.6714943740488	13.991786502782	14.6546867826991	14.74946749193	13.8533662581065	13.4368640139889	14.8887113527989	15.0877184909534	14.6512599254484	13.5718057644236	13.8394994629544	14.3554486745896	14.3407615648777	14.7988508436927	14.165893286629	13.0868633427493	13.8022121487796
M140.3292T198.69_24	14.1404448622875	15.0064876064299	13.9479452180923	14.7992995836403	15.1134798427952	13.1409168603812	14.6203591535454	14.2711400710959	12.3542883636207	14.0058208514615	13.7491311481352	15.1845390972862	14.2150445092376	12.7568590210186	14.423870247169	14.0416470219458	15.0973149677841	14.0251867458155	15.7095382759601	15.0425978052069	13.446819366063	15.1343880047671	13.9325892785005	15.1404028210749	12.8287146953755	14.0331557752478	13.5021987392376	14.2360416075169	14.9335387801037	13.5370513705639	12.1321091434109	14.464138394056	13.7916734495054	15.3236223806063	14.4227089470967	12.589711662737	14.9959427641054	14.3073047931751	14.1337556653539	13.842814030586	14.7873698429176	14.7820338820756
M140.4038T198.64_27	14.520383135151	13.4305285334397	14.4010081993675	12.970992337379	14.2581596527661	13.9915945282878	15.6216389091314	14.4113704359173	14.562241173054	14.5198478270733	14.2377027231236	14.1232318833643	14.5907311648595	15.2146990680202	14.786504079535	15.2150857989062	14.0117586982663	13.2951259843445	14.6141164969691	14.5102809678019	14.1056503547774	14.2108259473162	14.246289749318	13.5883784203877	14.5192409603395	13.7827160885634	12.6542841082958	14.8527834844392	14.8345312354557	13.8447885772277	14.5481752423134	14.7690853152659	13.6795764297307	14.681714193979	14.8663613057533	11.9667522777633	14.0660738470969	14.8913304741231	14.9003287263846	14.7895478943065	14.0409532942482	12.9614188950828
M140.5262T199.01_1	14.6550673667557	14.2995837682035	14.9976657899959	14.3955513749471	14.4991192401703	14.0253926058866	14.3044089254368	13.9096463417575	14.760742045055	14.311254442536	14.5498466644355	14.7826093475398	14.1756743442817	14.6742705272639	14.725519151309	14.3401661984063	13.9798760825208	14.5558366528073	14.3830666553292	13.9672689435133	14.6723489078526	14.447030147466	14.4558416179225	14.7489216683898	14.4284195616739	14.4901861077996	14.0640269838551	14.4495847728629	14.9501097113551	14.1379334380267	14.3457474822712	14.895094838289	15.267496537888	14.9514851463844	15.1502514229727	14.0252577278569	14.6619838238365	14.5735833637115	14.6934927346769	14.3276402170168	14.3072311233741	14.301673874769
M140.5669T198.71_2	13.3832266904449	13.6360002419768	14.3662742100311	14.4312037694877	14.4639544837221	14.324801619578	15.1813673435874	12.3467769472237	14.582400784314	13.9296183054762	14.6123158106302	14.619151935572	14.7457515899714	13.9716709625697	13.1741816866978	14.5114125660392	14.6082607274945	14.7664870589504	14.4864212000548	15.1415770105641	14.1882490692661	14.237386416514	12.821119195346	14.702386059033	13.1081157150147	14.3391475937066	13.8641976763089	14.9235957071056	14.7677900799123	13.0732848721684	14.3673289274525	14.8039652132655	14.2230829397168	14.7230128649507	14.8890328724567	14.053765662802	13.1113009299715	14.7832614707406	14.7813566940482	14.5251384775846	14.2372172159533	12.4853754175228
M140.6476T198.67_4	14.592075178638	14.917303556528	14.0666550580918	14.0298563048942	13.5476794322588	13.9211058480129	13.7865313544785	14.3596674584887	13.622926635498	15.4242697361466	13.0145275948608	13.9246267527178	14.4394906049112	15.0727456342642	14.6764093333512	14.650431542825	14.3710362973285	14.2840178448156	15.4125779409228	14.7371947344625	13.0747893475457	13.6650136858553	14.8496513220219	14.5270756165525	14.3522724916301	14.8428721653401	13.684551734291	14.8514038842008	14.1892024696253	13.5271568111628	14.2744762825621	13.8222034017728	14.3345529668752	14.1332740699107	14.9556917034644	13.2267602759435	14.5802334511515	14.7635279583369	14.8347640657711	14.5774239632113	13.323878480667	14.1220304162012
M140.8439T198.49_2	14.6075681012681	15.5972362779735	13.814775130617	14.6207408501548	14.7005020623075	14.55397037463	13.93994062984	14.7032278390343	14.6039319383896	14.3287559851164	14.7606020836136	14.7113799687364	13.1120537410291	15.0890278310035	14.6704774451517	14.7090630947426	14.9244810311989	15.0077823254681	14.7459129836399	15.4631174142019	13.1668671490063	14.2167908282849	11.7701420999283	13.9274244711755	14.5627448736501	13.6158914177758	12.6743380926851	14.742565984083	15.4404495802371	13.9761382448912	14.289673499381	14.3452110338261	15.5011168058245	14.9196859412774	13.7335059990235	14.4157300398365	14.198211678342	14.7426145574145	14.5049165303699	13.0545251568759	14.5545850919181	13.6146868862381
M140.9808T49.36	14.1821525195689	14.9161095127406	14.830808584421	14.7714517270451	14.3366773164347	14.1776551619462	13.0259422872139	14.6688638943628	14.8333032005632	14.6782388720846	14.2379884958378	14.3287023830942	14.599270260658	14.5307333860477	14.4211370209859	14.8584569762843	14.8241435893691	13.9892477245972	14.3215564044638	14.3066968230174	14.379560075933	14.8423376374703	14.6728615239708	14.5441345136961	14.8244572640103	14.9201722905269	14.7940558510743	14.4128192220002	14.6210513018381	13.4515142763645	14.7077207467481	14.9177108002687	14.7089562643657	14.9753285652159	14.844352320562	14.2195026255848	14.4583735484071	14.7528868252296	14.5622325622095	14.7615879519048	14.4509036043225	14.0348393061201
M140.9831T198.68_12	14.7742647418053	15.4406705422471	14.9368967304915	14.6959990819218	15.0907849192877	14.9354626462316	15.1126801282494	13.3224522799871	14.7669159371788	15.0228628149835	14.9744754796832	15.3303999824272	14.789466743529	15.1236548771488	13.8326902901783	13.7492277904031	15.2370123579181	14.8615965197988	15.3864303703378	15.3035095495136	14.5422026895397	14.8684929454691	14.4019717518409	14.375574634079	14.4719615363071	14.7079721855066	14.4070304781605	15.0173228497909	15.1974433108072	14.0804894868291	14.5438391740781	14.847626200665	14.2111145466093	15.2295057987338	15.0739455952998	14.0516053718363	14.9467942511828	14.7836504065093	15.1308105580083	14.4413398726296	14.9066187150601	14.6630325934361
M141.0669T198.67_15	15.4418339993962	15.2715843679534	15.3840799633252	15.1853454343464	15.1818356157054	14.9308717522914	14.4912367676119	13.9241598090574	15.4527894425037	15.5209577751007	14.2132385062391	14.8689890634968	15.2269302740035	15.4642925223594	15.5392169091185	14.9138760675075	15.1161662827901	15.197287048247	15.094380898422	15.4599727905393	15.0915343235362	15.00815691707	14.9517614748442	15.3205916981483	15.4357830456081	14.3881214909903	14.8134923277446	15.4740145915704	14.9045573424417	15.1031688069291	14.5661781600945	15.3981543076758	15.540556474492	15.2568005971148	15.7453221918453	14.8911689857738	15.1114189681873	15.4693405254523	15.5386625665334	14.8341643163297	15.0227934036155	15.0274578473776
M141.1281T198.58_17	15.0081863815722	14.7448053637908	13.8095540570903	14.7211427122825	15.0115437130643	13.5848599059934	15.532575400903	14.7198597534442	15.0884638481782	14.8107767410837	14.7143911051975	15.0763474442765	15.0290939374359	15.1844552725249	15.3741369588228	14.7965760101772	14.3942180270191	13.5491686558946	15.1632376947396	14.8026755493239	14.5177929311107	14.588569589735	13.7889409321908	14.8189440515184	14.5746964867749	15.1204499917969	13.5410018454917	15.2294061012667	14.8745411198299	14.0426845855392	14.9752926283284	15.05207207153	15.2092240466999	14.9468861262572	14.2212753305393	14.3212156269807	14.6171619140864	14.0481313665972	15.2054953989427	14.6799085852607	13.5927000820452	13.7602454849108
M141.1651T198.61_19	14.3289153230035	14.8989004412268	14.6258455568815	14.9705343391451	14.6913646450447	14.3814361007903	15.2070703567527	13.8056098890483	14.6443303278269	15.6273490714765	14.5780618526997	15.0411928852975	14.8281792365501	14.7066113805597	15.0333395693138	14.2219105728771	14.9522901338028	14.7125747883245	15.1857697471255	14.7046028735664	14.4046607884187	14.5565701419663	14.3470835646354	14.8641349807846	13.9750770956526	14.964821506263	14.0432253445127	14.8786443254527	15.091886755773	13.5218061621008	14.2035934904582	15.1445237980894	14.9931445115619	15.2603649735832	14.2203136642896	13.295818576252	13.8967052743714	14.512565604634	15.0104613551648	14.7445354217637	14.4105945494935	13.8110406324965
M141.1923T198.7_21	14.2972835586726	15.8862560792801	14.3945495981684	15.415359413448	15.3201699541842	13.5847571141484	15.1136250390841	14.3323993142947	14.5901277436817	14.9211269936962	14.8287284169622	14.5386388997778	14.4433936371972	13.3909351098726	14.842780265567	14.5129061320391	15.5978920805827	15.2444405283165	13.9617070611767	15.9471831565378	12.2217957171948	14.9696999880462	14.2015668455035	15.3652873058024	14.2500432542108	14.1273045471833	13.9246253059318	13.2361539080597	15.664223783149	12.6413556374639	14.3437097338768	14.7207412827235	14.176706261916	15.5362223351475	14.4840865925729	13.4661288107338	13.2318321169059	14.1539883061887	14.1464440343514	13.2514207707377	13.8073482944011	14.0022014904704
M141.2381T198.66_23	13.4007621497715	14.0577161345419	12.5717211010097	13.3989603991312	13.5632287939299	14.4522723242602	15.0305992460594	14.5180820580005	14.8573262095072	15.1822763342161	14.7090180051009	14.6816096472966	14.6728708385109	13.7069914658274	14.8764825937639	14.5492429654222	14.6544899741018	14.7494545916334	14.9136223610642	15.3620887654194	12.6880732475308	14.932715457551	14.8436575465771	14.9788395832347	14.5554326835774	14.7960605260267	13.5231116162928	15.1025350847639	15.2265947156048	12.4776007630667	14.446048903828	14.8823508984256	15.2611372455865	15.3321412373826	15.24431893272	11.6364401371644	14.8053820817049	13.3316767100991	14.9776867155505	14.4761993404272	14.7028370345122	13.2938539348487
M141.2601T198.56_24	13.730968191783	13.952457610821	14.6664799668476	14.5142610472701	14.9978594018304	14.083532177832	15.4700733260076	14.4111619710104	15.0481077863337	15.4259659903736	13.3350758282525	14.8901439281745	14.2635132086737	15.6587604426497	15.0625396160553	15.3696715343349	13.5762861216158	14.4417312149014	15.35266790169	14.9259458017912	14.1440543202959	13.5450480590279	15.3541842063446	14.7147117735985	13.5035380754537	15.3021218813398	12.8646923181485	15.2719772215712	14.8368827913461	13.8986615635174	14.984681950987	14.9719062141739	15.1874984555659	15.2110385241434	14.4145434526238	14.2268746907485	14.964892839381	14.9330811508654	14.0813395579963	15.0589707644468	14.4686403540918	14.5418945447705
M141.277T198.56_25	13.4013412044374	14.2135087551655	14.2705148230192	15.5878327294747	15.572467657104	14.9633636782618	14.9048755929179	14.7871034656108	14.5652922738512	15.5501849288033	14.6470366322527	15.3609190361572	14.6963951397268	13.2579964745807	14.253742247936	12.0688743819306	15.5576758349816	13.5916106819248	15.8208557499058	15.1373648214237	14.3554908989719	15.4110295585868	14.2040620575095	15.1031903355175	13.0840709103378	14.2817740846739	14.1683319236657	14.4936390471285	14.98020584052	13.8893954319571	14.2777634728775	14.8445043035772	15.5150836151285	15.4546265292564	13.505434727357	14.6554013549572	15.4333059494455	14.6717053717394	14.6125244653082	14.585984619375	13.8177756417835	15.0726755564223
M141.3055T198.68_26	15.0066235954398	14.01291967814	14.5517118212523	13.9827552328831	15.2346120466518	14.5845581714028	15.0408863892338	14.0438215200531	14.9675482212758	14.8087689360494	14.176781228708	14.7624457972872	13.7932876296096	15.596460286213	15.169327398705	15.1153744965488	15.1327166820267	14.7006314942974	15.0735066054592	14.2872873720164	13.8214995600818	14.3784404750307	14.2973627855894	14.8433504725635	14.4791088249516	14.9432386762521	13.2833953728975	15.0284835104722	14.0545648896798	14.1330320316846	14.8083355494458	14.6857008517904	15.5051717901826	14.9780029107752	15.3231959503258	13.7658802883226	15.0642054480939	14.7941958316024	15.0726764827049	14.2805545357176	14.9265999158741	14.6575934048036
M141.3393T198.49_7	14.6701995688531	14.3797137575137	13.2655089378698	13.6951584798013	13.7435908700919	13.2097278883575	16.1293629229993	13.2807230123541	14.6127092172157	15.8476685188063	14.737039546998	15.2097656608418	14.5763786603704	15.9322135226892	13.4842068052614	15.783114932038	13.4143070659957	14.4906418683592	15.4996301200528	14.8922221020808	14.2247143553162	14.9233097894834	15.3810815073707	13.9040040910579	14.5431887317984	15.3187807498323	13.9230141641025	14.1936392646966	14.8034022653051	13.9336313249339	13.6364547959341	13.6161598987923	14.6096186435181	15.1562880301518	15.6257537073562	13.3214101678532	15.1215627367211	15.2081748577154	13.7674049457234	15.6423976617915	14.4731713674038	14.5162426365456
M141.3833T198.66_27	14.974116146614	13.7255471531067	14.6441197832309	14.7908053176986	15.213081444044	13.0683192014407	15.4473105545387	12.8511999879686	15.2059046307021	14.4858424867485	14.7737292664311	14.4796733759147	14.8374228959069	14.0320732968149	14.8779537446465	13.8310501284855	14.5278980295025	14.4042703293647	15.7178196438878	13.7796101470817	14.4346257753961	15.1534656308122	14.7150769181385	14.5337877295481	14.4771544695463	15.0989947512166	12.589123874388	14.9900446690682	14.7180589429773	14.0174842455674	14.550528127778	14.9429076795967	14.1263098119139	15.5470057759635	13.8534778923342	14.3498949611151	13.3970783626037	15.2032531354425	14.7710952765041	15.0887959615323	14.5020420065559	14.4392733007431
M141.4595T198.68_30	14.0177764645796	15.077310682783	14.7126037294066	13.9606862371724	14.0431459228319	14.841687701199	15.0587394934173	14.8419431745449	14.7722948610155	15.6258351524797	13.8299883513548	15.4795715615517	14.8448562077988	13.8578229115603	15.3246561558745	14.755106127321	15.1857291467482	13.5619341762034	14.6720147367512	15.1535941421198	14.6871807561177	15.1893777508134	14.7801927844916	14.8220963136611	14.9404513888716	14.7897620222582	13.1285078338026	15.1021343007363	15.2130942387059	14.1203398785248	13.7034410389671	15.15659100847	15.3902679424805	14.1720670581002	15.1507250944935	14.6866142580203	15.2773991306854	15.1718559300653	15.0770737743486	14.5856908354005	15.0192715672627	13.8171395262842
M141.6228T198.62_2	14.932500880071	15.2846942765142	14.5024693932203	15.5019749508204	16.0438636956606	15.632282335718	15.694275599148	14.8512055414506	14.6834164889689	14.9316990664421	15.2846956801787	14.9445724468497	14.7193846733838	13.921290717052	15.0594972217262	15.7824290398554	15.2934438607414	14.5287300176131	13.9833482389199	15.4413079122902	13.2920706396091	15.6745408197875	15.1799667634301	14.9937303191085	12.9645771279043	14.8914624840109	14.545765924412	14.561508165148	14.3708634820104	13.3680877774937	14.6624602507907	13.6501803796974	15.6431069401875	15.669816264177	13.8741614342371	15.1739722793957	14.0053764416974	14.8449263886365	13.4852976995947	15.5711726738639	15.894281729068	15.2675557090755
M141.635T198.49_1	15.5405188273742	15.4180178579308	13.6860744072378	15.0328555632597	14.1745997645429	13.8345045160401	13.9023295475982	14.739658701528	15.3622133708901	15.4462901280026	15.1457906502179	14.0485917347451	15.2784220096584	15.1589941607226	15.2712256592482	14.9754447790633	13.7109865850518	14.6587540582552	15.2135122467075	14.9174151686838	15.3651829361167	15.5126656495892	14.3462881587117	14.7003558225408	15.080735599299	14.9712149143475	14.951008909516	14.1217023847945	15.2400521782684	14.5008097784096	15.1367525770163	15.717260676191	14.2763915096499	14.2959110076658	15.5439695372377	14.9899539241078	15.5597663733799	14.9973559473738	14.3074304381192	14.7758899059333	13.6371545136286	15.1597197068853
M141.651T198.67_3	15.4635528882104	15.0764924418576	15.3453924001548	15.3469535445808	15.4262283612969	15.0935761786243	15.82691335673	15.4150525460818	15.4481599874407	15.5689259554075	15.4211824050923	15.4816073532947	15.2459911771435	16.1233271117359	15.3218423907978	15.9303379481941	15.2477989712609	15.2501089652913	15.2852112108959	15.5817781772247	15.2986247899604	15.5936824824597	15.4832029669772	15.0147789696038	15.5275388204088	15.2928828350885	15.0313318568799	15.4223009950055	15.2506478903877	14.6662029168552	15.3108849162903	15.0183614127428	15.6725841414	14.3724383084876	15.733327499167	14.9653099362024	15.5203772108198	14.9482978358864	15.0587851054311	15.9672538064155	15.5094254979924	15.0812983261654
M141.8963T198.96_7	17.3089321939804	17.1036427203596	17.2310185548697	17.2957190306675	17.4036397122269	17.0056811378961	16.2801603423894	17.2826623036195	17.2178544896909	17.346386430186	17.0183691478241	17.4500133074691	15.1029016752722	17.23767762364	17.318627059643	17.1200867625259	17.1552915977002	16.8081517413303	17.3126502998582	17.3231615013572	17.3410608973806	17.3898009627774	17.1119293021726	17.3633620204457	17.2549482108591	17.0619123046376	16.9899606669562	17.2890275513815	17.2005352012177	16.5062268811613	16.8761905743759	16.9855133171681	17.431182151117	17.3725439985528	16.9794769042562	16.7380535228539	17.5588323426856	16.7327048323947	17.3041546301879	17.0544335358282	17.1354858695132	17.2264391624879
M142.048T48.95	13.7135163200659	14.6105073456909	13.7132552812457	13.7935479400578	14.349076700413	14.476418729516	12.4039690375967	13.9720677406267	14.3227513185643	14.0327728171109	12.5006497736738	0	14.3264219997494	14.6118030764368	14.1166473187028	14.4032105707273	14.2370186110743	13.410580715048	13.9507219960925	13.6903999478315	13.6867509806048	13.911524164553	13.8094011441721	14.0069491911053	13.9113278007909	13.798246487764	13.9120073467402	14.1318790851995	14.2069988832796	14.0773222870993	14.2494600821564	14.0863030586187	0	14.0350364050303	13.4173413229466	14.1273124535941	13.9155252474157	13.4423170250331	13.9417015135294	14.7148511194371	13.2828177727237	12.9504146994948
M142.0505T107.45	12.3738771694636	12.7092520416373	11.93436053512	12.8288176469384	12.4688520456441	12.8446458869179	12.7786086496407	12.9048124446995	12.1774027032675	12.8756202676553	11.8199760684529	12.6359526594678	12.1529660816059	12.2467435297558	12.1803690351324	12.666520293369	12.3475913623733	11.5415067826133	12.6752815622353	12.5771426344379	11.9372251376007	13.0719865772172	13.4165857517077	12.7264124123828	12.8575043512718	13.1229273476885	12.1465185014661	12.654045568031	12.4316653911067	11.8244587306762	12.2937275943297	12.1378536512715	12.0993427789434	13.4770093549022	12.3498953441656	12.222686553898	13.4933969599486	12.8025957991983	12.4947461081569	12.5350785027524	11.9799254291039	12.2704063110978
M142.0616T229.82	22.1207753088829	21.878232207741	22.4915905079266	22.2164362763863	22.4943947746007	21.9806098360151	19.107897101759	22.3047225875034	22.2630297372775	22.0463454007253	22.3582229998642	22.0997030875259	22.1127299654057	21.0618958495954	22.3275106557729	22.3188867500136	22.1567691729332	21.714659213086	22.2923015529657	22.302274649943	22.4231565397451	22.2793812408163	22.4900569638889	19.9829960072167	22.3573773060784	22.1682027870602	22.3662565215692	22.2989040330285	22.0229716785268	21.7492459075808	21.9246071055491	22.4235036607597	22.4721080535414	22.3508710294227	22.155509152237	21.7624393190348	22.1573943168979	21.8882425809256	22.2398521297053	22.2743528916071	19.9595407171309	22.0815163554877
M142.0867T61.18	16.6891656278119	16.0491194165642	15.1214116743559	15.3467570273571	16.7806561559505	15.5982298623861	14.585610579758	16.304674812305	16.5433381476835	16.5531273041647	15.6842724488369	15.2512768851222	16.6452322538819	16.6550613973358	16.5540696761333	16.5742674266017	16.4602453252521	15.7448519552282	16.1822298612571	16.0992162792916	14.2768624761446	14.4920379838424	12.4516243093904	14.8300163536229	13.8073379539421	14.9047657464011	16.524509022062	16.4476294337214	12.5543416779427	16.2155871198812	16.5680855553701	14.9866895872486	14.8056440796949	15.2259090465807	15.0336775415395	16.2306396375781	16.2916696809603	14.6828674784274	16.0763962162274	16.7537575745954	15.5914346726283	16.2053316527446
M142.0869T323.73	13.3649103969849	13.6699556747199	13.0464309767905	12.9047148009729	14.1197925813473	13.2770535623991	12.5715547199872	13.4914564257754	13.7893757440825	7.49974944108034	13.196680568999	12.3412949452362	13.8115466446164	13.4397314795274	13.9065488814753	14.3050759940156	13.8224283886057	12.2520044452953	12.9476052951465	13.6399426404935	12.9132550298367	13.4947614418564	13.1187378994201	12.8751033715233	15.0067714087552	13.7382140891357	13.7958824928873	14.2159367751381	13.6355212586697	13.6694346518563	13.7959817273764	13.0638801770204	12.8517179966981	12.9965799741186	14.0327524558362	13.180217584786	14.6776119576868	13.7899351109075	12.9234159222008	13.6479193110193	13.0956385930628	12.8100714448061
M142.087T246.16	12.4260055636761	13.0691127699089	13.6082769163593	12.8482300017505	12.5244538638259	12.9349847116299	12.472828218141	11.8962795855749	12.9832849944281	12.7264442716536	0	9.25546538589054	12.9348007335129	12.1602346727536	12.6168147510009	13.3437263006585	13.138465613599	12.5647054852925	12.4369957291035	12.1100702488028	12.8239932477409	13.3871181376312	12.5145288225705	11.8669749046237	12.2280336980277	13.0304941287681	10.2024714517894	13.0679878762016	13.3254772054727	12.747574919602	13.7336829477978	13.4428407217992	12.5158387099772	13.2632897080254	13.6675134376988	12.4875441162805	13.6138348746655	12.9198526502004	12.3109431969698	13.2886049974808	12.4138304393676	12.4700276684809
M142.087T133.48	13.7351297568535	13.8750252697052	14.2463309885403	14.0634929843657	14.6622276009062	13.6343906510684	13.4955059613539	13.6501810102558	14.5862674193677	9.21848364218082	13.9197603550546	14.3068627101667	14.4002046240604	13.6295870788313	14.1535379234036	13.8098352413167	13.8926795108705	13.9316893675129	13.6004979259475	13.6798769141638	13.1247679086674	13.2073132204014	14.1691545741973	14.1874502208509	13.2602058606574	14.2646141359587	14.08143468875	13.923465094617	14.4521616468501	13.914497313778	13.7593356369091	14.1695798333284	14.4815861884482	14.6419401153305	14.5896068587432	14.4810061246117	13.1111791712218	14.1425434082218	14.111715670078	14.0313399804818	14.1027015561647	13.900581851225
M142.2097T653.55	13.6959895815613	12.9797046298601	12.4759569223117	12.9189929569114	13.5971960967888	13.9359284241766	12.9616911603263	13.9779432169997	13.5203794334676	13.8884456427004	13.2649101910434	13.6000210704234	14.0857803414646	13.21017621	12.5916567161895	12.9634805239983	12.5667223438172	13.1088545522265	13.6224320186304	14.2802968745397	13.626006302529	11.9277801262581	13.5992089846333	13.0952245154099	13.2900655268382	14.4063060302097	13.1798503131739	14.2868281598185	13.6909579570181	11.8480219815623	13.0199494296021	13.5297652547976	13.2182079718869	13.4781855104958	12.3636603091268	13.5504581448333	12.5087626116249	13.9656979409344	13.2649295153476	13.7417776123047	13.3888553618344	13.8365358225535
M142.2274T199.01_9	17.1693811459344	17.0387699865657	17.0805604156008	17.3600323406159	17.2191063265038	17.0008233019895	16.995114301633	17.1060386671425	17.1286901879735	17.4296393242	17.0489621370107	17.4859113957674	16.1528374873264	17.3309054748514	17.1802600755728	17.079307479956	17.1905356549684	16.769520013308	17.2479349054	17.2447262400119	17.1291018473792	17.2507403907651	17.0705344157506	17.2501320541598	17.132750269346	16.8536309906026	16.911646971867	17.2393061248676	17.0588167214117	16.4025250912651	16.7974939744275	16.9329710279993	17.383829594026	17.2856447065979	17.1082602187226	16.6102793354909	17.576890135354	17.0336607278401	17.2244250663153	16.8761272197726	16.8832680111202	17.2027518379061
M142.4739T198.68_11	15.2022150438455	15.4087698141083	15.5245071111767	15.3490343508688	15.6956371540143	15.1554242658415	15.0889720123156	15.2835568161767	15.3003964153533	15.9688846995613	15.4033275939472	15.6385335491512	15.3190048395082	15.5697322262792	15.1952999614242	13.9992230026958	15.2581204340864	15.1626234826284	15.8608455917707	14.9779155038767	15.5280217986876	15.4866981769806	14.0078201716962	15.4594414505669	14.4695651908994	15.5807720410586	14.941304024685	15.5099099003772	15.2983107366356	14.9210710436549	14.8742184923893	15.4156578919574	15.5772336431756	15.8052966150308	15.6735222214931	14.7117471058152	15.6808180512307	15.3791918017891	15.4351269432249	15.2447078858196	15.5192740056711	15.5748738169171
M142.5323T198.64_1	14.7583780876641	14.9675145678848	14.9000109985293	14.8801942790927	13.9369558467323	14.8660434642141	15.068457904882	15.4149787487987	15.0450114941695	15.3851865972202	14.9984968339999	14.6556850790412	15.1928515980209	15.1196137973943	14.8349479884145	15.3684742442715	14.7667984837739	15.0502684587262	15.13057672265	15.5779309157927	14.2207464086526	14.8114503117444	15.1689582895204	15.1922235287895	14.4865199280534	14.68694085431	13.9372269265488	14.338978632743	15.242231011095	13.7576441914341	14.1912546311282	14.6377220535111	14.5757918487958	15.2818510408226	14.654820921876	14.2718156586984	14.917573691446	15.0077225665036	14.8060318728235	14.3479993695414	15.1645878786746	14.7975353582592
M142.5836T198.49_1	14.9014672262495	15.3510188873107	15.3611376107347	13.3883095147014	13.3499129668336	14.6358812671391	13.8684201275665	15.1216054085044	14.1861962396876	15.2157907153151	14.7346500070009	14.8786109726725	15.1376029365305	14.4429623170311	15.5370401888693	15.3547875131742	14.605365870012	14.5739983065245	14.7519159552691	15.3965253360333	13.8757249567455	14.8054375365464	15.1528941428146	13.9645347977673	14.9134727625122	13.9890117512607	14.5807655747312	14.0598002857844	14.7270473034721	14.7873787889941	14.8057165031357	15.178296688613	15.4787788872904	14.5749458320182	15.0416008191608	14.2086146125846	13.3554541700702	15.2627860838148	15.2838307190975	13.041440876574	14.853886726024	14.2589627992929
M142.6743T198.55_3	14.9593876785963	14.6386452979895	15.131138500167	14.7044969130182	13.1108214975673	14.2907369271874	14.0608991760931	15.1305473284892	15.2900861428521	15.1340510072501	14.5359800112734	14.6633872538385	13.4251085915292	15.3446927449625	14.9312730731923	14.89124026302	14.8954994611786	14.6672576513863	13.7917657624598	14.7104869520009	14.9943702831065	14.3650084009226	14.0134540938845	14.8314821247321	14.9132988455031	15.5080250925317	13.2552731956592	15.3450386275451	13.1515306676981	14.4597421733257	14.8073541243257	15.2942029889655	15.2471799385965	14.7978863531548	15.3258161386245	13.905476418325	14.4251813440582	14.9490462726334	14.1091011629369	14.7947933388138	14.3919533975292	12.2905915336669
M142.72T198.59_5	14.523865090988	14.8032504503507	15.0362692304471	15.0904362659364	13.8204997389455	14.3868407381801	13.8747077531657	14.9934395087088	14.9965742947566	16.1923289308614	14.4625836059041	15.6006335540796	14.6033059989797	15.200520977555	14.7274438319252	15.1464729320611	15.0816751809858	14.2377502392537	15.4027515265245	13.9025033581338	13.4925234796197	13.5776484946991	13.681944648153	15.2779867806895	13.7418709559126	14.5670345232531	13.9959047546464	14.7136965359845	14.8209666302575	13.8649004014357	12.8137514854249	14.7949828575575	15.2560976409375	15.6330027743434	15.0586814796423	13.9589712705181	15.1251150000504	14.8858061574687	15.0332343134868	12.9591993067647	14.5513451277751	14.4100074650758
M142.7387T198.66_6	15.4551431057087	15.0958338853995	14.831779896678	14.2305191106621	14.6518365638815	14.3697265783076	14.4613641540943	15.1395900551496	15.0985274037893	14.0843313715952	14.6757915645846	14.6266139781095	14.4456729381537	15.7589006150716	15.0393653554837	14.7087998495235	14.8602500849375	13.4825523051274	14.8678410060842	15.1807017852922	13.7276932081152	14.1622381414658	15.381657603133	14.0457847994419	14.9289518405238	15.3986348776285	14.2696911864448	15.4120666947781	14.5768397834003	14.6389605899908	15.1660701848806	15.1274308218632	15.3346882706819	13.6435486208404	15.1414845826955	14.0484277209106	12.3037439091206	15.398659012608	14.9567961188566	14.9540483448254	13.5509793906655	13.2359089878569
M142.7743T198.65_7	14.6803817595961	15.4550108101813	13.5475050070791	15.0031604837677	13.9864229345645	13.7878299274825	15.3180963010098	15.1990807088715	14.8902388659688	14.9247920275812	13.6163665118934	14.5489171260685	14.7506581693177	14.9535394860275	14.6039342752859	14.8026464708661	15.3852589575142	14.7675576060934	14.9056883951056	15.4211441073656	14.7146227968081	13.3136601657351	14.7755801065461	15.1797418394872	14.6067268444462	14.9266944954116	14.2457804309825	13.6885442047762	15.0892644866177	13.1821880851908	14.0682693766774	13.6310361094269	15.6619004989343	15.1392876681442	14.6679439730538	14.4491551152862	13.4498251833583	13.3788741634729	13.6981611351773	14.2681173053124	14.6695556845712	14.6457647003663
M142.8955T198.67_10	14.6939254426379	15.3602227751801	13.8651024536406	13.7495931366377	14.9592501138357	14.7399187634059	14.712118148217	14.8949196307765	13.9938288302274	15.5169033119137	14.741945603001	15.5801800250943	14.5690745642458	14.9972467615068	14.7634620400065	14.8560160702136	15.3017103460473	14.7339881497955	15.6199991052333	15.4163369752528	13.8711919427345	15.0064301834103	14.8612561436393	15.5411846684741	14.1738951606666	14.8793474826786	14.2602615766503	14.8863746409017	15.153717685189	14.0972069580011	14.4049386608127	14.2884983512901	13.9233540126843	14.358446939725	15.0408225463794	14.0610625252553	14.7483673044478	14.7359843548925	14.6929222419605	14.4006491759722	14.8124101371919	14.4689034851564
M142.9183T198.63_11	14.4308616255318	14.7948108174132	14.5985768932224	14.8847753679659	14.5603036831359	14.4597920521005	14.6971853012677	14.9508007698116	14.9746322643405	15.2267976661382	14.6000303475995	15.1991103866326	14.4546152725933	14.9413414695412	14.9862372566232	14.9399528275033	15.0042745979019	13.7847693386072	14.1223920699285	14.8667513259803	13.7339308843282	14.4719218935547	13.7697939895873	14.8952582029207	14.6570188827768	15.1152597820521	14.3989619361251	14.5775888345897	13.8075061125051	13.6939344727181	14.4134875415062	14.6023941009926	15.0445971934615	15.1597152777818	13.9413481009596	14.0969371430754	14.6193737947259	15.0697231388787	15.0117646739016	14.8018073511777	14.5723097844651	13.3380462909444
M142.9388T198.49_3	15.1275039059734	14.6470460767416	14.6339927000928	14.7564573860345	14.0867776962613	13.220434247499	14.6573185285776	15.0781998473006	15.1566388231629	14.505609984547	12.7421767996414	14.6407618637868	14.5358978133991	14.9191014981141	15.6909092495362	15.2295659922107	14.7527496964505	14.3522129081726	14.7745603448434	15.3350102179729	15.1135105328027	14.7800447271054	15.3695226016532	14.6502692181572	15.4561859042783	15.4278670037058	14.5722891476695	15.2075262482263	15.0885196451827	14.6163335933992	14.6068585037334	15.3469350889149	13.6364179653143	13.6476804940331	15.3207895938035	14.4050669824605	14.3440887045049	15.5823309263129	15.3171740455675	14.1100673548709	14.0939881563366	14.9719179593792
M142.9393T55.85	17.2508482702377	16.1270380948662	16.2882952740089	16.4337699475237	17.1556355846308	16.8428631306164	17.6024130905153	17.0944648426807	17.1729909459042	16.6834934229172	17.1088095327905	17.5537244638015	16.9782455482043	17.6894248935646	16.9982833442775	18.0899242116657	16.6652969658368	10.0003523461527	16.5043881239532	16.8549664328594	16.6463324601715	16.8195849176138	16.3509866882585	18.0725891422479	16.5605637354724	17.5888693925855	16.7448395883854	17.1945959638188	16.6788616537343	16.3516965615348	17.6540674404729	13.4136364743941	16.830079742146	16.6215872129126	16.1029469120014	13.966816792317	16.9820930448381	16.2409620252636	17.6384269326328	18.6724458929894	17.6083692352377	17.5532939228778
M143.071T298.96	12.1068362836029	13.7153329222224	13.507808525452	14.4843393792669	14.5192484881217	12.9363982142436	13.9074063825307	12.4929092139135	13.4375984549043	14.4448619902552	11.9075709664329	15.0655639560957	12.7891519614344	13.1099910517929	12.8414009253161	13.7785656477996	14.1525691325635	12.5147289218616	13.7532548450061	13.9085877261113	12.7212513864919	14.0693343730964	13.9873704813889	12.9215493289492	12.8606966415672	13.4364816214792	12.6779547466263	12.8685779683944	13.3599162088777	13.8309589511651	13.7509981159032	13.3802227154728	13.1154070036123	14.4285877723027	13.7240109584952	13.5943063324721	14.6354298859959	12.9126014202031	12.8275881214444	13.5438886320631	13.1587778641852	13.4388699455493
M143.1074T355.36	14.96499422383	15.3298034496667	16.2700743168572	15.3259620078168	14.966860404156	15.240125628444	15.1114729610867	15.0984501630864	15.5536719270324	15.3313870980851	15.0077742381292	16.0121124784319	15.6271566424056	14.941436446516	14.6019357298575	13.8491182915103	15.2778946916043	15.3229859988069	15.0609454658373	15.0508630084036	14.7085272827697	15.3412854597496	14.4816244971725	14.6903299125834	15.7840257333998	15.4855222394969	15.4167430477123	16.2423205606941	14.9794632932066	14.4625304854563	15.7292820514039	15.9748108371851	14.6803214904213	15.9137124761059	15.4160345831629	14.9470611069395	15.2595744233861	15.3931089305351	15.007820907752	15.2394388249294	14.5728840780914	14.6569904053861
M143.1784T198.82_13	13.2456873120841	14.3437194913452	13.3229319977996	13.8942978377774	13.7743060765528	13.7884560409099	13.1130427776773	12.0289298671165	12.2943286224379	12.8471250541073	13.6060159494586	13.7359184774278	13.4898272813844	14.0061143735637	13.7734326065905	14.7466021454256	13.7905560450732	13.1352654654852	12.9696162181176	14.0303658736861	13.1750063196911	13.1779827203826	14.4602028484741	14.0003911655073	13.225628769551	12.6559771557125	13.1139951856244	14.062976215153	13.4769026818124	12.5518351630616	13.6339597338189	13.6153006885779	14.1648076408451	14.057207459382	13.9953173521753	13.2380171345826	14.0387138740606	12.9807181061032	12.8652779833775	14.1823169151479	12.7094441462235	13.8847363836761
M143.4176T198.59_17	14.4015082276242	14.8441742644372	14.0589923862941	14.5212941570233	14.3602155198573	14.0260382920484	13.439847256326	13.8476151010059	13.9230902325893	14.0067642634282	14.1691649122945	12.7183718389485	14.0723368483778	14.4152258046104	14.3044457483589	14.3774288780285	14.2442840175298	14.0223961569201	14.1466367128913	13.2190546603375	13.9029046749684	13.9957972212365	12.2725149815406	14.4186030663571	14.1086161154568	14.5036031954741	13.6324983776049	14.2832775906093	14.7529541200581	12.044412084461	12.3826454927153	12.788433388435	14.8006254152738	14.6450764284375	13.5079168592899	13.1534028317424	14.1203293599195	14.4935997929457	12.7222796005448	14.0369513894604	12.9647906971987	13.8246957819988
M143.4777T198.61_18	13.3390154854628	13.6888155095681	14.1099690447165	13.3841881045126	14.2906258136785	12.8173558317869	13.5023080320239	13.9592386641793	14.2598906709868	14.6688757329223	14.0273328037338	14.6645708437202	14.3198010739193	13.6732531646982	14.6132814928824	14.6374846480529	13.3149816233525	13.8223307246947	14.3164005631011	13.9500574032597	13.6288891358353	14.0710212530994	14.5466472315281	12.7546032694043	14.0583637092097	14.3238678892257	13.6782940906156	14.2543404332816	14.2889053082711	13.6034062405142	14.3511333667816	14.365254305539	14.1241051601341	14.2885811883016	13.8018072414197	13.2729555137226	14.3138295082153	14.4685792033749	14.4581288653816	13.6937335557358	13.885851596025	13.038167018158
M143.5538T198.49_1	14.5410099587329	14.1430291091407	14.4012293796908	14.2335893783484	13.937311797382	14.0035339911003	14.6965997583161	13.9555780301695	14.5823723802888	14.7453980124821	14.3709431849788	14.3825291266097	14.6537026717751	13.6723947647476	14.4187197904925	13.3765872812116	13.9802529686679	11.9790414749864	14.3040036646725	14.5686133526171	14.2129700744925	13.9872649077374	14.143512395232	13.9649491795145	13.8542170286462	14.8609944252909	13.9900080595101	14.7057007515937	13.5455406386733	13.6893770889548	14.3316353080096	13.6368903386059	14.6387966600054	14.4386990511355	14.3013223209607	13.6119403566906	13.6861151912849	14.4560179441751	14.7270103329146	14.0680783451824	13.7019613987423	14.0544761728038
M143.6638T198.46_3	14.319082709471	14.3794099666925	13.9701082838013	14.0127445744257	14.1868668879807	13.6688706366764	15.4853585485724	12.9460213449004	14.2278867479013	13.9909226898826	12.9802736535088	14.0299043186992	14.1399240089452	14.367924463166	14.2404117207594	15.315941162441	14.1622937554362	12.596612158769	13.5566846431132	14.4042829335589	13.0055273942809	13.8170777497825	14.9590798391125	14.1358737462866	14.1672556681649	14.4005414869439	12.4547307196848	13.7866867808491	14.3612411158669	13.3734411949522	13.3762073813951	14.1761877274938	14.2545556256911	14.338471962937	14.7341414306336	13.3192881868526	13.0819191831978	14.3953931261679	14.361155622531	13.8800382186131	13.279015136921	14.0013286224255
M143.7445T198.68_2	14.6983823965483	14.2639980387958	13.5958696585133	13.8140741030774	12.4701027191247	14.0149211523568	14.9558636957213	14.6057652508883	14.6278315956338	13.5121932123229	14.6494141686282	13.3929958653303	13.7344609404691	15.1097243653391	14.9810284724018	14.7740429808357	11.9841078568951	14.4594926103917	13.5960820652085	14.7466012539918	12.9833914797775	12.9039533550758	14.5337616617825	12.6230089608235	13.2744256479952	14.7074802796002	13.9658613905857	14.7354158115255	13.4697257273858	14.1566313037357	14.5259497083381	14.9545722361919	13.7435829729476	12.9141834979452	14.8337281659248	12.5115789039285	13.7664337420786	14.9825926893327	14.8432040218309	14.8335856222929	14.0429329879401	13.823784640215
M143.7945T198.49_5	14.0946397952309	14.7135275134618	13.9515167437522	13.4359672544691	13.1257526199774	13.685399262678	14.0295525350557	13.8204554753331	13.4227913855132	13.7727775014331	14.2432222188959	13.7495894876065	14.1213251038971	14.3521353190816	14.2761067926757	14.2730273207614	13.1695752999351	13.3373100549631	14.2053608055182	14.6142883640721	13.990607751528	13.390723872005	14.5606234136928	13.7295803144452	13.6313894419915	14.2622059655817	13.5435370614257	13.8249331528434	13.6467226336747	13.333589680475	12.8346032088359	14.3547458689025	13.3468075732204	14.4569556222322	14.6447742389483	11.7448904203376	13.4429151197919	14.4414910583896	14.3571912330342	14.6065713722765	13.4326798084771	13.716885857711
M143.8681T198.43_8	14.0605156608587	14.2747674627593	13.2772781587768	14.1103639883722	14.3860321235816	13.7822139761851	13.8576043856236	14.069936932608	14.1334654915441	14.2202441934021	13.3888185510773	14.4146281033799	14.1784978946631	13.674338093864	14.2466134317805	13.9188373422195	13.8893848622365	13.8404569075884	14.0826884223344	14.0052054370251	13.3140467402314	13.987019393553	13.8082212933617	13.3605020364754	14.1748590229592	14.4288274340287	13.2928884413987	13.3404092496383	13.1663204135518	12.6769683929793	13.9856661419843	14.4310859262516	13.8333239548948	14.4221732413153	14.5385283495993	13.6634574818857	14.343689130276	14.227595190519	14.4877295275105	13.7013127800998	14.0318110144126	13.9578279252743
M143.9144T198.4_9	13.942888188885	13.4807662828507	12.0607661108018	14.3544565900304	12.7319086843805	14.2373897474738	12.184342634452	14.6210760523111	13.805234369737	14.1134482291635	14.5629107204678	13.7962515310538	11.919060105301	13.9072977894892	14.3241589825732	12.5381502918637	13.0248434032147	14.1964908805883	13.9646257726075	14.7940008374922	14.2866767542091	13.974225452868	13.6978440736664	14.4428890340234	13.9524896224476	13.6746080512336	13.6184027273303	14.213212620642	14.3707320856024	13.6434964665451	11.3157737216686	14.146299234157	14.75504336007	12.4137311738617	14.2537983693671	14.3408784306238	14.2951967333061	12.4285753191395	13.0403185812122	13.6878019928625	14.2888386113592	14.1635056707521
M143.9315T198.45_10	14.2019595891427	13.6248879458156	14.0340373378253	14.2255419581482	15.019933555967	14.5701779666589	13.9254152350926	13.8586331041775	13.0741407758679	14.7112836325231	13.8804114792362	15.2348579933535	13.5974607027764	14.5382367162647	14.6949089223863	14.4732741335055	13.3763040098799	13.9229001078564	15.3102361438297	13.2674190819505	13.4694870955736	14.8523267186276	14.2200136032141	14.7979574386022	14.1779826935112	13.0368184712493	13.7297442244166	14.2030097700424	14.162380919624	12.7621392366436	13.2903601757311	14.3421978203627	14.1593441778873	13.8068364967922	14.383146329795	12.9458530147535	14.6535069166694	14.2886584768584	14.4453566306766	14.0977960801157	13.9501883220311	15.8080821760442
M143.9449T198.36_11	14.2178946985664	14.2553394310639	14.3624871872792	14.0083792877862	14.1667594310917	14.0039790807188	14.1455597450599	14.1819701075385	13.8425349777841	12.939686647507	14.4290162380418	13.4095757694141	14.027830856586	14.1190247668991	14.2668023693403	14.0529499460827	14.0329942939946	13.3662365433607	13.1073693202096	14.5191189549389	14.0940525755557	13.7641885185232	14.0300449794914	13.9708159406452	14.3021151379171	12.9549013107836	13.4859293586242	13.9927889478367	14.1939991726803	13.1655537332431	13.198192837855	13.5924228226559	13.7063038551338	13.978274093231	14.4294487704909	13.5445021630516	13.9569195686455	13.4710686434961	14.1352201196147	12.8108958146257	14.2948894491946	13.8913347302248
M143.9595T198.38_12	14.354480963611	14.176156948992	14.4916130241047	13.8479257191251	14.2223514502448	13.9908296104086	13.327439799715	14.0609549033717	14.3639687208265	13.4751229387822	14.231165839777	14.7964092161089	14.1727777762175	14.0699401236019	13.6037211805573	14.4897533418959	12.9647756384056	13.2998014280279	13.5255600632346	13.7194902821218	14.5271245319259	14.2745584204265	13.9818888454235	13.8779584940853	14.1388460368832	13.8013685388069	13.7607788567844	14.4972117006734	14.1333023783281	13.279930307196	13.8941437757786	14.0056727820121	13.013359789127	14.2417375687383	14.1940881778558	13.5233026136636	14.4716398572288	13.5255936166209	14.760176415731	14.2705295266641	14.1966098706655	14.4356182061829
M144.0091T198.46_13	14.018284569625	13.9353317143401	13.8562251344451	13.488721151862	14.2443393504611	13.7460888471805	14.1446653550774	12.9862362864761	12.6265110627805	13.6375515656353	12.6576838111834	13.2695273194883	13.8701982437808	13.0177961891065	14.1270799181691	14.3747944491158	13.2440573986761	13.2559504840266	13.5095275777509	12.9247712428738	14.0429233364858	12.2238666375272	14.1336308674283	13.6969448896581	13.8344710614623	13.9213092404245	13.3396164433066	13.5530059080159	13.7780841082796	13.2507084314379	13.5255165200981	12.8526532940519	13.3694935110425	13.8254967541602	14.3088804348647	12.2955019618698	13.1439849163438	13.8764611917948	12.9205188984826	14.2385065375746	13.6040597926097	13.1900806256337
M144.0661T163.04	17.2357254323618	17.3001560824852	16.8140836712998	15.8824956790603	17.4086068001165	16.6197720236861	15.2534996767547	16.6912081915521	17.3355364900973	16.0409619005567	16.7902868084067	15.8185560236895	17.2008035281003	17.0610274995873	18.485366009291	17.004624333057	17.1679204506266	15.1796969306714	16.4785333076553	17.0786795487282	16.9598502338276	17.0921325348264	16.5886232690843	16.8646571346861	17.1526623244178	17.2102963857926	16.8303601474185	17.5910688188145	16.9916149733889	17.5858021361742	17.3754869031808	16.975500092149	16.0931374037244	16.3542009031037	18.1528817974293	15.5105404353926	17.1122032492239	17.1412196580317	18.0860824109643	17.9042350631316	17.0638315910312	14.7277253415292
M144.0661T109.65	18.3439793597821	18.7839447411423	18.3928979442725	18.6139294525001	18.5398640577083	18.6282042542504	18.4412268749604	18.0248943032366	18.7025522933914	16.0974292794655	18.6471531000314	19.0085371666287	18.3508605307928	17.9922444576985	18.7159557367179	18.6937657319227	18.456565403449	17.4077600556277	19.2466288771791	18.5924220209118	19.0244551672278	19.0542878624105	18.8636355240555	18.081860157277	18.9726723034815	18.7415103040233	18.6666335018876	18.7430863866148	19.5455760803247	18.5696432639617	19.4948678616111	18.9114049880292	18.6767320136955	19.8596350171579	19.285837179757	18.0953951005334	19.3508572402498	18.257908807832	18.1680125778979	18.7706390238791	18.0031378013503	18.4606053850538
M144.0663T91.78	18.3675238897099	19.1301493908094	18.4195782382651	17.7617903790595	18.0730990170305	17.9658207895689	17.5581374276656	18.4005115663359	18.8664168215278	18.8059818658181	18.4094421748303	0	18.5822816873194	18.7228645535316	18.341126911519	18.6805204817851	17.9463626683913	0	0	16.5485385027319	17.7896928668837	17.9678083906241	17.7809264005924	17.7536085168566	18.0826957224924	18.1874684012115	14.2555575500648	17.9776545382907	17.6345368128247	17.4034466309555	17.0734322910091	18.0308615261571	17.8510292336671	15.6659123903583	18.2582645274303	17.4093166346704	14.8059491699446	17.96871815822	18.1079948506787	17.798292532223	17.7565537399196	17.2872970176339
M144.1585T198.43_15	14.0446309197989	14.589948072477	14.3675475898757	14.1854151961484	14.1467915572796	14.0893992828312	14.9255285673018	14.3600627881743	14.3107521293832	14.1095718153605	14.2375904799689	14.1754463707571	13.763338026423	14.3027252905367	14.6312268021122	14.4169051013222	14.1350343242889	14.0803583620791	14.4578315412458	14.4761038909601	14.0270959116791	12.808581023264	14.5572670148133	14.516358896803	14.7627340124285	14.6789102116144	13.7095716864362	14.6896002187016	14.4647303226016	13.7528944689854	14.258057019577	14.3294244822444	14.3765498886012	14.3566188417936	14.2147959245943	13.6102806497495	13.7737549394669	14.601453765332	14.39658414065	13.9995354461489	14.0115474219326	13.8083198005038
M144.1775T198.49_16	14.1309536124002	13.2534146236107	14.3224793674602	14.008428012015	14.3986788478622	13.5685862521371	15.2142619892425	14.0412092894763	14.6143964689581	13.2150979438428	13.8381203422545	13.2201786426732	14.3643402356032	14.8515833218677	13.1708569827343	15.0258630998518	13.1454459447856	13.5911961503395	14.4241198474849	14.5784643712782	13.6706711742563	13.8746376259785	14.7439951991409	14.4811229952923	14.4418526174028	13.2347183916001	13.3691664612797	14.583014568578	14.4388782525297	13.6417066335839	14.3945962576714	14.3590745758076	13.1146314081952	14.663574830232	14.7181913690306	12.6552197935589	14.2511479230576	13.2836526050227	14.450975013781	14.4155071965683	12.4128068495162	12.4737381441788
M144.2201T198.71_6	14.5217237343823	14.5510001283409	13.2859187705164	13.3165460507203	13.3497374366801	13.6477070329478	14.8187207255389	13.9700063895428	14.0225865557286	13.3233698166086	13.9179922891236	13.5843981087323	14.0592495488536	14.0764684974474	14.464287162986	15.0420588145183	12.8970236008558	13.7168577173665	14.477601424716	14.350525628396	14.0378667600946	12.8248534120471	14.8468878013595	14.2479158820464	14.2346509894991	14.6886855109763	13.4773186040183	13.9457930569248	14.3690103458492	12.7104578822386	14.2518583616617	14.4082336313359	14.3293296585284	14.1695637109992	14.6192419063158	13.4055436943705	13.8951733330342	14.0282702825205	14.6085457156289	13.8604859818708	13.0177582448957	13.9587285454195
M144.2589T198.36_17	12.9706422808499	14.2075636940087	14.1648845219082	14.0631457688787	13.9075042790054	13.5846501361884	13.34125830613	12.9851687204087	14.419052330686	13.6360510431283	13.8839161261865	14.2658366375933	14.4215560778595	13.1843935644134	13.5412623705103	14.3811989428635	14.0091134715426	14.1927147861669	13.954777100692	14.3141266449352	14.0916481546361	12.4734312694422	12.9547698232941	14.3961876172373	14.5605926981865	11.6869150265832	13.5650325460726	14.6612538983562	14.0956650132633	13.703651227181	14.3280271360987	14.2273248415297	14.1012611016547	14.5288251108004	14.9097339505038	12.95623364612	13.9329391887847	14.2962597851289	14.660182765533	14.3560213984249	13.9389435696777	13.9144802953062
M144.3332T198.43_18	13.3717403292882	13.3462704372231	14.0080742362728	13.8946423439827	12.1333936190037	13.6182970436141	14.7122032901929	13.9703261425681	14.4529228343094	14.278993155277	12.6898454591821	13.3473704648517	14.2880238480793	13.7050871242196	13.4002420939159	14.6186936169896	13.7429266446447	13.3106139308143	14.2839097823189	13.2126848374395	13.8219190136891	13.8149390501978	14.341502772594	13.8376392552469	14.1493636614789	14.5745886888558	11.9307682610231	13.4130545209804	14.0851325502257	13.5177110047764	14.0878405422798	14.2126941807705	13.1928111024046	14.3561074926104	14.6170535696327	13.2511110645663	14.0405354572832	14.4521214329305	13.2681466231824	14.4298659822372	13.8885153901362	12.7639295335916
M144.3534T198.71_7	14.3004872076418	12.8609649209815	13.9954390835733	14.1864809981121	12.078998684259	13.6029936300884	14.6352026442164	14.0014066715385	14.0439126021096	12.7727364308258	13.8267720604903	14.6790595051936	12.3946958201726	13.7492439578562	14.0036485058811	13.1131706731917	13.7459732537363	13.932179474206	12.9551795547933	14.3687947749537	13.9964841210538	12.1717440738907	13.8377738900295	14.0279678367361	14.3062416263497	14.5105376627055	12.0621045536999	14.3857330870848	13.8848357726798	13.6722389239205	13.9226008968145	13.2065004410006	13.7519395113885	14.3811437621676	14.658819983852	13.0389553425121	12.9580292148087	14.2184246637339	12.7960309794245	13.7587911187089	13.8428947776838	12.3712005470713
M144.3742T198.43_19	14.0047084362511	14.8052799325763	13.9795587903314	14.6269033927599	14.4575307247122	14.1287929500656	12.9575034225674	13.9957220688755	13.8534325021085	14.0964101021252	13.9740485048408	14.2755712111829	14.0175343359865	12.495069208676	12.8912687459333	13.7797604617845	14.4566888720164	12.9021979317342	12.8272957542022	14.8416841428969	13.4288590230524	14.312292822262	13.9751788371461	14.4605541281268	12.7713716893184	13.8379707816705	13.5747509229133	13.7720322803145	13.2971186904695	13.0245177130323	13.5029029280808	12.7797280792427	14.965773962453	14.607989406928	12.6067564912196	12.2167952639837	13.3277362891031	13.7536928476201	13.9386095854788	13.8463236707807	14.2469509197967	14.2709124711767
M144.4443T198.55_8	14.1271570275794	13.6974362657283	13.0972853657044	14.2837911859582	13.2885059089979	13.8106194901531	14.4845347251644	12.7075936982978	13.8574068173111	14.6565534350845	14.0497739292428	13.2800794892938	14.2820370203777	14.045815804634	14.0537447641873	14.1325621537868	14.0191999190545	13.6790495216291	13.4332678393996	13.3985181933624	13.9206434952138	13.4372580036635	13.9699122606396	13.5867517358023	14.0002033150487	14.3023346484299	13.4743969718409	14.23303978963	13.1417387517322	13.2591950856847	13.0833649206579	13.6455393869797	14.4533680459901	14.5406251196792	13.5705752572381	13.3202581999849	13.5575986256342	13.8293509951342	14.2264410137877	13.9810924234199	14.0314462704833	12.891444089656
M144.4596T198.55_9	14.058383490301	14.6612921509851	14.2897201301978	13.1044912246327	14.3441767453456	13.7904259088094	14.464170204327	14.3469862434317	13.8938940183114	13.6743178920338	13.6320588344355	13.1628760185601	14.1380484995847	14.2759466727285	13.9165117098129	13.9808697116217	14.3196268902036	13.5375081861583	14.1957285286993	14.6535676295619	12.4271325820833	13.7855983813069	13.796924536653	14.2383443243754	13.7312077621249	13.8718660418354	13.9543605088761	14.1730967021692	13.9244534991729	13.5415699344798	13.941448273267	14.221019994864	14.6254441555857	14.5861130278386	13.8325490719839	13.5849314893461	13.5104780677264	14.1304509051382	14.263529357594	14.1204994706066	14.0832569498779	14.0391485532501
M144.5609T198.56_2	15.3770365863772	15.4258744084871	15.5036843831122	15.0782776874167	15.4360724305585	15.2358631697407	15.7102814568096	15.3842452273658	15.2698140357609	15.6686522983566	15.3529353414664	15.4951041596969	15.4913077148513	15.2713590078536	15.5518173718608	15.686648715294	15.2559127210141	14.7396761856053	15.3141506032438	15.6708507811608	15.5477267414895	15.3191177626378	15.6335997159561	15.6651458932231	15.4219501076968	15.0967666718428	15.0126440132022	15.0914064195431	15.5138760420511	14.7987644251404	15.0274700530681	15.4545068709815	15.4966023144272	15.3155103413544	15.0274207538146	15.2024696806007	15.3876762502052	15.2453480919787	15.1713228031802	15.330944063783	15.4710900725531	15.2532172951399
M144.5781T198.52_3	14.1721671106984	13.1957519466918	13.7635407411143	14.1873900264833	14.4838527205742	13.9942588323905	12.2644618219568	12.3921942440982	13.8199404397266	14.2956463953081	14.2523927843	13.7729495553159	13.3543714542041	13.9838918621227	14.2596846896823	14.1923141103372	13.8297261318952	13.5987461987073	13.102676985297	14.0982682623648	13.7706878782142	13.9621289948822	13.5310864708222	12.790452615422	14.1668192666851	11.9898663116463	13.8028804235605	14.1617120879219	13.1746650699577	13.6056754734173	13.4043845754268	14.1199455876768	14.4764804852307	14.5691000389323	14.3322994526551	13.7156912299088	14.4760198570162	13.9849157655725	14.0566120629066	11.581478318706	12.9974015753989	12.5945778751047
M144.6231T198.52_4	14.1527833985412	14.6208887931733	13.9129974952155	13.6914560977964	13.0990171429286	14.0586299141265	14.073436871053	14.3368845874841	12.9333079047735	14.0164997418202	14.0195902341641	14.1132718445139	14.3537442917563	13.8269426949069	14.3389518688459	12.7411858564705	14.3763938032652	13.4191478679968	13.6409602274981	14.2555703169934	14.0710400257742	13.9412806577795	14.0479458202821	14.5598693003907	14.1613095326435	13.0404104176974	12.6135362563144	13.8335972085488	14.4359831944833	11.9489705695011	14.1245678324394	14.3335272259858	12.776774028267	14.4991796549412	14.204796124024	13.4254800414623	14.3502010521526	14.2525146039963	13.628100690293	12.6080772801074	13.0553934489995	13.7239309681793
M144.7239T198.53_6	14.1280707034195	13.1165271226075	14.0424294272567	13.8788537416401	14.0399780287932	13.8677173045197	13.2737681867134	14.1883688809829	13.2395393737017	12.7808588515526	14.111215851625	13.0804802117731	13.8451835222297	13.6173567841361	14.099962933004	13.6313790627316	13.794503791314	13.5674488532064	14.0013784786437	13.9032859787563	14.0784390214704	13.2624069012129	14.2759796686639	14.1824675083995	14.1158039097346	14.1987841371985	13.4844695304108	13.3906106034665	14.09793261933	12.418847846477	13.664595981039	13.974865663392	14.101278040464	14.1251259957182	14.2113403045713	13.4673460030066	13.9861388051752	13.8603921243513	13.9981864945525	13.7627421316455	13.9050020028997	13.8707251552741
M144.8292T198.36_4	14.050278397265	12.9770408667558	14.210569069173	13.8946677746467	14.152345905607	13.6813358852558	12.8175014846202	14.2051998167637	14.0266779013217	13.9322760049759	14.1209013238688	13.9958994236141	14.3134842860943	14.1464332368593	13.8927173901845	13.3991938385313	13.5716783332893	13.6551669886129	14.088300910283	13.3581190658726	14.0290306607206	13.8798066041053	13.9472804040423	12.3139670563337	13.3629885286945	12.8536535304855	13.4949978610969	13.6690340656587	13.629325916888	13.2629727456517	13.6800554295549	13.5985181027292	14.6908089112831	14.1198918887552	14.0704720243571	11.7862220135179	14.1608999279575	13.8593211396664	14.2743883681641	14.0910137733073	13.7172392946731	13.6891600603442
M144.9043T198.52_7	14.3310507684822	13.6443148602822	14.1413010978161	12.6437556685646	13.8239362612436	11.9825203403387	14.3133622929123	14.2344389010625	14.2809773352136	12.7770180463118	12.9839147529288	13.1905283717059	13.8755138530243	14.2290024707449	14.4922979972787	14.1177295619399	13.8396922388073	13.0851522849049	12.5635040504473	14.3256165880802	14.0639179457099	13.3999395677677	14.0334868055877	14.0617207280118	14.8196650693142	13.6456920773122	13.9357683058009	14.1514963479779	13.930433040477	12.0509344189785	12.6282704892833	14.4419713263315	14.3134527101494	14.0566608913024	14.290354106941	13.6084185489339	13.7440671934983	14.2047699793865	14.7356647009882	13.9616962927234	11.8399746658814	12.4713836860485
M144.9688T198.4_5	13.732522430418	14.0349770182559	13.6701036564295	13.7384339558739	13.7780718559702	13.712908933504	14.0220077992078	13.5367419908166	13.0789250201611	13.862364183701	13.6978636806368	13.6391716413067	14.2023459593208	13.9969312804914	13.5603294548435	13.9012457050986	12.455717070263	13.3448756898877	14.042445133591	13.9794537849844	13.9268734232095	13.8431984305661	13.6708572405038	13.7566807217875	13.712930919685	14.2639946464314	13.3428499562696	14.0442162281833	11.7838331683458	13.4823248605656	13.8506923674459	13.0696220601188	14.4731120219338	13.8153024861043	13.1973719288045	13.3171340354136	13.868349437202	13.8472369226836	13.0233346243233	13.6429462059378	13.8438586338794	13.9541456088941
M144.9989T198.37_7	13.8810262471205	13.8092877007199	13.9437066856455	14.1135181208013	14.0577706552096	14.1801278266139	13.8949641204783	12.9139782212416	13.8726694513838	14.6834532129406	13.9174436580493	13.2213739907895	13.3885043731445	13.5931116346569	13.1284316903578	12.336893887327	13.9174258987634	13.0107180055474	14.3294796494826	14.272219434696	12.7244685261417	13.9617472791761	13.7067980540306	12.8468370056448	13.5692212403407	13.8663997696833	12.4973681890726	13.6203560874455	13.6915249327102	13.0936315368885	13.5490832772689	13.3694481564242	14.0440020307016	14.3219573032394	13.6170811776028	13.0112205070619	14.4803381064222	13.623312523068	12.939950200899	13.7020191680908	13.2978720379758	13.8177465915496
M145.0499T78.61	18.2707885070929	18.0040176812968	17.0314207271938	16.572771960983	17.7809848328737	17.9573146805994	17.218688779782	17.8973699836911	17.7543784989948	16.6765821744496	17.9302566280469	16.8013796058329	18.3855093124148	17.5524117699648	18.0886272612362	17.0750665049079	17.4574171464795	14.6866539609579	16.5648820347132	17.0910577861963	17.8130225376165	17.661644801573	16.0912136667322	16.7704187287314	17.2921943113681	17.8654717870513	18.1802580946533	17.8766516316056	17.0500769630891	17.3313116831642	17.8691845694776	18.7726849290334	17.8719366794722	17.924132285226	17.7620001356854	16.8306257079922	17.4318065628116	17.2488641841232	17.0826042682641	16.6789514565311	16.9009619606744	17.0770068113186
M145.0501T52.26_1	17.0947928592055	16.6374069421998	16.5373814185574	16.7298645927789	17.3899521048894	17.2470256530698	17.2734949784109	16.44431167265	17.781014364576	16.7844372165579	17.0873166118317	12.7591490066868	17.4441475723737	18.0268339056402	18.2148895462446	17.9592086611807	16.9208753204289	16.4036533527021	18.0400335035218	16.8338264543755	17.3058535010433	16.8969037370966	17.361070051585	16.039392758209	17.1289690383487	17.9147303556017	17.106242455862	17.9836502752813	16.3849718937745	17.0611241800741	17.9332678603011	16.6652768654443	17.321710589393	17.0903547283246	17.8373006738908	16.2298042880196	17.2441196638842	16.3362357423898	16.1381298094074	16.8404936592479	17.5359121529293	16.7684584112545
M145.0696T108.87	13.6212267925487	14.1629738782617	13.4977549014	14.124124845809	13.7807942069717	13.8103807755988	14.9357394433984	13.0210073828789	13.9210832734956	10.8999663652917	14.0127763593883	14.0611425926865	13.5797269332589	13.2027447153946	13.9982888688267	14.1204934449486	13.8942354037082	12.3561512986377	10.0816534451089	13.964362654945	14.403129603039	14.382714873915	14.4552926826195	13.3279306897601	14.164949154348	14.1340799042459	13.6781783457941	14.1866572213184	14.5447527812325	13.7570070939575	14.1981242633456	14.3022792982504	13.9727800297327	14.3155051855279	14.7663507553317	13.6655785834688	14.8009531783735	13.4769815602026	13.4600306253928	14.2427845156142	13.0561397740831	14.0214969895855
M145.0696T91.07	14.2613812588149	14.4442344354959	13.8671648929562	13.1671937471301	13.5377871578847	13.5350521760673	13.2615112878068	14.7016516741351	14.3536407799701	14.3193590108833	13.9284316246734	12.1965863639754	14.1379515075093	15.1313838433602	14.0960523655248	14.3499276110152	13.2697312971122	12.3710592909246	13.3253699892279	13.1081785463179	13.3993215876575	13.44149970741	13.8651323883892	13.2246087547163	13.8569434765113	13.8244004197918	13.7313445109606	13.9607017936767	13.5898041088396	13.2625623681511	13.8905888174266	13.8101188751453	13.1916075300605	13.8587406509523	13.8360845396668	12.8983427141634	13.3130278189741	13.7780431985809	13.7198172957698	13.4210970523872	13.1551135305566	12.5851277370338
M145.0804T198.54_10	16.7872502635668	16.8735861614591	16.7457596182085	16.7850105439365	17.0294920843459	16.5498024995881	16.8470845899391	16.6911052268197	16.8352774112796	16.7203728869769	16.8355284910492	16.7706929503672	16.8079896286621	16.8202144244791	16.9746243511232	16.7599158260132	16.6985351007932	16.5782554595973	16.7168329057667	16.7889881444283	16.7950480588341	16.7675592281102	16.8367001906821	16.8741128460276	16.9575542217666	16.7097094465612	16.3943110680914	16.9586363098894	16.7527015354771	16.4845971705962	16.5825758225666	16.7351014123199	16.7725851655079	17.1389188426504	16.8828657391742	16.5865744655147	17.013355987707	16.7586073227888	16.9315760079198	16.7176643500024	16.8831816534566	16.817477428005
M145.0864T163.86	14.4238162445609	14.4113644981611	14.437558492092	14.2695563707881	14.4026074040006	14.01930515977	13.6125574808967	14.3560660097636	14.721334042029	14.4283510649976	14.4755406342523	15.3864221840083	13.5664282688342	14.059898513908	13.7302550982717	14.2087406504862	14.4523201472983	14.4365249141495	14.6702274441011	14.7326260186865	14.5990417785138	15.4744041320262	14.3305566236561	14.333930779666	14.6609800389235	14.9465941650693	13.812303486871	14.638157612315	13.7735162067582	13.7409147927101	14.6770077060604	14.4389817585197	14.8188295810608	15.0784354338872	13.8991052224191	14.4185981977132	14.5264903453186	13.9670803464514	14.6684537454046	14.0770215520604	15.2052746383798	14.7128238487996
M145.1692T198.52_12	13.8373421996805	12.8732206056515	13.8691581906393	14.0088462849202	14.1804715818142	13.6701830553816	15.0804953189303	13.2326735744907	13.9699627024236	13.5554963109842	13.9317960872475	14.1919974134624	13.7728705730098	14.5652120878571	13.3287977101711	14.4727047626892	13.64578661186	13.5227117813179	13.0670563483021	13.1950755930115	13.1808394981468	13.8075792167034	14.4146863974364	13.7878056094176	12.6584193794469	13.8338872292107	12.0225983753389	13.6527523183971	13.7675286102335	11.4853902007854	13.6725823819948	12.9614232717128	13.9465198068973	14.2899663104965	14.487114136359	12.2219369871068	13.9583576547372	14.0409972130891	13.9343005627526	13.404608950382	13.5214077447918	13.5403413512161
M145.5493T198.21_2	14.1718694848213	14.0776582425903	13.6934457798567	11.5404851411971	13.8188877970422	13.8003225169866	14.2475024129927	13.8656923002115	13.6783913658652	12.8466096992229	12.6878695437958	13.5359368112345	13.7356939109424	11.9699240409292	14.0267203780432	14.1588165551069	13.1832312750954	13.041137514109	13.4889162633891	13.9289006192638	13.8855568441436	13.5851369806919	13.7846625629211	13.5328857092504	14.1001848948676	11.3852982885417	13.4511467050301	14.3594244195749	13.8953838241799	13.5274263013991	14.1443664368911	11.2943617710827	12.6481758821891	12.4675894178679	14.2259216616403	11.9061256310863	13.9227700690922	14.4510438762451	12.595370766883	12.9400430778032	13.5536978419849	12.9798248363763
M145.6695T198.66_2	13.8774911286095	12.3877974006596	14.1500779504177	13.3786631487052	14.0453302345336	13.5192516624328	13.7422574201897	14.283220136085	13.6189908275512	13.0912353978679	13.3045533579186	13.3803447037374	14.1085573290761	12.2363107247602	14.2890100084229	13.5611980700296	11.3518885053719	13.6215920363534	14.1406374473556	14.1243627370539	13.6954620305746	13.8345389057154	13.344673940762	13.5468143432309	13.7871828744978	13.6934316394519	13.3179456569318	13.7932790223056	13.9819548399729	12.5871297400135	13.1931661964704	13.9068698980777	14.5123821526069	12.9738348914763	13.8503651927697	13.2334669979242	13.8918354765622	13.9866063332897	13.3863626800801	11.9671586544867	12.1443604423791	12.8624078027318
M145.8452T198.38_5	13.8406221614891	13.531494397688	13.7353640652299	13.1847492726477	14.0254982528467	13.3539280047471	13.6032376929787	13.7412713631467	12.5749901646004	13.7492833667485	13.6312580443655	14.0358796485252	14.1227802555079	12.9257262691329	14.1802231977542	13.5700933223579	13.2404311076402	13.3467216769614	13.986001413951	13.6821075859909	13.7184468667443	13.1254415663171	13.6078552297592	13.5733021763776	13.7013152839633	12.9298969864716	12.8575771401817	13.8674748015717	13.4671545237294	13.1512521411995	12.8061408544038	13.7933110410605	13.4469575065528	13.7704601152912	13.6097965670077	13.2272868331357	13.441814467384	13.6464294390348	13.7178534917367	13.3403794377182	13.7205025477308	13.5860607011559
M145.9989T198.52_4	12.8347381472583	13.6888372705354	13.9013643323271	13.7989034470632	13.1953449277942	13.8960047771764	12.8584662379235	13.9949712555105	13.4006602196333	14.2098067475374	14.0064222033662	13.3582779932774	13.7380856158781	12.6495549559217	13.6749229188591	13.3754972823129	13.712804701544	13.4305768265285	13.975600104839	14.3733443640062	12.7007535091822	13.9928155373039	12.2751598975692	14.1136669593026	13.540994260783	12.6461184488534	13.2111602334836	12.4713981197726	13.7463144320531	13.2306631166735	12.6972198515657	13.1604311070817	14.2012740819233	13.8471432881584	13.491776187394	11.9802084274462	13.8843412257993	12.9964722341508	13.7530471743519	13.267911005185	13.7261767580271	13.658775647957
M146.0337T198.43_7	13.3598543164029	13.8448255236235	12.7218524407003	13.0142246630954	13.6933324621866	13.4273577272878	13.4674059534694	14.0780140591099	14.4220384399259	13.1114229370532	13.1149098080605	13.3527984727565	12.5279305303677	13.998823269407	14.4090341723747	11.3727499956681	11.2954220023831	11.0015239800893	13.5358390396616	13.7911441286987	12.8383820165496	13.0903907503683	13.8123521902928	12.4044364211996	14.3123876591916	13.975917213224	12.3523878912473	14.4013131453877	13.5954051467109	13.436511613784	13.4213297601112	14.2797051008893	14.1161708196841	11.9587389922848	14.0338080835392	13.1549380570504	12.3176500101345	14.0673174292347	14.3465365482956	13.0910243218433	13.577968165427	13.4549252216612
M146.0604T229.78	15.7107491419598	15.8650892396861	15.9484514334993	16.2667710682373	16.1582778423829	16.8720861057718	15.1089625704104	15.8386403521571	15.23297160029	16.2502905209761	16.9089861542463	15.9603283121206	14.9326962320625	14.8910774917676	15.930420858379	15.2689147992562	16.7588685205302	15.8442617236566	16.0635404089233	17.0990034193656	15.9096735563461	15.7130182800823	14.7985234964441	15.8318192443	15.544945600658	14.933111428627	15.4468969930585	15.4159236442452	15.8843377529596	15.2580725479428	15.576429329311	15.6934404120034	15.8589966639963	15.8913513413196	14.8623594774048	16.0918360069951	16.0787600799761	15.4389125223863	15.6092669924145	14.8712486154277	16.1344763433983	16.5872080924885
M146.0816T199.5	16.3685699124395	16.5777039251958	16.4685381717891	16.4651575281739	16.6582536126537	16.2968652599655	16.2015596268716	16.6447996343007	16.5931604181212	16.6524421332715	16.1129042039833	15.9658055992419	16.3035774325189	16.4811097276303	16.7573814156732	16.7945054509319	16.6875125738535	15.1931759869174	16.3142107354203	16.5673353261296	16.3655577099714	16.6000046901457	16.4391900317315	16.494738722584	17.0681788401259	17.0122971563815	16.3444616380638	16.8515325933068	16.3663428586941	15.9516077100635	16.5411042822509	16.4175430627871	16.4606207447528	16.5897068364681	16.4475692201221	16.1199354680213	17.2963832848238	16.5224976962461	16.339079616605	16.7554292338207	16.2805526850513	15.9202707772849
M146.0818T83.07	16.6462387730297	16.9755626329508	16.7113694786472	16.6881393177587	16.6824603067007	16.5753995949722	16.4906300425288	16.6592555749064	17.2612815239868	16.5634256751722	17.3054223354206	11.6351927792578	16.6064872864944	16.3882010781639	16.8910187835399	17.2523920313709	16.5431904082149	16.1588619004191	16.6149450101761	16.4087271072945	16.6392312240191	16.5617849999011	16.4143067229869	16.0785627241086	16.8793794977177	17.2910990386654	16.9654143298874	16.4238973816959	16.925316713069	16.4646064361353	16.9736447340969	17.0591878076865	16.7435752492565	17.3449060759406	16.454399247187	16.4616003485207	16.7387465477537	16.4907891885942	16.7714542689488	16.6957215604237	16.4824115155099	16.6332754945879
M146.093T53.4	14.9771382847666	16.1218231452066	16.8561786071485	15.5451566670962	14.7671863810486	14.6529511137482	14.5881781763159	15.4389702600705	15.5187904735927	16.1414326347927	15.3526640471017	14.6425124586832	14.9028096161866	14.723509302407	14.7114868716821	15.6484553314795	15.4822766632739	15.5569526474669	14.8217363710592	15.1228557453217	14.9643918064953	15.7561689658388	15.4957196810401	15.2877313156364	14.9263027760768	15.3111887324697	15.4131937460521	15.0674831969909	15.7948328208435	15.4970751862795	16.0038353740163	16.5812460229379	15.4393803114854	15.4652177036432	15.528924947885	15.59316849275	15.4396028869585	15.6008715095109	14.7681918704826	14.905397606589	14.2548029162294	15.1803105333389
M146.1181T50.11	18.2238925099623	18.0347837238667	18.2581784733196	18.4886539523987	17.9662793260094	18.0779879947377	19.3215760718491	18.5131589303068	18.1937602893063	18.4846109130729	18.7128825866389	19.182259461987	17.3952229690665	18.0339625091488	18.009053384369	18.247458068736	17.5388374123232	19.331403728982	17.6965091858235	17.6988302680719	17.2879696683872	17.5150444260805	18.380541614803	18.2639087583199	18.1981256423902	17.8603571002674	17.9685209280674	17.8768783808254	18.3225158264444	17.5553707330826	18.0010068385195	18.2162945939459	17.5295742633658	17.5058137310778	17.9566426105678	19.0194624717062	18.0353766973516	17.7766939267611	19.0780045442349	18.0674862302947	18.8439597287321	19.7286209261396
M146.1183T133	13.9510715302678	14.3284069664448	15.1156821537031	14.4252875493827	14.2765228430328	12.1839715934019	8.31413372721243	14.2112987545	14.710566989694	14.1017531139049	13.5494577715482	13.3211989026162	14.3286722275794	13.7802830806787	14.1081434301837	14.4520264226308	14.4885845412954	14.3456502770705	14.9172621731867	14.8105992815202	13.9076417596013	14.207494136776	13.8168969648906	13.7214619977177	13.3887172715217	13.8064875523938	14.4101240423686	15.3547124813309	14.4306856507348	13.793869252424	14.4002835518841	14.3202738639827	13.525606438418	13.7678280328203	13.9998850016726	14.2252375477104	14.0504414101129	13.8684557066985	13.7054879068983	14.6403713477929	14.062698359467	14.1166435303297
M146.1183T151.64	15.5123371830697	16.2302276888778	17.2819139504275	15.7890447988075	15.4509425841448	15.3101489659625	15.6707664577632	15.6319113462102	15.8459969758096	15.9187967941023	15.5436873351892	15.5576220219	15.4660114515824	15.4228099851888	15.0497645267814	15.2981444766508	15.7928167030819	15.6668242555191	16.0246942063261	15.6542950169124	16.0226601394719	16.141218453806	16.0836918670976	15.9458698534428	15.8036340154979	16.0438963739869	15.7642385703482	16.1544486647337	16.2585766424393	15.0315401125932	15.8583350656184	16.3595354354277	15.8954073426769	15.9181105834072	16.1324974386827	15.8204005841092	15.3270012530528	15.9466506389024	15.5123489123103	15.4459927576926	15.754537704338	14.9403817226675
M147.0481T106.4	13.1157052834529	12.7353437799068	12.3353298399047	12.9049102062539	13.4249428122446	13.1385962923837	12.9627295379335	13.0792331510887	12.9416744034707	12.647526836309	13.3183037872492	13.2711562724025	12.9097728261267	12.9212293342268	13.1737529659617	13.1146719540709	12.7430020938365	13.3077390864166	12.552164219768	12.8320756358167	13.1559731895791	13.0927274398649	12.8086851452743	12.4746632207159	13.002614393806	13.0228580907814	12.9321142205065	13.0442401627196	12.9688702262803	12.7580671963614	13.1484376650365	12.8876358117058	13.1156220590199	12.985558131436	12.8855186712526	13.5554020778933	13.7339570284317	12.9757777286574	13.2871661432859	13.0854088786505	13.2470114021658	13.4966489106086
M147.0766T75.17	19.4323329384387	18.9543933656092	18.0967023180334	18.3983238274943	19.0951537221954	18.9462237412939	18.020062061564	18.8500321954603	18.6094633748729	19.2833086859013	20.5055664108546	19.6216552887084	18.749557693043	19.2386589022863	18.8194691990511	19.2443617819854	18.7558396250538	19.3214336053503	18.4817910932316	18.3179403020649	18.1845317867848	18.0675346170674	18.1976862691665	18.4133007878051	18.0054602122498	18.1523100876449	18.989160600223	19.0003583983332	18.3116479283203	18.4716780879308	18.7661015471236	18.4667473897615	18.1214925249443	18.5865499634034	18.1960792234674	19.2328396892331	19.0059174531443	18.8562999050217	19.7130046677383	18.7365086916353	19.3771305931878	19.3871132123303
M147.1133T63.47_2	17.6809065468024	17.7575168828612	17.5245740054775	17.312459954637	18.237414163171	18.0244504048233	17.0774496368191	17.7005168543314	17.7322050247883	17.9630200321441	17.263574905923	16.7681147115876	17.5212477352309	17.9466003860629	17.6742023481556	18.3003720085394	18.1098742793032	17.1391861062063	17.8356979630015	17.6437816617291	17.4340011516947	17.4724661048133	17.2279236359678	17.4232802349122	17.4588181384857	17.3772394579001	17.8372277947359	17.9316224495319	17.4947263181239	17.221995501299	18.0844995599028	17.3947134405765	17.3450397527681	17.6942516728537	17.3810123163846	17.4638489588548	17.7610344528171	17.1494016328046	17.411439278058	18.10727461447	17.2938982328182	17.332743500418
M148.0433T60.43	15.9117183914522	16.2695773768141	15.687374587401	15.7551697908024	16.1069495706807	15.6540190824595	15.6479445247924	15.7877357313971	16.269812839321	16.291408173672	15.8240796670831	15.5636716991462	15.9518529961866	16.0890014599489	16.0246493311533	15.8907719160809	16.0306382145998	15.7784162572074	16.0282315108636	15.5805548215912	15.4006880552398	15.2886528665045	15.5436724363135	15.5190507990848	15.6988317336282	15.7471890432016	15.9524703592412	15.8464107326198	15.7178250461167	15.6364753179806	15.9426124500296	15.7046662423045	15.8674223613906	15.960472458501	16.0104391603133	15.7498733545776	16.6055515183139	16.0138319244018	15.9366780942237	16.0682729567915	15.6502047212253	15.7211085971211
M148.061T62.6	17.07906208809	17.3687145000002	17.6779022609866	17.3104115151294	17.124100998957	17.3984057709839	16.9557084577642	16.9385003596389	17.267181909577	16.7891272993644	17.1334026582393	14.0961855328001	17.0103920907019	17.0057655345756	16.8638536008978	16.9886741599237	17.1219949036995	16.7013711481436	16.6789968910953	16.8636172501318	16.8649427349401	16.9786312908248	17.0001542978422	17.0330558368402	17.2152102881868	17.0690103040696	17.2900608140823	17.1893755923008	17.2600134376157	17.150737931931	17.8541987132511	12.7673856861412	17.2818953575995	17.2907459515156	17.4121076396818	16.9920561081468	17.1643429575619	17.3536287240291	17.2974031000816	17.5414859273579	16.9383151939466	17.3087873032705
M148.0759T114.04	14.7390086755867	14.9230273902575	15.0178617767359	14.6278914657438	14.2856137628253	14.3783844984144	14.8483167859924	14.5279682589097	14.8064448417847	14.8660218700588	14.8556651548378	14.4978305029619	14.5271422642429	14.7775037638857	14.8763169646433	15.0340617092585	14.6445814418105	15.0835244490114	14.5151873014323	14.7286219491306	14.357931661001	14.6109826441604	14.7692620878503	14.6253285024884	14.7271718510163	14.7469901228002	14.6247744745536	14.4767718062038	14.7870432579399	14.2421977681637	14.6844890552538	14.5193336077179	14.5892633854564	14.588144915032	14.7985965865257	15.2184324941083	14.40652089043	14.2970281035913	15.2849114970898	14.8407679896114	14.8165409914095	14.9581816267453
M148.0974T54.83	17.4260740596739	18.2059930404244	18.0671270277668	18.2227857274271	17.3633339171489	17.3037630662562	17.3086990631572	17.5897736367904	17.5983640361134	17.6217496056338	17.1817731606104	17.5764729097565	17.0957317815975	17.2650020823569	17.0134182989005	17.4944551327142	17.9375359342494	17.5347400791957	17.8021989645379	17.7418732004102	17.8445176774637	18.1121414404181	17.5986355043586	17.530120884429	17.5564707433331	17.7137444295811	17.2677540467654	17.1818450889145	17.7653990216494	16.9684681540288	17.4005411106342	17.6533716910692	17.8340770681521	17.8343172218704	18.8912185841277	17.2731121959727	19.6110263661677	17.8311451911445	17.6789083403032	17.4993882636267	17.4174794949365	17.1656197518984
M149.0453T62.2_2	13.9040398516041	14.8203458204962	14.4498416909185	14.1481665111455	14.4514496861579	14.2477793208502	13.7260983627673	13.6695596522894	14.5160542378114	14.4620090435315	14.4053467986407	13.3873102097008	14.1666879044512	13.1669142600636	14.0831580058415	13.8721251207673	14.0538059979846	14.1825545112412	13.580348430563	13.9394133780881	13.9522053226438	13.894774347634	13.0839467422417	12.5579759881246	13.8362382491023	14.1839382664063	14.7433544094592	14.0909410391658	14.1812470776084	14.3716389235944	14.6009092284084	14.2944359980852	14.391393892778	14.5392603559265	14.0800974890106	14.0917803280864	14.4865407869737	13.0273008452661	13.8495455270929	14.2988012819026	13.9742894156288	14.5108580534664
M149.1009T61.5_3	14.3978517298845	14.1119509193394	13.1520149369476	13.3318379323952	13.567412551773	14.192526508792	14.3835839032242	13.3804327615098	15.0115413552291	0	13.429506876837	13.3197919228385	14.7398503155362	14.753895958049	14.2834052402788	15.5537728025895	13.7017027300138	13.2338621023654	13.9980491603104	13.1473223924216	13.2365535874429	13.3888645845119	12.2338661770096	11.4008863282209	11.7482830718881	12.2428052237478	15.070389779406	14.4607443635446	13.8329852774602	13.1585095711543	14.7808287415925	14.4028471362547	13.9288277062324	13.72971483701	15.052157659373	13.708358437444	14.9395814711485	13.4283843636003	14.3051966896597	13.0421812059888	12.8058762671231	12.5446163201948
M149.8796T61.54_1	15.1832069424031	16.2842452639945	16.1533435190632	15.9459657759667	16.0062577924061	15.8054211902028	15.3741169698204	15.2635912736556	16.4856123816502	16.6071793615447	16.131569578662	15.499062141741	16.0134114554341	15.9028880892467	15.9817449141844	16.0676196149514	15.9769169638074	15.3506523404285	15.8756806181857	15.2448398288489	15.0306295917994	15.9756370282786	16.097181141858	14.7339668754276	15.6608907913267	15.8228641792912	16.1571519884405	15.8796440583017	15.8963398316989	15.6840047214032	16.2843553818309	16.0220193118708	15.8327856061214	16.1323604340667	15.9214975930851	15.7042167521458	15.7152930602957	14.9116644553326	15.9065834577958	14.7316114482674	15.6795151500604	15.5957964999185
M150.0144T47.02	16.4823304902935	16.9817998091719	16.6168859321647	16.3877416592327	16.9976414642612	17.0971387766382	16.3505756686121	16.6259946794462	17.2680204798936	17.3144428793258	16.6447951132032	16.4791898636007	16.8987021374645	16.9603904131267	16.6152278861591	17.2953221635527	17.0497592915569	17.0050399938904	16.7673367139932	16.5005822762332	16.6974700326766	16.9551416614435	16.6617284466016	16.7394133964575	16.5715338090161	16.5111657341795	16.7781616687871	16.9085824852672	16.7299261354498	16.5274989866756	17.028044320295	16.44441708209	16.680418940973	16.7766407084303	16.8572327136443	17.1173366093545	16.3390258190712	16.4088743584626	16.9649158521855	17.0599269824526	16.8849907073061	16.7617647388352
M150.059T206.75	13.2160193729814	13.8750532921708	13.8658652084549	13.6252910334359	13.4953252975095	13.5729751267194	13.2084309039001	13.3403175125453	13.9851430514736	11.4044145204037	13.4247613733051	12.5521577078768	13.4820176879478	13.1228026722133	13.4539450331487	13.8634122402025	13.5531493474333	12.8930511651212	12.8822434605919	13.1879656944373	12.2654020748374	13.3469838587227	12.79208102252	13.2635223088874	13.2392429000414	13.72582182889	13.7899164146719	13.4554670839932	13.6573068125955	13.5458794492925	14.0028141428113	14.0054506098156	13.3582520024104	13.7494450112503	13.9961188760469	13.5641931491141	13.6638929447938	13.563194864749	13.6646031927369	14.2899353954563	13.3132806103801	13.3766205987957
M150.239T61.54_3	15.1732702296762	16.1823410281115	15.9848236938687	15.8956488302468	16.109144431356	15.6259902974875	15.2248825559932	15.1329501776134	16.3618485174389	16.8375382439156	16.0262594623042	15.6559941045489	15.871312113955	15.8172166095931	15.8534802016407	15.9208189042594	15.8623358616939	15.2819019718762	16.0512286279769	15.1002794140867	14.9175100305136	16.0110541760366	16.0595230782881	15.2267374225411	15.5162075911699	15.7599734617585	16.0884397595399	15.8438192882238	15.7003619796728	15.5207863200868	16.2166916978246	15.9767161882749	15.7843539825389	15.7772523976504	15.8985688444622	15.539287881452	15.7240686247118	15.5101545108391	15.8046706219855	14.8540616105577	15.5762320428574	15.1684868878339
M151.0763T380.51	12.05599622295	13.149645826725	11.6117179106007	10.9379541991449	11.7369975529612	11.4442924651511	9.36759740612218	12.338740106302	13.2029695247531	12.5510761253808	12.207335545136	10.2017373714742	12.4646977074201	12.1055663287352	12.0869487256639	12.1709231042076	11.7452071537135	11.4905634814572	9.38675867037003	10.8549182383661	10.6232268699953	11.965792474124	9.70406810494005	11.3545842510276	10.8545504092925	10.7440136688057	11.7060239712383	11.1540076918027	12.4096289204852	10.5254626521535	11.5338140549118	11.356098038269	11.5029412878911	12.0301630588983	11.8722316519401	11.8382923277189	11.750186942999	11.2503304313194	11.8514768420333	11.186897335608	11.6880955243976	11.0360178615401
M151.0872T324.78	12.5924326443749	12.0095642150363	11.1475873202928	12.4423332434333	12.8761128686083	12.390449367849	12.5074634213779	11.7516181553504	13.4800069857442	12.9699290167411	11.9907214445418	11.0531710490545	12.5845593088293	12.8447150389943	12.8178148660138	13.1130513289248	13.2420461568713	12.9990745199334	14.1337953198417	12.5678522080554	11.5925851160426	12.1241923210767	11.9453305157986	11.0223948220651	12.2555335935114	12.4320514214792	12.1372777278436	11.8782067453505	12.4103316602734	13.0751862690477	13.2919577806718	11.9042490328956	11.3254627958837	12.3794893477637	13.1137803953332	12.9420786206954	12.6086320432452	12.3495212858937	11.8304106318138	13.5056786504834	12.6267331311779	13.1893372142448
M151.1123T476.82	13.8202346143916	13.9761534597949	13.6289952437286	13.6742425573699	13.6826836643358	12.1053200050633	14.393418251436	14.0250657655921	13.8201531675473	13.4406037868993	13.8505518068022	11.3472752515601	13.9636107811731	13.7309138454003	13.3729700491934	13.870569665754	13.8471106370255	14.3134984143153	13.4513969653427	13.9522383672988	13.9052397850837	11.2692470941856	13.7842029241944	13.9630114808338	13.788537176836	13.7371061804064	13.7475172212576	13.7068449106606	14.1841896792937	13.8038100682732	13.5856476613411	13.8020705335779	13.9661904431151	13.6554047467867	13.7707545208293	13.8377826578243	14.1720778829081	13.7680288017945	13.6717809614669	13.6997725680683	12.8926384992767	13.9559825622123
M151.1124T435.99	14.0336888681725	14.657816300779	13.8296125139803	14.7645492430195	14.371444074694	14.7438588629011	13.8422878738727	13.9498474895087	14.0484871574132	14.2584499905292	13.880539249693	14.1236262731117	13.8727782940936	13.9472048301957	13.6866524000129	14.2188483613829	14.6439990194949	14.5379928553091	14.6330305827402	14.5896135908102	15.0677294734951	14.5994603898475	14.5465877923366	14.8667718587729	13.9791094201498	14.7228527145117	13.2054433238169	14.2314009070466	15.034740688862	14.2067062053969	14.7660156457415	14.926667834665	14.4174570712035	14.2331470290778	14.3574251144977	14.5150835501928	13.9447507199109	14.105661758226	13.9173336248266	14.5835464485264	14.3027383282227	14.2594798330252
M152.0324T65.91	16.2213490239773	15.8731227025154	15.9098039826717	15.9871563048169	15.4966661731962	15.3277658812405	15.7003704291176	15.5356334277221	15.8482376654874	15.7425980916589	14.9282150188081	15.5275468443354	14.9777559444432	15.8214343229423	16.1631393801469	16.1977008487942	15.5413793414222	15.767776969419	15.4470162900059	16.074502593172	15.5627486851522	15.7580351211905	16.0548555592791	16.3440511425236	16.1312546171526	16.3624647247387	15.4994172111152	15.9039354488611	15.8601381766883	15.4420135675873	16.5675468390871	15.4826065040807	15.4805473071176	15.4079387573744	15.9995395607033	16.069584721764	15.975459672377	16.9748578982601	15.877107182192	15.4836549684516	14.848647846871	16.017540073302
M152.0709T63.1	15.8898147898754	15.9428808456991	16.1591755608959	16.0310740305536	16.0981217503308	15.7514830883939	15.7692355913202	15.7744543402266	16.1327619719664	15.6181463669629	15.6997958693502	15.2632431239581	15.6134163885421	16.2561667065092	15.531148770576	15.7281590827039	16.2413116187474	15.8847793184451	16.3251102689213	16.1902556263898	15.3703132499974	15.7115866025091	15.713629323474	15.6259812459213	16.1886976011029	16.1079332427619	15.96671126057	15.8117745878588	15.8008663807631	15.7940934438168	16.2661375149064	15.978586449443	16.2370128003059	15.9223941941105	15.8312667771822	15.1965316858982	15.1381031758306	16.0475285063183	16.1327031691572	16.2954742135852	15.752536971571	15.4626729947934
M152.587T166.63	13.8528431506001	13.2200661739333	12.2920417463176	11.9981695545269	14.4949976048223	14.9585351439215	11.0377456695781	13.4228539181861	14.137395305848	13.9848617108529	9.64658668586996	8.94886686797121	13.6147649860264	13.3835830693228	13.5200646935491	15.0191227341964	14.8127274448797	13.4081951832309	13.8418182911878	13.5383367334421	11.9470766391549	12.9633634163394	11.8967243084624	11.3695626026769	10.3465935171077	11.2893399208349	14.2605643627309	14.2590512918421	12.6550986750527	13.1344164186776	14.9347896298826	11.9289650988618	12.2609384655195	12.2502044763591	12.6834664832698	13.8958836620962	14.3451148930458	11.6014242163919	11.6271818800798	14.9907782953722	11.8928245436707	13.555199317772
M153.0243T260.53	12.7265401936017	13.1658170331523	13.0753960995039	13.3465467268687	13.0628360625711	13.3232832557488	13.4821187756385	12.2387627191493	12.8813226130208	13.5209431284464	13.5020136891231	12.7731177765712	12.6224306660154	12.8037222457331	12.8419581890232	13.1549557247494	12.758827832866	12.8187670820711	12.8970589071491	13.1051228296138	12.5663386600591	12.8509752164373	13.4708055970232	13.1508245747505	13.3896866266112	13.3524740057588	12.8046255795554	12.8597673870166	13.307750929403	12.469539153229	13.4779747982438	13.7936712001618	13.5462387042594	13.2354922972184	13.4028191285076	12.5867810088743	13.4602692386368	12.9265323122094	12.9124140309435	13.5437320283479	13.1342313447783	13.2565564920291
M153.128T114.14	16.5868238279387	17.5666350195725	16.4943145475272	17.7601351482556	16.2984516134047	16.2179139019821	18.2393940534009	16.7190483451715	17.5974835958587	16.3796370708636	16.5249467929515	16.2922149455554	17.7324894730406	17.2878916808721	16.4932096819962	17.6353539121211	17.5624877120128	16.6866169556669	16.2594383437081	17.5047370625784	17.7674023804113	17.3121230214228	18.3149903742873	17.3302238888648	17.7474685923334	17.5470750925549	16.5268146744422	16.8404102788007	16.2842510601471	16.6162359463456	16.7651698159703	17.9067050034519	16.7060459831655	16.4407494452031	17.1057642363655	16.9657979614891	16.3741443588195	16.6116503800216	16.6332773634892	17.3186199097073	17.5298862262525	17.5361607478142
M154.0479T66.79	16.1332891397661	15.8617269691947	16.164264542014	16.5048505628412	16.3063539542826	16.7472286763917	15.0827073041943	16.2997624331912	15.9910321874879	16.3462128947293	15.5078037669615	15.3840911729801	16.0095301759842	16.0687695968537	16.1446705169814	15.8816093545172	16.9934912521327	16.6390131434194	16.4040602804435	15.975056379399	16.3088997385297	15.6102428712968	15.087025857709	15.9842143696039	15.6006473364535	15.3065780998805	15.8489068745956	16.3342913525958	15.8429831834523	14.9540232292434	16.0303843986106	16.0143541740841	15.9904047547939	15.9267394612824	15.9548174938949	16.4259741270267	16.4892850563942	15.7395968133673	16.034976175905	15.9486934063072	15.6814126233292	15.9825534534059
M154.0505T81.68	13.1635634549021	13.3665900634617	13.2789162715999	13.8710818992961	13.8087413037245	13.5826609030194	14.1086158915252	13.9688800469647	13.3189185711408	10.7190215518247	12.794389533264	13.5877033048928	13.5859619422732	13.4432797041141	12.6551934862128	13.3780358370744	12.820735963167	13.5397640771865	13.4752356892625	13.5742621428852	12.6970062620146	12.6527559631838	13.4875351377774	12.6389755434843	13.5506516605961	13.6152692738314	13.257956928642	13.728166599465	14.1375526518499	13.1801706242707	13.9698679597861	13.338534446792	12.7132645754595	13.7117940115994	13.6075758422159	13.2756220727208	12.7437929288766	14.282050119092	13.5626472155818	14.1572657517901	13.1978361132975	12.7629701577574
M154.0612T116.01	15.2701026765937	13.6446728414356	14.6126329300942	14.32287788207	15.0492784771106	14.829381696346	14.8257674831268	14.6520476000087	15.0121326612563	15.1155523447361	14.1813049246977	15.0122130666453	14.5354539751288	14.6687172417298	14.5057657950844	14.4750628002806	14.706063891937	14.0901920468599	14.7714280578205	14.8009870880151	14.3428280137319	14.3869797314081	13.9921791912868	14.3373021034254	14.3953906579192	14.3052218329766	13.1994157934664	15.0833370635876	14.1729528761601	13.6778390118732	14.7684294218439	14.2314125963094	13.7947552509841	14.7371611435735	14.7052814793231	13.9296959802919	15.489590722064	13.7788264543062	14.8728237294867	15.1269125065423	14.3613538909983	14.7777800569415
M154.0841T75.28	18.1845778387535	18.4846341195969	17.8828487122684	17.7714581216961	18.2527663446256	18.2338713779407	17.8869968940711	17.8342242846897	18.4140157984008	17.9300200494505	17.8005611770721	18.0416358811371	17.9347004969423	18.1636233287218	18.4302547413721	18.5053261576054	18.1589862001942	18.0368879326902	18.1442758429448	18.1659338152703	17.8665377029677	18.220076667557	17.7469140825271	17.7559541786025	18.3308371282257	18.3252043044212	17.9300808012721	18.3210138510673	18.170275584306	17.8011771951817	18.4334026499367	18.2339825135204	18.1713536836397	18.1463171183291	18.2127582904983	18.4832750643534	18.3946332710925	17.887260277755	18.310567481652	18.2929384275666	18.1288773489314	18.2194235523676
M154.1689T522.26	14.1116333006588	12.6630420007283	13.0350345824784	13.7782388373961	11.1146677126021	13.2538236478631	13.8330613248422	13.3224251600862	13.3349800713628	13.4153535824388	12.8100748263892	13.9869064924692	11.7811681863676	12.5414839402693	0	12.3013930459792	8.5912159670403	0	11.8992371859093	11.9303006672173	0	12.2060598669364	12.5821993526919	12.230357627008	13.2074665285732	13.5735235492369	14.0205659896936	13.5610908861253	13.5061373476956	9.52488347973029	13.6566864442035	12.9772645125086	13.3397608079643	12.5197417982268	12.6652085828957	0	11.9918134108489	14.3998344757612	13.418923628102	13.2775465107568	11.2984869375336	12.755457655955
M155.0322T158.26	11.9842946308876	11.4900847469744	11.4987504365775	11.6586766422818	11.6000561805741	11.539721717595	12.2599797962833	11.7246418817303	11.7037870256934	11.3545209926079	11.9487405492534	11.6330092373437	10.8303132186199	12.1773835578251	11.5799521555331	12.4211422898904	11.4636661589491	11.6389373866209	11.779028962335	11.4588097790024	11.6004234444224	11.2875623816592	12.1076848345065	11.2067051419597	12.1830398501279	12.5624193949786	11.3617720243265	12.1390655644919	11.4781503024743	11.3953263549796	12.2685037404868	12.0140660296759	11.7058876910516	11.5362871543542	12.1030297600365	11.7079478059028	11.2845200540802	12.4915698153952	12.3015751502411	12.106747339604	11.2792095686248	11.5794974155864
M155.0347T352.1	11.0386915786071	12.158512330956	12.1259458247654	11.9160648016752	10.6729183566559	10.4386755150192	11.728194128579	11.1259929894755	11.8455769576813	11.3910798475915	11.5724194682273	11.4188251049991	11.327306688595	11.06599765649	10.9150512053148	10.5393206720702	11.4130962663169	12.0762951250584	11.1253489914067	11.0745651221776	11.4241326346138	12.3135612462374	11.6091970158964	11.4714923188098	11.9729785640906	12.7036529031389	11.1923266302208	11.1460788268833	12.463320673483	10.946920634945	11.8108019130775	12.2575872773589	11.8292644013263	12.2414286980567	12.5972831290825	11.7846249087558	10.3202890410771	12.6269165082043	12.1234176732116	10.9991418600565	11.8742010850635	11.4671278101411
M155.0433T56.04	18.1098212830974	18.3939823764549	17.2444802356456	16.4433213168891	17.753611723059	18.4427897567685	16.0802895728419	17.6013502839623	17.0260685479604	18.0183913336666	17.5344479383534	16.2503691065594	17.7014845448566	17.9297871847785	17.728278180865	18.3790967791831	18.2399540748688	16.0638114653452	17.6736317938106	16.0786215371657	17.3626642817921	17.3171102652716	16.5114601847803	15.776146620442	15.2844945364007	16.9829646731192	18.0174730010311	17.9649627179549	17.0904496305742	17.083446533697	17.8073178435905	17.6204055812196	15.9506581267531	17.51687580487	17.1470123192742	16.8864484405975	18.283247642271	17.5913240207477	16.7514225800282	17.9390312848571	17.238538452764	16.2701883234019
M155.0709T81.5	12.4362047781161	13.1844273524621	12.9593126947914	13.4504096532033	13.3524252542698	13.3434880710147	11.4834495886145	13.8773964827399	11.814854734993	12.4720738897023	12.9198880039037	12.6876467098049	13.1880089874596	12.6100562205612	12.144162008716	11.8999153199642	12.9340858143503	13.2068733858383	13.4360627753511	13.0097258956086	12.776083764886	12.2531592825644	12.1978583323401	12.1173234512749	13.1954213408437	12.7665687720513	12.4998859649046	12.8051025014874	13.6736316892535	11.95341105979	12.1202303707537	13.4815422921197	13.7834419159912	13.1203054495613	12.47179249622	13.3892154105291	12.5566462045867	12.8517839348361	13.1283556434121	13.0298081901847	12.4121327050892	13.0220350026533
M155.0822T86.9	17.5782834160093	19.457071267721	18.6093218307428	17.5696051907802	17.0189654386194	16.2256114174109	15.5826833697147	18.3576812105163	19.1757443019379	19.2121327759673	17.9321549824213	16.8623211733863	18.7864126046553	18.612159273927	18.0294796797014	18.4125653771673	18.4012315992008	17.3354259100316	17.6218145292023	17.5167036195297	17.7211294193732	18.5792272654874	17.4978710375124	18.0338694017789	17.2286919358375	17.3427173769071	18.4678566337308	17.9530917485324	18.5954087960462	17.6648541867082	17.9257377517143	17.69107424331	17.5826708477869	18.1536635486759	18.1541806265958	18.2362649484261	17.3719593742438	18.0565843735695	17.3114607770188	17.5314053048237	17.0965883035906	16.6164083599389
M155.1075T364.93	15.376799121433	18.109130980768	17.3553443882693	16.6068276685293	15.6638884916251	15.6270301264547	16.5294271181816	14.0816987055847	14.9396249117764	0	17.4891053777491	17.5769179685192	15.3129063077805	15.1838100481131	15.3611254776382	15.5019218564551	15.7593672886651	15.2183378533546	15.4280691368759	15.0479149776907	17.5721808402428	18.8574231001166	17.1761783743385	16.1419874214069	15.9907970505391	17.1735041267851	14.6887869251776	15.628479946608	16.5006655148717	14.9758338373131	15.7239113985355	17.6033294027131	17.954413521536	17.3999537070102	17.5259351212658	15.3776856496897	11.5707264721407	17.8970810588041	18.04967022744	15.6515750243589	18.24579515457	15.3007901812049
M155.1551T243.8	12.2022103446072	10.8088473361625	11.7225092272416	12.5740684693334	12.4039565507018	10.2686732469952	13.4566615837813	11.7323701274199	11.9659906595853	12.8890331684459	12.3123783683363	11.8577234601518	14.3953811544542	12.0891275050787	12.2923410216816	12.2376511895414	12.659319183303	12.3119227990114	15.7741403626087	11.9532662575964	12.0305029708096	12.4999894886991	15.1741615398728	13.0882321745531	14.0653879366911	12.8273892465713	13.6936115376954	13.1480080077375	12.909553515198	12.4929491372276	14.4243816615788	13.7178415858184	13.1671367707754	13.2672466519134	13.3674478803171	15.1840504931595	13.7513113462021	12.579349295094	12.7293844156105	13.7195313052497	11.4361760085994	13.1066434592818
M155.4433T114.02_4	12.7942001556889	13.5588903748256	12.2026145098084	13.5995035240735	12.7802756377439	11.6477459206053	12.8036871159543	13.3111023835784	12.6926584440449	14.1287376425646	12.3457552380086	13.772440692208	12.3757647418923	13.2965906722896	12.9424553760136	13.5282770994458	13.2394252102286	13.6518140733169	13.7307747079315	13.5425800965385	12.8420103822892	13.0892859368143	13.3036471936949	12.9914348427302	12.3498917607033	13.4620883990091	13.1358414095866	13.5884899756301	13.4363333631336	12.6722006866186	13.430011341161	12.7630380360217	12.4277907008183	13.3396064287768	13.3586058760519	13.3111437546477	13.1945628269738	13.1510053877605	13.6773129438248	13.6337924323674	12.7721081492762	13.2822013449625
M155.7738T114.07_5	13.2773876540288	13.7915165339866	13.563045760247	13.633652214133	13.6121555139851	12.1691945100355	13.8817872669264	12.9941251346245	13.5649419917689	14.9060022695532	13.119595014408	13.6578933676002	13.054020822188	11.0564098746721	12.717492128292	13.8450156882406	13.3452101490172	13.6993123303538	14.4005705889744	13.4078738866801	12.2251330137849	13.6202055591715	13.4139358070167	13.5683663167458	13.2550357318965	13.2773547144413	13.0899034758216	13.5039194641916	12.7478113067062	9.7028229421773	13.665998497214	12.4030824166024	13.1312668340849	13.5911510726732	12.8310505842037	13.9147180912727	13.1341366675704	13.0135016451503	14.1110533089604	13.6093808041396	10.2039956205434	12.8327040176425
M156.0328T114.07_8	12.757770689086	12.965251484832	13.4599734581221	12.4739894007649	13.9864326101931	13.0614153953023	13.0476727660879	13.5642652936685	13.5111824320466	14.3030523068359	13.8365298562289	13.6476395320128	11.9137738701498	13.7219751322677	13.0847751912974	12.0292079128439	13.0184959541269	13.1903266616008	13.9419696721016	13.7675002080036	13.5351603955199	13.6876546489558	13.3656349884788	13.741580440948	13.3553984331226	13.4258577832686	13.5178070240065	12.6832134429583	14.2310248876866	13.08427245831	12.6896540851057	13.3931985589633	13.8286175601979	13.5256768628445	13.6357952037863	13.8404231582559	13.4118995419072	12.120937805558	14.0917252431107	13.3517644203545	13.8875876761686	13.9006871374414
M156.0427T326.51	14.4083512850368	13.7178435425772	12.8390547253791	14.1092232698228	14.700544263924	14.3063951601384	13.528957965295	14.1740268182597	14.768393650406	14.7104508538853	13.9447093606273	13.2220906844361	14.3769297767674	14.624967305545	14.5814932523725	14.4462821663431	14.89289596574	14.7511816786422	15.3185415248654	14.7366586564742	13.2089946605677	14.2990775042256	14.1582969197466	13.4181268207103	13.7353602039016	14.3131605339581	13.9825637330679	14.3912370458367	14.1676951190544	14.3812163989916	14.8432500466115	14.3022010571838	13.4903833043721	14.4039600405236	14.2610865045229	14.5807630808937	14.4086420382673	14.2214517259117	14.1815498394849	14.8043016524364	14.441549909787	14.8193220820024
M156.0427T47.56	19.3848919432801	20.2168569187225	20.0043376796043	19.7943685848268	18.946771613253	19.1443110757552	19.7986253780636	19.6086439390002	19.9408212794802	14.6730662992011	20.2780181410431	14.6660524945876	19.5967340902758	19.7204734951891	19.6344153488827	19.7738553493819	19.4853004202144	0	19.5987991003854	19.4507608697364	19.8737095204631	19.7962585001155	19.8996846176568	18.3008241823149	19.8732096253392	19.8588641077963	20.016756858507	19.6887416239843	20.1166210242245	18.8644080844095	19.9701500823876	19.9343522798279	19.6889883881659	19.491862117552	20.0687119015403	20.387182746697	19.1357368879787	19.499294696586	20.4618179209994	19.5974766169344	19.7850407457321	20.154262195455
M156.0772T114.12_9	16.3248002529767	16.9905561359799	16.630564364184	16.5711675042539	16.6367872956942	16.5479224263284	16.5890979583797	16.3981255507782	16.9325141813169	17.9871446408917	16.5768969035805	16.3571571665519	16.3664962191388	16.5594073439849	16.4240929359117	16.7198742431823	16.6072309521647	16.7705988446918	16.3926330899827	16.4046509760674	16.4210104723419	16.5745194356633	16.8741909407883	16.5288105962504	16.2923284689184	16.4870352934554	16.7525751713528	16.4811809252925	18.1009921247706	16.2706414181447	16.5033226149663	16.3979873331744	16.5436728129281	16.7773461152068	17.0533599451912	16.6392205142412	16.4680592580183	16.3416499555981	17.0136919351115	16.577587830486	16.6181162463084	16.7245179126589
M156.0774T61.51	17.0209082890599	17.4687382414689	17.2568265092803	17.0381231777294	17.2049487243104	16.4488737394353	14.7269422850195	17.1226108163192	17.4913998134987	15.2099875863892	17.139374576058	16.9479547622501	17.1563129990845	17.0820838323558	17.0870807549268	17.4419319718098	17.4904951536775	17.3649702221447	17.2124340186805	16.8008933426079	17.1448926501213	17.1186116737705	16.5372532653048	16.8797125825539	17.0341043533565	17.0043405053908	17.3652985902341	17.1242283611001	17.0049694990881	16.7575478859911	17.3931648178466	17.2880868447727	17.274293571682	17.2793676097636	17.1063164343921	17.493689524738	17.2292100691524	17.3491644240267	17.5176270182307	17.4765616976159	17.3059045441258	17.2190734725011
M156.0856T86.69	13.3147645485462	15.3577794268328	14.2681627578615	13.2114379349809	12.527431049006	11.9862165807954	8.43806385446557	14.2025397685306	14.9964716403337	0	13.7973070774986	12.6066343582619	14.5813250209235	14.3372173553082	13.6541461425012	14.0618620292823	14.2093213392139	13.1845853351505	13.2962238034285	13.2492940335271	13.4711041105485	14.406432961972	13.0639159070998	13.86331738928	12.9162650670904	12.9902858272191	14.255742222618	13.6155253329816	14.497257742298	13.3480771930721	13.7135119709845	13.3740415341718	0	13.7806366585861	13.8796770943171	14.1223514325901	13.007966109839	13.8009524184231	13.0432600614104	12.9587926759547	12.9419018865859	12.208441111291
M156.1028T285.59	13.5518091125892	14.9339867718959	14.1061790393362	14.3844125587298	13.9052844267045	14.0879940268338	13.4445439048952	13.8810180363627	14.1735972708774	13.9524127322378	14.0315802943396	14.1508097092479	15.8073199412957	13.9431325423434	13.8011279527625	13.648444690895	14.0272048439006	14.2011211325978	13.625035932362	13.8440725897137	14.0682546821881	14.4705667244978	13.9606617664656	14.2797245996478	14.1408816488024	14.7179393021623	13.7657497732246	14.1957059642941	14.1377728272869	13.6178902938454	14.1799682124159	13.9045414112263	13.7353078588138	14.0310382118699	13.9706595957263	14.2729584156625	14.3234206556991	14.105471700399	13.8763153857529	13.4302914598859	13.8805126855925	13.8333213505444
M156.3788T114.07_13	13.1375958368362	14.0087968936002	13.2228166395165	14.029230627773	13.5466407155424	13.2001428476565	13.6998254852308	12.9573236297591	13.7309773716825	14.6085728410443	13.633364105934	13.9210215503516	13.3717160833461	13.235264863474	13.1274270322027	13.5817819299924	13.1918731027845	14.0092092637363	14.1810722275313	13.2811453720949	13.3997362299559	14.0077080234447	13.532142924578	13.163341130272	13.4713252354647	13.5553251488495	13.442325474077	13.649257019114	14.0984962201819	12.9192914235359	13.8715433687683	13.7718210277495	13.1131547934513	13.8738282734736	13.7784266807132	14.0258624715395	13.2960736261114	12.9288711860275	14.1695880294919	12.8641479153261	13.5182039878594	13.8124330216967
M156.3994T114.07_14	12.7234129334562	14.4323086985586	13.9553043145655	14.032916803103	13.6362104623711	13.7076580215585	13.6152837267749	12.8682764969242	12.9678971816595	14.1878785701902	14.0666147938551	13.6864691400838	13.0575199382136	13.7205584728618	13.5885263350927	13.1254039674964	12.6395843952786	14.5204096149393	12.5136587111382	13.3177275316229	13.3557430352253	13.551874616813	13.1688617089534	13.8328141094664	13.4464629903385	13.6051150840391	13.668286193003	13.2652938487511	13.3957660233934	12.2358009346457	13.5593534182847	13.5869523499492	12.9791957529392	13.5881104186237	13.4316384783753	13.4854325355371	13.8025068972151	13.2262763669436	14.2141996975642	13.3698693602215	13.192489230792	14.2677245651249
M156.5039T114.07_1	14.0189637028766	14.0876905952192	13.4794079163343	13.4746847284112	13.74840030385	13.2824439500641	13.2988666089522	13.6554233751904	13.1106435439106	14.6168151744198	13.5267601023439	14.1546347842313	13.5585754755547	13.5856055174854	13.8313068394822	12.7327459811876	13.1496978752909	13.9875379099428	14.1987695472967	13.5495464468022	13.4796431490683	13.5296231123515	13.3916704538573	13.7562939402292	13.64349891163	13.3837766063745	12.6027716058394	13.5615512222491	12.6167129676768	13.3494452311627	13.9980843395858	13.9843147810562	13.6797431921951	13.7955700338185	13.9008167308819	14.030908006152	13.6650463899694	13.6667414402634	14.4543805051641	13.5961790099088	13.8090322510228	13.8303837733171
M156.5436T114.12_2	13.1888003296175	13.3910060622704	13.7766944100349	13.7573911063213	13.7898184290151	13.6544769269309	13.6371617662031	13.8516530890467	13.4218498832156	14.3622265634286	13.8250197447109	13.5950697701964	13.5918073341402	12.6251755910146	13.4434202184516	13.2282730240369	13.9091593467197	13.7835470806289	13.9417435097962	13.278144734218	13.5162066071316	13.6276650030236	13.2787016971215	14.0626516048758	13.7439844653186	12.5436081700961	13.638372415071	12.4238948501902	14.553959306572	13.174956233693	12.1252843378819	12.8205863011366	13.9931184006417	12.7749858565326	13.4357559630483	14.5499505631	13.5304006527724	13.2004582551378	13.7344526342327	12.6467316773411	13.8332702795182	13.3749382236785
M157.0136T63.06	16.7923638181617	16.9684760377603	17.2797247944891	17.1648001682629	17.6496687929226	17.3139751034718	16.9399348262669	16.2859616003736	17.4563071296066	16.6780868144058	16.8858532030937	16.7996637528338	16.8149156640987	16.4283048257952	16.6613599877355	16.4380065376871	17.176388968766	16.9473839047984	17.3601967591921	17.0547915083142	17.1045532906346	16.7851541690608	16.9244076552903	15.9972871648533	17.0737705618837	17.2211476612688	16.6574210511224	16.9820176670007	17.5402115379437	16.895012281745	17.4102433396356	17.5543376913442	16.7103349182017	17.2744397401521	17.1817085778274	17.8064222447907	17.362229376827	16.7678968768066	17.2953592977705	17.2535191663468	17.345923004724	18.0270673225259
M157.123T424.05	15.2449152902261	15.0437445111947	14.8615019115066	14.6404112557971	13.9462447476239	13.9243796817136	15.2080427129939	13.1320210753414	14.3629194800725	10.6067520684024	15.0460047860141	16.6233522977167	14.1132116681324	14.0500926782076	14.148817348608	14.39999422605	14.0889318904033	10.0312358549139	14.40169542672	14.1165110383459	15.0704166522981	16.4792827195486	15.3930568776446	15.0223903233491	14.4648536328556	15.3627293652291	13.9185245929743	14.1850960590756	14.6556975065402	13.840886087357	14.4814572522697	15.2361696291402	15.2912815723684	15.1734322689389	15.6140668242469	14.3593924780151	14.6261547642916	15.0997191029622	15.8511471200979	14.6634394038627	16.0733528156835	13.4361974015011
M157.6986T113.89_1	13.5791344701129	14.2726214474325	14.092781268891	13.9271487015361	13.7454519046203	13.2632199978159	13.7646188252717	13.7033129606399	13.1558954791061	14.4002692330033	13.234910486242	12.819331502814	13.3120166808897	13.4624495659375	12.0292898783485	13.7366639605652	12.8070875861471	14.367051206585	12.5191580684431	13.8336939992847	13.5102399090973	13.4871935941608	13.6282005832157	13.9243400801969	13.5628219760538	13.4931889045729	12.8990847242171	13.6562806296971	13.2508628861886	12.7837919631719	14.1015750038387	12.9714545741207	13.8279737830313	13.5719979139104	13.8211491288207	13.8283167834198	13.2126343927189	12.0389953392453	14.4786671184883	12.919416311824	13.8038441715851	13.3402824161259
M157.8991T113.99_2	12.6206375146582	13.9805274756043	13.4341631223967	13.3482704958812	13.5198044265083	12.6702159839858	14.0278440789668	13.2237776199071	13.7047365081482	13.6946658393425	13.5846571743714	13.5221267648161	12.4060488886383	13.7071142002442	13.5522818395679	14.1077431811407	13.1467148677698	13.9947135344214	13.3995037664922	13.681187869128	13.2068827954411	13.4892547959911	13.746025979755	13.0748144833107	12.7487694829151	13.1054843084333	12.6275177788313	13.406664511122	13.4831989170525	12.041043016296	12.9689481976887	13.5834779371628	13.5067889436078	12.1262781620209	14.0150040438773	14.1151593434592	13.8064436855378	12.4183524862023	13.6419673105498	13.7060889735361	12.3657189462267	13.8106179052671
M157.9152T114.05_3	13.7920413827625	13.7041822885789	14.064621046482	12.2107161253217	13.2583786255478	12.5808945012966	14.8183692672277	13.661323879923	14.2861166921285	14.1393037475411	13.5868942623765	13.340423617152	13.7171151946907	14.2935770624254	13.5273983118349	13.5589274249256	13.1373979731486	13.7442980259703	13.557657242573	12.8061135572107	13.6504299616558	13.0598094282519	14.7333847171975	12.6339259983386	13.697303783501	13.9522619313679	11.7747368043339	13.3030220417993	13.7778050621597	12.7684647145268	14.235518976234	13.5907123081405	13.2868927320093	13.0877657209004	14.3650417040579	11.4259828999302	12.5606602549176	12.4736761945866	14.7222202818419	13.7944310533272	13.684152703338	13.5220093419963
M158.0183T114.07_5	13.4334804801523	14.2643215791103	13.8995729210474	13.4148334586591	13.6967152620102	12.9140000765436	14.1678668609686	13.0098213015872	12.7874680056158	14.5076602351103	12.984265578435	13.3637409948457	12.8916325758948	13.9466920825531	14.2969532431632	14.1865262841871	13.940598371238	14.4316408214129	14.2211902109605	13.7384064079394	12.5457813044859	13.8603037845283	14.061587316045	13.9622544636389	14.1672628832953	13.1178875512848	13.4563005118096	14.2428846631338	14.2555309311636	13.5430461894937	14.2506739274663	13.8558905076833	14.1249742924992	13.8226787448868	14.0653237046843	14.2465588282072	13.6536926389913	12.4806118384462	14.8614770918572	13.5367148305743	13.8882404386346	14.0211062443406
M158.0453T62.24_1	14.4032459479695	13.7565245940097	14.8101744955855	14.8638804153811	14.0772981326222	14.5649560232205	14.0281372850361	14.5604424805074	14.1972667134725	13.4264211798066	14.5285912925532	13.78588897816	14.6827758953638	13.3241589599516	14.3574212105619	13.8759545255579	14.3535423814787	13.5628509332651	14.2837266508836	14.2225304855972	14.3642912143525	14.2727092809566	14.2403369273012	14.3465797607762	14.1222646360785	14.166374993034	14.5755481980861	14.3665655447691	14.1340648037189	14.2945371455279	13.8638407564296	14.6786161903479	14.5722322861227	14.5870994953472	14.6769947405119	13.3268940510179	14.8065601011121	14.2100502498541	13.6537899090799	14.8959032549615	14.6675167264765	13.8745194971883
M158.0818T113.84_6	14.2659937661593	15.382089043835	14.168634758546	14.7789771371205	13.9990929961479	13.5005970898434	13.6675694477102	14.9889503087661	14.4252816986137	14.6008275751858	14.6068263032546	14.642212867914	13.2170075827811	13.2299764554965	14.3263642920284	14.1377386704946	14.0062878871951	14.7106303269766	15.2408927713355	14.6421916136115	13.5853588992809	13.9804388862852	13.2047338125079	13.9965478453726	13.3646881987851	12.5400204855285	14.7774983881319	14.1243955872707	14.5067944256567	13.2844216145538	13.4905358466588	13.4584238128529	14.7109148669892	14.3942092448101	14.1252001548016	15.0760879693982	13.5727485025988	12.7450161256125	14.4640406752765	13.1836325168872	14.5405203980104	14.7383994304463
M158.0819T84.84	12.2823658083414	15.3549096065909	14.7463851148033	14.7585689595515	13.2142505413072	13.6143335611012	14.2836081960295	13.6312076375933	14.2825962613212	12.4149773451968	14.4561549203909	11.778135707872	14.1905630756482	12.0254595132666	13.5986365640814	14.1097030145219	14.2309847758989	9.99998403455857	12.0784690382115	11.7445464408815	14.4327807812369	14.8552513903786	14.6411429251283	14.2811589486723	14.1054507773575	14.6773958712606	14.0483587916608	13.7748800516266	15.1460434806512	13.6752968489168	13.9790152984811	15.4834756412966	14.7259328220013	15.3541076331843	11.5657273363683	12.6512175849929	14.2949655083795	14.5353395053751	14.7409778594298	13.97091973884	14.1393788344495	12.8877385403032
M158.082T134.89	14.8177487925495	15.0393192793167	15.2949165765525	14.2440422503062	14.6737318682512	14.5628647923141	14.6924046722685	14.7511080679696	15.0518936144663	14.9953702057994	7.99706098579931	10.2360661145942	14.7565406165527	15.0393071168852	14.8126636581707	14.8405990756193	14.9449666301959	13.87007168003	0	14.2279954945355	12.9937850372572	14.307455689632	14.3118916604115	14.1592212614217	14.1854385038883	13.9162275873059	14.6351520282143	14.6819438218217	14.5808871928234	14.0103014657975	14.7177896225684	14.9754630069569	0	14.7116675965495	14.4275668437955	14.3120546809283	14.9390821854368	13.9889295941193	14.1568890899682	14.6104968402192	13.997461756762	14.526227512032
M158.0926T62.46_2	14.3870572630397	15.8060755970033	14.2744987898201	14.3756698548218	13.9400517670362	13.1503621230809	13.0524364628969	14.4666963113856	14.8486831127082	15.4524875346959	14.4716852449673	12.7179091495642	15.0823076861126	14.6634016621921	13.8209665569766	15.1174301608985	14.4494267542515	0	13.4616435136458	13.184446092482	13.670563160992	14.6630160146929	13.6848436790993	14.3069027032501	13.4804228524785	13.2743840414927	14.4970954842316	14.0934510472345	14.570839706637	13.2974138093857	13.8610924423069	14.0720837171008	13.4779765165299	14.5363781836845	14.3194828278995	14.1718739344366	13.2577553109119	14.3918067871128	13.7559524400927	13.7183903963136	13.4686904768907	13.112624839019
M158.1182T57.82	16.6557622127012	17.1381188753858	16.9892281852038	17.8496556024128	16.7169957106295	16.3425373744374	18.7874767051825	16.2228908117201	16.353562947866	16.6188205719301	17.3935240870667	17.2295649059457	16.7938127316025	16.6718631889465	16.7000338353972	16.7047799155824	16.844631702826	16.7330688470611	16.9411098792965	16.9423622083131	17.1449230085145	17.1412874284886	17.0125869281763	16.8598174148423	16.9657112614803	17.0002719155251	16.7742073168839	16.707556331439	17.4323696211127	16.4495254072542	16.6726762977961	17.2226131644282	17.2664326920165	17.7031676239217	17.302369520597	16.5684958416186	16.5561267626519	17.1089414591365	17.2059202030562	16.8720169261468	17.2710978142612	16.8354558430844
M158.1184T248.5	15.2207503012201	15.4894390253042	15.7210343841366	15.5276539287348	15.26570173028	14.8508926530027	16.1197534579469	15.4440135537691	15.2900821034989	15.2582232745769	15.8908422711981	16.1845475053291	14.6670385990045	15.4999163625022	14.912878970131	15.3084733711016	14.9304347112315	14.995846541944	7.67698296725689	15.2280346168549	15.3609766510736	15.4356157889776	15.5665430418897	15.8901546113159	15.8888842768751	15.9319836414238	14.6616762327243	14.9800878710946	15.6371951613182	14.461923728873	15.3723378892155	15.7166219999812	15.7079195555041	15.7244408402814	15.6776189573415	15.584033063985	15.0643901303907	15.3821608282478	15.5880166502821	15.065835336996	15.7392687464525	10.6325336013816
M158.1545T59.57	16.5374719964523	16.8962184624516	17.6130709128651	16.8596977771212	16.5404362089371	16.8703739808162	16.9456780340466	16.8642658513173	17.0324045788855	16.6012904055269	16.8467837995471	16.7798091094922	16.6000266015878	17.1998883841898	16.7382249219795	16.7928061944979	16.8794062605102	17.0305800883439	16.8754913177791	17.2382063078222	16.7793372513475	17.1271116274445	16.4948931236732	17.0543857094117	17.410663907278	16.8470766272232	16.4215995219844	16.6345832951342	16.5736402078157	16.7350559143799	17.2371027674676	16.7658544129361	17.1841453611075	16.8073873348736	16.8751907805697	16.5627092092959	16.5942670640775	16.8586975330817	17.2538310298213	16.9791791443352	16.9158386042643	16.797992966795
M158.1547T113.84_8	14.7422087804611	15.777118643583	15.0922250886092	14.1341564724719	14.5668984599619	14.8490528424187	13.0783111233306	14.8528604794558	15.1896591159391	14.1614161877592	14.7368472754401	13.329592058048	15.7187432018086	13.7957300326552	16.3039053012276	14.3440633672065	14.2287390134379	14.6055043061252	14.2948309608716	15.5759195845112	14.5555421938589	14.7033711324709	14.4072139082838	15.3666753290631	14.8695338383231	13.965800056303	15.6283168388284	13.8869799122465	15.2321224811852	14.1431977169284	14.0151098163566	15.1626375471767	15.4539788834771	15.1840721541441	13.3524682868812	15.9865891285603	13.494975011041	13.6003705714959	15.980205773798	14.5965440531012	14.9737725221966	14.4794799995346
M158.2136T113.88_9	14.5257666565709	13.8655417918035	14.6659188885286	13.2912554480375	11.8554882069366	11.7207155392809	13.8296876513221	13.4885758784229	15.0335331594023	14.0754888935861	14.1548332428328	12.7979258398503	13.1793278569437	13.8026647167283	14.223844728648	13.2978288280604	13.407482865278	12.6140271044744	13.5019546942862	13.7321241546002	14.2688152144071	13.4577216082612	13.3382530216241	12.9751959732337	14.2637108863205	13.1058614935355	12.9114046313245	14.4815331998849	13.9852172407904	13.0304355218539	13.0829355935088	14.5139128258933	13.6960987368522	13.5582162707851	14.2696587021733	14.2907211870895	13.4290872804942	13.1633475062239	13.8678946805965	13.9889757783597	13.6375360387479	13.7781580393218
M158.2645T114.05_10	13.7571657570014	13.4866397673764	14.1077931450641	12.9366055760025	13.9349871891062	13.565206699046	13.4736697205986	12.9467992892789	13.6190001651614	14.3611094257881	13.8465430374949	12.6755640315868	13.2748389786654	13.470509194761	13.6260421561301	12.9599184763571	13.8342629673573	14.1689177657519	14.0514729543528	13.1938126262162	13.5716691644084	13.9102023266175	13.6629380802625	14.2426725437675	12.6911163273009	12.5253415301736	13.2228182400094	13.4944317308335	13.655745957424	13.2938403584525	13.4513314605884	13.5580715560416	13.8400924053056	13.8037501621969	12.9661448428206	14.3232765932015	13.8270130926612	13.1493688147144	13.9397842549524	13.4517444920002	14.0854685292109	12.8529791308455
M158.5135T114.04_1	13.8579108662157	14.3345273552842	14.3923563021828	13.8019191075078	12.8720374198804	13.6192913806392	12.8490554679305	14.3057606324417	14.1529714658057	14.0904108633934	13.7553806703558	13.4153312934756	11.5100358247204	13.077707268831	13.0204120364289	13.7854798574264	13.9565560301388	14.6176361879053	14.093328794399	14.2066648616062	12.0707830451401	13.2787749816529	13.2962393036638	13.4132140168882	13.3113388028222	13.9029592175911	14.1514017740629	12.9575706264631	12.9076650846355	13.5919484668453	13.9200287225946	13.381435526741	14.3056439639284	13.1842777959461	14.0008074790836	14.6205523613711	13.6484106830233	13.2147896945336	14.6387060281056	12.6029660824172	14.0004803269094	14.4059527058495
M158.6239T114.08_3	12.9358654728248	14.4507678367218	14.0469790169572	13.2004793261313	13.6838645297998	12.5118111307219	14.3744290034677	14.1359039308908	14.5751383300615	13.6727285656501	13.5710145983725	14.1496106056839	13.867587034466	14.0042066782659	13.6367542125709	14.1851044612308	13.7897960019179	14.17310351132	14.2210897786631	13.982271416483	12.9287442605859	14.1149948978346	14.5537105977688	13.0840406332663	14.0108292695266	14.1007837155631	13.5568326471984	14.1644904706614	14.3874032116993	13.4425371064532	14.366368496385	13.7362083181971	13.651512859792	13.0130303853105	14.5934155141674	14.8106505500217	14.0524972781248	13.850001850856	14.8652496604891	14.5059252685106	13.7060645310503	14.3811142878858
M158.6379T113.99_4	13.7109301111786	14.1728304760197	13.1657020751315	13.801346727983	13.8974544265213	13.3869834099614	14.38003205732	13.3850356515533	14.1474736118803	14.5329188304084	13.7686581632467	13.8209998679821	13.5784084246273	13.7571640398167	14.0034550164649	13.8848271828279	13.4957197047039	13.4085629145382	13.9052576012505	13.2553838820887	13.4936187841407	13.2349966650325	13.783767104681	12.873052583919	13.0108457147842	13.4596913021017	13.4296336954669	14.2116433860297	13.7602384466022	13.1332841438669	13.9924747898655	13.5192634324724	13.7192232572695	13.4131264880324	14.3548534848065	13.9794954123961	13.4295087095939	12.9118650563089	14.4329793899454	13.1204451747561	13.2683636596421	13.054192015368
M158.7787T114.02_6	12.1641031144293	12.7888278194529	14.6465864902046	13.9608447855109	13.734062134946	13.4217550021953	13.4783590181336	13.034491997223	14.0699183196062	13.7014109391968	14.2883402343868	13.8498497118715	14.0463400628288	13.5811197842247	13.2469243327277	13.3380891377862	13.782721280335	13.7036734122872	14.0049739964341	12.95360876089	13.2148756629635	14.0393387963477	13.5427871529294	13.4136398301151	13.8347229727328	13.723861488026	14.0174896435632	13.1931341595523	14.0765486155167	13.1962700856627	13.7062760168933	14.0243001989043	13.1810129194015	13.8817524842055	13.6896906915929	14.5260816932265	13.7749629505398	12.2008890013219	14.8008079279593	13.5713712095392	14.2343947629037	14.122805875621
M158.833T114.05_7	13.9485323934771	13.3955093519094	13.1867120599893	13.6316709883782	12.3576080113885	13.4354605646218	13.7971104217266	14.1054311702535	13.6812017008562	12.4740086855258	14.2763902906626	13.5474341551908	14.257205197897	13.8358587831897	14.1313578787829	13.885745475479	13.4403137498664	14.4511386822279	13.6122765572514	14.0517388725306	14.2142126894565	13.5199391586885	13.074613903909	13.7128963408941	14.2196593328404	13.9830777288592	14.1545539321175	12.4366416004365	12.7489373387132	13.5891955707756	13.5731278099179	13.7669670703048	13.4436755081701	13.5309520745126	14.2515846869658	14.5309631387829	13.2930754131265	12.0929955203905	15.1401009889237	13.6791330831142	13.6870079877068	13.5688152145174
M158.8483T114_8	13.7046871229186	14.1299605265795	14.0822415724876	14.3057034899094	12.3121757018272	13.1782144532448	13.5353665496449	13.1203877943494	14.0209914480018	15.0860834706297	13.5612277340471	13.5107171553067	11.770517349141	13.4981494452805	13.8095553110104	12.1625852162457	12.1642926100269	14.1167079842133	14.5665063019069	13.7413705521995	13.2070902652332	14.1870485607633	13.8169030272398	13.8605714209913	13.3404481833332	13.7324187422631	13.5009577358119	12.6078667643271	14.0841208296964	12.9523652750449	12.7022317428527	13.8426558461166	13.5568781722698	13.1761720720815	13.5696976406649	14.4725184276466	13.0161683189532	11.6310842070848	13.5737122588856	13.8958094785126	14.0163973767966	14.2948458810011
M158.9649T869.34	16.8782668743065	16.9967351240091	16.0172226861649	16.0578639361645	17.4487360250424	17.3488310532346	0	16.46899929434	16.6676481513474	16.6571911914006	0	16.6529631211335	15.9657505782919	16.1293254737082	16.6708205996004	16.4481023266945	17.3921923151105	16.505827070674	16.8759356745444	17.1698986854043	16.4971126552789	17.5787359201808	12.8579481803737	17.156280047056	16.6578855033597	17.1003223325861	16.3953085624325	17.9131566430706	17.0120766736709	15.6535538754639	16.7342914996558	17.087034338235	16.6111338584021	17.4311788174915	16.1000431051498	16.8928914286771	17.2565603079783	17.5465401198116	16.4402042877678	15.44094299632	17.2657397955701	17.422209166384
M158.9768T114.07_10	14.3591704212255	14.7081218162981	14.6468130401091	14.4503344100913	14.4244864331348	13.1484192694041	14.0805441689574	14.739781899054	14.4640990086883	12.8923566047813	14.8792937712611	13.1899205275297	14.123864478211	13.9638477996918	14.3163472177893	14.1212563315705	13.9771030539266	13.1287078868353	13.8227485515864	14.0624271197228	14.4926704014865	13.2234237166067	14.0133016025148	14.6284225711501	12.784919782422	14.1582996729643	13.3267376205467	12.769309405652	14.6196756683086	14.0603012087195	14.2582881023407	14.483390717332	14.6639783107443	14.0870525879827	13.7483597439796	14.988523454319	14.0675730142374	12.3839695670672	13.884671948912	14.4227818199287	14.5396369739627	14.7586111485811
M158.9919T114.07_11	14.3182950939549	13.2051780870808	14.584268984345	13.8766549873635	13.6200351516636	11.8591737065162	14.2291253349911	13.9710134560925	14.5479196382097	14.6384864753237	14.1733519885014	13.6739124631187	13.6887686124091	14.3214275506885	13.8886584321849	14.1465622728662	13.6431430895987	14.1951017464309	13.8675768873192	13.9985805613176	14.2239611555031	14.2423064931404	13.8387143978546	13.4167203433774	13.9298621477277	14.4289160181489	14.2776995362343	14.4329392964455	13.2310146533404	11.565341217937	14.2986406521949	13.3485728988418	13.8309692503887	13.7178880339514	14.0647913777876	13.1404350469049	12.7683020161884	14.0445979118887	13.9872329048331	14.0037681930443	12.7858674881088	14.0399083793751
M159.0257T114.13_13	14.3659759953079	14.6271249300914	14.7309011935293	13.7333805247623	14.3042441325251	14.0362928553401	14.7095631543689	15.2471351860515	14.7218079627295	14.6725320126532	14.5880497621188	12.8424819302438	14.4054444185105	14.7992708304006	15.0202643617339	15.3149440107267	13.6587470478564	14.5032408366347	14.0110994537416	13.9905196599095	13.6876060696779	13.9811104018331	14.3761166593486	14.0112853402673	15.2509130123295	15.2594810188286	14.9543428810761	15.7264109082789	14.4302344549229	14.5099256652615	15.0237235576129	14.1732267570123	14.7200752093403	14.1301697016453	14.7908567159844	14.5380187461194	13.2200500469735	14.6856704671799	15.4178020421172	14.5003407257996	14.1794189938047	13.4953447997201
M159.0431T114.04_14	13.1891085680736	14.1000062290174	13.383226619874	12.9216659069764	14.0204779249011	13.5181487789654	13.4001048957569	13.6692955160698	14.1234334721809	13.3639853358362	13.3502603863241	13.0955444128489	13.0963849693686	14.056572873747	13.6716852027171	14.3711200825099	14.0847307730115	14.0929672260267	14.0533908332574	13.6581594923704	13.6894959402175	13.2195948857378	14.5077774445415	13.784336027557	13.8479667301166	13.7635299264852	13.501226157882	13.473502701515	14.1140710533611	13.3972943028342	14.1197830460657	13.9573132452807	12.7359991584956	14.0262563519421	14.1913795161664	14.3801996100157	13.9484934833705	13.5526599250145	13.5927801468792	12.4167306764147	12.744745627299	14.2444101111755
M159.0772T93.4	14.9790339047166	16.6755508460781	16.2843706857026	13.3674204408223	14.519021407163	14.7486799406937	11.9167748304154	14.4107487976663	14.6129101902086	16.0455462805074	16.0635572232457	14.7796210938835	16.4925953740422	15.9443383510286	15.0368191043134	16.3911043841048	16.110328408356	15.2160874010208	14.7836589927958	15.0541042099064	15.5042837790345	15.3653819287403	15.7062336474054	14.9700931072394	14.509284371395	15.7744091120546	15.8459910070607	15.3795001885505	16.5028449041744	15.0019677453596	15.4726882547317	14.8104408025698	15.0389352910889	16.2806176661539	16.290401085325	15.644013540246	15.0068823360535	15.1156296322048	14.8827146428222	15.9308955132138	15.5237708910008	14.731962241993
M159.1674T114_17	13.41646521324	14.3562970499883	14.3050644684492	14.1270166264519	13.9939682976737	13.7369004551045	13.969836243062	13.5758842755627	13.787296929021	14.5898365562231	14.4757676380209	12.9377223087323	12.8300231812726	13.3658135740775	13.8780448508683	14.0475863186153	12.0357086777421	14.5735958011553	13.0020905763842	14.0290519375948	13.9456734567205	13.8422077200995	13.2577307649416	14.1183131174363	14.2789821371811	13.9786039203539	13.2105653092614	14.1862370153238	14.483959534908	13.641532480151	14.1734122429275	13.9805573414556	13.2597965290766	13.963029490108	13.9222842125503	14.7043624965144	13.831842298308	13.8655113409712	14.488807980332	13.1908735940916	14.3905251569882	13.5462216880766
M159.2502T114.05_19	13.9069346558445	14.3866924183854	14.2456025988431	12.9767407176297	14.2340746585879	12.943031184018	13.7393686320885	13.832252611688	13.2702284392635	14.5306698629091	13.9634215966848	13.7194172907492	13.6810833180308	13.7743928739616	14.0772842830187	12.838224568596	14.0242626846323	14.3304546374293	13.491925840094	13.2918594965591	13.6795785554155	14.106447342183	13.2327245013967	14.1669635441698	13.9993093140881	14.0467765977501	13.7347986230184	12.2012582932511	14.6039647358229	12.7338912870302	13.0442738543552	13.7041540256862	13.8185790858909	13.9581665413407	13.9581094975774	14.6291210214293	13.9236044662631	12.1727943373888	14.497513443253	13.6932073214737	14.4805432654837	14.3964161776567
M159.344T113.99_21	13.7357220256379	14.6349847193036	14.3446556795028	13.9515093029799	13.6830638194429	12.3521587604755	13.6717122054179	12.5661126394552	13.1809830852764	14.6151232507257	13.3794484300236	14.2117184985901	12.858861754809	13.5282065638284	14.1824498905244	13.5510130667052	13.2659472921617	14.4241948156687	14.6007110403484	14.5082968043399	13.5035510796997	13.2996399731955	13.1861209058843	14.5064179599246	12.8361219687852	13.8334237749981	14.0605028059318	13.6312232143547	14.6079435560535	13.4505122566318	13.3927628647668	14.1310094285072	12.5141570852686	13.6210896502139	13.5026304602525	14.6250119797804	13.2470420093409	12.4330102105264	14.4276530675426	13.6268175704301	14.3196364830585	14.4427739573539
M159.3835T114.03_22	13.8511004004294	13.1456400323164	14.4392003522941	14.2518550781533	13.6052777838052	13.6455567197424	14.2051674576589	13.146575857289	14.0047389981994	14.5293709414862	14.1161628530464	13.7964622879569	13.9225378106582	13.6125833545658	13.1939478367275	13.9930768122674	13.1996336965788	14.581478809172	14.0833018071364	14.2987792951104	13.9480057308632	14.0002640722002	13.2999436972891	14.1915621461394	12.6602646858547	12.7532632444582	13.8900261925027	14.0235213870888	14.8344719201504	12.5236330020601	12.7332945853539	13.8267920841638	13.9507204812917	14.109280057213	13.9346670480832	14.7253392015683	12.9539308602907	11.6798105664902	14.6794429312862	13.8469492516315	14.372915148597	14.4039911264048
M159.3994T114.04_23	13.6668699188942	14.5653058850728	13.3427308447963	14.3375270366955	14.0369226867852	13.8952556031987	13.8680353674226	13.5605635412366	14.2190062559969	14.0920856294028	13.8594127686868	14.2063002792673	13.6983626642318	13.5505076858657	13.8234635536831	13.9408393431581	13.1619452329151	14.5384632340216	13.5305064811399	14.0236483186093	13.8613033609388	13.7670385400892	13.1672629944433	13.8639467247849	13.7857097098185	14.0150293432433	12.758373429635	13.6039720419448	14.2813015744133	13.0538914537248	14.1161519549819	13.7590032998578	13.8568632723305	14.0615942533614	14.0904054276616	14.4996913762085	14.1575689482801	11.9531218201989	14.72064887143	12.5846368545941	14.2503451811602	13.9543726718827
M159.4628T114.02_24	13.8508314714535	13.6098165727217	14.3656139602058	14.1210228282374	13.3382768902926	12.7666561911263	14.1123904415413	13.8038222091473	13.1830755169149	14.6167751534233	13.9419607507289	13.181745657609	13.7211525788469	13.8666455865326	12.7513402966086	13.3361544253574	12.9343604277797	14.2395189325251	14.1592980367711	13.9272825418474	13.8598517156836	14.0095999260052	13.9451682366434	14.0319629313425	13.9967796347544	14.0784771499081	13.8775489068901	14.0157804868688	14.2696017451548	12.9198307099998	13.9951706187934	13.8600129346065	13.646318555844	13.9975927998581	13.4006450822313	14.068455375887	13.9307764664349	13.5814271017196	14.1736060381871	13.1198013103575	13.7412564417606	14.1487341007996
M159.5276T114.07_1	14.0383742826014	14.4230467955868	13.0386459849255	14.0316217816607	12.8558147228244	13.6956306727284	13.8114988936821	13.7978330048496	13.4833528366573	15.144359344931	14.3314020508528	14.4846940543223	14.3518724933115	12.3648053071332	13.4050799531981	13.900772610673	13.9976009280198	14.5968891566904	14.6385081493196	13.87666212204	13.8278742718969	14.24414203391	13.4674061574816	13.3077935565203	14.1259078090636	14.1039530569446	13.3498808952966	13.9038051230343	13.9140233561018	13.7150115457696	13.9343909412917	13.8185341303442	12.2755574058463	14.1721800950259	13.0358932187266	13.7487165999139	13.9020009952072	12.722981821193	13.1875635165322	14.0358863257175	13.1776400695989	14.3172548175215
M159.5638T114.07_2	13.8468230825515	14.6938504045816	14.2480368047692	13.6602799152119	14.1675290992647	14.0093554993158	13.828791560312	13.4993617949212	14.2474614909408	14.6179460883016	12.8387868952481	14.140395682865	13.7421222965555	13.2087285113387	13.5600318962567	13.657116344218	13.0741287959797	14.5672312886765	14.3388504192285	14.319083479747	12.9327056003877	14.1113267776489	13.7981996515962	14.1801528435458	13.9533620804762	14.2288234999578	13.7453070039242	13.9517401606256	13.5090379326167	12.3401222043688	14.067765614812	14.0733688648326	13.5012751241414	14.3335177875	14.0030683721738	13.5911684172124	14.3330533101306	12.917246216611	14.7817538786441	13.7210934460529	14.2254659645695	14.3769678437621
M159.693T114.02_4	14.0393535313008	14.180087298479	14.342833527059	14.2330150676584	14.1962273057148	13.4913385774134	12.5187706979358	14.3393684945432	13.9860325648095	13.7050410837205	14.2203411276691	13.0810686641256	14.0558483034147	12.5641993034197	13.1286354890264	14.0289618642339	13.8804669574212	13.7040965348375	13.3714562290533	13.773658951174	13.7146913280465	14.0582734554203	14.1039238145716	13.236762341434	13.9040980377684	13.9572151649621	14.2862377046758	13.9915043776318	14.7226430912059	13.5906695981734	13.9545218532037	14.294271284831	14.1559324797873	12.8961205437895	14.1466377496461	14.5792498745732	13.0279574343045	13.582766104249	14.5276075055291	13.6213916571822	13.8425743832026	14.2919096552296
M159.7471T114.04_5	13.6333921094242	14.7203211385967	14.3472001112735	13.3564766102461	14.0261926415251	12.4850376461449	13.8677736466461	13.992972823649	13.8520614626903	14.3849016712167	14.4186344010134	13.933841850804	13.7382850554161	14.0565930786806	13.5423004396442	13.9608704489825	14.0892308190031	14.7114682684509	14.043696586617	14.0884486205947	13.7094213599704	12.9601899771539	14.4535835956949	14.1514047664845	13.7390472948541	13.9053088068395	13.9903532083888	13.7370423814381	14.5037965044852	12.0154816281547	13.2936816131019	13.9768025195925	13.151347478504	13.6940352260536	14.1428917177086	14.8331108929046	13.8768469471924	13.3783320613108	14.8075604791569	12.5919735980592	12.1461088257861	14.2148208763649
M159.9882T113.99_11	14.2084664287055	14.3125057989666	14.5261655145463	14.06889521036	13.7302957097288	13.6789656259002	14.1131158684689	14.1078233011131	14.5743591475386	14.056380967457	13.3625156091593	13.7685138171962	14.3248861593002	12.4454889084844	14.1740389888924	13.7332761939909	13.7577673216581	14.4439532079731	14.1507205210184	13.9025811031092	12.932398379102	12.735832489007	12.9463778568375	14.002784589228	13.0876059813417	14.3094638756495	13.3281309936616	13.9577078194402	14.7213829125772	12.8691195430974	14.5118730101852	14.4311214328781	14.0221655614504	13.8876820074567	14.3863393115538	14.5198612494242	13.4039372158369	13.3279416576347	15.1150719220883	14.0953838938532	12.6165628679229	14.1480679252636
M160.0233T241.28	11.2290265898098	11.2706809986262	11.5484045407719	8.40213343366121	11.652012918738	11.7474514029328	10.8885543046024	11.2666946876937	11.7081938509597	11.6520967006366	12.0271272143049	11.1983926717423	10.9999994417105	10.6769429427733	11.3294395037552	11.6896620727025	12.0031846476039	12.0833210079262	0	11.489828253471	10.6608541547136	11.2235027964487	10.934500149225	11.0423956215591	10.548781701548	11.2448571385585	11.374819885926	11.4023192665539	9.88674404057361	11.4439701870292	12.0840103965133	11.0253138839718	0	11.6558176006599	11.1400322605925	12.4516549880359	12.2646634230814	10.8958621283041	12.1530260610996	11.9817446047227	12.0106742671896	12.6808408659999
M160.0268T114.07_12	14.2064904084724	13.6072975023585	14.3076987997685	14.2154538115805	14.0137894218422	13.9141386990326	14.0821557946387	14.174974422467	14.3911432593495	14.2652418240979	13.0354990400386	14.2053923105778	12.5794844163198	12.325643304828	13.7049115199821	14.2187170546394	14.0142287436711	13.5454137073023	14.2900862703326	14.2770580013981	12.6333967413085	13.9009536104876	14.1130294688077	14.1319189700591	13.8298725337183	14.0223875872893	13.9724331122668	14.1759783791347	14.5316203813726	13.4082500396943	14.3106455141947	12.4269628453225	13.1498645046568	14.0466211276269	12.3299414447602	14.4322958486536	14.8568219759775	13.6660101351013	14.1521338995523	13.9509804550283	14.3066560381509	14.2240976447111
M160.0617T114.05_13	14.3506475691523	14.8263985450626	14.1649161507698	14.0191344414124	14.3056209574216	12.8271329103179	13.4114339027726	14.0674336332819	13.4708256753245	15.2171429670118	13.9350558494377	14.3365857980196	13.8769308148601	14.238286265909	14.0653414287333	14.2061396891443	14.0721896167954	14.4132376214053	13.8707202304178	14.1770561258738	13.7744897462085	14.2641779741132	14.4359547894661	13.3323272318303	13.6071713490764	14.0852878381869	13.6975056343209	13.4004498471169	13.3225142471114	12.5084881712176	13.2861857618733	13.9064384926733	13.833999459911	14.4601002838218	14.2795908441842	14.5185935422162	14.2179369848762	13.2237305586424	14.7535440289274	14.1826828969591	14.3485741190867	14.5529413866437
M160.0719T198.68	15.140764946249	15.1768378605373	15.0135113450577	15.1148641418305	15.2422454696138	14.7114910094271	15.2956661078806	14.9968338386125	15.0178611232899	15.0026701403062	14.4334261359207	14.7497217983087	15.2335628998326	15.1777124652619	15.2972392980942	15.100884926321	15.1424924485739	14.6665975674592	14.9912632653641	15.0591355858155	15.0163894971506	14.9742474906876	15.0701316339356	15.2610144772691	15.2137568505005	15.2973609598526	14.6853596990056	15.2708000901528	15.0394942190531	14.7119675574168	14.9931563896802	15.080651438021	14.9759782192493	15.3002952594182	15.2181669815171	14.7308670092951	15.2068533873379	15.1163622388314	15.2513790257633	14.9801494562288	15.1736629002787	14.9938643241892
M160.0968T113.75_14	14.3689558057344	14.3563930398583	14.7018779716065	14.3526175496753	13.3008409373086	12.890983380228	13.3737801998464	14.0405341145618	15.1004248010147	14.2996205412078	14.3285083571486	13.7876885850522	13.6725370742077	14.3756423923795	14.5767348316222	13.0470194417018	14.5685943794957	14.585980673519	15.0704554917448	14.1868701450516	14.7700123257588	14.2659947201516	14.2450369880695	14.2226691646954	14.6404487387531	14.4663593503408	14.253846638924	14.1119426815694	14.2075632950262	12.5126020788587	13.762858749797	13.6281998410562	13.9034106657097	14.7715725047882	14.1020762575938	15.0318627395377	14.2202902996468	13.7949775234613	15.1964821230401	13.492173013705	14.2110244264765	14.6021077867957
M160.0971T79.68	14.2832115514531	14.6408346860663	14.2351802210525	14.6041577971777	13.7970545008759	13.6059755490748	14.9259134950923	13.7827413144727	14.2703415709044	10.2802818482849	14.3474448388352	14.8788488383833	13.3178592452373	13.3096132031051	14.3796279907866	14.5532068311306	14.3975963024105	13.0673999271032	14.6827701597939	13.8833126065155	13.8975013333529	14.8241438278478	14.5408412962509	13.6797848599296	14.8548884542859	14.9069651255826	13.4191827247591	11.2500503353331	14.2213825274723	14.1814189422459	14.0175940391748	14.6751511075006	14.3606223425135	15.2936146840292	14.0644227897586	13.9550478842726	13.8665476742063	14.6606305879564	14.3906655697301	14.7228390375009	14.3452403868597	14.5790477693429
M160.0973T62.99	14.6924662812328	14.5475015984315	13.630121124103	14.662978687473	14.6997988066585	14.3620654493864	14.3245926612437	14.7496523795526	14.6156108024223	15.0988618564583	13.987860001367	14.6419862968744	14.9847273482184	14.907259159924	15.016500789593	15.0383075221653	14.5099602200435	13.6575637767375	14.9779154427036	14.4820421320876	14.6882441960251	14.4412942702088	14.6328116900769	14.1928225532271	14.5416974615932	14.4212552677713	14.7272005155632	15.0165684040273	13.7873928190065	14.602950652615	14.8114142804396	14.2783450657196	14.249683565658	14.7584619529326	14.4216103877732	14.4208358341902	15.2859001621912	14.4448220173861	14.9091069232083	15.3135402828374	14.5340941678449	15.9334828360861
M160.0976T323.31	16.3269926735734	17.0894903813737	16.6372547903589	15.9247778725742	16.4341190766006	16.1996180876665	15.9474630736423	16.6078352757736	16.7004227129292	16.6904157817728	16.1495265980319	15.4307293099531	16.2568507508319	16.424266705888	17.0377310669398	17.1218822670585	16.8026875931472	15.2790368051153	15.8954191803014	16.6570481630548	16.1216085362589	16.5912165068922	15.5389667632543	15.8690430508235	17.4544672974978	16.8731752587642	16.689394931984	17.2640884261495	16.5577811440423	16.0691383990004	16.6579646081746	16.0178482639937	15.8470263906541	15.8814260365443	16.1470546204321	15.7581393432315	17.8859621315182	15.8946343728781	15.6273227544328	16.4813635818745	15.858439056602	15.4607623630203
M160.0976T133.61	15.8397933431229	15.66570482682	15.7467158576149	16.557981141241	17.5214874305283	15.3050186992142	15.3931538445549	15.6443329187028	15.7274858767053	14.8521367463635	16.2188708343127	16.2792898026358	15.2484015750435	15.1328069619435	15.4074300464192	15.9346469276835	15.9964180243042	16.0325086038124	15.4387424979769	15.1275284710558	14.6744110010815	14.9660591976134	16.8350610858541	14.780629451714	15.0635691556085	16.9548574182647	16.2967605668753	16.3292973636282	16.019850169816	15.7977346884918	15.7551325389458	16.6134677604977	15.5768715054709	16.7336613668725	16.3179945286056	17.1446506520744	14.8729261820359	16.0435105119484	16.3749664354723	16.6020912460399	16.159259383399	15.9459958309205
M160.0976T270.03	16.1853892252355	17.2774156163874	17.9105752865795	18.0315357930043	12.1740543821801	16.0388454099034	11.1634048958463	16.7834333163836	17.2683901127952	16.8616458774968	16.6853113328419	10.702204808344	16.4495719965198	15.8936283082659	16.2956883536234	16.8557381481033	17.1432660955934	15.1327641747958	16.8534479318363	17.212032963223	18.3787119333155	18.3287622620014	17.9358635984196	16.465580019053	17.0879265696041	17.9392775636489	17.5009311919076	17.2514596757012	18.3968075171111	17.1329503563481	17.2076614691227	18.7189575405213	18.0030502684894	17.4224251112895	18.0753564977041	15.1948501307924	17.3777432946038	17.8960566846682	16.1674776783836	17.177560152387	15.8790929029278	15.0881615503393
M160.1142T114.05_15	13.6880255241793	14.8722187886001	13.7840472630568	14.118050410077	14.4589698580556	13.9352753969344	14.1653534176271	13.2128187091989	13.9063883456622	14.6236768630109	14.2702185946618	14.3946880801087	13.1149663381764	13.736701057589	14.0565933152898	13.6058078187996	14.0203661559781	14.4267050731658	14.4798098176793	14.2655060763449	13.2416077404532	14.2834309739913	13.9444629024512	14.6192760715029	13.8637924613547	13.7316959928925	13.3841951410449	14.0991041084244	13.3362509096355	12.8731177954799	13.9710093350718	13.0177217631384	14.0696631934865	14.4011823011041	14.0115411135228	14.6406087065517	14.2463919644125	13.2420366138943	14.6500499848642	13.7078181056502	13.2749259262857	14.5783086074486
M160.1734T114.06_16	13.8351413959547	14.3357644644334	13.2459597819696	13.3826810186462	14.1376336043683	13.6322255732645	13.9346721122172	12.6748317628586	12.918251827465	15.4075035031188	14.0607029390988	14.4579308474633	13.7742356743793	14.1979014993445	13.7819320410267	13.4236100039398	12.5277366484056	14.075342804436	14.7140853319987	13.9129609552144	13.6148555429171	14.38299027013	13.9993670390088	13.4504845472837	14.0218488218686	14.2919195212963	12.2604207211187	12.7166854771733	12.5279431386752	13.197610535139	13.9871437975376	13.8654016493367	12.7668933082029	14.247763428468	14.2002436532155	14.138803965219	14.2888971753115	12.9201761127496	14.6929022669084	14.1479057554851	14.206898302743	14.173716771485
M160.4236T114.05_19	13.8877143640119	14.0851666557126	13.0743078097582	14.1350957404573	13.1224188792302	13.4689249786328	14.0686229531992	14.0643417360675	13.5051207637742	13.8862767074852	12.968086574023	13.6004218196233	14.2169567256178	13.9736403929072	13.8850484906463	13.7358489563281	14.0353491634808	14.4548958628971	14.4774855050727	13.9526786705152	12.9421468333809	14.0248854546981	14.3779202170221	14.0513285952622	14.3394068171944	13.9728202425842	13.3497469924938	14.1601940193183	13.7644914189462	13.6254544945262	14.3600151036049	14.3102013992055	14.0279288045517	13.9416342874728	14.1299005871198	14.4515733273687	14.0035144671492	12.6884657711743	14.8526701060214	14.3731904755519	14.0502913017603	14.3378170975551
M160.4691T114.07_20	14.1542121289691	14.4121271247353	14.6860895835525	14.2812266091015	13.3861072238878	13.1548999683947	13.3453113451949	14.2301847283131	14.6228517150282	14.1574835995143	13.8658931528831	14.7384837926107	14.1987574262371	13.9846203775306	14.2091205489923	13.9310826703063	13.8586365417616	13.8069805142917	13.9536435501291	13.5283870885356	13.0063935524869	14.2235394997135	13.7818240651287	14.0704609410568	13.975840558956	13.9395881228155	14.0480838147167	14.109838834358	14.3773409952988	13.8124385070407	12.8403554254934	14.3260582662332	13.9584157631135	14.1649971696678	14.2498220570865	14.1055662679549	14.1050834137214	13.891830692843	15.1345814718462	13.2986050102037	14.0173179654736	12.9080413620192
M160.538T114.03_1	14.1807753431543	14.7227464762412	14.5479205674085	14.019577464113	14.1166154567234	14.0761928679575	14.077048450678	14.328921356315	14.4292540774147	14.4552666267005	14.359528825101	14.4906678021345	14.1447967546778	14.4081777992863	14.3916651068163	13.5869048652227	14.2839609967379	14.7969038578238	13.0401692803034	14.3146575595098	14.1127652819792	14.2846734118311	14.3244333810083	14.5519612122101	14.4006013346712	14.2124867037152	14.0790564975626	14.3480750486138	14.801661085475	13.8474270358904	14.2058020043625	14.2368451755792	14.1249660325427	14.4123351965007	14.2400033044189	14.7920859075539	14.3657386171528	13.7199393275274	14.8561739415188	14.2137853505345	13.5817041564267	14.7337235335791
M160.5777T114_3	13.6888170255874	14.9385192652941	14.244150678661	14.3333593971023	14.2449338556042	14.1910100037666	14.4520804626292	13.9539667817622	14.0737483211185	14.5019201151066	14.4012085001555	13.8596542707818	13.8188014660452	14.1509158220251	13.4344388274197	14.8726922118971	14.4293407571191	14.962143616499	13.3007017084191	13.9799114757908	13.0436067860206	13.9800604708311	14.4284489647843	14.2837215272263	13.9744677288564	14.0933813917475	14.2292836022534	12.9213803683139	14.898230293451	13.4911172424186	14.1369207521084	13.8412725858219	13.2704430569547	13.5956251169869	13.6340007993546	13.9907535899514	13.2822931878259	13.3376626817964	14.367392790341	14.4108837246616	14.6115498411712	14.170644292239
M160.5942T113.99_4	14.3615192002144	15.172410686035	15.1433168117507	13.1262844713614	13.9876332543938	13.0133743121143	13.5720253363414	14.8769577955673	14.3552619142934	14.2254882169857	14.9642942640525	14.0014262436332	14.7284359846325	13.8345492990956	13.4456241002245	13.7809182118409	14.3977602957037	13.9735747786426	13.6031942535766	14.678251217685	13.6280145692479	14.0649069978357	13.670327647111	14.7580375745779	13.3256661979511	14.0108748013268	14.7922767680279	12.8495762124424	15.2613857945043	13.9514149454064	13.8444093063779	14.7806609815832	14.8824001120004	14.1126062811987	13.7305225819472	13.5445925334725	13.9968804510089	13.9366115431964	15.0566735981346	12.4128712247306	14.7667917622648	13.8569674192694
M160.6134T114.1_5	14.2471072051688	15.2439356088475	15.1179765209079	13.2995991866435	14.1554778749911	14.4237139770933	13.8332688642784	12.7748285181924	14.4708833029484	14.7577814305426	14.8658769576828	13.669149269215	14.2616523061269	13.8159256226357	13.1966918992432	13.7791141842533	12.6719547093009	15.2206066448461	14.1815437923239	14.6353211781276	14.4440236003599	14.0540076762632	11.7738279139871	14.7221793861337	14.459094283809	12.2888305879358	15.0651017519208	12.5119207843739	15.1798919679166	14.2492918863214	12.6282635428434	14.6686568751378	14.6209786652988	14.1377277944804	13.0699711517756	15.3630280509462	12.7268217676303	12.3427466321787	14.8492607979423	13.5612558644169	14.6050830359375	12.5143401164645
M160.6592T113.99_6	14.1010750063828	14.604477365592	14.4786415409832	14.1687827030848	13.1251493084298	13.5697229434429	14.5221506301393	13.063856603178	14.495813270675	14.4214404124124	13.2908999951508	13.3064616967401	14.1358912606315	14.3797848353261	14.2792823732727	12.617080140747	13.7281268581748	14.2691040231776	14.1657314586831	13.8042387584996	13.2220971889401	13.1665377921945	14.5519509493698	13.028968050699	14.1777824265851	14.2362997586646	13.8371656204564	14.4349854977629	14.452081866524	13.6190801793973	14.5265322886015	13.9703979632704	13.6006464803823	12.9066335834884	14.5995716394304	14.3365687935497	13.4135574534371	13.3711294059226	14.987618621756	13.9688443950358	13.356227689481	14.1412949717218
M160.8089T114.07_8	13.9189533456694	14.2853152055021	14.0978050842169	13.5918554971654	14.0481110243511	13.541888509764	14.1981340508451	13.7627190116699	14.4385007218042	14.9027780946878	13.9004415556584	14.2839191422371	14.1947663491303	14.352474768242	14.2409641450243	14.6176774197379	13.8456081275323	13.2179545547151	14.592993485071	13.2256296139546	13.8626267092266	13.2392211093302	14.5620150091442	13.4405237114672	13.302741979838	14.4020028236192	13.9789640646715	14.6139738193573	14.2236485960739	13.4945808338346	14.4834616298337	14.1246924962053	13.3149450589077	13.8234182204429	14.4052093037184	13.3777416790654	13.2910657526741	13.2647038720196	15.0633272692536	14.310428484672	14.0120513479033	13.1801605472261
M160.8785T114.06_10	13.6026608747467	14.1717792074328	14.2311965125816	13.3843562844972	14.231537879584	14.1295319895736	13.9869374093412	13.7426328283123	13.1333498557657	15.1866187038821	13.9029698407854	14.6933672378043	13.2582632070977	13.9285012849187	13.2154641690055	14.5370179147441	13.4868103517639	14.3785399965252	14.7791422935853	14.0073288117965	13.763344339964	14.5464379991755	14.0960338184441	14.1975644860614	13.675352324735	13.1121147398277	14.1507764966124	13.4111294351474	14.6156243288435	12.662476829267	14.3063085392178	13.1153909267402	13.1840045557105	12.9869213093764	14.0695565246161	14.6847883867016	13.2515212155402	13.6037546785985	14.4146098013202	13.9578411116706	14.2583000778116	14.5913257461189
M160.9087T114.07_11	13.3720843807075	14.4422250265483	13.9865971294026	13.5625938629393	13.0104035556349	12.9732853646523	14.5365074390671	14.024072448805	13.615622867619	14.9327482120889	13.9503117592433	13.9476309718838	14.2176050533868	14.3034444707052	13.8171330944492	14.5226425821158	14.18304612482	14.4794781663126	14.200292107247	13.1485744981821	13.0895773086273	14.1466242151382	14.2792615442743	13.1120497503767	14.2604306287327	14.3597663692954	14.0188264334561	14.211776509898	14.6764412423735	13.2440310348148	14.1764214687655	13.9169689580352	12.7456680925941	13.8589339293398	14.3174089325588	14.6586861892266	13.7770480035169	13.3082828550915	14.9036559315284	14.4382122529613	13.4291884211808	14.2758556104908
M160.9666T114.04_12	13.5317924119972	14.4857732317469	13.4964764788573	14.6819577000524	14.1968691648888	14.3978391880897	13.5623776266885	14.5711866710723	14.4448443018352	14.9852997697787	13.8028291090718	14.280780537595	14.3876375177757	14.1308541072211	13.4510036408385	13.5957426182369	13.923778036007	14.679226237937	14.6383073500349	14.5698934805742	14.5777021024387	13.9923719468518	13.9820925242314	14.58195780821	14.291771446606	13.5570226705454	14.4429003017612	14.2236594890136	14.8319114859029	13.9717753514063	14.5221388754266	13.8812567092345	14.2411428380874	14.5531984129863	14.4005358903257	14.9448849233009	13.8475672133878	14.0785836957873	14.8354984710051	14.1282360620407	14.6377326526606	14.6959384865473
M161.0035T230.5	15.6729189211112	15.7954043378676	16.0693007210524	17.2839019392151	16.3872125064949	12.9710118393714	14.8210760693239	15.6517597899276	16.9329530715435	16.6060528000935	15.3986763805215	16.8471321203152	15.4070650413817	15.4630735992786	15.792256154924	16.3381027382804	16.9984740761106	17.2003489593251	16.8941625363273	15.9552594579796	15.447875559561	15.0380007573573	14.9676765012827	16.6580485036704	15.6606642069557	15.4251872143369	15.4902947991353	15.5652396185388	15.758195484072	15.7763019058437	15.5580597983827	16.9966160621816	15.7780796467129	15.8926209781768	15.584865776134	15.9664949099318	17.6176962667708	15.3110280858389	15.7401996134927	15.0735828913716	15.7042781130499	16.1530089203897
M161.0183T114.02_15	14.5407203840917	14.648282939564	14.8235997693126	13.9292446671253	13.7511490868161	13.1657413035605	14.5765711569731	14.2403658297302	14.2157170829287	14.0376885174859	14.4232933274839	13.6438963729149	14.435724359836	14.4431307375302	13.5395437975365	14.138530878691	13.903252645202	14.6631569542521	13.9713979003139	14.0704215511742	13.5178543985928	13.0399653981569	14.2260826799017	13.9650001078166	13.1164643294399	14.012230963412	14.2577960860574	14.4620213161038	14.3777564109726	14.0854951578141	13.6869711952798	13.985118109004	14.0964744595016	13.8164544563668	14.257831360455	14.3773343208796	12.8947700497344	14.3742083399656	15.1140368096923	14.1964024996006	14.125109459834	14.3761796869707
M161.0456T114.07_16	14.4291520681862	14.9428570268973	14.5418006077221	14.4836186367687	14.4206405574112	14.7230383092501	13.7189460046052	14.206338642589	13.574497230225	14.8936695277084	14.5576627657108	14.603364002788	14.1499394429226	13.8915363387228	14.1855252956202	14.116382180054	14.4421953527168	14.8525768529956	14.8238696863027	12.9359045240063	14.1956389517278	14.6531161575116	12.3540606051176	13.4811679538242	13.9834343642177	14.2096513488294	13.481093764175	14.365965632466	14.0922673032984	13.9530581133083	13.8234247658542	14.2699040506266	14.1503111951614	14.5548564625925	13.3178088958447	14.1116069817289	14.5160298553915	13.7383900707486	14.915844509045	12.5106181063097	13.8440480445067	14.8073069716341
M161.0635T114.06_17	13.9923162941889	14.5398008786276	14.36306476202	14.1018259155121	14.2967719287887	13.756536044052	13.6578873050148	14.7467005448491	14.9612521938475	14.1641152140582	14.4132297833683	14.0305688521718	14.0191689525362	13.7150899742901	14.6568811632767	13.8851070366234	14.0207743776345	14.8288299565386	14.2679350151661	14.1657670620171	14.5758655804573	13.7847843895796	13.3822329588445	13.9850067659778	14.5776662479891	14.4935265137034	13.5003673494806	14.5184957898793	14.4163024591553	14.367025638038	14.8142598140606	14.9178065440158	14.1687275562488	13.9463322724613	14.0187307533269	14.9498606969573	14.10962105971	13.577273214281	14.2814116845582	14.4334223654819	13.8137021300006	14.3165213376702
M161.081T114.07_18	13.7754891453725	14.6885514897957	14.8600870714447	13.7828268519206	14.1835706591266	11.9026172062643	14.9635597947248	14.4931593250769	14.9100852023797	14.8757296541632	13.6869672766768	12.6430641976942	13.1998372477335	13.4496246201464	14.6907743669855	15.0286832397961	12.6589063991499	14.572234763811	14.7310968452475	14.2747900839795	14.1840643044767	14.0077901627634	14.581850473842	14.1038363450334	13.9508593746702	14.3507732989074	14.3272475249006	14.6672353321951	14.6301431677596	12.4027184399988	14.0322174302779	14.8840728320044	14.4479494046186	13.8337396428239	14.6723380570108	14.8066228706407	13.1174339343185	13.2539719077285	15.4633558319998	14.5955767279447	14.1515080478614	14.5114728911284
M161.0815T299.46	11.8347429985989	12.7567948368576	12.1989016146936	12.7068696092303	12.525109334167	12.1971568795093	12.3851701741822	12.2200172857538	12.3502178914316	12.3432356835618	8.46389279524195	11.9837343067832	12.7991335240706	11.3709217497397	12.4237507069002	12.4084624413863	12.6772480341992	12.0538083014479	12.086975983415	12.7459287261337	12.3166691540243	12.9450676456412	12.4206204508832	11.5961773799538	11.8854464062545	12.7011114610238	10.8591937747944	11.6968565960822	12.838682316849	12.1774897128808	13.1439723492658	13.0668538278255	6.47913223418091	12.7650805303873	12.9528050435966	13.0066028539279	12.4632706933877	12.56084429172	12.6068315935133	13.2710201409977	12.0525149352177	11.5417306209855
M161.0928T172.6	14.3569230567627	15.3842855510592	14.9818099967103	13.2812684887576	14.4140273814091	14.1806888157155	14.2135197774855	13.1315716461376	13.2150062886594	14.7507389298417	14.8542438783554	14.283285377917	14.9750089965799	15.0726430998655	14.4804577267075	14.9929590430962	14.7431220708204	14.0230948447884	14.8652591509663	14.7937582497912	14.8466864825711	14.7730152036265	14.7527679002788	14.3734299094319	14.7670712647928	14.9955208615018	14.9243804279637	14.6834369373641	15.2553274829682	14.2569585287175	14.7783019094398	15.1058250365746	14.6403784659233	15.568545102798	14.7445059550121	14.7727211861769	14.5131572531761	14.7544802760164	14.4972901330013	15.0588926221393	15.1164272598629	14.3585142321232
M161.0928T92.91	16.6486687600458	15.6173688363473	14.3955837789112	11.6569194059273	16.5932473239448	14.8028682496893	9.50366165688194	13.3718145645725	13.351679993931	15.4567530595889	14.8206080586308	14.0536419030745	14.246679874316	14.2337824258951	13.956008257099	17.034337658822	15.0288747927968	0	14.1381853776303	14.0260322813546	14.7777881141633	15.8412036524402	15.1378228203646	14.3479210100978	14.7031165527277	15.1385185226188	14.4369641098064	14.7397362949013	15.5485056486079	14.1602294803165	14.6779874057686	15.527359816752	14.7561265462746	16.1041856596891	15.349478182241	14.0231431084224	14.8913226156253	15.3805309109311	13.6685634913101	14.6883664459665	10.9295311490733	11.1579696520383
M161.1009T323.94	11.8777016301358	12.2203379284559	11.6628448099819	10.5000766480327	9.98834587882825	11.6850699703982	11.4926325184161	12.0671262522153	12.3099817310047	12.4886846764446	11.6805308403502	0	11.6258619510382	12.6043896431207	12.7965789516368	12.9491456510187	12.4049114282307	0	0	12.3109995425441	11.8066553355189	12.1922738355177	11.6159125416462	10.3763486020353	12.6746807191753	12.756581958587	12.2511318975124	13.1168502509067	11.4624636475385	11.204336509964	12.6594274302648	11.2867468844234	11.3792674759845	11.6438496809951	12.016297607283	11.0026249133819	13.4076868265837	11.653450284138	11.2360144243583	12.7105423800384	11.2778571870169	10.4313420128843
M161.2335T114.02_20	13.92887801499	14.5996993145251	14.2575499443538	13.8427139535094	14.3508975837131	13.9903976701386	14.1561360427945	14.1794559241029	14.198605692968	15.6292816145988	14.10345782877	14.6828679751256	13.8505471570021	13.9092266178245	14.207820116897	14.2477615195153	14.5265873843214	14.676089927006	15.0561459240555	14.3704246840384	12.8267236496147	14.6128424115197	12.2552241799732	13.20552239425	12.7447956212882	13.3590136373834	14.1805613574396	14.1045748340587	14.0292164292284	13.5467901553926	13.3488830354523	13.8716560168823	14.0815720810182	14.6871869958822	14.0752896373755	14.0214091187611	14.6298829440246	13.5901348701725	14.6838755155847	12.4760657465865	14.6710673742155	14.6124355248
M161.2737T114.1_21	13.8264053676227	14.3913164096625	14.3857298762651	14.2381144579075	13.7048289162507	13.9084413076312	14.3088256607875	14.3017024949379	13.8616476421781	14.8158126835362	14.3468337964515	14.1246399399131	13.9891261110247	14.0969191331982	13.8978876323725	14.0487341715191	14.0807252349195	14.5408345319803	14.7097121581186	14.2248116580703	13.4476978997193	14.116810066908	14.2048618736737	14.2372707892337	14.0516274909596	14.3392797485413	13.0246545379679	14.3271792822631	14.5835618842141	13.2422085905547	14.5708785338644	14.0937961514521	13.5430006791327	14.2664079100618	14.3344160367354	13.9026220286473	13.8536673690333	13.8397201404335	14.9664382092014	14.1025100335065	14.3002438668988	14.2710942185992
M161.3987T114.06_23	14.3742138457378	14.2503383915603	15.0124870290908	13.9106286068314	13.5029954249904	13.8637560669436	14.4323558133903	14.5539862486303	14.5928376761008	14.2346386419703	14.5983592620238	13.8634267427695	14.5802205986956	14.2285071798341	14.7580029551784	13.9970828811237	13.8789052618174	13.6933783933762	14.0861851483308	14.0603715207836	13.8279754928528	13.8133828257169	12.7600304662756	13.6370679668476	14.3236692681632	13.7002278154993	14.7504992852721	13.7692764122495	14.9923611623524	14.1831510949363	14.1713358331235	13.6350578325417	14.405765291618	13.8870141063755	14.3701962405944	14.9098316234287	12.5462777979112	14.4259724250004	15.3925748397539	14.2800194138842	13.0570663115201	14.1558321484684
M161.4385T114.04_24	14.2585334908749	14.6898125830662	13.8563161607552	14.1913751068749	13.4186532414136	13.8235855214228	14.5541277209483	14.1145984509004	14.6582928188886	15.1644859773088	13.8198879253495	14.4091147421345	13.6590905383849	14.1152068694794	14.0824009333155	14.5415853068309	13.42687937605	14.4781761497252	14.8076696928783	13.4560870068608	13.7879033240085	14.3241807146264	14.3957836421727	14.2209633033863	14.0941940786026	14.1007635663424	13.7557771321594	14.3467375009318	14.6882476454258	13.3627643247101	14.0616910191858	14.1194163402995	14.1667433618249	14.2645379127298	14.3273248734579	14.5453432151416	14.0169335858076	13.5728109613914	14.4403751932328	14.402644956972	13.4507524316295	13.8611008015313
M161.5746T114.07_1	14.082401747417	14.7296814067752	13.9219096072605	14.3757796616478	14.461380834823	13.3849602344763	14.1132770572997	14.4102162165882	14.7751096321422	14.9582426010815	14.6704231242569	14.5236130944863	13.3712076982494	14.6599156991656	14.0623242676815	14.9685163980613	14.3176280432206	14.6123818873016	14.6747771272451	14.2437413088999	14.1971213468334	14.0230074984094	13.7217602262119	14.4932547719683	14.5368839856748	13.8754085974257	13.7374011276376	14.6761614642334	14.6345996626369	13.8325043963382	14.8888611695495	14.0164429018992	13.9094792556673	14.6415696389158	14.4752878279394	14.7461149775462	14.2745493671415	13.6011387236871	14.9910370054177	14.2045137492024	14.5217995530145	14.6109335854832
M161.6103T114.02_2	14.1803853377336	14.6951852654264	14.2675990310451	14.4237824229945	14.1222272837495	13.9304637590972	13.911882229912	14.059708342378	13.6612363275321	14.0775213311465	14.3296487573953	13.2409275758559	14.2522273719196	13.7661254447904	14.0979858990097	14.0142927992448	13.2150136223456	13.8654143649392	14.837649122969	14.4924927977103	14.3897085106433	13.0915015221245	12.6862778725957	14.3308080219401	14.1692563202261	14.1322302276054	14.2578668313821	13.6994058296067	14.5402229877375	13.7759216274321	13.742513056295	14.2342200199384	14.4560273980543	13.8589799694882	13.8088521429424	14.4765583904933	12.5135288140758	12.8981908494654	15.150787751792	14.1375628226099	14.3775726471717	14.5346328364948
M161.684T114.1_4	14.099865261356	14.8220460694971	13.6770249470902	14.3459825850391	14.1823451225299	13.0161550739579	14.2478987374124	13.2474290193058	13.4877024760381	15.2489463380092	14.5561469188713	14.3776016972274	14.2134585205983	13.983616730448	14.0241724430805	14.2032918286723	13.7280665053301	14.7429958770086	14.5807202116842	13.086208367249	13.9136161253578	14.2584760397844	13.8351319993553	14.5495723090741	13.3405169113729	13.2685315721938	14.2672054851102	14.3362433401377	13.8797072649521	13.5919832619456	14.336578864441	13.876008193776	14.3324436660037	13.8184784695443	13.9244187227058	14.8532971342099	14.3128994380008	13.8296172700109	14.854099933348	14.1671341512083	13.9859630909018	14.5390028784332
M161.7287T114.06_5	13.3406642534966	14.7399977466392	13.5715696450999	14.4605439418377	12.9943329373065	14.3639767102628	13.9487982982224	14.3845206258415	14.3805845316447	13.98557022916	14.4361604215192	13.0272114596157	14.0800238078348	13.3980111358355	14.0471176167747	14.1828638813449	13.9662067901564	14.6196904683576	14.800600506081	14.352544086406	13.7126247073484	14.4311058631533	14.1967767954115	14.4800618175336	13.1734081627007	14.0317352400591	14.2420037959062	13.929908874502	14.768804343598	13.7558885669816	13.3138836180542	13.7160984956927	14.4115414834398	14.1100938462012	13.7413727810301	14.7904988917465	14.3775184726302	13.6493822653602	14.7259802770042	12.8990844373188	14.7065025509744	14.7272307144484
M161.8847T114_8	13.3224945445345	14.6873714552529	14.5367955308325	14.5988615398728	13.4575820145167	13.9510844686464	13.6247920099188	13.4775666030164	13.7267685331722	14.9062579270986	14.3200919008696	13.2256760630904	13.8013148557305	14.2329995927876	13.6470863177518	14.3761253856632	14.3421843508915	14.3997153716452	14.6508942812801	14.3884911046468	13.727276563579	14.1081872225057	14.241814596078	13.2839202346276	13.4476414670792	14.1802744104406	14.5293760304328	12.9034635925711	14.6962934810091	11.7825496556851	14.3483145369202	14.0885897637706	13.591689140192	14.1239615515865	14.1885637270269	14.5162844821494	14.2257881206291	13.9992867570793	14.1051285832332	14.0641800421185	14.5891692175928	14.3843332418217
M161.8996T114.05_9	13.1890645114349	13.8685156468087	14.8830648642226	14.0671080938232	14.0435424860628	13.4810872518094	13.5561670750341	13.5906728405102	14.6925154651953	14.6219719195426	13.3730469028534	14.2754598051404	14.2364833080492	14.3810175429192	14.474815853896	14.2582460361196	13.0261049078632	14.5728537290574	13.6220330979578	13.7330688370101	14.1168232976369	13.951124959337	14.0431028913081	14.224954411472	13.1368276889091	14.4585765447181	14.3170085391676	13.4557722633366	13.5609894223942	14.0767248715255	14.5302361669422	14.2807892892728	14.0187431719354	14.4164053296633	14.7090467692322	14.8467495207632	13.2303300017699	14.09490438709	14.2035204724937	14.1193269947674	14.143584435089	14.0359902899496
M161.9888T114.13_13	14.1942654836097	14.9822954364843	13.0227755671054	13.9102248647609	14.3201342160647	13.9874106613398	12.7306396701571	13.4433919847466	14.3980292994476	14.9371914751579	12.983265138292	12.9506055525302	14.5964890019361	13.9783481659735	13.9820125785169	14.0711916455566	14.3153178665716	14.6268654506006	14.6692564142012	12.9981137114257	14.4290222489521	14.0080401038927	14.1932103470514	14.3798128628925	14.3366737923826	14.3816615116236	13.9674710565148	14.4572507132218	14.7015308722142	14.2373113797057	14.4056299496676	14.6716277413239	14.3465346115434	14.1870096604005	13.2243362609364	14.7925522589344	12.8920993601477	13.6766844985628	15.2238654958968	14.3557932429826	14.0723355785253	14.4251974188816
M162.0507T54.08	15.3004984767173	15.9796176269639	16.0402817306942	15.5921209477035	15.7718917452549	15.7469019534273	15.1948390922336	15.4872800159059	15.8027406158548	15.9645076820068	15.1333993969599	15.0820995627439	15.428755074728	15.6096142615279	15.4472956204666	15.9371476759979	16.0124073605646	15.7741804031677	15.6939278843079	15.7281322370106	15.4486336708367	15.551169005868	15.2049679262555	15.3852612430742	15.4197771912642	15.6791342340667	15.8251349712077	15.4876172945071	15.8159930004218	14.73339991453	15.748043472796	15.8794612420784	15.4122362729984	15.748886020165	15.3386387845696	15.8076759977834	15.6439819877964	15.3380608145723	15.787542943886	15.8495845824478	15.4852498234003	15.1824753384072
M162.0582T114.07_15	14.3310962485721	13.684536491345	14.5554334676364	13.9943130903927	13.2449773050096	13.6267411404647	15.0240634254556	13.536990374563	14.4689801990166	14.8884397628054	14.2769940911099	12.9223674533033	14.3939057384359	13.4863264619984	14.2805086516831	15.0981088564594	14.2248960417648	14.4347198380068	14.4007380372794	13.8931876550669	13.9077311189999	13.9345925309745	14.8913283449844	13.8986754249716	14.3085103014022	14.7220986381845	14.0552105214626	14.4679894597041	14.4576732298046	13.9007809268359	14.7061954343737	14.4412663770785	12.8714212320867	14.0078212402481	13.9242022397623	14.2763325208422	14.1486509023894	13.40331253305	14.3254093883461	14.7423892337871	13.4391199353038	14.1764321870313
M162.0766T65.14	17.4929236659849	17.8730500337923	17.5556262551635	17.5595132194889	17.2379383638481	17.2620054330454	17.586949397094	17.41124651521	17.2680220823804	16.8504074705138	17.628544491096	17.4027167669326	17.2961120570701	17.1819608110798	17.4277536702117	17.5528672197326	17.2054213817244	16.9622600009366	16.9886297130066	17.0950768489856	17.835099414187	17.8694388364992	17.9853359408949	17.3407344176309	17.8631247080217	17.8910979016778	17.1240749529805	17.2868196271482	17.7359524934393	17.290115031501	17.5587738764221	17.9756498828995	17.7614427629046	17.6521050818598	17.796583465841	17.2653794033423	17.9137401164515	17.6348065768046	17.645015484764	17.4683040008251	17.3996407189894	17.570265734631
M162.138T52.74	14.654155606046	13.7318950551247	13.0387550288495	14.3868972091474	14.8577446411699	14.4116315480768	13.2995115630808	14.4429159303553	14.0851845671483	14.4528973865897	13.9682181419904	13.9117207673997	14.4595554738209	14.3260002596502	14.8374606601878	14.5628848278101	14.2845207456718	0	14.2933672066956	14.6963871884409	13.8675890212704	14.3512775290185	13.9119531313656	14.8610040075309	14.3318727909641	14.5085603281146	13.9078482863601	14.2383979492789	14.2604090313868	14.0757049186995	14.0699660793657	13.6510004927271	13.678469232161	14.196881705117	13.9050654917692	14.3927878922051	14.676742901951	14.5343461668463	14.7782136382042	14.1433295512578	13.7136760136003	14.4684640467421
M162.1516T114.01_18	13.490801493974	15.1542913898091	14.6193439548953	14.4963069393359	14.00940866164	13.5124699735796	14.4060179115404	14.6392206065456	14.6861910193564	14.6841393352573	14.4399307202155	13.9181230520902	14.2314794074973	14.2084195987943	12.953770295831	13.397846096433	12.9250767729398	14.3906056979201	14.5273590999618	14.5269497234429	12.867917896076	14.3847298582011	14.4358176422504	14.3036041484952	14.3020831294236	14.5002638168508	14.4654805277239	14.2710659619894	14.8945681598185	14.080813741892	13.1422828894046	14.5623972367307	14.0429703191073	14.5539832316402	14.4377226141909	14.7282643207701	14.2279027310255	13.9435475777628	15.1216902852195	13.6729222884465	14.424994296642	14.9768499465292
M162.234T114.07_19	14.2198822718259	14.9904421026857	14.7166955630162	14.1553755016031	13.9927649852233	13.4834586020348	14.1706811315174	14.2119871451222	13.5425338598089	13.9807402977931	14.4324422299427	14.1168339177338	14.5424012426615	14.19027732901	14.4150687264144	13.1195074166537	14.1717055012551	14.9245170250853	13.2350184569898	12.7006199548941	13.9668822796631	13.1340334699097	13.4137904509785	14.8039576645246	14.5656910576933	14.4519456774308	14.7696697852505	14.443511419167	14.8460579328413	12.8070842382326	14.5462326083848	13.039996315116	14.2082032755982	13.4197702929797	14.3055616127055	13.8183115511396	14.0813646012065	13.926468930109	15.2598721161952	13.874987911955	12.8776588994147	14.3600815648106
M162.2635T114.07_20	14.7076522741522	14.7423050749405	13.8508256977187	13.9225030379246	13.60636438109	13.7635014394501	15.1368213133693	14.4977488912141	14.7457596257744	14.6120831281839	13.6197099870145	13.8598065161683	14.6472833824727	14.8532485093025	14.5311523149997	14.795843596858	13.9746530333295	14.7960412677912	13.9838723621628	14.0756968438121	14.3051027012349	14.0976572019198	14.8236976862822	14.2547519909856	14.7683128513081	13.7816898196324	14.4432334382292	14.0464862418542	14.0318574757471	14.3261773676999	13.8384860774944	14.5875918881313	14.3030235192768	12.8958481315735	14.7567986460546	14.6920561528789	13.2706792903434	14.4828974661304	15.1119195090799	13.5753977538838	14.1301417704757	14.3827811006808
M162.2841T114.06_21	13.839395216028	14.6890942543588	14.2404138764503	14.4600178488094	13.984436234703	13.8034496262103	14.2252491332154	13.1058983680444	14.1544902987556	15.8423265901734	14.0834144114988	15.259651953414	14.0421110403441	13.9567856487653	13.9449055662536	14.2095146477275	14.5183443085226	14.5096040750775	15.0694488920522	14.224903798283	12.9829187480613	14.5494405925808	14.2324515225155	13.3998241281289	13.3551178279951	13.07074717034	12.9161260796925	13.4460141463711	14.543088397726	13.1410163490897	14.2237055505793	14.370932094683	13.963468321491	14.7624454810639	14.0375070123476	14.6610005735931	14.8640032131525	13.7102906144785	14.3163666550381	14.0648576584874	14.5413215894406	13.9249209361125
M162.2982T114.04_22	14.2942177442617	14.2544836938364	15.0091932129962	14.2224617532356	14.2276941219519	14.3722056197618	13.7689586120306	14.8543470558465	13.6245921395757	14.6517843221811	13.9631807192955	14.2560276254874	14.7396639094967	13.8319408006153	14.2559221165536	12.378257023235	13.3981756082568	15.1898638279685	14.6560793897775	14.5426467264053	14.6381311257493	14.1591360014655	13.6261195826671	14.3969763027306	14.3353071247509	13.0652830299207	13.6947629855333	14.2627041172237	15.490944558084	13.425246483591	14.3968519301021	14.6316075275884	14.6022165433669	13.426540846027	14.2668571644031	15.1337983397033	13.9592592125018	13.852652327063	15.0058141021038	13.0262324133719	13.8406752277551	14.631755904964
M162.3293T114.03_23	14.4512900962069	14.8526498430667	14.6441827790338	13.9637599559246	14.2756286257345	13.2775165587351	15.0270981527628	13.4608384402189	14.5554972978506	14.5157145340448	14.0736281087352	14.1413513307202	14.1348888634164	14.6508798308087	14.1337947883518	15.2140363527221	14.086426409864	13.7735784419678	14.3753778474426	12.9546206329648	13.9431870116379	13.9346754996402	14.9984574115562	14.1741168062561	14.2646549363373	14.1918023513631	13.3312340442593	14.5322964241134	14.7279335840025	12.9947862472877	14.6373066189917	13.5429332962919	14.0723608790459	14.0995448144677	14.7740207985535	14.6514284507235	13.3226218846595	13.728265953216	14.9930999268533	13.6844205919196	13.4195601494732	14.2695131198432
M162.3595T114.06_24	14.2981818512208	14.4456299760784	14.8772458960185	14.4354036718462	14.3152465470276	13.5147127475838	12.9195948783717	14.4881775011845	14.4228473916071	14.7758337623648	13.7496785930325	14.1281393222808	13.5691194671837	14.1833043787775	14.4069274443309	14.0657654382301	13.7824897149442	14.0272700532609	14.4865195770643	14.4208005691667	14.1720386185293	14.2431226094348	12.4718078094224	13.7795176865157	13.8568313001089	14.4703447485888	13.2279906221117	14.6279688101193	15.1535558408272	14.1955897887784	14.9046428136382	14.3286997737967	13.38906152789	14.0336167635651	13.8931241565634	14.9546491006924	12.9759176118157	13.0855053090168	15.0565145102066	13.8092359376465	14.469941643054	14.4803569025003
M162.5745T114.07_1	14.6030560067093	14.4263462834815	15.0418160165067	14.1615021620477	14.2766979653254	13.9836480951026	14.4133432830878	14.3988809718033	14.5070668198765	15.1688772743631	13.9564955080264	14.6483509773471	13.7575329425815	14.3552152031907	14.3740198881957	14.4547531981691	13.8799011857119	13.7932296123616	14.0869587018807	14.4401196321831	14.1589918650013	14.5786274907646	14.3859297316229	13.7871946496746	14.2519763538245	14.228064296432	14.5347985238664	14.6530574764737	15.0083039489127	14.083602861155	14.9943067029542	13.7717321461899	13.750240061956	14.3297827627155	14.2807006245514	14.6872924632615	13.9325495141352	14.2754230349042	15.2095600793036	14.1731953336277	14.4612797544267	14.0113205818045
M162.7401T114.01_4	12.810177079551	14.8778413998105	14.7490050536114	14.3724268775121	14.2183126065166	13.8985585213305	14.4339684818633	13.5754152716782	14.1923270452625	15.1927525384267	14.6363537055576	14.5435649817312	14.5792888164769	14.2770211019843	13.9200251142229	14.1057469326891	13.6782373836261	13.5638488265603	14.5202970203768	14.4935735650616	14.2873853375811	12.7002472307579	13.9452444849711	13.9242757436544	14.2818991004983	14.2689009842367	14.4281051830849	14.4042301502451	15.087996339655	13.8447332822718	14.2853202716813	14.5846728822099	14.4302000221479	14.486070534632	14.1299064427019	13.7996232572344	14.1534676249885	14.0407192243325	13.7855533870375	13.9142415746039	14.6303622723306	14.4414819048965
M162.7984T114.06_5	14.2246418116929	14.7538376924583	14.328098485048	14.2653563213348	13.9808510375433	12.9054224417445	14.1334803772755	13.4383509953552	13.6583600070522	14.8474256604582	14.3898875244418	14.5576355317162	14.3763480537534	14.6110364266952	14.0164780221613	15.35893641971	13.5842005824137	14.7486949022871	14.6389458839415	13.5897629638284	14.1965662365948	13.3294225914983	14.883850778111	14.4091994210475	14.1892893181244	14.5999864962845	13.4118682814703	14.1717190971631	14.6658844157123	13.4574413266868	14.6190959641853	13.7632262117827	14.3648289552978	14.1393394614617	14.6559856563646	14.1864678484303	13.956277231223	14.3262333395132	15.0728308874688	13.882926881636	13.5440128405119	14.5005391021481
M162.8191T114.04_6	14.2309576925025	15.3197937244779	14.9385346880752	14.2777310135391	13.7581150923108	14.3520675542632	13.75440218619	14.7564574227434	14.4284696238976	14.6203475738084	13.9776392138056	13.6378367082958	14.5617683360093	14.278077652506	14.3763304492792	13.9816968684426	14.0759530892662	15.1911636201151	14.3652803073442	14.4810571729113	14.5214645225849	14.1470271613604	13.6688897277578	14.6513644581868	14.5354518703409	13.9949148115221	14.8068335190531	13.9849517506236	14.9995973876999	13.6435366268807	14.3638890395904	14.3505918648051	13.6245809620087	14.2295670006096	14.4500812982299	15.1361703210607	14.1102419651755	13.8621285037802	14.1298752914135	13.6911161535571	14.7221068284435	14.7082582099007
M162.8438T114.01_7	14.2923323930369	15.0009164071718	13.7365781457924	14.2984291140953	14.4434754703214	14.1051551403519	14.6820254620637	14.1313406084041	13.735517141609	14.8967920960957	14.3004288744484	14.1867566959047	14.2522665136969	14.1863506962503	13.9408628667075	13.2310106036737	14.3510706832888	13.7537806091985	14.5277979780627	14.377999492549	12.678326711695	14.1152340342841	14.2971642107652	14.4724711062111	14.3509637894533	14.0250298517922	14.2075250950112	14.2663881239982	13.482788022924	13.1058731553944	14.5495134707012	13.2822539800811	14.3050842390509	14.3869014483064	14.7358639106129	13.9216932125732	14.3749781907259	13.1771824519378	15.1505088808686	14.2132102577772	14.5990357090833	14.5580907300626
M162.9035T114.04_10	14.8570247559321	13.8649361741785	14.8971010351459	13.9895659088456	12.6239353025228	13.8530254033349	14.4904342166875	13.3240326351273	14.9489133603052	15.7401768948122	14.6910206632746	15.1598485663676	14.7513801101501	14.7261307284542	13.5031424961595	14.2371975026717	13.016440912133	14.7361165994975	14.1375799566688	14.4932623049781	14.4794311666278	14.9168284439345	13.3768043824025	13.0745304992159	14.6932962114279	14.7492216172412	13.2246429378485	14.9129692877653	14.2971321297269	14.1866595472726	14.9503413802603	14.7737346960809	14.6408596914439	14.8536745916507	14.8291105387343	14.7407894756703	14.7323453555675	14.2356284327345	15.480206459049	14.458694238376	14.6446146397322	14.5419775366592
M162.9398T114.05_11	13.2259846746307	14.8533041616984	13.5785112352564	14.2609615910209	13.9705239182517	13.7935226083478	14.8315475554405	14.1605536828363	14.7548545444227	14.8825935718427	14.4514206510646	13.1624418938623	14.6761778422667	14.6112610123492	13.7933559389118	14.9561023555056	14.2162609293576	14.41269743922	14.5348138421137	14.5528702345358	14.0726231990257	13.7986311768889	13.7190698094335	13.6879847162125	14.5074724821063	14.1676929682252	14.2842978023591	14.0155766392406	13.9392325507547	14.2154624978463	14.825765085207	14.742628029805	14.1677255281873	14.1963736208913	14.5332428097627	14.4829877699651	14.0913364457853	14.4039228225644	15.2772936692808	14.614295940194	14.3371460905822	14.1527668678715
M162.9727T113.99_13	14.3981393737863	15.0550484532659	13.6180939214826	13.8937394586335	14.3564554838447	14.3118971183337	14.5033445761669	14.7679942579626	14.2266928061452	13.8832684228907	14.3292073405095	14.2961428591243	14.6292241739698	13.6808630219155	14.5717981918005	14.2013478893124	14.5617533488512	15.2467164972951	14.5485361154437	14.4880544500688	12.9656507527463	14.4514924855653	14.251598633209	14.5350770479373	12.8542659547823	14.2743259387693	13.3489931348839	14.4068297822786	15.0834733763541	14.2178552701905	14.3346419363481	14.4315459986835	14.3227880767194	13.7854522136911	14.4475100174749	14.781732417033	13.4553384602952	13.9433734753367	15.1537125348696	14.3269922942476	13.9613745178076	14.7640340022067
M162.9988T164.1	19.3855522082872	19.7000059219908	19.9148098638189	19.9125350807693	19.8389786669168	17.9781738079852	19.1947251480885	20.0959132033269	19.9472739437566	19.5315563624747	19.9837916879537	19.7563521525661	20.0114900722941	20.2970414284689	19.5459115511553	20.2802740341985	19.5791013052159	16.2985909026593	19.1954786411602	18.7061078731047	19.2471607589414	19.8953946273951	20.1857687551678	19.1571328801798	19.4935457691485	20.1782322974887	19.4649912459672	20.1244993656045	19.1777116323803	20.0887361862702	20.0288325715618	19.7906722045034	20.1446757920785	19.9096128543337	19.7422435084184	19.2163081818951	19.8673599474548	20.4584871205142	19.130483546092	20.1480367697871	19.9177671975688	19.6007082053191
M163.0603T198.92_2	16.2621590552414	16.1715550972537	16.2331769638281	15.8548793445003	17.0517042388819	16.7169796899921	15.8907983054517	15.9888908338635	16.7052571352731	15.4864949299493	16.3719883144952	16.7774932205784	16.5664255501449	16.392423538339	16.7076080695231	17.3734520874793	16.3803823684219	14.3900870934775	17.5879838145538	15.5119728115182	16.1963997377692	16.8476692552669	16.0604751591408	15.6053243053584	15.922986221339	16.6157101773955	16.2143500966265	17.2400783153597	15.3794675287085	16.472631037143	16.3049819806372	16.0000242977223	15.9123061454793	17.0715689320707	16.6991336874662	15.2819479025453	17.1217728631908	16.0194242207456	15.940668334979	16.8212782131363	16.2257450660236	14.5281509139608
M163.0605T163.23	16.8332958542618	16.4632743757813	16.6239054547932	16.1045062859165	17.6598284390109	16.874103305969	16.2164493490359	16.8630462841119	17.5396095781012	15.8338077760774	17.0792847741088	15.6372789698459	17.2837581448679	16.9112259943306	18.2686171482233	16.9765093561726	16.476027024962	14.5944441222453	16.7877984843356	16.1595701272553	16.9378084042645	16.4842245259706	17.5835684256763	15.8497146116515	16.7385813032907	17.1777669793277	17.9524027878932	17.3060196879282	16.0826485466308	16.6285177277022	17.0836318038814	16.7713766779991	17.1469888273348	16.7172500290749	17.0607648605069	15.7574351284327	17.4899404817672	16.7051636889851	16.4449810515838	16.6325136954087	16.4305737973474	16.0228005411651
M163.0605T78.63	18.2093580749982	17.3576543036681	17.3923279775073	16.8010543419802	18.2925325653819	17.8736921857267	17.2803197623031	17.454218782123	17.7398320652363	17.5554709049433	18.0649765849219	16.6363087897069	18.1051042228408	17.7645752370447	17.9464717562156	18.3471981413135	17.890338472033	16.5997162121265	18.26165748157	17.6069176473757	18.0178736163029	17.8184813631436	16.9720251703716	16.9413012767143	17.8716634046128	17.9089841316026	18.121147222067	17.7210070190332	17.1536315885942	17.5429577197398	18.5332576018091	17.6042155159357	18.5245069138818	17.7117682506182	17.846799507595	17.1332589562753	18.2858151851274	17.0635729769457	17.7025464355914	17.4247771580107	17.3510193253334	16.5806397469222
M163.0606T113.99_16	17.237006481947	17.3557568068181	17.126625170721	16.6965965065699	17.4306096711137	17.321973913021	16.9176161058324	17.1207223833488	17.7556518656691	16.9716915662854	18.1562527117966	16.608017106579	17.52480591292	17.2796861195634	18.1799605211887	17.5652183138946	17.1754172911422	16.4739164973614	17.5073375101157	16.8608885204412	17.4331408531913	17.2413660954754	16.9832502616111	16.5168805939663	17.2388780793785	17.632916330854	17.8464233731492	17.4810050646224	17.3668664219903	17.5457955388338	14.3162984909234	17.1627009081504	17.5613564056034	17.8450978704591	17.4240240319116	16.5846274259356	16.3251258918608	16.9114136147075	17.1457984085483	17.0581038261543	17.0945728407558	16.6019488885725
M163.0606T52.1	17.7887904150247	16.3755508096779	18.7050103582758	14.7575884541789	17.3031827665874	16.8886827670584	17.4759801062312	18.7189716699455	19.1080454564092	16.0645328162905	19.3576356608199	15.7976189980254	19.5867814541984	19.1018726694756	17.540554656482	17.4551619809491	16.6089317748157	0	17.3847433355746	16.3596231276262	17.174826076478	16.869710799622	18.5499140297276	13.7459690325165	17.3785897244992	19.4134813838394	19.3765671324587	19.3330897353696	16.0998919169317	17.4270085301351	18.0641219709225	16.4234709859556	17.1775574010386	16.8400376476824	19.2508108197004	15.6118397687336	17.0713320506927	18.5310851418585	16.09212303161	17.8759601727552	16.5010216937012	15.5842136231234
M163.0757T114.07_17	14.4049226108802	15.1884443332896	15.0111349097552	14.7221532593848	14.2037935411159	14.3238971453303	14.7980237122747	14.6965504188399	14.6434549014259	15.1569101332436	14.0159253611323	14.9641098086664	14.3718581056319	14.7620546065017	14.1550528693943	14.740888794719	14.4090399828652	13.7522901007502	14.6627002818355	14.3359717021849	14.1931002215755	14.6198489313783	14.4305458438328	14.4915091156455	14.6127249974864	14.8343766674057	14.4308266355495	14.5638040156041	14.9949709482088	13.9899161622528	14.761150612901	14.1832038454415	13.5212852092599	14.7957540869128	14.7259731655304	15.1963114624737	13.9853969348473	14.5289009793087	15.3507095912844	14.25881539708	14.6233474901655	14.6640938085586
M163.1129T114.06_18	14.9339437898434	15.1244771305357	13.0383940844854	14.2490802141984	13.9188913907741	13.8408022997968	14.8907119133246	14.5467402185373	14.8968366535917	14.5861658650485	14.3423475271115	14.1877382858361	13.4730367159225	13.9708289322195	14.5998067654943	14.7171095506414	14.0685891579041	14.8457834903463	13.2547106098187	14.4664234529905	14.1736011841385	13.8903397291461	14.6795444084077	14.2122863449165	14.3398079160485	13.9225512251721	12.9890312229163	14.8248583527351	14.0386523654473	14.1815811266865	14.9288249261251	13.8144819560202	13.9654208533342	14.1062343751659	14.9020428328978	14.8596062415905	13.9814891524234	13.9575460275464	15.5490971653331	14.5942736919292	14.1133271964932	14.4048292947912
M163.1335T114.03_19	14.8561974848195	15.1796537172056	15.2947853392461	14.5140928433854	14.2412204727954	13.7053423683026	14.5004822249106	14.7815563941205	14.6845551247703	14.1814818572524	14.8576812800867	14.6508540828205	14.0465678727159	14.3228793362388	14.473558326485	14.3226494017119	14.591587101319	14.8656122754603	14.4578106949926	14.6048202585338	14.5691957171352	14.4814012692628	14.4471659734912	13.9308707616368	14.6440039575006	13.7802041775173	14.3022117275154	13.8400506431444	14.4542663581843	14.0095514598113	14.5598649040237	14.7884028356632	14.4492589207045	14.3539578611438	14.3260473511324	14.9230186110788	13.8810087686669	14.1571258855223	15.3855863311217	13.5078668149056	14.0848328351621	14.254295467003
M163.3593T114.07_22	14.5343527397997	15.1864894693413	14.5855320210078	12.9579271228302	14.2054824468045	13.8654786910333	14.8142549591429	13.0694321694218	14.4535298311291	14.8792736869581	14.2290949017181	14.9560087579543	14.4762923578543	14.8387986997562	13.2058614540137	15.3223140474532	14.3535696222144	14.7329927164342	14.8297740384824	13.4433712446169	14.0704487660414	13.801514191681	13.6342643693246	13.5169769984352	14.2256722250373	13.7284284185576	14.3208685428654	14.5712768413123	15.0030057075671	13.8436732473137	14.7435495323256	14.3724119574463	14.3230840897435	13.035468706772	13.7213787037064	13.1019434608574	14.2610627875498	14.015800512325	15.401647430386	13.1871172299447	14.066585733772	14.3401397517774
M163.3745T114.04_23	13.3019190597994	14.1813245328875	13.6975428349453	14.4516410687826	14.5097515495267	14.0879131334897	14.6535197861419	14.330079283138	14.854581280854	15.1563053878899	14.576807143105	14.5612157934398	14.1334837384693	14.3464067688381	14.4810968084352	14.292645817736	14.4310511826857	13.8698924390183	14.7579959279947	13.6406487593559	12.9723786602722	14.4256923434654	14.0473567926993	14.7160638443152	14.4390971119508	12.9930458736145	14.412072167292	13.6571074830125	14.914606404412	12.8264956684284	14.547772525325	14.9020248545284	14.438137615641	14.435256304595	14.6128790429269	12.9529051595365	14.26557180949	14.2299717048849	15.1285553515639	12.7919987309215	14.6703419449339	14.6397163785484
M163.4528T114.02_24	14.5134781810679	13.8220944808856	14.8975553475241	14.5709352108472	14.2384653494484	13.8238646098409	14.3980878714994	14.4437605351038	14.773003639774	15.2999287100826	13.170168462848	14.5377720196994	14.587691225414	14.4866138779298	14.5141160028256	13.3032115746196	13.4720857930909	15.2441967693901	14.7355677523209	12.9416088006039	13.103971875898	13.4822567911762	14.1502746811299	13.8323615704017	14.5810045448053	14.8832409486156	14.6784347850123	14.5245446046636	14.8437239941408	14.1013747256541	14.5552457036253	14.7811143403522	14.329761397873	14.0751721002496	14.58425773979	12.8804717994767	14.3223632971809	14.5016496162732	14.2881250474761	14.0255476386373	14.3770227670583	13.7966794370339
M163.4935T114_25	14.5407684975662	15.2309957450619	14.9998967116871	13.0381759458203	13.9822761582708	14.124853436491	13.2428451774428	13.9364248105722	14.9260719602447	15.0483860080359	13.8315031747862	14.6264530357617	14.7209693402768	14.2884365063235	15.0147409875565	14.352447928914	14.340016204531	15.1854000288183	14.6333302021652	14.9379341818891	14.4847090890476	13.3392012865276	14.1829902993967	14.7144967761463	14.5761244746043	14.3412063663065	13.5401515020476	13.7120095253007	15.5506101922994	14.4696169923028	14.6743796085437	14.7089727710142	14.4119443922086	14.3446186966696	14.5627608455931	14.9308474257094	14.4988401365928	14.3461110000907	15.3450327761321	13.498552987049	13.7409549927342	14.4817639893289
M163.5644T114.08_3	14.695081839316	14.3194131946365	14.8901620123068	14.2796317687683	13.9101937407987	13.8894464297193	15.1266711781729	13.9014737286706	14.8946203345305	13.57788846608	14.6828807875329	14.1212156849369	14.7518597595464	14.0247800092435	13.7568743298734	15.1697932140054	14.1824737512763	15.0737642196597	13.3659464673539	14.2910161630193	14.2005434372912	13.1499284696507	14.7326230860666	14.5113571878652	14.1517794985681	14.2862891439931	14.4911109729886	14.8968652037051	14.8632743354007	14.2848269862255	15.0755571218101	14.5313768731952	14.4855996587681	13.3968980484578	15.1164020580483	14.7397888357822	13.199234611113	14.6991520067648	15.4489618702187	14.7501034340448	14.2877215960746	14.2547728708807
M163.5891T114.12_4	14.225916265915	13.922819424156	14.2009878065099	14.4873777581441	13.2729379906184	13.9168941655062	15.1132639895504	12.6576105403005	14.766423146879	15.5815599913089	14.3978736551363	14.9914474525548	14.0944264306126	14.8383200941776	14.2350869813968	14.894976038105	14.3150366930609	13.758440306603	14.2000588553683	13.8696082114117	13.903110910302	14.3494613646107	14.707121995893	14.3240241324242	13.8966612308056	14.2009999539808	14.2903188475781	13.4624718880077	14.7701661435246	13.7034708824482	14.6486320479694	14.3796303352471	14.2645091109894	14.3723238578787	14.6904110840733	13.9675985666875	14.6009512621375	13.0024290145133	14.9507115127629	13.3290729300976	14.4507620935564	13.1267848266448
M163.7348T114.05_6	13.7552568861014	15.5797943169402	14.9381976159427	14.110638091162	14.5890392427439	13.8678561461855	14.3287340341315	14.1075828353494	14.5557975555969	15.3183934694036	14.6866009924724	14.545016921933	14.5985621239073	13.6335405126218	14.2965950157291	14.0398167175682	14.0499816130927	15.3936869632965	14.9472189446618	13.5801484383769	13.9583011069129	14.2000002062797	14.1270463325174	14.3265587172297	13.9918866140958	13.9853179596082	14.8085798357151	14.5161228976019	14.402715050005	14.2576293564523	14.5807373043666	14.478339315673	14.8124617879256	13.8802895129082	14.3064516521708	15.0815723344906	14.1574558028752	14.3889363958447	14.8739448236353	13.4158128745453	14.4852970694783	14.8630450876235
M163.7735T114.05_8	14.4330112547295	13.8402144479772	14.9644472374697	14.241342789764	14.0714274830718	12.5685876727503	14.950599807099	12.8584958066392	13.8663453268174	15.4136743968362	14.7684670017342	14.580421030554	14.3877462597098	14.635267702369	14.4264900128801	15.0586558535426	14.062531727851	14.0688399008113	14.7815570778325	14.4085028000191	14.1115165035738	13.0375509983241	14.3963991272549	13.4934429933887	14.6289496797059	14.586951039303	14.4918044101294	13.5618885020608	14.9892768765225	13.9810890943669	13.78682244748	14.6853010458206	14.0957221452603	14.1462111362236	13.6179371811276	13.7430186941615	14.1777878969616	14.4612419590017	15.3685447915054	14.3321065418345	14.4170595582721	13.3483638064213
M163.7839T114.01_9	14.1717068483013	14.2745537318032	14.5717351035644	14.5040760164563	13.9946276069874	14.0584479371798	14.2236478656475	14.8346202547511	14.8153539870409	14.5277303093266	13.9680650989617	14.0235349900229	13.8229390769619	14.5414249237607	14.4850878412514	13.3789210084605	14.6835638958276	15.3500590975756	14.6332738586966	14.8791518729276	14.2860888352167	14.1378429563171	14.4732165684563	14.9085084641073	14.4528467163363	14.3821384740488	13.4595387493925	14.7259383892793	13.9024347548726	13.6043713969131	14.5507908933043	14.1601656916851	14.8042388709039	14.3514267957747	14.4881559873152	15.0874848167275	13.777686166943	14.2664265039029	15.4608955629627	13.958825978958	14.6279488086046	15.0476739479305
M163.8987T114.12_11	14.2478741298809	15.2018815974783	14.8791663756667	12.9970009445906	13.2626145061292	13.7642025267989	15.5267746186617	14.1896340865339	14.6669583274982	15.1830250540427	13.0955574357408	13.6846407779922	14.4853342138184	14.6972580861571	14.3778862260817	15.0396735351866	14.6463382606908	14.8014715521024	13.5190446348118	14.4106004196694	12.7838859295197	14.3480982537252	13.8756346303446	14.2220118633334	14.3107895879822	14.9513372662962	14.3685876635941	14.7274371024208	12.8799949021528	13.8791209919896	13.6627571456911	13.1499271198676	14.2829579522635	12.0762545912945	14.7850592525505	13.1648582870118	14.2942875875997	14.315900538375	15.2958681505338	14.6028194574027	14.3151613835548	13.617223709986
M163.9173T114.02_12	13.6830943452291	15.2008973574159	13.9508247664053	14.6402073013385	13.7574679761217	14.229325477259	14.5173632843905	14.5282112381403	14.4117085939569	15.7918883456625	14.4319400932122	13.9784746451025	14.3169615529351	14.2390469050369	14.3435810097966	14.4879599537466	14.5953681869973	14.8610138905771	14.4486612391775	14.6029256299181	13.6268912229268	14.0148250440653	14.1970159821087	14.724434085995	14.3254624871726	14.4076742793319	14.4716640304461	14.5164938640658	14.1329282727353	13.3352539581739	14.4303656549323	14.513845166328	13.4002212350613	14.8201697669496	14.4124661091621	14.874050642206	14.5464629489	14.3581024175415	14.8148324830685	14.1494691405577	14.5464862642916	14.9113374837151
M163.9398T114.06_13	12.5115224846251	15.1236019807308	14.1793994477006	13.7513002746152	14.2805826785338	13.872529256548	14.9344485655971	14.4737444783612	13.2364377664562	15.0481726475277	14.5165604578386	13.4990585224831	14.8893999179265	14.8688009586742	12.0094691204632	14.6951802365543	14.4661585150872	15.1138711509709	14.6331614582114	14.400887506272	13.9840395495978	13.3958815000774	13.4847172347722	13.2646581719892	14.5987560363486	14.7124175144179	14.3780503311138	14.9818845455692	15.1194088468847	14.0275191428852	14.1572230645141	14.9166377248246	13.443282812558	14.3925032867788	14.903048543628	14.8700233744863	14.0545039355169	14.7536549964931	15.2022309471261	14.3976025898262	14.4618335225847	13.3615236645653
M164.0191T114.06_15	14.6175165198547	14.05857561682	14.7412672883659	13.2257053044144	14.5088252028055	12.3687170097747	14.9977867553002	14.7719813777733	14.7960959585572	15.4693384197486	14.6968808995413	12.5582439339356	14.7579407326044	12.9858330028902	14.7770075448033	15.2258018052732	14.4241743576887	13.9560284713364	12.1132809102294	14.7299214845926	14.161988907455	14.3278807727371	14.9008856755141	14.7252610661363	13.2541777072074	15.0513796315473	14.2130745548202	14.8630889009072	15.3704728426946	14.542261806134	14.9662256873443	14.5142530057631	13.6228296748086	13.430031237948	14.8938037833756	14.8070838469872	14.2003292336805	14.2108055554204	15.1969433127679	14.5985182184169	13.4364505147704	12.9670716005534
M164.0383T96.44	15.0395327706953	15.8839488286791	15.6809909714185	15.701015625339	15.4540341156961	15.207905774835	15.0871244443585	15.2976611352897	15.5302327152451	16.1439767155304	15.1072311914087	15.1572736981979	15.2756345403472	15.0768132834406	14.6316005545154	15.1454300830982	15.3251713039123	14.523852721258	12.7668141449871	13.996005801433	15.5197534000519	16.2822805089666	15.1729410450049	15.1462384942365	15.0815358973624	15.526635532429	15.1782653094285	15.0782066979288	15.6811058967609	14.6690082574917	15.0626850130796	16.010698011444	15.5570962579924	16.5515649672615	15.7777592165253	11.8834687534766	16.1233853648628	15.4595608836111	15.2639440345386	14.9713392927514	15.0510091512051	14.7394928242425
M164.0636T114.04_16	14.3756631096208	15.0425891824048	14.5931951882108	14.69718608508	14.7099361943599	14.3308919111705	14.2078240360278	14.6740139108814	14.1825532096982	14.8727438527354	13.6327600627256	14.9335722543879	14.2601992456823	14.4246026129767	14.786952862332	15.1089644995189	14.9811665317249	14.9031284029302	15.2258435950998	14.8290400399924	14.5649416829405	13.8733485360555	14.7815341283424	14.8890332046981	14.0126987067198	15.0254635243763	14.6112234068034	14.7676733058542	14.9724500697465	13.5069250349282	15.1234473556235	14.9927388844746	14.586870154139	14.6551596005044	14.6105782016016	14.8664115922056	14.659770118386	14.3506453596021	15.4145974727722	14.894257919229	14.3977589846077	14.6789434353314
M164.0743T78.37	17.2902953254983	15.8721250442188	16.4873094767266	16.4521707242588	16.7927404898069	16.9590091574874	17.1551451259714	16.6266493671932	16.2426320607718	15.9752069472525	16.043528276548	16.1878678181342	16.058604039479	16.817885549796	16.9758516271367	16.9466734618113	16.0198743904512	15.8699853644965	16.3963001701468	16.3985695542817	16.0182764315796	15.6095955347834	16.2552230937241	16.0119321945445	16.651099517101	16.7771701731098	15.9264496969059	16.6323213845099	16.3213107891321	16.087377128601	16.4940223389099	16.9601479627649	16.525850421567	16.927596997347	16.0382474099116	16.0702215526341	17.1663060936028	16.7103001635775	16.7530750647061	16.6965598118543	16.4727596632822	16.5437870889417
M164.0931T114.02_17	14.6678363800328	15.4863830030971	14.8602710584473	14.9929141264343	15.4457981138694	14.6389266291808	14.9801256624799	14.911282607685	14.7670677850649	16.1114266503922	14.6346306420679	15.2944204196188	14.5078936019527	14.6442424808431	14.5622316703472	14.7231005444518	15.0955563445764	15.2667982223254	15.6297234923525	14.5299911674371	14.3484473838202	15.1902769316196	14.5107827347208	14.2318537461084	14.8351050850984	14.5138267901789	14.4388942628121	14.9236416828658	14.9293899711036	14.3491972688831	14.9836943900654	14.7044298133119	15.1213948102633	15.3113985749666	14.8250026977834	14.9213454210216	14.2270974478566	14.4131883664068	15.3694892165032	14.6624829971062	14.9358809505279	15.490172105158
M164.1175T48.89	13.7504839526803	13.7608766648232	13.2345746529369	13.9334264777019	13.8498649825304	13.7310276742127	14.6591612524678	14.059513430593	13.691923172897	14.1338179968055	14.3452642087226	14.2063519543477	13.6586356462235	14.5775394004795	14.0834574215608	13.885506505972	13.3440084432684	14.223411649822	14.078027446863	14.1264096101867	13.5928421663133	13.6045546928195	14.3701586536346	14.3020684898898	14.0610751390526	14.0223099004637	13.8087578683842	14.0748631413506	13.7244364252471	13.8953381025892	13.7574704732755	14.0941130888876	13.4924536740306	13.8455272101295	13.7226977711165	13.6264955942508	13.1390293991202	13.4624081993853	14.2826345268664	13.8165999880112	14.5102807837289	14.0530161001708
M164.134T114.04_19	14.3130662931648	15.0570418434033	14.873868904848	14.2164218428922	14.5939893229245	13.4212568832054	14.7623050341977	14.2193012204371	14.6302680249992	15.4502088552039	14.2970919246442	14.8170433688448	14.4443905360066	14.4712532757823	14.7510135225223	14.7549404624301	13.9023728115122	15.20084437937	15.2154769691918	14.0226637425176	13.5922290004971	14.1903254979381	14.4380651731756	14.5424593187732	14.1790622520716	14.5219309994686	14.4135590937784	14.7565075253857	15.0190793716861	13.9682901173336	14.7237058143419	14.411789295289	14.7158004988865	14.2871647677602	14.6969077550029	14.1023592557479	14.5401730359044	14.1900852739867	15.0808788432568	14.5064608197604	14.246756320101	14.7694401276784
M164.1371T378.93	11.3327619787123	11.6138864473958	11.8744371136553	11.0791924737044	11.2160215016775	11.0210714562393	11.7501307199641	10.5915875338435	11.9563434799845	6.00099354392673	10.9937494338819	11.0460482996677	11.352170151014	11.3070269246679	11.2390389446245	11.0287219447744	11.2458291824866	11.4340717212378	11.0197860253811	11.4881254136762	11.5434468832861	12.2960988706563	11.9064590984309	10.7696646502435	11.0612963139199	11.9424849300843	11.1996131374991	11.8809022327438	11.3882711950856	11.2449325177422	11.8241951729426	11.0475821241049	11.0745681500776	10.8799400208173	11.8969462610102	10.9613701539	11.2921608466997	11.9683113083828	11.4776850292923	11.7288725121937	10.8138432891195	11.0354670579508
M164.228T114.04_21	14.5956770940657	15.0529315969117	14.915593067993	14.5951570928165	14.5145583895039	14.0104930736971	13.5021219839005	13.6212494537909	13.9111839829287	15.60854244092	14.9999576032231	14.9874146863695	13.7312052084297	14.7617891539141	15.0751534943913	14.5687175469339	14.5561470641901	14.9366388172403	15.3172771431917	14.8035834144171	14.1238128442691	13.2040432996679	14.5185468424843	14.6450006963013	14.6711410848656	14.5752851784838	13.3753901339847	14.765364732429	15.2312642322374	14.2840462840605	14.8067429985006	13.6505757451675	14.6983588486709	14.7376278988081	14.7244702439347	14.7387813170028	14.5395947406449	13.4204711214012	15.3601914222964	14.3681967176687	14.7042942152985	14.6751128129472
M164.4087T114.06_24	14.4709388647328	14.3492867168614	15.0869317782871	14.4639910694576	14.4357953659521	13.6036998167959	14.8520865926246	14.8769623653779	14.9531434397645	15.1410059639857	14.6365496946411	14.5409075120209	14.3972154675324	15.0408746948377	14.4359453212309	14.7458407339491	14.833236332427	15.3691869444913	14.8421862528771	14.6136419887037	13.4125733730943	14.4179809900095	14.2689788762077	14.4062324421593	14.4766528739083	13.7449948298999	13.371959956248	14.7816495571642	15.1545200521549	14.2079528511452	14.900089233712	13.9571779896126	15.0455347514425	14.3842283917325	14.806198803354	13.6851007772424	14.079352979602	13.4327167621011	15.537232128128	14.3470721109099	13.7853151791019	14.8100855826819
M164.4286T114.07_25	14.3531247624477	14.9614057924426	15.0445988808994	14.5807115679249	14.3213673592532	13.2102054423408	14.9116393289726	14.3830060945414	14.8328860152019	15.9810973838913	14.5846727863002	15.1052948540489	13.3229198959497	14.9804521301408	14.8231262555674	14.6008304641091	14.482645508607	14.9294238735238	15.3275123637695	14.541178930701	12.3077882068605	14.5021184327412	14.1812380097704	13.4762661330449	13.0179197285187	14.7495858556891	14.2199762040674	14.8268230229815	14.7877409685777	13.9434613397246	14.8436462484912	14.6189921059809	14.4417164344292	14.920744421777	14.8477038709264	14.65373678592	14.5003201864807	14.6819728738029	15.3442300786918	14.1700274632373	13.6532953677469	14.6008973472248
M164.4502T114.06_26	14.3044764697863	15.1029807384307	15.1139376861095	13.9399023294707	14.4104185741958	12.891151332148	14.6867032040397	14.5299462053682	14.6342820124381	15.0489941514463	14.4417499822637	14.2996040088824	14.3359832408716	14.3621361551449	14.4620041701481	13.3721630266934	14.5510520990013	14.894476454838	14.7105366111306	14.6166067002666	14.1555512190444	14.7230044213349	14.3078510628605	13.6670988284002	14.7080415374322	14.5357433564647	14.2473159451118	14.6496726219108	14.982888117561	14.057493719625	14.0309969706023	14.5762694249124	14.388305058764	15.0889504623624	14.6257713437461	13.8526155191771	14.8696537434305	13.4784544799693	15.2772124949646	14.0008474383493	13.4129939494833	14.722874140985
M164.5033T114.12_1	14.7110042002204	15.3988545421649	14.9736889672417	14.6511676034042	14.2839462366547	13.3638955058457	14.3947008907992	14.7269113279731	14.4872557552029	15.4348478772653	14.6898123176749	14.7602322389244	14.6614799012676	14.1738961559911	14.5164577775429	13.7779375220821	14.6336974056566	14.1290692622009	15.1544575161	14.838621453347	14.2260867239305	14.1732796298614	13.5888714941148	14.6289702620505	13.7973568727356	14.3878664114913	14.8745513238351	14.7373712325017	15.2764449850269	14.0374374218131	14.826579796845	14.617392706696	14.8377510258645	15.0252752891237	14.7724934738734	14.798705122056	14.213716921356	13.647867012576	15.3324445138998	13.7207953362796	14.6364720250463	13.7199980122143
M164.5841T114.01_3	13.1976661479011	15.2384172358737	14.6988846700318	14.8835618652206	14.5690045736482	14.0879425632099	14.8753514424156	14.5043907840855	14.627880785444	15.7835112417295	14.1806606807465	15.273461828429	14.2154339492875	14.5699092654869	14.4114211095882	14.9558812075414	15.0088929013416	14.8483763637947	14.1610121122043	14.8901566151306	13.9590028171677	14.6661618852003	14.726060676	14.7168826799254	12.993995076358	14.5953636542712	14.2281500471688	14.7574915955175	14.9753932507704	13.8607111997106	14.7854016062334	14.5051773565672	14.9331786389086	14.9824569800345	14.9727436801899	14.4982758159878	12.419904410643	13.1954345302471	14.2138240935361	14.353470642981	14.4964575494722	14.6666412246548
M164.6133T114.06_5	14.3858422618626	15.784342153927	14.3879269987462	14.4116394467985	14.4356276801909	14.1340313430691	13.9396568513353	14.6467884195208	14.5025247950714	15.3090843630094	14.8767332818592	13.4175448033825	14.7149657789226	14.5682067825937	14.6332295629214	14.5931297948955	15.012338862587	15.2889024261229	14.0427823509376	14.70871683081	14.318359911703	14.2919586681022	13.1992885266831	14.823102272682	14.4284524914543	14.7096010123622	14.6642069825231	14.8142654288013	15.1796536623671	14.307043477527	15.1699392198812	14.1861899813388	14.9312021645421	14.6373272086378	14.8133166910196	14.7074226982867	14.2447191462641	14.2618723410565	15.2176276415451	13.4831852723654	14.1322683792579	14.941322510732
M164.6291T114.03_6	14.404195937528	15.1276138072296	15.0550572269938	13.9823765287604	14.4634686490252	13.6542150876367	14.1874128814408	14.5015321168075	13.9979171846895	15.9513475454994	14.2266838428973	15.2537257437693	14.4148855233662	14.5551638185624	14.5612462047281	14.7646538313824	14.7467207794765	15.0521676426161	14.3248740772115	14.6620063207287	13.990259130924	14.7570556003735	14.8765086634229	14.4124770641001	14.354563137999	14.7534668765758	13.6982995051086	14.7418123121004	14.9922248223036	14.0600256395913	14.9214391088314	13.6350617987066	14.9648339760985	15.1010411928026	14.829932946848	14.6801657866786	13.813671105816	14.4624733403735	14.4150969454412	13.8383750051292	14.4799148865655	14.7020744072945
M164.6775T114.07_7	13.0791601507039	15.8617834906465	14.9818822916656	15.2308953011733	14.7004282465539	12.9910816479949	14.5837973613239	15.0326663840157	12.9304764745798	15.4931365185687	13.2788088382782	13.7912331312477	14.5199806140869	14.8700567652446	14.4912125555345	14.4036394411481	15.0783400251798	15.3947671388148	15.1803350842683	13.804521465756	14.2629407811494	14.8248818704548	14.4480981791221	14.1880518146686	14.5202229359941	14.5027498246794	12.9819321745721	14.5129810889099	15.4413900459914	14.233087922329	14.7184775919405	14.9248189452458	13.8939657768361	15.1298856938081	13.5599027510535	14.9340633109886	14.2697403303568	14.6683218116043	13.7578358114609	12.6442660147295	15.0348054267845	15.0688637427265
M164.7295T114.02_8	13.3564175860846	15.3707826525876	15.078315573048	13.4699964133958	13.1563106993559	12.6110318845377	14.9144286651591	14.5182922358533	14.7968832808884	14.2849339018137	12.9327734129441	14.8908018404615	14.5155553846315	13.0915237863488	14.5986909932189	12.9416667260241	15.2026780226321	14.0917874754566	14.0478188650606	13.8124708819376	14.4101956176382	14.5029587879035	14.7246266676631	14.5595141996932	14.477698709893	14.6160913216042	14.4253435990675	14.8827976881738	13.6803211474901	13.1427885214122	14.8213140014088	14.9859455667311	13.1187773090175	13.0656736495477	14.645541243249	13.4854369690449	14.5546753215055	14.5938436311078	14.158479846612	11.9310424797533	14.8069108325202	14.7578363462147
M164.7994T114.01_9	14.4160864375766	13.890810532723	13.7491176629437	15.175380316052	14.6600695120085	14.3937699644165	13.9322986826894	14.5090213706305	14.7037005307847	15.560012681657	11.5642854736119	13.9317561060126	14.4847525134867	15.0030317283445	14.4997579501924	13.3125226761468	15.0949882661703	15.1650154225898	15.1776038543382	14.9615319443796	14.1425586888036	14.7155916212604	14.5542869482821	14.4002243544885	13.3901644084501	14.6105695533317	14.4688341626809	13.4730891382911	13.7861255020504	12.9446588718497	14.7426913196625	14.8696236543581	14.6890607902494	14.8946903148141	14.7557820675393	15.0288139633177	14.5860041248219	14.3651998633314	15.1902780361911	14.5013086032921	14.851630232506	15.0609629571713
M164.8627T114.04_10	14.818555705387	14.9590311022586	15.0551168645706	13.0710594774416	14.0845298887313	12.7770536066822	14.3092358130168	14.5028124768063	15.2349187193847	15.6920595542947	13.4682396648149	14.9125261617013	14.7921869011688	15.2348211628268	14.9700131551147	14.8918137351216	14.7469431448385	14.1926301784492	15.1441124579415	14.4942514964542	14.2585941845109	14.4669418954947	13.7455300088253	14.1647316034366	14.9559893413388	15.1120539966161	14.6699272209282	15.1567332343621	14.8681984500974	13.4833297080453	14.2349562208359	14.8928558569385	14.2174579035232	13.394795636115	15.6850743233075	14.837710041712	13.1505968213149	14.8243782117151	15.746347890214	14.5720511712625	14.6603804663426	14.5242799330081
M164.9043T114.07_12	14.4156160232923	16.4559752087624	13.7429968099501	13.6636271392325	14.8650304418727	15.1718985215164	14.4049204515685	15.3783310237091	14.6319685735125	15.056617857223	15.3862850006304	14.5768424271637	12.7211851044113	14.4926377107822	14.6224656205495	14.5222529572968	15.3517658328308	16.264739559742	14.9515634423211	14.4696398839504	14.4842296608193	12.989185787325	14.1057340302822	15.5411183613691	14.4211206957107	14.4043656422087	13.4432974945277	14.5954074134689	16.3882767143182	14.4053644955775	11.9883759968305	13.9356568636945	15.6821535347648	12.9887783670138	14.3990755050486	14.6980570164832	13.152585002401	14.5573462849704	15.2587946065628	14.0451137320722	13.7661749805212	15.90680626883
M164.9211T45.57	15.4492476119743	15.3716432146705	15.1260767639091	14.9711427047296	15.840955631682	14.8243594115493	14.206546452448	15.1457390137576	15.1628147197292	15.1990564188229	16.2194500797409	16.5086733143202	15.0276718701572	15.6024703657324	15.2020562303627	16.5378387635272	14.3746837665079	14.5129459463404	14.4748025809831	15.4416491778371	15.3924822475927	15.5435118263514	16.3542111854828	15.5172287109346	16.2606620805051	16.6353415390959	14.7475150393916	15.1513520854814	15.2724384827488	13.3020154381757	15.583508387019	15.6418059410028	15.4644836871654	15.4692888070157	15.5958764030181	16.2633232546585	15.3028816184769	15.4503870707795	16.3048267560934	16.1279751884316	16.4093028011015	16.5268420548775
M164.9556T114.04_14	14.5813527933089	15.4637019322472	15.0033062151788	14.7391369924564	14.5731295903922	13.85283767606	14.2819776500375	14.5239640756517	14.7337721762433	15.8328383206429	14.7946298641854	15.1575170652049	14.5670105378763	14.8429823143203	14.656955998454	14.297655860328	15.3205319720888	14.3003706795032	15.5747491632595	15.1895797070802	14.4054034006633	14.9560455623326	13.2348906344814	14.7212711045788	14.4103303703705	14.7345875146708	14.7008745300897	14.7577161896488	14.9105297539453	14.2043063330933	14.7620466358478	15.1604050739647	14.8853390819311	14.9675485616126	14.7707427261167	15.0530887374442	14.3961349718397	14.4369916611504	15.3928481490317	14.2060170040085	14.8837290428211	14.9122929204884
M164.9955T114.02_16	15.4246671559341	16.1686372718962	15.6017289282337	15.7920003465187	15.5896622408886	15.5447226226621	14.9919695933962	15.5621909858277	15.5440454880758	16.2147327659132	15.2828660047389	14.7905607365925	14.935395424856	15.2467327419088	15.2762350820711	15.743061714135	15.173756108065	15.2908553387107	15.2780228610405	14.964306164773	15.73601208581	15.6342644200228	15.3975353998367	15.4525249211631	15.8449359539973	15.240061530402	15.3550173954211	15.0045163372209	14.2939135088545	15.4627426899671	16.1111106752538	15.1686421569488	15.2647920957425	15.6771532189778	15.1932991287371	15.8571508916929	15.6983410337074	15.5272075111432	16.1696257283237	16.0921860030343	15.6792057774835	15.7306090932922
M165.0141T46.96_2	15.273183184683	16.115414897366	15.7053688678906	15.8630485001415	15.9663096941228	15.9465601470615	15.8765701314964	15.4527483547422	15.7295250647484	15.3012887126826	15.6340363471879	15.5240465480153	15.7358369255353	15.5993748802745	15.8557440006465	15.6648852637584	15.715545701056	15.2329429889079	15.8836203843527	15.5465914633653	16.0671348608609	15.9818748940968	15.7976617744909	15.5107913362255	16.0907413343087	16.3640405982603	15.4392455974524	16.0206776541632	16.054667313726	15.0942796698433	15.7352731673112	15.851441868435	16.142781195891	16.12762573796	15.9402868326812	14.920080271265	15.4111785427809	15.9880569963261	15.327529373794	15.2617375333218	15.8203652682303	15.2176647913739
M165.0555T349.13	14.3438358884244	16.6022462333289	15.7853652563695	13.3729868994787	13.387026135705	12.8728431824632	11.4620029019915	15.2492286848362	16.2621128088292	16.808699747736	15.3312695812652	12.2295686188751	15.963259421157	15.9424301124846	14.4054462145964	15.3941786722751	14.2764527707308	14.4761451881185	13.0113015553915	12.4603103259028	12.6887036924974	14.1592813328656	13.2317041078002	13.6819560019741	13.7148924077731	11.974638192783	15.2343628710968	13.681286008861	14.8884762082188	13.3433985560939	14.3140809587212	13.1006137805613	13.3587677761002	14.5922581850782	14.6190492566752	14.7407813321268	12.3249852778225	14.5883214035003	14.5785889645745	13.7519142998417	15.137989355002	12.9073726338816
M165.0764T51.76	16.2632404530831	15.7633537666423	15.774573763616	15.88572832019	16.0504986043133	16.2295140487155	15.9292327170969	16.4562080434319	16.2531669471326	16.0527814816237	16.0693201130425	16.285960535205	16.1107571699215	16.2960269185497	16.1474436571545	16.173954378097	16.0351415735235	15.9957706884602	16.1382411944272	16.2415396055961	16.2940895704834	15.9173681813468	16.2312957931311	16.0917792127651	16.1414931440848	16.3552590559877	15.9943967736326	16.2793067791203	16.0018624511374	16.072470201132	16.1329080040537	16.0045503892142	15.879419263798	15.9996894290522	16.0495344199665	15.8575991048484	16.3507477597222	16.0582037809247	16.0224384022258	16.239820636699	16.1189699387431	16.0274085928748
M165.0764T587.78	15.0746237665326	15.3160233758236	15.2620331147366	15.1204041583822	15.051117226426	15.1375441831857	14.6685432313009	14.6472477650366	14.7505232216401	15.4361562823449	15.0238186784976	15.7119214009814	15.2410870672513	14.4270116510924	14.5384675751632	14.41505415334	15.1116015430818	14.9693441586837	15.5968034980725	15.3264652074479	15.6013689408688	15.638656887136	14.6673020823703	15.1744764060865	15.2005822881282	14.5603062989902	14.8961603388606	15.0952110971636	14.8795685379417	14.6305395762895	14.4950373396672	15.4608499699208	15.2579440209021	15.3767199146336	14.5654773021415	14.9277764282076	15.2340773307674	15.0059736724089	15.3721153339358	14.3539293296412	15.3476501452795	15.2399129198107
M165.0771T114.07_17	15.1842142349665	15.8811206128774	15.5115831710192	15.08856083308	14.7705159401296	14.4325407578444	15.1772420629926	15.3490083388686	15.357317603774	15.6788807034004	14.6031784898431	15.1033131074415	15.027790826054	14.8282953792093	15.1708025620204	14.824854064715	14.2687418174482	15.8749177389942	15.2118968263065	15.181795036158	14.7241407494469	14.9494969864674	14.6162236111632	14.9091333181393	15.1442607877808	15.1737082119696	14.4107411996489	15.3535731781817	15.6667498113701	13.9957686688776	15.2019220544968	13.9508068294441	15.4640465909814	14.9790298524619	14.8103568766833	15.3250738469286	15.0468267684151	14.9465895877707	15.6696809989753	14.3769289968731	15.0970290416275	15.2817695749787
M165.0925T114.05_18	14.8490757557498	15.3647445108891	14.5038329970173	15.2033732670284	14.8160661268171	14.0659230105101	15.2166073018562	14.7552286390608	15.0272193225558	15.7141132437502	15.1578620869933	15.1720050348871	14.921701201607	15.2562399141976	14.9535171225309	15.1955918012655	14.2535405895423	15.4046377350812	15.3252888102422	14.940902923796	14.4303379066065	14.987873386313	14.1407536066845	14.9037139253365	14.6826692034384	15.238046319697	14.7600031037282	14.2735825295896	14.672683094504	14.5964157765761	15.201964983614	14.9000801813276	14.918307580156	14.5972509960106	15.2391416071995	15.2569596903218	14.7071200955886	14.8356527812139	14.7683623244565	14.4312588783965	15.0335864264845	14.9855060370333
M165.114T114.04_19	14.9846478242396	15.4630379230227	14.4764189464318	14.98538336461	14.9800166152961	14.2950901665255	15.2147362894428	15.1202509916066	15.2417873120596	15.4869712267802	13.4203925897468	15.1112543176974	15.1444518116703	14.1095928572174	15.2162798580121	15.0920261786736	15.1417066080003	15.6022735646174	15.3693622780594	15.1059359881607	14.2397255029149	14.0968699309439	13.8671780133844	14.4313479952172	14.8256664243006	15.1680206493562	14.7515799156407	15.4095202760968	15.4865640428237	14.7127698660878	15.1869359781866	15.0140215735333	15.1002462769595	14.8335619817817	15.4752693769506	15.4372532867601	14.9356938931889	14.7179880760664	14.7153008613881	14.9665569391462	14.7778801472421	15.2397801714138
M165.1282T114.05_20	14.8693261763953	15.6180755028406	15.2956465003482	15.0226534030085	14.6164336047994	14.2558993262841	15.0766695805544	14.9837595056014	15.2603893576563	15.6149776816117	15.0578307596264	15.0380882033857	14.8820697823599	14.0522774627227	14.9283451788906	14.9525194791969	15.0158261435114	15.4826952860683	15.1545593726051	15.2555572917899	14.5824419653193	13.8781013467135	14.7279909658112	14.9166020402149	14.8730776242376	14.9950071098399	14.8876746709794	14.9276611041578	15.5268828301969	14.5591608967682	15.068332757178	14.0573117834404	15.1412330412977	15.1548774808348	15.0905595582249	15.4173813312186	14.9788816329534	14.9532662444048	15.6208600921219	14.7047414502083	15.0808535259694	14.1888401578613
M165.1634T114.06_22	15.2429926045209	15.2677160483112	15.0649353644381	14.0862043217575	14.5348606154922	13.2723500285485	14.2417217586017	14.7604039070403	15.1137805597782	14.9083256044448	13.6702882195922	15.1301947836968	14.8306611536061	15.3313806334542	14.8068218277395	14.6997989232339	15.3255961110119	15.3329340107713	15.354080792292	14.1251734919456	14.3520908627805	14.3874892085651	13.9536067187272	14.7003172691736	13.6802938681759	14.9532900848475	14.5615440020757	15.110341463352	15.172434628675	13.4586836586629	14.1981472657708	15.2542135139149	15.3786226754009	14.9620241070953	15.1129891436721	15.370646571796	14.5103820389514	14.7563906895965	15.610870826832	14.8541455390965	13.9880949709726	14.8022066170178
M165.1644T762.29	15.4930702692788	15.2380312659704	14.2904905579883	14.4062939083607	14.9472454892772	14.5909203144632	14.2236423554406	15.6906345676696	15.1516385524503	14.742056736799	14.9193583768956	14.4837576825434	14.1355664268376	14.5358945020335	13.6533178889465	14.0912758567914	14.0954961266975	14.1460116443607	14.9470186078014	15.8500327064826	16.1770674562119	16.03166071635	16.0983057097148	12.4948813337052	14.1933713024666	15.8658339791303	15.1818596469362	15.7470231539291	15.2829724423741	13.5110006749209	14.7301037376883	14.9827592854049	15.3499555032469	15.7053682926378	14.7941495241052	15.2646672419945	13.9486991496332	15.7887031672509	14.8033757549046	15.2010115334669	15.312731142656	15.6467032094534
M165.1789T114.06_23	14.7350429204429	15.2710430155057	15.1111362175106	15.119169471441	14.5956911727709	13.392883300808	15.0604140365556	14.8250937438098	14.6892295853983	15.6230750865468	13.6557631971164	15.0176624861968	14.7494918406819	14.9787437096981	14.9075870633307	14.7065149152366	15.0510692051311	14.2597044639219	14.5013826353749	15.1588498863821	13.547386111684	14.7294941360364	14.2870037668065	14.5764348626452	14.7634118657731	14.9778095685651	13.3965051796989	15.0220097335741	15.2325412765288	14.4403460800755	14.5030866733091	14.3007944969243	14.9386375660829	15.005526170165	14.9940551050796	14.2018593188052	13.419123449661	14.7190477446383	15.9380873872936	14.6882981944082	14.9638199044266	14.9946649458524
M165.2697T114.03_25	14.7128969011417	15.4921320550799	15.115584391841	15.2246320436701	13.9118825925484	13.4548204314542	15.0207571335894	13.6379182986569	15.0466555928385	15.0256262795838	14.8203721926085	15.1194911871764	14.8246493330355	14.0153429912889	14.8655947291734	14.7833152055375	14.9072277087351	14.8841703026452	15.3526159993151	15.0277916739757	14.2919681026557	15.2190351761717	14.9007003564391	14.0900782884696	13.757928357781	14.9228513864824	14.6784675520531	14.5199674852356	14.3809129560072	14.3896387272968	15.1229296153893	14.7476187560199	14.4038901836484	15.1159279936873	15.0221244090014	14.4771560880176	14.8531160991729	13.7975976062587	15.6601594122184	13.5066046118532	15.1496921860261	15.1512223376786
M165.4046T114.07_29	13.8702364660909	14.4426746171038	15.5839367070153	15.1632518245392	15.0400557014912	12.6752772633439	15.0548865729236	15.2786226395562	15.3895838034998	11.9607025493927	15.1137589085021	14.8811229812524	13.8361946610442	13.6569778932357	15.089000032228	13.7028715114331	15.0800967561808	15.6633254369651	15.1112363809141	15.2738640271735	13.386338428028	15.3518475968407	12.95700744341	14.8343469269091	13.982769226141	15.0549696403416	15.0679874430547	13.1700592322842	15.4963451065721	14.8186289932546	15.1015369916883	14.9846821822609	15.0622683841936	15.1176152958868	15.1868235282236	15.5406872676609	13.4928255908799	14.9541388953507	15.8388745757478	14.8286045980851	15.3957579162309	15.3486459052774
M165.5135T114.04_1	14.5038702781754	15.2740289634477	15.3543505834756	13.9727642220075	13.9794282945675	13.5195191119026	15.7957709406755	15.0457324529198	15.4947045471873	15.9577168115555	14.8692097860327	15.1169343111683	14.946499826755	16.113943949101	15.0998509156222	16.0812390419127	15.1197323559617	15.5912879364545	15.3309515741755	15.2128206490229	14.5706345989088	14.4700779526557	15.2640052575781	14.9278353668939	15.1683486056626	15.4602627119543	14.7403899868828	15.4597321225479	15.1723305732878	13.8305648841932	16.0119975121083	15.0110513968516	15.15819269284	15.1063049878114	15.6090448702272	15.8559391338097	14.9402810847727	15.5489650801267	15.9770107186531	14.6898619518723	15.5190085346927	15.2498269698756
M165.5678T114.11_4	15.4426619114636	16.0092782714887	16.3050859499742	15.9432934550474	15.4894570244846	15.0713123710037	15.3858267645458	15.2288881196177	16.0163973739195	15.9791405484864	15.8144562233068	15.4786519915573	15.6968787628681	15.5362101084961	15.3457841327422	15.5782923421274	15.4850330480405	16.2084314413027	14.8518195336273	15.4176876024341	15.6324137722551	14.2376092051379	14.9653652237094	15.5422969750314	15.7686704831849	15.5753839071125	15.2752319420713	15.8205534680615	15.7525182818591	15.133474406243	15.5292730941732	15.5222622947122	15.8218143764627	15.4870915151514	15.789916431757	15.942672034059	15.9626584911328	15.0225588764935	15.9824271707962	15.6975064602414	16.1233241671316	16.0446327203939
M165.8779T114.08_7	17.3592221526099	17.6601107096421	17.727672432805	17.4107027289691	17.4022210954381	16.6155401680244	16.8167120446661	17.1968441865389	17.0592944012255	18.457520925334	16.8414114542588	17.5398652283638	16.716425876066	16.9391000070541	16.3952330409584	16.7987715485486	17.4804881911687	17.5161324295046	17.2019452231564	17.4387350919325	16.9744067878813	17.2893383077855	17.1019022975259	17.366798103386	17.3237681930358	16.5359138567017	17.3843658994638	17.4924639881174	17.3853114294708	16.8339242750862	17.5946630827567	16.9594421435531	17.0196038846394	17.4752444123406	17.0509233541157	17.234100354566	17.7978254461321	16.9589977952007	18.1184781351045	17.3421184865246	17.7934441216666	17.7180761899323
M166.0508T365.52	15.1522028669671	13.7074828580902	13.6615680669032	13.945436242292	15.255981764453	15.8613243259896	13.6214034554682	15.8903508187979	15.319048789062	7.87081184307632	14.9145657368894	12.959055775261	15.6783738138615	14.3610864367374	14.5373351733306	14.9875047214046	15.1486830929034	14.6884887041665	15.0821877280342	15.4595523759375	13.8451072769433	14.2084666448822	14.5565235783676	12.6713520381716	13.2695619462165	14.2178963495731	15.953002191823	16.5884727435131	13.9720286706992	14.5330025905682	15.9842482575457	14.2026792962474	8.70182277698221	14.0337915964556	14.0744656666308	15.6171857038571	14.5292582787485	14.9973162981085	14.7443359598192	15.4236612020908	14.6995872540786	14.9842381972725
M166.0542T61.07	17.1337440068218	17.7522203731344	17.3390180533663	16.515989343151	17.614798131942	17.1388605870637	16.5845091390089	16.885325216564	17.5081626318558	16.4965995678806	17.2088961649213	16.498601803517	17.2920468021738	17.6105168667313	17.2369180471068	17.8770508188534	17.448667882058	17.5818667769535	15.4948163404106	17.1035926892846	16.7850288141809	17.5541612341599	17.2912578649986	16.4539671279477	16.9436430889988	17.1649959236774	17.0831500601088	17.4745055290277	17.3104690987409	16.7489448177544	17.3038646741256	16.9960414269403	16.8879481960522	17.5965851572611	17.1625800331012	17.9099088083261	17.5460153207309	17.3006774881454	17.77596883434	17.2548600462077	17.5380227617225	17.8191061197743
M166.0845T51.24	13.2806342321801	14.6184750865257	14.2157759628357	13.9103360304798	13.2166879716377	13.3593265793085	14.7538831947681	14.0159056566409	13.9209047208239	12.7247992747141	13.3646775187878	12.3492638878024	13.0667697158564	13.3887078327138	12.6205802088649	12.5556098178303	13.6467181480401	0	13.6281266420106	13.3426592796763	13.7660559025605	14.24320354034	13.6984633523445	13.2600754146549	14.1054321263455	14.368417127182	10.5378421005299	13.043046073373	14.0466933148451	15.4920475134134	12.6761581693587	14.7288083009508	14.0231994997055	14.5155112120453	13.9589855433477	10.6496705577357	12.995271259829	14.0291646106496	12.3726146823296	13.919035268598	13.9512775057311	11.9442381483389
M166.087T206.6	13.8594635708873	14.8495514022041	15.4093761588408	14.6679395528558	11.0765022524996	11.7595091060796	11.8300351988519	14.5191273661575	12.3518679476231	11.716957737521	16.1380186481138	15.3540192385351	13.9883762039247	14.0003528572012	14.6125633864547	14.2470610191878	14.5657200122832	14.9546844842875	9.75106364165687	14.6375966002774	14.7340352232562	15.318242118877	15.6653816643885	15.2368812948304	15.884899814098	15.4457274783941	14.458363480256	15.1079390753632	14.8153998819933	13.9046721409989	14.287702886156	15.0929010747392	15.3222040451876	15.7811250744563	14.3730254083066	15.0654526974977	15.1470754343562	14.8995818278807	15.9152627212678	13.8390695462612	16.2142958418309	14.4428743372738
M166.0871T143.14	19.2663928718426	19.6411453884809	19.7084654429183	19.2646096868369	19.2269897167766	18.9469599971106	19.028778842744	19.2667905532693	19.5146542925213	19.7635963568799	19.8000442558522	18.9707757029862	19.1525223216621	19.3817010757878	19.1333237741075	19.5261845707328	19.2452811557624	19.5558673968669	19.2970957151437	19.2211045828901	19.1655853844312	19.2505038306531	19.2812420084529	19.0410123724134	19.4688443702052	19.2680298877142	19.4661127411093	19.436377961344	19.6227554791116	18.8126174241649	19.6124556861285	19.3886536827749	19.5002436804387	19.3195153925285	19.1611323873008	19.8601546501983	19.3305783730004	18.7131014723586	19.95729395522	19.2421519629689	19.476493938775	19.3676135508666
M166.2964T114.08_9	17.2935189824135	17.6609676066168	18.0529835317203	17.2235842482226	16.85691561483	16.5767837236901	16.7442096982752	16.9208058909373	15.8720356069944	17.9582931169877	17.0129768308984	17.3837540019765	16.7322611800058	16.9364233418913	16.6554408526221	17.0083645197387	17.4715060470498	17.3744265967948	16.8754332018787	17.4132007685121	17.0388210497877	16.4259194206448	17.0526766269018	17.267665580287	17.2904928673271	16.5144740179027	17.3662323069619	17.5434445188373	17.4870115734063	16.8773628881788	17.7426631562487	17.2220744561556	17.0826503037916	17.3792076857037	16.3336733398746	16.542372196852	17.5318192101093	16.9841426071057	18.1037358838202	17.3168243464535	17.7685528970227	17.7052255630018
M166.7894T114_2	13.0720434960095	15.0712146545601	14.5670385579124	13.2872821224129	14.9874777888676	14.3468290543328	14.9786286858564	14.4015545624182	13.5985031017169	15.6793786477271	14.8217423131146	14.2347768445178	14.4986838544347	14.5878168439648	12.2579124713256	14.1679207199777	14.5320487513272	14.7464646146996	13.8375084381211	14.1102383801711	14.0692396980496	14.9984121649518	14.8841535279513	14.7097496797616	13.4166832963722	12.6536305680432	14.63414205371	14.9367426555775	14.4322288443747	13.9701249719138	15.3497028085351	13.6591614503491	14.5387212268793	14.625815565013	13.7946735520001	15.3176093663863	13.9535547035162	12.8159456943492	15.1414683003597	14.746235398447	14.8503642410577	14.9206956713689
M166.8934T113.99_5	14.2279003146064	14.4414354245957	14.6095099776644	14.5532977666118	13.4141477504631	13.8647250438796	14.4078749005691	14.2974986193486	14.6391610273341	15.1334340100068	14.7414685342126	14.7985598677573	14.6183120369718	14.1675161139157	14.2310967219273	14.557407799391	14.0757695356048	12.8862504618003	14.6176658891091	13.6450517779547	13.9467994069258	14.1813765636863	14.2064362769629	14.1650198271235	14.3604786740301	14.453606172026	14.2717986638228	13.4735635091613	14.6751688159273	13.3961015910317	13.9631155038123	14.2282067990591	13.824436897666	14.2479736320123	14.3827251622091	15.031330986516	14.211184611119	13.0650155607768	15.38156805513	14.4120953397475	14.6731318058243	14.671340079471
M167.0324T156.08	12.1283184776594	12.2434160940324	11.8419580013374	12.1129959529659	12.3739038650877	12.4593279647264	12.216722945664	12.4238349810654	12.5525597542742	12.2883695133108	12.4467317496619	11.8773537143384	11.8404316210055	12.6045421833324	12.9007100292379	12.7798602188394	12.2119082337573	11.9046315259054	11.8519599570469	11.993065202057	12.2058123475818	12.0866304230476	12.3551830755081	12.4864916443916	13.8910760594567	13.6376178140251	11.6839217293796	12.4481031554658	11.6802356876632	11.2773752214296	12.4790555511854	12.3835045479684	12.0116137480507	12.1959163440546	12.0677624715454	12.1208714831977	13.2916262052713	12.257168499794	12.2234512218488	12.5049248447756	12.1641359198992	12.0796914514053
M167.0743T65.84	14.1073999776242	15.6254304183494	14.9492235397521	14.8461187916836	15.1822807889597	14.741172593729	14.2080504676299	14.6102545366702	15.2764450496428	15.122231879461	14.4817164827585	14.9621326717006	14.5935661716185	13.5989226102652	14.9149567670217	14.4809416930508	14.9269348576867	15.4081217773597	15.2687344559481	15.1587762698132	15.0025149668424	15.3608269872412	15.0421133829166	13.3308322531951	15.2355903046005	15.0057919912715	14.7741365979572	14.8895790185577	15.1879081944767	14.915711536958	15.4759132696326	15.4103330088399	15.3988565817572	15.4463177847728	15.315030554161	15.4025179095251	14.7610798517704	14.9393077721273	14.388108578792	15.028564825073	14.9505001178248	15.5233703427624
M167.1297T230.36	15.4374097720024	15.7917410515534	15.2803385048146	15.5466930099556	16.3469036721111	15.3230978960637	14.6426730311959	15.3597579383875	15.5008696302799	12.3307307202336	14.7192414980046	15.8384222758907	15.1515604921668	15.4194143942361	15.5826861414159	15.7194248489097	15.9656880664959	14.9530246888165	16.1417695388715	15.6298747548902	15.3806507139508	15.2815656821848	15.6250731233479	15.5310194366412	15.5179520884551	16.1989756285058	15.3785655527203	15.5109693380982	15.7409476788365	16.2055134633011	15.8538128467804	15.5794617078289	15.8067000686709	16.0627140066802	15.6942651023676	14.6677441739517	15.912598029312	16.9631452280325	15.6656737398051	15.4521635409744	15.9466562215216	16.151720131426
M167.2641T114.06_7	13.9685211651764	15.1828495751908	14.1032239059891	14.3760943100323	12.8113125176702	14.0927956598336	14.8827490710594	14.5611606547978	15.1715538622609	15.9216439679891	14.3892602352095	15.2201324561782	14.6024777128453	15.035318317742	14.4957025922152	13.2950869774092	14.5321521678317	15.2629647883904	15.6982328033913	13.7241765051371	13.8293936262871	13.9453981837524	14.286428936044	13.0070451565155	13.8063234333271	14.6921919583734	14.0216787894394	14.9760475093135	14.9373947978835	14.1344621699001	14.8683018002898	14.9146606915897	14.7391409536566	14.4567713691226	14.9078997362121	14.7405262646039	13.8381287360767	14.5045865885116	15.7004114275394	14.6322678739814	14.8760251651522	14.2819399597259
M167.303T114.07_9	14.7415846129758	15.5283850812647	15.07925641256	15.6735347680688	15.166707188683	13.9376471910434	15.1683536717946	13.9771916012759	15.4332202571542	16.1698631256296	14.8776252906582	15.6406513013675	14.7282138581113	15.1898485647181	14.8250012009405	14.5416802737647	15.2845763869255	14.4434183651849	16.0595001459209	15.5199874918841	14.7548437592346	15.3205297857264	14.6841098467521	14.9826124939618	14.7566667674859	15.169074897046	14.9806924871984	14.9227223610973	15.3676463935395	14.4621485269137	15.4572602510791	14.8493106205429	13.7906647007735	15.2798612112878	15.4133201887207	15.4691268599162	15.1293576046353	14.6471036818594	15.89202692892	14.3659368856578	14.9582950562564	15.4814730196715
M167.539T114.03_2	14.9809907594361	14.3921874667783	13.913503306769	14.3365144862338	14.3092189629218	14.2645854925464	14.8244172315685	15.0924431604481	15.1813150303918	14.4047648036728	14.9202153137016	14.6938354970722	15.0752952872569	15.0327025032372	15.0349884550847	14.7054133014493	14.6963969344141	14.8629240749843	14.9136068828622	14.0101263433404	14.6626186616113	13.3463844666591	14.387265825533	14.3783414503431	15.1020675528159	15.1556106568717	15.049511058088	15.265548400125	15.2976422391401	14.6908210702164	15.2719715080488	15.2366047109947	14.8840272949552	14.5680302105455	14.1923806772056	14.2269031604423	13.7766699674538	14.7471703251445	15.8676876311674	12.9102900271797	14.615290210573	14.784864988942
M167.6392T114.05_5	14.5316064740895	15.4335915836198	14.4455155571558	13.8452498077655	14.3444856091574	14.0584571728453	14.921625764415	14.766378108513	14.208755684951	15.2368376746944	14.7702814348269	14.5811036973897	14.8011490428041	14.6476904465864	15.2057336807667	13.8080228153985	14.4913833842351	15.3462965625136	14.914469462884	14.8983405535893	13.5102411081758	13.6575713481032	13.5374217664645	14.6003354930117	14.6381633480739	13.9754934184497	14.4409606893206	14.9372351666075	15.2521743419824	14.232782281608	14.9502326431355	14.1594380721188	13.7326796670825	14.5288573551704	14.9185790290283	15.0883342905905	14.2892801221044	14.5474830033011	15.4191921289624	14.3104527740848	14.9008426650781	14.4284223395244
M167.6843T114.07_7	14.9365036683336	14.2624160887449	13.920088996682	14.6759234513873	13.2215723920042	13.0262563830539	15.0555663615705	13.4705410617419	15.1894675209661	14.2860843243686	14.7436881809706	14.5887010759819	13.9774112731125	14.9012900656401	15.0111752471164	14.9507224771302	14.6307274753463	15.2831463185432	14.8767978159271	14.9360084690781	14.3196518448415	14.5554751543535	14.5858739431825	14.4739176039759	14.7567478233785	15.0131623858001	14.7694659519651	15.2088878177262	15.0534892882986	14.4455498587628	14.4080712587477	14.1777156770248	14.7736236287541	14.3758872341553	14.211892589197	14.9966849223554	14.1903816051606	14.8777546864313	15.6902263796455	13.7632656914335	14.3876186259845	13.5061542470286
M167.7185T114.06_8	14.6713896542074	14.0624218812497	15.2939064313463	14.4375588454732	14.2380550560557	13.4505090443693	15.0852177779569	14.6286241971346	15.0462474234716	15.3846689437741	14.3396434245081	14.5806790124239	13.7877150704714	14.1313903998645	14.8694012645823	15.0654681903184	14.7157455123651	15.1790182679065	15.1582947983381	14.4093976389303	13.4027785873367	12.8341949998839	14.769057950284	14.2137858379655	13.8209164213625	15.0121515056527	13.2056331939559	15.1110027468305	14.9537559222619	13.5475147903163	14.1056447617922	14.8996977019037	14.6910710095256	13.434542335084	15.2435791583045	14.8835125465247	14.0550879979282	13.7477384467672	15.4877619558764	14.7025815444451	14.4719104388193	14.6123443896964
M167.8754T114.07_10	14.0499628382362	15.497770209185	14.8430483467228	14.6846195281384	13.3738957283338	13.1638140848748	15.2334587787689	14.4419298724299	14.6656856476578	15.1352483947818	14.6345039062499	13.3542796477415	13.5903298327391	13.7824892030868	14.4051313328284	14.314003103184	14.6531471880861	15.1126543846498	14.8944178807473	15.089995162329	13.1276858689922	14.4438512382679	14.9566638908019	13.5553642776514	14.3381755870815	13.6702206633599	14.2606054276429	14.0799938231013	15.1837115613258	14.1125549623277	14.8545187919265	13.4591036718084	14.6200693228684	14.8040116087409	15.022671206304	14.6131734688427	13.3092681808954	14.2103102689191	15.1961450694965	14.510506355824	14.600095479594	14.9355418786241
M167.9589T114.08_13	12.6414446710702	14.924693972428	12.7983344613275	13.4379936050031	14.0992278570579	12.6529217211531	15.7276937870372	13.2438301293988	14.7551710756396	15.1288334165384	14.2677161698324	14.4461404003729	14.2545855315326	13.9792207179734	14.4765687677443	16.2607315136387	14.6820840532156	15.1192319652591	14.8089982305921	14.502478623863	13.9616248128211	14.1378313195528	15.6549979603243	14.3846708558351	12.7829757421632	14.6873890153963	14.0980259967166	12.9863204533778	14.7799798763291	13.8667531948443	13.7257127597381	14.4399580055281	14.4094952727862	14.2816510264178	13.9216157118274	14.8954923122322	14.252600703497	14.5481577399778	15.1332480716938	15.2009832741126	14.2764432475533	14.4290365633526
M167.9772T114.05_14	14.954859228555	15.2065592817945	15.2109820056291	14.3078981639749	15.4008655693936	14.5944041993203	15.1038794083787	15.0073203876243	15.1658774321098	16.0351718374137	15.1688303340751	15.1897290976509	15.4778399862466	15.223477690709	15.4012316887947	15.5074295477318	15.2797126755207	15.8955052368156	15.6477966984844	15.2385262157788	15.1771978678648	15.3471799158677	15.3298117106183	15.0637881928238	15.1969144924942	15.0677145290942	15.1630364179869	15.1857950875383	15.3032692215124	14.7291221579518	15.1949328489476	15.2307750937666	15.2347380559998	15.3444219429738	15.4303307267755	15.5219632357814	15.1854295460709	14.9050510956626	15.5668284802082	15.2222002503596	15.285544654401	15.4072737145149
M167.9993T114.02_15	14.7710462364711	15.0607550720105	14.8539319556816	14.7136891602588	14.5209984917309	14.1136740671809	14.395310809739	14.7614129040127	14.6866991800421	16.4132931979271	14.860939932226	15.5572734675698	14.4660938092089	15.0351599874776	14.8457407028252	14.6124636819088	14.8408571585839	14.7753249174598	15.5840562522623	14.6798063874129	14.5734510825758	14.7267672894971	14.4157157857826	14.8076597001841	14.3862111977621	14.7997278704863	14.6055547730396	14.66090424636	14.9881003201831	14.5245318548319	14.0971375596233	14.90000420752	14.7480128688602	14.9462300250522	14.7089944636823	15.0297498107987	15.1375076193346	14.2136235116767	14.7410352755743	14.4912351808902	13.6566617839869	14.9809205523171
M168.0141T114.07_16	13.4479495425248	15.3402862814003	15.1100469817937	13.9863919725816	14.7046843998191	14.1289421025519	14.8742683763934	14.4408205819804	14.8388092599636	15.1534056265778	14.726392883968	13.8878607939584	14.1026318075122	14.6309184961396	14.7120602150703	14.7106029514348	14.6600852810491	15.0464376040147	14.9810374209493	14.7891325734871	14.1482146493994	14.5907423561727	13.938299219385	14.0954333226352	14.4083378788228	14.6436616059906	14.6373323328143	14.7294664624626	15.2888116349158	14.2914979837167	14.1835854845728	14.452656087646	14.6982930689172	14.5174441496163	14.9727651044127	15.1772956187028	14.5858068295098	14.2496945905327	15.2572689594879	14.3943249386564	13.1382657047691	14.7853522511842
M168.03T62.71	13.7983812511116	15.1206705064811	12.8139901073531	13.4281687311503	13.806699636514	14.8017367728505	12.3089031286926	13.135408635663	14.5081305318636	12.8455268896528	9.65273518241785	8.10805437144601	14.7010785113154	11.2981807722423	14.0359418211808	13.7671856139503	14.5820344190487	10.2643050979161	12.980802730859	12.9359831696575	13.8884288731836	14.0789775748136	13.5172771077305	12.3360413253658	12.8969179647413	13.5341939293988	13.955849235833	13.2815004172962	13.7924440197848	13.5405559331162	15.2518689968705	13.6304926780134	13.7482486411433	14.0270111001404	14.545981440188	13.2076602086628	14.7252789431783	13.7550473681701	11.8007066675072	15.3884155390896	12.5410023204557	13.2733160133397
M168.0408T114.04_17	13.3565528061883	15.1635138474946	14.7597668578744	14.6358363769221	14.6132000109695	14.1390176877075	15.3175563023303	14.3404552596338	14.0911836151373	15.1598534940726	14.0038531461391	14.4529179173839	13.7014718097837	14.8325513180785	14.4695154323682	14.7413548515572	14.0418455528381	14.7745552707556	14.8204496477176	14.3365751552209	13.5877066402699	13.8447598450638	14.6085125693133	14.3540683729645	14.2434092974978	14.8207254103202	13.4856288063657	14.8307465651066	14.9931796535393	13.5901098896856	14.8352502904605	14.3679582022595	14.4974268446859	14.5230136755798	14.5285189904242	14.9768474480455	14.4034982329885	14.4632890061727	15.1796730901407	14.6338146558547	14.5072490152031	14.5696826718583
M168.0638T119.4	14.3529938938448	15.5035426336629	16.0409670194651	16.0563828474754	15.0060613456014	15.0120304205066	15.0344635356345	15.2648649587271	15.7194278085344	15.4897513333448	15.6786241403425	15.1381652659084	15.0738592540283	15.1591368719263	15.2391964604267	15.3169440746296	15.2489679163771	15.107205718375	15.396386074403	15.5064251519561	15.8636945354364	15.6867905313737	16.7162963208284	15.021447817472	14.6079878858173	15.7786066861057	15.6336484682076	14.9477497507729	16.3569605280628	15.537032359541	15.3241064960449	16.0324053145297	15.2294333051719	15.578055208086	16.1939975490251	14.9379232342584	15.1734699597753	15.6892172336915	15.8707475966981	15.75251894549	14.8747300616122	14.9837876373061
M168.066T53.5	14.6543979984855	14.5970344251242	14.5225626440199	13.3792648155677	15.139537654712	14.8641673882097	13.7224245537848	14.9560830303369	15.0707677769572	15.1019407041912	14.5271375973365	13.2453298937421	15.4594806255859	14.3158123221583	14.3914009677502	14.8387226516636	14.8514280048335	14.4112200679771	14.1444272592306	14.710345467159	13.6696707206676	14.0081536188206	13.4686946743996	13.8190518491197	13.4333090754419	13.6517735577772	15.1443404713764	14.1431876871784	13.7813241373554	14.2019404904905	14.4717834060713	13.865368560328	14.1656442103069	14.7080546568179	13.5412109020227	14.5168948168951	14.718142471784	14.1909876048747	14.3110083133414	14.6282626428111	14.8998426515218	14.8827988696823
M168.0786T114.08_18	14.494883676296	13.5035845422014	15.1847411705094	14.5034797312611	14.6289868650793	13.8987613288164	14.6730153862098	14.8608677888187	14.9821020140841	14.9719874064297	14.892777234539	14.5267473950569	14.429526313728	14.328412557468	14.6415441715371	14.873574956562	14.0616464161948	14.9461211994496	14.4168540177626	14.5322414052897	14.2761122551741	14.4335592433258	14.2425682024975	14.7132983424035	14.9851133311623	14.4504729640755	14.6829299609202	14.5038074434173	14.9319593037275	13.9992480018176	14.6301646679444	14.3492405958037	14.0948367165942	14.517270001132	14.7725808741821	14.9908272754412	14.50051977871	14.3012477582549	15.6021604090887	14.7725433602754	14.9791898812907	14.5460836081345
M168.0926T114.07_19	18.3325215719107	19.2924650600802	18.9018222531838	18.9548874752645	18.8027509786978	19.5200208894812	18.4432695585481	18.7320495603599	18.6016169265228	19.3402749091813	18.9599051250058	19.6677885943054	19.3837511481683	18.5427282722289	18.5359742574912	18.7600945709203	18.8649877549898	19.205474390385	19.9164359002888	18.884675210982	18.4650941360024	19.8893169466104	18.5435878326478	18.8101309035911	18.5723498285551	18.5257069793115	18.6829454260945	18.575529356568	19.1090525407097	18.0514165384288	19.5852987425472	19.5909216076765	18.9002818830412	18.8984625196921	18.4597432047837	19.3270467683625	18.7543732630201	19.1877120727342	19.2097159223848	18.5563902883051	19.0549652462498	19.1009918412601
M168.1025T68.17	0	0	11.4795199412548	15.2519492782868	0	0	13.7698952086728	14.0715479941612	14.2280423010335	0	0	0	0	0	0	0	12.2044826911602	16.6578208537174	0	0	18.1534290336769	19.1180556652511	0	0	0	0	0	0	17.8609967579863	13.9440951857403	0	17.0383753320326	15.5775483385988	10.1994987879696	15.1725151605848	0	0	11.0072211866949	0	10.9434538837747	0	0
M168.1065T114_20	14.788490162072	15.071334344475	14.894733460586	14.9343157735932	14.8617613626557	14.5962018856171	15.0303853126571	14.4864060036465	14.7759385226861	13.9064263990067	14.5258711414463	10.9087058897045	14.6112651955704	14.6409896060662	14.5256957197363	15.0825795246003	14.7877762059301	15.15354821895	15.0595647738966	14.8119195744023	13.8548080335383	14.813967041795	14.6281124756145	14.4175476937734	14.4650438713537	14.6852406476988	14.2984810341248	14.9571717064339	15.1456693734353	12.8997472763349	15.4713173611355	14.730627573706	14.7020922177471	14.8130731627337	15.0114360020598	15.1221638363943	14.7583219809203	14.9256066779368	15.4298237481765	14.9896171839462	15.0214430076923	14.1441096560673
M168.1397T114.07_22	14.626766164763	14.3386909457634	15.0107097649841	14.9440227416981	14.6059970147635	14.3753201553957	14.7790086188241	13.7232161196676	15.1455299071937	15.5472777513348	14.3014218247214	14.8452923222722	14.5423461116418	14.6088152486011	14.7094486691529	14.8684536436197	14.8743439058402	15.4528109339678	15.0496050878796	14.5647473666413	14.6822203900632	14.6469307476877	13.9742176803938	13.8271998741105	14.5468309468776	13.5966676026381	14.549933134106	14.8067184312518	15.2441425259099	14.1265330756724	14.8729411214299	13.7997702679839	14.2658483685646	14.9670663418314	14.8596321081013	15.0800463644246	14.9499043065638	13.8672431762577	15.4292099457515	14.5001828321894	14.9388000237698	14.986719758329
M168.1542T113.99_23	10.1243228229167	15.2433028515405	14.8179002957503	14.7574036409825	13.4577376840041	14.092350078894	13.8918310039871	13.2562348079185	14.7110476102798	15.126979510047	13.7850675203663	14.5732169017532	13.5792509659325	13.7361441003338	14.6496432917079	10.4731991189144	13.9075590529232	15.4342096021999	14.8533140801742	14.9403607399649	14.2700956480557	14.745168195494	14.3259136987726	14.6092875922893	13.3771250261253	14.6581945937862	14.2562039879258	13.6256056063905	10.4564851968562	14.0921645494496	14.8204377333107	10.1212088837386	14.746109188596	13.8154175344318	14.708025982775	15.0390927403264	13.960533382741	13.3549435529084	15.2501663005222	14.4527283625263	14.7417499522349	14.9995955788872
M168.2397T114.02_24	14.0035460726027	14.701265209422	14.7714869569754	14.7363202016315	14.4977186081125	13.8719296230693	14.9097498789472	13.5432525439453	14.6732404804482	15.0134485263578	14.6514597009275	14.1552960364816	14.3393717176792	14.7474703367116	14.7697103107529	14.7090437427618	14.7462423035155	15.3284593682321	14.4699711280578	15.0029200957755	14.3651421809926	14.7036261571787	14.506874707294	14.3737462584338	14.4011359065618	14.4520072033224	14.3684915050491	14.1959530521387	14.4270343843857	14.0339665774455	14.7008568095246	14.5530550335059	14.9066348699338	14.5406126032845	14.6943724134891	13.6616597266872	14.4131239497016	14.4284366757059	14.5648725556514	14.3475502642073	14.9616797785489	13.7617099900189
M168.4398T114.04_25	14.5545426067174	15.3076576945714	13.4694096318687	14.5962325774363	14.3071867607624	11.9666210637494	14.7406014104832	14.2700768425656	15.121725464486	15.0482383397279	14.4020194933452	13.5809822389912	14.4746456949102	13.9071238033219	13.3656240411942	14.2468074989409	14.2813456747006	14.9367325781365	14.6698208552489	14.6345609998082	14.1678675630563	14.1173922189146	13.8284333601259	14.4552998392147	12.959527059912	14.6535790703109	14.4377803710718	13.8110276023105	13.6567323455806	13.3783579421767	14.8033396028194	13.5893393705985	14.569232232675	14.4065977672625	14.8055291720035	13.5497889404031	14.1675468353417	13.9091564529065	14.3320550915573	14.4611705021143	14.4796302545108	13.7210266425243
M168.5334T114.05_1	13.5699345433291	14.762368961864	14.5883110603226	13.3993915307612	14.168191259446	13.7332979666201	14.7700525414268	14.1260699115107	14.5235890820982	15.9367916096978	14.1347569357084	14.9582911804984	14.2118344235355	14.788192848313	14.3476156801867	13.7309315767208	13.2883534676531	14.5933220125533	15.1079221857596	13.6405653446647	13.8689053538991	13.4724300968991	14.5322003435351	13.3217221886674	12.6952108918846	13.6181798301526	14.1648649461606	14.7947462644862	14.5724760265756	12.9959876931661	14.76671790958	14.3927224280747	14.3234183544543	14.7529925490137	14.7623178653444	14.5280594252256	14.4932333567595	14.3047021383451	15.0585883480743	14.5459938007403	13.9905615911843	14.2910361708026
M168.5542T114.06_2	14.4726910602438	14.9087287677408	13.6576672386709	13.8705816151028	14.3152189727693	13.7468351477599	13.2031220675704	14.3885483551103	14.3102763268589	14.4378087690972	14.3759160321389	14.822189206794	14.3745274435108	13.3558596612399	14.4892427324594	13.5837004024839	14.5101087536779	14.5055247532041	15.1892588892374	14.4900533874144	13.8800423604009	14.2018854274298	14.1958365114601	13.4244612628658	13.1386617952822	14.5928496961267	14.0409885161738	14.6181640903926	14.782205331964	12.7126052287376	14.6108031981919	14.5222272506298	14.5962037857127	14.6142592391955	14.6366946113576	14.8713291347542	14.1174749032312	13.7002692583143	15.0614593145915	14.3863424422216	14.7358805234707	14.6469456876012
M168.5988T114.04_3	13.9451566895988	13.7069783481213	14.3124439097864	14.5387579038842	14.3991892266782	13.8566981252915	15.1536997710759	13.1237876962517	14.29515392907	15.489410580244	14.1357340579352	14.6646328035976	14.1571694969316	15.3200514645612	13.0821877394235	14.1383857439978	14.1644608922136	14.8036864964922	14.9775706332297	14.4737827137377	13.809018728912	14.4777908621734	14.9345916636436	13.0271708512454	12.9906236454896	14.6429945673062	13.2882811285934	14.5548113243576	14.5757046280025	13.9027880845981	14.7559500752206	14.5612062968527	14.4844453315082	13.5497640487523	14.8417196315071	13.7385780046323	14.1862963015356	14.1074938443576	13.9181453699575	14.5029030854754	13.3102211609387	14.7250857929382
M168.669T114.07_4	14.5024737538003	15.4871426676341	13.3776926961087	14.3683167727571	14.3193038903221	13.964734167868	13.5155155582157	13.7213665713034	13.3919751601747	15.2200744345834	15.0707013010543	13.475439026961	15.013429917085	14.5103689551651	14.6032369495627	14.0760419240878	14.314989879999	15.4204638810187	14.851835229826	13.5387115067592	12.6542129723761	14.091702122034	13.836150792883	13.3893100084349	13.4024851756562	14.3280660278525	14.7883787676337	14.6973784834623	15.0743048526405	14.4328933940642	14.4675198245754	15.0373340769919	14.8302255115454	13.5123636147998	14.5325660697459	13.5495086938784	14.2323105897553	14.3808804091741	15.4829063029658	13.7402644813853	14.7299477715292	14.8186544221069
M168.7042T114.04_5	14.1316764524826	15.1587870361652	14.1270427625457	14.3019472911062	14.4884045858335	13.9747897636392	14.2380627182952	14.1365569309446	14.5493654191346	14.2742866649531	14.390167541073	12.9531464085366	14.2220039740708	15.033887795643	14.2774840839088	14.716956987967	14.5140416287928	15.0231966517789	13.5877227610158	14.4796312516631	13.6522718799815	14.0444355177282	14.8044391390104	13.1066055993668	14.2903551760642	14.6993241248446	14.1379810277566	14.6373585435702	15.0941911256097	13.8766250834979	14.5117780322133	14.4229924784988	14.8237769270708	14.0913198939175	14.7418372623891	13.9893290017883	14.1176095173972	14.178645743147	15.0867186941898	14.6676869997657	14.6680534350899	14.9753672097452
M168.7378T114.05_7	13.6940600382652	14.9496671861633	14.5109502832782	14.5029747803317	14.3057303221595	13.695839507218	13.9527925675242	14.3807637623864	14.4860547938892	15.2188637560584	14.191388792514	14.6989909375094	14.4531604377035	14.517552930004	14.1508395906584	14.1619642651695	14.6700806128323	14.9506144655122	14.9711923624846	14.6077511936923	13.9622193304844	14.2109913582469	14.1321606638188	14.3356335843513	13.6881219741751	14.453604633099	13.529959336928	14.5996518649976	15.0484083507516	13.4046070063348	14.4695536871723	13.9947625690026	14.3717271448643	14.4821345751716	14.7066171696226	14.8734413386977	14.3028960569676	14.1399304259903	15.1529144240472	14.133991475633	14.4682946630808	13.9695093089734
M168.7645T114.07_8	14.286432862256	14.9558111308043	13.9940701120503	13.6208922942365	13.6741255700148	14.0005312180522	14.3199477913946	13.4502687999491	14.5428704577918	15.6834381712143	14.286898337407	14.7985039586446	14.3760937308167	13.5310792861936	13.4081936058503	13.7173335492733	14.4790026774893	14.8888702241761	15.1417232721889	14.452138439173	14.0791109991537	14.670190471901	13.9967265744185	14.3439790988505	14.2379819792146	13.7961615587821	14.2291884892296	14.532361877046	13.7351618311084	13.7324164724634	14.6829193020683	14.4621894237339	14.4381981036022	14.6659363491825	13.7985216833219	14.9861333634629	14.3357262497431	13.095299590861	14.6740418653318	13.777040219305	14.5373580374559	14.7817347938129
M168.7936T114.04_9	14.3041916998891	14.9383958219236	14.5645464360504	14.5161271866396	14.2778537223728	14.3392986921295	14.9737652184664	14.562080998103	12.952760953446	14.9375937324655	14.5452778069067	12.8211919744395	14.5296255098864	14.1172607692943	14.0408937575103	15.3135488744601	14.4170658840519	13.8938500898373	14.4031594649525	14.7112703477788	14.5443424851797	14.4264527235071	14.9048117754363	14.2870551387505	13.4276848610284	14.6837056259249	14.4106957587575	14.7395026815616	15.3517394509625	13.8922670965175	14.8244775195758	14.2883548001168	14.6297715722722	14.527791708697	14.0897627523207	14.9805455734536	14.3374699173019	14.3339297823395	14.4374352125325	15.133289376518	14.3498468552745	14.4888259506695
M168.8441T114.07_12	13.4782917391799	15.1293273680279	14.7243080020066	13.8486017765795	13.6011184538366	14.0536981117522	14.4769914282607	14.1722354302678	14.6426541291898	14.8792052760967	13.4300533172052	14.3334882269338	13.4563306263883	13.9400836839366	13.8322971450943	14.3636638398282	14.6188938441594	15.0436882222103	14.6672038714489	14.0715054095378	14.3819470902497	14.2669368047866	13.3053745341143	14.4390832059913	13.767346760576	14.4549426424565	14.4959402386649	14.639479730166	15.159893322457	14.338274412085	14.6545374558192	14.5296152832548	14.4566333911422	14.4137034406926	14.8327213494315	14.0144376645237	13.962907649653	14.1907988735047	15.2035544808883	14.2737186527358	13.7675995181789	15.0185049913146
M168.9029T114.05_13	13.8458262277337	14.888002176288	14.6561772865768	14.3513070574908	14.2906975137153	12.8613671182735	13.3948170967667	14.0814586341857	14.3857951154157	15.4321364437053	13.3496187158176	14.5730158478586	14.353321939248	14.6769639616393	13.7594532120149	14.5657888718138	14.6760252806165	14.6895612572683	13.9972916802325	14.5412895202358	13.7485867879633	14.4297570607812	14.5477752962121	14.5049878238956	13.3634565779809	13.7207673930724	14.1742280848619	14.5755373394133	14.240558826664	13.8690197391701	14.3860540032796	14.5893948648457	14.2760349866842	14.5923388246453	14.1873795187664	14.5782603957201	14.3928561709789	13.4461086180265	14.9380562891807	14.4231834890231	14.499314031208	14.0826225257345
M168.9292T113.95_14	14.5206598175822	14.6410225102394	14.4816871594549	14.2743951910881	13.4860027473774	13.7289236092043	13.7586651622609	13.0873229031735	14.5882485070616	15.0359225350835	14.365140993218	14.4879998205227	14.4628848486292	14.3340037606096	13.8914425268023	14.6086806272027	14.3967280684	13.4372072304443	14.6648828352402	14.5250040483977	14.0235206189422	14.312232762161	14.4198249337073	14.3565289304072	14.1757157761168	14.5441944595181	13.4069356116742	13.7523832488664	14.6932210663704	12.9310872236411	14.8266427393957	14.0103545997042	14.167965472411	14.3048829923469	14.779640169015	13.5113701371564	14.0178979192719	14.6027549898192	14.8355999494859	14.3903016074815	14.3857314811761	13.9144480820642
M169.0285T114.01_16	13.0809204394556	14.821347246059	14.7600294545159	14.2968183157176	13.5368151375353	13.7834482261453	14.3999677609561	14.3262941054942	14.5693673202752	14.8779713652375	14.2332825579754	14.7090196812084	14.1936116755181	14.6138865262848	14.3347965237621	14.1719809567474	12.8507605413948	14.640449236469	14.0435375140849	13.1628456452207	12.6989899878456	14.1656839821238	14.4375587924115	13.8856363612782	14.3934568542401	14.5244898003128	13.4729341974876	14.6989889475787	14.6369365317532	13.8805570143198	14.6252018585055	14.5631907914059	14.4970706131666	13.4750207280805	14.5854058711948	14.4187997174156	14.2674178767773	13.5559549525023	15.1604518496625	14.2654809991466	13.3971865699075	14.6847888403391
M169.0465T38.94	14.0933714592303	14.6458517395837	14.4871091806256	14.4336562197143	13.8193265100074	14.1152842869171	13.5136148298138	13.4942518662582	14.379524814641	13.6538584089639	14.5875837982351	13.6994718334599	13.9107413524387	13.7720799766448	14.118522741008	14.1411956791917	14.2586887440021	14.2878160145044	14.1357424106194	14.4681065886156	14.6133689199244	14.3509742958832	13.8594420111166	13.0124413131099	14.260427192645	14.3177284359773	14.0234696425013	14.1603251584819	14.6566440626867	13.8609666722938	14.4670053682247	14.7003718647397	14.1819314254655	14.5764430535402	14.3424812038536	14.2834975753339	13.7504712378023	14.009976980761	14.139845209992	14.1319368758951	14.420582126165	14.3039368615941
M169.0478T204.15	12.6680735399868	13.6014345093572	13.4487560443862	13.3916513959281	12.3263751209643	12.3450256397774	13.1605875559806	12.0612545150749	13.4831161903693	12.9999658147058	12.8511328096097	12.8698578101437	12.9358245624718	11.8271372259814	12.2425483700591	12.9376966500617	14.0205195009087	12.7661449866208	12.1401492173427	12.411377935074	12.83617328336	14.5041943019459	12.8517743750625	12.5751086912508	12.5901951293825	13.9226045684652	12.6819817282981	12.6395919963529	13.5421729992536	12.9366536319758	14.1254187942241	13.7253086423371	12.2138509282943	13.364495536392	13.647657905854	13.5595154545726	13.553673437965	12.9675860632296	13.5570728516943	13.4669656091812	12.2281674054621	12.9090793799952
M169.0488T114.06_17	14.7340446289312	14.4235734057341	13.5574244781876	14.483254564299	14.2919263948955	13.9396224841513	14.69423369598	14.34685299934	14.4770519568272	15.2491156458778	14.3745800224607	14.9399123505161	14.4311257207839	14.3739922899621	14.9677038577087	14.2220952423476	14.2760409426872	14.7443780759323	14.7016751023195	14.5649505728844	14.0704641489397	13.6617735107908	14.4993970907853	13.2295991950391	14.5915602801935	14.7964855047585	14.3408169087941	14.7735886203765	14.8449101975584	14.0620938287962	14.5290742261423	14.6577389987691	14.5029566217799	14.6869389200429	14.9919773352276	14.557241205886	14.1684330143129	14.5646853767181	15.3761961574012	14.574452267351	14.310331611706	14.5876734522301
M169.0642T114.06_18	14.5235822351511	13.4269363794405	14.8963294034082	14.21478791067	14.2308714787737	13.8690835442794	14.6012869550143	14.1684452817657	14.7342148807388	14.9778284414678	14.4533513090468	14.3186160418273	13.4228243391701	14.6954370609088	14.2627842233522	14.512306431695	14.4060369245396	14.962252367318	15.0606222606856	14.6242314933363	14.3237817125742	14.3480702974901	14.5336376827042	14.3090423009093	14.3025155432784	14.4074655975527	14.3172539766418	14.7084176754637	14.7695193896378	14.003567045346	14.648589799273	14.6488310109577	14.5103937924854	14.4738045905059	14.8717600900131	14.9068275680375	14.2954081232785	14.5514842929161	14.5218859557183	13.2888297965331	13.4485792555732	13.4308531058458
M169.0977T118.81	17.4687997676088	19.2638174340236	18.5939475620826	17.7316146524717	17.1627780718447	16.4237893991628	16.6224872924131	18.4323780166971	19.0377804474492	18.7763291400224	18.3278356263326	17.771636112021	18.6905613537713	18.3689479334461	18.0018742014023	18.1101482468512	18.0773497722941	17.772750348649	17.7521217308872	17.6446484769226	18.1210940679607	18.9016536587055	17.5798889022191	17.9710842873143	17.8032779914805	17.8167742327661	18.2268440372897	17.764093049389	18.8490736199394	17.6235439286613	17.9854511292964	17.7577463402368	17.9396362821916	18.135475254889	18.2937699719521	18.4866504654623	17.4332016361325	18.2536268233202	17.9511264296179	17.8390905133445	17.6826341126338	17.3084083395871
M169.1106T114.07_19	13.4730416627469	14.983772003804	14.648147298532	14.1260454872285	14.0468884448927	13.9942372093492	14.8028393295751	13.3390079995523	14.7337018433225	14.9673635799802	14.6582721920121	14.1089297105153	14.6728919987938	14.1950118816257	14.4148397022493	14.3044125127196	14.1598914682674	15.4371483928478	14.4567781418899	14.574546367406	14.1003844817719	13.8602975873196	12.7407820513249	14.2720960704831	14.1793525187161	14.1139199985666	14.2046078280327	14.8586722009658	14.5504668864361	13.8368498887036	14.6682422115135	13.7719769756388	13.8747634902908	14.1277950623646	14.757824260317	14.9735350301556	13.8695928758729	14.4578635059965	15.3316753010715	14.2471770245035	14.4160101762579	14.8989323576233
M169.1458T114.02_21	14.3348883741614	15.0359794704525	14.875085655116	14.5589173266039	14.5081836900038	14.4706670581479	15.4767601530189	15.2453656893505	15.0753287015954	15.3084645961318	14.5100388275934	14.7411299329348	13.9679323772706	15.2701673388004	14.7949666652254	15.2018047597063	14.7948326537239	15.2880998289738	14.5356746308799	14.9419128888958	14.6752044906384	15.0349420234136	14.8253312831091	13.9899925636593	15.0245805819625	15.0476010053644	15.0665185791439	15.2624486549668	15.2157287342148	14.8117888149266	15.3098799373112	15.2908274537178	15.1305980742451	14.8915897694691	15.5056748607995	15.0418926152319	15.3203195963794	14.9891182938613	15.6862771458577	14.8781016543572	14.2333314909941	15.014039078961
M169.1602T113.99_22	14.6112862887539	15.2433255903352	14.8566551672675	15.5064691431285	14.8018255485205	15.1605792295277	14.4184650414993	14.6821026475831	15.0373371119559	14.2692937231681	14.9518463808285	14.5156736158221	14.792876853199	15.1359183521887	14.5713518691934	14.0959454476746	15.4297189661838	15.4106389643261	14.4221400948251	15.4305054675349	14.4151053799884	15.1975334217111	14.5772609009514	14.4617681741418	14.8001759612833	14.5820259220878	13.9374099437619	14.8432351845714	14.5681015252108	14.1127561019591	15.0351681801822	14.5334009073275	13.5848722377014	14.9437810642292	14.3686622550335	16.120314914228	14.7596999201726	13.8948657873817	14.5104649964249	14.8595453992707	14.5964221894248	14.9544446875794
M169.1934T114.04_23	13.7861283979177	15.6590992175914	14.6948607880514	13.8254539979097	13.8322741719656	14.4903554085141	13.7593772465477	14.3020302161149	13.5017753564829	14.2924326295554	14.7392467350816	13.8197202262655	14.2714131051144	14.2377534714021	14.2932408024621	14.7860783962258	13.8906156192816	14.3473343433787	14.4542347013591	15.0696234040957	11.5722982829386	14.2094556869251	12.9066569160981	13.6679610192193	14.1703987299168	14.3379655768769	13.8680876124059	14.6464296022516	15.2308981040227	14.3005146754792	14.7485957220198	14.387002948166	14.8549035562179	14.4611111445042	14.6985102319624	15.3313089105064	13.9570842599487	14.2426734338435	15.1323040010261	14.0663404256466	14.4420660129183	14.9483454872695
M169.2339T114.07_24	14.2534005062523	13.6726784742837	14.915154818373	13.8593756587536	14.1511704034841	13.931731632771	13.9838826537395	13.5027537594718	14.5401476000368	15.2790752626011	14.6604826070699	14.7363888203594	14.6276095244906	14.3897156880394	14.5111214369794	14.2142599367226	14.7156116056195	15.0568407185359	14.9127596521224	13.5021027994624	14.1611430243273	14.3573209846696	14.0509348434436	13.4825170326816	14.3441770357806	14.1314252397174	13.8046844215088	14.5347683525368	14.729516112734	14.0216299369431	14.4691022271062	14.499627942196	13.4036502312774	14.0921820776776	14.4231830623047	13.8723322131305	14.5686361933087	14.242778994775	15.136529173382	13.8798941215606	13.297560450432	14.4005959777003
M169.2496T114.06_25	15.6201797020171	16.156036418548	16.0257485676666	15.618323051002	15.5261450571672	15.6042710679997	15.8756370773211	15.6110038126092	15.7978512148059	16.4382360438795	15.8245847197277	15.7700508642325	15.5124440825692	15.6877472826174	15.6095304022321	15.9586912465663	15.6071319557501	16.0440516614978	15.7389637644018	15.6929292573065	15.6046081887707	15.3332860548061	15.697172126705	15.760482880875	15.6011470497861	15.5200072771449	15.6206325579885	15.451654144189	16.123498184925	15.2075762127076	15.6250900050462	15.5298769809157	15.6259878098424	15.2877513319013	15.5208968764394	16.3016968267744	15.1953624981651	15.4336241116442	16.3952070559053	15.8628947954869	15.9586993822222	15.7799589011821
M169.2936T114.07_26	14.0359355255955	14.092861525759	14.7144946594371	14.2492689888974	14.4300943184796	13.135367886202	12.2816760159482	14.6209819459035	14.6608831886395	15.0922638868048	14.7129857196809	13.3230189042039	13.3518284643192	14.4852957394603	14.3956899316995	13.7050984507488	14.4141110099712	13.6086152791326	14.4409929119237	13.5363059515923	14.2526089411122	14.5003000455208	14.1631407526813	14.5282796176969	13.4429738330449	14.5478851774236	14.23867244441	14.4302522157399	15.0883313729131	13.9329210650068	14.4978903010303	14.5775517865002	13.5348083243572	14.2709456711641	14.3954838820652	14.6163429148349	14.0149392427462	13.8357913074358	14.8704529375662	14.460796605705	14.2485519063438	14.7022722631177
M169.3233T114.03_28	13.9455012760493	14.0142766604805	14.3556218576868	14.46963092751	14.49940084394	13.5844953327197	14.364940294142	14.0378274319543	14.4694113812285	16.4632722879992	13.2743159422045	15.2126338830554	14.1259989465797	13.7458300931622	14.100350590419	14.5530431328771	14.1860774037406	14.5686894307842	14.5520695481343	14.1348946004466	13.6887684678434	14.2045919022347	14.0627179925714	14.1811313802927	13.5392475103247	14.1147619153695	14.1768617785511	14.3440707052123	14.1145360896821	12.705346310074	14.3943138641345	14.0644167983053	14.0612753471408	14.6662909587354	14.4270548087099	13.3999539770102	14.2212566662212	14.3108212147753	15.0318755166081	13.337692188737	14.3325707823642	13.841930066281
M169.3634T114.04_29	14.0785471537129	14.9358043807837	14.9821707561008	14.8102999382281	14.4438369070265	13.7028227450763	14.3619773480713	13.806552219812	14.2774778091232	15.6560254300675	14.7161944756568	14.5176217896547	14.421338807454	13.869482368555	14.5753792137011	14.7290232624889	14.3470894341565	13.8837244810216	14.960416671961	14.0757388323401	14.5128044516085	14.4141442787917	14.2818896245114	14.2736487848526	14.2672577871058	14.0679599544784	14.1661111261671	14.6269793501416	14.1769581123364	14.287943235045	14.5706935749808	14.6918729441803	14.4182251110377	13.8871907276346	14.8727628221205	15.0618726520704	14.7766833284822	14.2261955058106	15.2861558674443	14.3467689930231	14.8786351483347	14.819419873161
M169.4854T114.09_30	14.1588664765558	14.7077925145035	13.9925938716339	14.1869988956812	14.0978146237217	13.5935028245261	14.74639577007	13.9515531198687	13.8055606567928	14.5605254016434	14.2667248112929	14.0678668871307	14.5035878863179	14.0866176569499	14.4223453040825	14.1198202098875	13.6811623091932	14.5688977084035	14.5739423863084	13.4443307023494	14.1684054328846	14.0402996000995	14.5954654923743	13.5382164415694	14.2142297905687	14.6712227819644	14.0653457239306	14.4886607745188	14.7310473029868	14.0279092568169	14.6251066011381	14.5359004318255	13.6259478051226	14.2128991930455	14.6911354553767	14.9008372432444	13.818807399675	13.1864410725042	15.2120513828213	13.4147849854802	14.3530273519836	13.5514251716231
M169.5046T114.05_1	13.0179135350129	14.8764687349971	13.6583484943135	14.6209055047086	13.988983295456	13.8770057191212	14.7189763185084	14.2882303795072	13.226713351766	14.7552395337069	14.7068982592041	13.7261486805349	14.1464174852279	14.4918149196841	14.1810993299301	14.8649084462895	13.8773150587297	14.881354281209	14.6212753574013	14.583942365365	14.1114071458402	14.2204314749638	14.4921710829216	14.3147284367924	12.977442389973	14.063573611388	14.2067602699623	13.6156249826418	14.7300854247706	13.8811083352781	14.5399970312135	13.0349306722161	13.9464731027813	14.4835672372571	14.3886564925907	14.8702937611758	13.8647758466958	14.3197181909812	14.8439774659129	12.8899286903573	14.1845919202067	14.4607865494672
M169.5189T114.04_2	13.5544494860393	14.7731655346626	14.5175816829406	14.408856955484	14.3737927778566	14.0317409838859	14.6658311744451	13.4383428066033	14.1357389185992	14.717613655083	13.1521625734522	14.3160054885021	13.5368283021764	14.3725214806624	14.4647091440805	14.6321497410654	14.1478058670854	14.8372718543397	14.2277396777268	13.6711290907319	13.6863351575848	14.1299583201535	14.0677542414199	13.9083433214404	14.0425999803857	14.4389301095453	13.4007242888639	14.5874042119769	14.5653689214678	13.4638298360616	14.7766488359246	13.7067918544372	14.4409909762938	14.1140612751312	14.4464785829226	14.9669181672645	14.2695840438123	14.0301246386438	15.1615743390833	14.7196155473308	14.3063277979343	14.2973235783217
M169.5986T114.04_3	14.2687837978482	14.7381543316847	14.8052317055674	14.4552678478958	14.3689419562434	14.1335271149189	13.6150534324138	14.4655528932845	14.682350298265	15.1969226935277	14.3313708648418	14.1538843217749	14.3762432859893	14.2174260212953	14.2674450606437	14.0788799383225	14.1751029629203	13.5185787384039	14.7388156851121	14.5022242332555	13.270784187713	13.4539432745205	13.790450280464	14.3015586339061	14.3663924475696	14.3097508611863	13.4482568092418	14.3974946002433	14.5914420361964	14.0067054653302	14.7390870802084	14.8431215077362	13.6301960341265	14.3338253763223	14.1146280372989	14.7315029994103	14.1990538460438	13.2309978225327	15.0287416949978	14.040792477081	14.3760925123402	13.3894203325061
M169.6131T114.07_4	13.799505009403	14.1408972340479	14.3063810784148	14.4007097246651	13.4123984769571	13.7964060131337	13.9291722937452	14.135930265039	14.4353833606696	15.0095723465674	14.0799956055378	14.5614540051787	13.8957285957307	14.1143802169754	14.1842134443876	14.4158564144571	14.3579636873945	14.9281537338415	14.0943169203173	13.8951292998947	12.8288473280656	12.9589833168718	13.7209760468769	13.8507859098189	13.8530492672563	14.1500640002079	14.0262553102951	14.0985429299261	14.7860131875932	13.367832617773	13.7990340675842	13.3309946938427	13.0564902775806	14.4545054424865	14.45335511441	14.5888015289296	14.4775253002577	13.4001578203289	14.8913283006866	13.6153749273855	14.3820045770715	14.0682330323485
M169.6725T114.11_6	14.0942164924722	14.7035038087009	14.7843909930342	14.5746350902454	14.5753571526117	13.7458525991038	14.2567860731604	14.0384737847019	14.28181814222	15.9988920955005	14.2327702911756	14.9485835802639	14.0091855901364	13.8744746981309	13.8870417978569	14.0972211969973	13.1457936239309	14.5258528186644	15.2564795907993	14.4316293717496	13.5323957730002	14.7912319443402	13.8650584216226	13.800207814477	13.7535752436732	12.8534298394855	13.9514120438965	13.6887093365279	14.4951814482525	13.3021377408377	13.63815087635	13.251821936898	13.9097164665185	13.8465175829042	13.4887623546324	14.0491104133637	14.659726626148	13.6560981146465	14.9042724931381	13.0469038431705	14.2949644250381	13.7106715972515
M169.6894T114.07_7	14.4212380018636	13.6523638742077	14.8180413654425	14.3171876339651	13.1930034971212	13.4687116389948	14.7528581964321	14.0585772830395	15.1054131768141	14.7734643637419	14.0744209804524	14.3408699741748	13.3437955670288	14.8181638924503	13.818696369534	13.6253354112416	13.3367706014329	14.5028079289976	14.6599695150991	13.8661665404722	13.9113035443249	13.315633441595	14.1022440357005	13.8620060957125	14.5556460510866	14.4034553842869	14.0947172530262	14.9102390367616	13.2785655738814	13.6714571725385	14.4071178380796	13.8732090066198	14.0501523452175	14.2499954975797	14.7276147560442	14.3103164441715	14.1672194967235	13.7190243677273	15.2485801286547	14.8331524170116	14.0765611635769	14.2146914381808
M169.7096T114.07_8	14.3558499143558	14.2502064776868	14.8557609626441	14.344501731387	14.1204753049024	13.5836069265235	13.7491026325001	14.3644103467088	14.4435339679797	14.8181556896769	14.4632915234672	13.8749707417232	14.4739514085789	13.9866047417353	14.44616568066	13.8124346706871	14.3040374047649	14.3884586551901	14.5846038691372	14.5123598646198	14.0779109215316	14.3895372560729	14.1682794043462	14.0586217043815	14.3426960345672	14.2447380598794	14.0231797179475	14.0680843852096	14.6902122672436	13.9815189894229	14.4067719688996	14.4413871532765	14.3434059772581	14.4646144155833	14.458553161098	14.349131681082	13.9375235402052	14.0186445677572	14.9034297407523	14.1562413796297	14.4024407368724	14.5849131721471
M169.7681T114.07_10	13.1974875571613	14.6356873867113	14.3678202647804	14.3634120040311	13.9521264027831	13.1129747970917	14.0924804686355	14.0395861995628	14.4762009912782	14.9938981125475	13.64136995121	14.5143329433254	14.035664472244	14.5760304650212	13.9263615580597	13.9540335181656	14.5634506669292	14.7819711330042	14.803832762008	14.1318295757519	13.250092138247	13.6906119351193	14.165065607398	14.3087574490724	13.8791634798876	14.2994258847987	12.8434676432578	14.2921307747035	13.413232930571	13.3827458478853	14.2661931596056	14.1474385006296	13.7076381097157	14.4197461116551	14.4648959782409	14.7290284665497	13.8532567348092	13.7663225959217	13.9567055696631	14.1929534736049	14.647734142299	14.5294503862456
M169.7975T114.05_12	13.3457020969848	14.7411522834899	14.1354784430795	13.7632221175328	14.1616074135013	13.1618192778418	14.5554481991255	13.2591404951602	14.6172284162698	15.0905157745629	14.0160760041386	14.5295559997251	14.288454979833	14.6367325145863	13.8852613432974	14.4736636768243	14.4674934350152	13.6759737943581	14.410199185633	13.8443214235078	13.8431785667008	13.521686973497	14.5024701006814	13.5093314388576	14.275866394803	14.4378503681373	14.2277949909458	14.1045828668378	14.7350043399088	13.4514291536556	13.8788716304847	13.5644433529052	14.1635550951695	14.4133299123261	14.3925657296962	14.4048372008029	14.3951238962801	13.9637806871444	14.9366371403686	14.3894715814754	14.3626826665412	14.4364604376909
M169.9864T47.92_1	18.8475903320583	19.4181029936221	19.4411571582011	19.5071960388448	18.9749720638437	18.9143991265493	19.5906152917974	18.7185726919707	19.0958985285483	18.9358083454161	19.1683366565372	19.1494922624651	18.7620142341029	18.7894243393502	18.6293709388408	18.6587041645511	18.2769274136385	18.4822060430093	18.6367711801189	19.2241812469868	18.9143605725617	18.2683017448861	19.2092567500156	18.8859284489708	19.138800026002	18.8446115858646	18.8169421882994	18.8650664246961	19.1645244283522	19.2383098882996	19.2142355886361	19.1457602750001	18.8565144780103	19.1093664512167	19.0303229139094	18.6350341304591	18.7148973173192	19.0155018006466	18.9634660763392	18.8666746618469	18.5516587752641	19.0738474726505
M169.9977T114.07_13	14.4182700810406	14.0682378531529	14.5332552636291	14.5125133884664	14.0048508635274	14.1783141685316	14.5600116038992	13.5066348662883	14.7112039291368	15.3407797907596	12.7936385560023	14.6103438849373	14.6768040059973	14.4952864344662	14.4702907602148	14.1721358157111	14.5172542595572	15.0948890770799	14.6193825240151	14.8820927557289	14.3281497393122	14.4630940012624	13.7138618945443	14.5787075476466	13.6035474748204	14.5967792378426	14.4331397207809	14.7852812311582	14.6249256510872	14.2782314462886	14.7076889663395	14.2898723480056	14.3616990075658	14.5206610954691	14.8416889584833	14.5584289182931	14.2325857411873	13.8894534402291	14.972660341188	14.4092645273558	14.3604600822308	14.5944315727323
M170.0456T139.87	11.8804837578212	13.510649058953	12.1044709663075	11.602641057054	11.0284584117046	10.1252626212864	7.12234503023281	13.2016707005362	13.8693692423576	13.4294041412461	12.3697062241049	8.85044826728243	12.2102530858625	12.1983183365629	11.8097854228625	12.7665059692628	11.447514291528	0	10.9722141841529	10.7589071204389	10.4095777318203	11.9111179775848	11.1220442529094	11.4358194018714	11.5568681852761	10.7673792289374	11.6983295114037	10.8401206586721	12.026178559843	10.8054455911663	11.3418902599393	12.1303057788789	11.0239235863461	13.2044886999171	11.4974245883086	10.2223444594104	11.2197393515462	11.9909478617238	11.4073953207482	11.0614532126826	9.9950088116918	8.60325152377522
M170.0642T148.91	13.0828266607725	16.8113711936839	14.2019755294697	16.619212938525	13.7581770588438	15.3278491369411	15.3524084081224	13.065158483874	15.2718511092437	11.8363552817013	15.2460851849536	15.146224886196	16.7919031394257	12.4852827650901	11.6714324632342	13.2888368215792	12.6599912457948	14.1293499976713	11.5120090235934	13.4789040685802	14.2735428928065	15.0028577900606	11.9978198516534	11.0233024459735	15.7062311637343	15.7495676499131	14.8993030533072	14.518886316911	14.4265668675818	13.2659283409407	14.2203158793764	14.9935937376629	16.4843603141852	15.6304848100905	18.131016831542	14.035220086843	14.1062986934506	17.8859464783914	14.9416197813853	15.7763294405798	14.8772243453171	15.069256973231
M170.0795T54.06	13.3977587433829	13.5566957299132	13.8276348569857	13.4319610984999	12.987093152284	13.6779786162206	13.9380751971362	13.5319677963723	14.3257827303237	0	12.6649842641712	13.3404860531819	13.2056533206754	13.2514426736083	12.4568776142537	14.0888375413625	13.3466642998747	12.9523365289713	13.2386655522515	13.3959463081463	13.539213123488	13.3213880707022	13.5086365251367	12.7061657521525	13.4581267237725	13.3445948716192	12.7848581408347	13.3153443639825	13.6618557889027	12.4104358369026	13.6886713917029	14.1973040875528	13.4824192029748	12.9348091552409	13.9057707145421	13.2240155530538	13.121897776487	13.4739448954312	12.5168945346007	12.7139913681261	13.0736370014369	12.5094352593301
M170.0817T113.68_15	14.3425543245728	15.3681034832016	14.6558642238006	15.2293378758888	13.9962907375105	13.0219024647486	14.7126452290074	14.9594400504109	14.6349498586667	16.14625345439	14.2765483140245	15.5190793154213	14.1812970164698	14.0949750257693	14.6212144224957	14.7852897816364	14.3144205622383	15.2825068761152	14.1765973790905	14.3464801254168	14.2969144608258	15.2324707154751	14.0228279713993	15.0128369495149	14.2920349022071	14.5034593074682	14.6071187165468	14.3203596439419	15.2687401318401	14.5490872110213	15.1434753963689	14.1486888852826	14.9867899635018	15.5514422754042	14.6667860999964	15.0441575298316	14.9951546996691	14.4554637119628	15.2169215572961	14.0544609188089	13.832327763396	15.3772494672051
M170.082T153.65	13.4994533337093	13.6672672043472	13.5328076785457	13.0972492378339	13.2792259386238	13.4048257582617	13.0703777959444	13.9427316888292	14.2957083126162	14.0439274522297	13.0632413134366	12.9138371391831	13.3570430905458	13.6029426909328	13.3422891066904	13.9623378193391	13.4292213454861	12.4502036527242	13.0229760960343	13.1070767686177	13.3268816208912	13.441530994454	13.4476749162325	13.0758921338479	13.6184838183323	13.408100963951	13.3922611889568	13.8753617413218	13.4785922490053	12.7695877089572	13.9108618809959	13.9902040102321	13.156886573322	13.2099314922093	13.4942774586794	13.0859023712154	13.3207987349039	13.6971086661585	13.3220279416401	13.8910994549664	13.1320491636651	13.3470372447517
M170.093T43.94	16.5882678450456	16.4906110247818	16.132190753551	16.389418389964	16.7271583757941	16.6182735516019	16.4799412355251	16.5172063910792	16.5021066761385	16.6734696461049	15.9976438401663	16.328477940684	16.529187454745	16.6561360228086	16.2995910571097	16.4317027962564	16.3297643865366	15.5744247775375	16.5391484862549	16.5895160522465	16.5753777392176	16.4396717834785	16.4598092401491	16.8905269910102	16.4460940513499	16.5667211381203	16.1007405511774	16.5622543002078	16.4202601322763	16.3114958891066	16.3464951895962	16.237509237819	16.5044476345189	16.6613102427222	16.4600370470233	15.7505943080865	16.2409104384866	16.3191121633177	15.9455167714676	16.5371224366836	16.1211811609877	15.9676551128559
M170.1004T115.27	14.6690349571341	16.1197655685644	15.1583654155475	14.9282126838686	13.453614547488	13.4264186196547	14.3867278918231	15.273817002884	15.8098494743911	15.4816061680254	15.0597315808577	14.7556382195285	15.4764471144308	15.3831872063547	15.0154306313694	14.8009486857732	13.8447828093215	15.3557086244489	13.9482474073772	14.8536738080013	14.8703525275122	15.5170175167459	14.6516390327627	14.8339989343607	14.9077202177623	15.1585654401638	15.0249329718021	14.8261899578706	15.9068075065941	13.4939046682988	15.0884487690809	15.2151057938084	14.9969057191004	14.3656036020997	14.7646638062361	15.7672410908155	14.2827548829313	14.8520146004271	15.6713181858902	14.940649783892	14.3171663174892	14.9673842738328
M170.1181T114.07_16	14.2141087951699	14.657784187988	14.2400607796743	14.5493212946299	13.8870920241605	14.1427228178512	13.6097861054331	14.2711258999391	14.7278930739002	14.9759029242549	14.147895083662	13.457230618002	14.0159259339483	14.7158162703897	14.0651372288552	14.7710868311382	13.908084614523	14.5164777004898	14.4660170547302	13.3925845789619	12.3919773320172	14.1589815845164	14.7055532120203	13.4929150065035	13.9419178471589	14.6446913256251	13.8891980913833	14.4033605995962	13.9565303792759	13.6615886624647	14.4343558847088	13.0827318448183	14.1115931404912	13.9306891197556	14.8614826724913	14.6402567553607	13.5257695057721	14.346134722639	15.0599774259923	14.6650331919741	14.1752715217387	13.5942919347024
M170.1435T114.07_17	14.3364787953745	14.6934629803779	14.280014311278	14.0407579898404	13.8487767748995	12.8058422785803	14.2152995310597	13.0694124641433	14.7431225844235	13.4475388250793	13.5918524108358	14.2285526591193	14.6077836043363	14.3217369064902	14.3648978585164	13.9567171102064	14.2031915432494	14.493858113865	14.3288165251747	14.0283135976112	14.2983755925084	13.9434191114783	14.0921900114427	13.7843427687078	14.344675372442	14.5029793284309	13.0471385695687	14.5632021312948	14.6906060784373	14.2015030291336	13.7864351284001	14.6265639724955	14.3501688937921	14.1251358693081	13.8882899198869	12.8814269294877	13.4095033161167	14.1284526234981	15.2275405393921	14.0578387412439	14.1351022303538	14.1861187377238
M170.1546T761.48	16.6802750586192	16.4217584706207	15.1232222005537	16.2661907842074	16.1292601652155	16.578546178833	15.4356981207075	16.4766874305357	16.2563133818645	15.9673437924773	12.921669720998	16.0967742283637	15.4817074456955	15.6314350503642	14.8263041923221	15.4673736952318	15.3396565074732	15.542796540627	16.1257643561842	17.0470054296119	17.3790010882019	17.1712580446046	17.1816130305951	13.6411358995549	15.5867145692397	17.004378112296	16.5895143103183	16.8936070880576	17.0164036490215	15.1860702059899	15.8706881829522	13.850977968462	15.8031267572036	16.7741070384225	15.9429648249306	16.4906555057279	14.6655337521602	16.9043602958648	16.0151060057029	16.3316161312065	16.5422391358113	16.2623647164571
M170.2405T114.07_18	13.7439579782397	14.82494105491	14.4085280474715	13.719811370887	13.6851509860236	13.8546306089659	14.3036064665131	13.1651700048278	14.3557066753362	15.2729020364319	13.5168021445321	14.4354697653847	13.7919929895375	13.615736634362	14.0451150490071	14.3169303301946	14.3818757290381	14.1774748746417	14.7936091620729	14.3495176947418	13.2499037447541	14.3037340631867	13.6922298730254	14.0487035362043	13.9270174514449	14.2085790215975	13.71394922209	13.4642026129343	14.3703561832577	13.664019897563	14.3689258917858	14.3884831131586	14.0705206850081	14.4232707731653	14.0427260323116	14.6438434743614	14.4137021003618	13.8696776318102	14.7818864461635	13.2629309848604	14.5088234358005	14.3516642885127
M170.2689T114.12_19	13.9753907840891	14.4820422773227	13.8653291121105	13.6756506338721	14.240065379382	13.5278552370293	14.2839944487412	13.7708455195509	14.3721144484548	14.835986985693	13.8229448420836	14.3931295859978	13.9891425714065	13.6825453851278	14.0212711071018	14.9764327071458	13.9824282759217	14.5643080155453	14.5791278762001	14.0445793896317	13.1790337802858	14.2810695987443	13.923361489724	14.0671195718754	13.4502507593682	14.0243138187514	13.8904374228028	14.2066734783429	14.41656425811	13.1749317695672	14.3471452021489	14.1852383854554	13.4316008631755	14.4105835673855	14.3345136047734	13.9042991125854	14.3778067932282	14.0732640612446	14.279088703723	14.2524640726497	14.0422024358483	14.1878514403658
M170.4548T114.04_20	13.9010225635677	14.8668647135134	14.151508592273	13.4395606674696	14.173910134379	13.9218351066965	14.3821365112728	12.5595167542292	13.6905450584397	14.9582208163309	13.4519041783238	14.2786930638364	13.6276248387357	14.0542009096633	13.9799470781908	14.5112787521967	13.2526517567244	14.4337162338876	14.5584530075835	14.0838232529209	12.8068290908825	14.4967010519272	14.3441483707646	13.5213043759172	13.6209937573418	14.2267571354321	13.8729334370134	14.2247126108526	14.3795223663161	12.6559748361893	14.3177619447486	14.2233354341826	13.661829756931	14.3647086105478	13.4014316205436	14.703910087043	14.4450577384055	13.830767518608	14.8431843621262	14.2576293689465	14.4560054763662	14.5726797277203
M170.4886T114.05_22	13.4335236501698	14.5393778280991	14.303881769688	14.1696163763972	13.076764346531	13.8249831004194	13.5046434217458	13.0708557266061	14.7821890518077	13.8654139017787	13.8637673399944	14.3421497793809	14.0382302572333	14.308697314572	13.0945363780269	14.440584970292	12.2161969283583	14.3529200858851	14.4903424087404	14.1085693877653	13.6936929278224	13.271301922798	14.4580691575452	14.0554013411448	14.2302191489166	14.4246067119107	13.8797890354073	14.4683139120213	12.856777754582	13.9472025143761	14.6315228503586	13.4620114149365	14.0278725434968	14.1243415993664	14.7007500702777	14.5721786103818	12.5563440915336	13.9844862861051	15.0829072468825	14.5046040732181	14.2030251224431	14.5589746717496
M170.5341T114.06_1	12.6209161366398	14.6612919052578	14.501925914982	14.1888235459768	13.2394816943316	13.9209881855198	14.5442246393832	14.3179804642199	14.4127011829914	14.945521651094	14.3302191571545	14.5119837516379	14.3143829014253	14.5270867373748	12.9001236777264	13.239259779861	13.6154515926143	14.7881718401398	14.726342026933	13.2793663729707	14.4191956132302	14.391455172421	13.9982883722359	13.5927627425949	14.4892316884671	14.1277166914794	13.9836033010255	14.5477899072761	14.5504065917128	13.6811257909062	14.2180049656981	14.297865657786	14.1724338757888	13.4229223448494	14.6675493990246	13.1135274326167	14.2814777700753	14.2939198581403	15.0174300246906	14.2189807897242	14.4728866124273	14.4742532274759
M170.6288T114.07_2	14.5601662674603	13.8611579306399	13.9011199032597	14.260950291547	12.9530421714221	13.9018155940486	13.959453328075	14.1061064176084	14.7974772773178	14.2539385294678	13.4957674798663	13.6579138196661	14.3184874473108	14.1676441869215	14.1405647044361	14.176729225143	13.567339790901	14.9030923861684	14.6493271549698	14.1505492827465	12.7354553403486	14.3513548703446	12.6045836528696	14.0232932324117	14.2489825412017	14.2188608873562	14.0155565021025	14.4081139388324	14.4565688933368	13.6720498312681	14.0009530281476	14.3350472188489	14.2716198187574	14.077248411306	14.4273678876955	14.6421993629505	13.9881439829599	14.3595490289716	14.8764383919946	13.6736611747658	13.7197775523371	14.2817966961829
M170.8837T114.04_6	13.9989364591162	14.5497977816853	14.0089054183139	12.9965841862625	14.268836588232	13.7271065780471	14.1097790555658	13.6286706977866	13.3445955455874	14.951759454669	13.0492226950049	14.3533417042431	14.0730859265538	14.454263441125	13.1098665914787	14.2664447550818	14.2187505817107	14.5610261890807	14.509206571939	13.0472482388552	13.0212324149251	14.1974804021815	13.5094994714228	13.8447459840786	14.0180965100319	14.0236122798685	13.8525441607522	14.3247063324696	12.6118676490672	12.3433298204951	14.3219122252651	13.8801520754352	13.4526767163811	13.8408214478496	14.2481453129241	14.4233257857482	14.3166899630664	14.1930476892727	15.0087371397603	14.3440046843499	14.1077149414183	14.2954843085176
M170.8978T114.1_7	14.2196321273654	14.7393108581962	13.9551758793766	14.4850990153029	14.1641977677455	14.2035381995019	13.9704904992697	14.1201115586424	14.2077607440559	14.8127956724559	14.4591039847462	14.0898296803386	14.2888051132348	13.456694871112	13.405791268929	13.9734238646518	13.4427530071443	14.7953649655496	13.0860002433003	13.780923041111	13.9527974934715	14.0701134098957	13.772667255886	14.4375360737928	13.8938211520733	14.135588729899	14.176836847999	14.2211914857021	13.8174856281501	13.8624168501829	14.6122767819222	14.4124957597504	14.3520877343379	14.2462417887622	13.1464792117671	14.1781919335507	12.9906726933703	13.0006278257938	14.7742767249356	13.7567607999722	13.8528875509317	13.4335548864406
M171.0189T114_11	14.4585659829273	14.6561686297386	14.755956393353	14.0022851502113	12.9297176071061	13.8591875171427	13.9807565038706	13.8565869128842	13.7352793327942	14.7549238596679	14.3750507415619	13.4328450426409	13.9931152974873	14.2918091630077	13.8298222162031	14.1834414421628	13.8298681938666	14.6708475028836	14.0227607758092	13.7890553618384	14.0703870630743	12.9625516024435	13.9141162001392	13.9091282767183	13.6532578864171	13.975217693154	13.6810715208639	14.3289611161725	14.1776169327436	13.4262822796592	14.4807491438407	13.5630977753999	14.2110791891662	13.9569819377238	14.5026486178597	13.6971729873087	14.0024792039727	13.8443481906055	14.9062986569947	13.816923026449	14.3109993646056	14.1207850126927
M171.0493T114.1_13	13.8493348391054	14.5007977275926	14.3045611002371	14.4846230917543	14.3396322450844	13.6627230181525	14.1015517549124	13.9499994334032	14.2606765530161	14.9353282149809	14.1449042679714	14.3523710380026	13.4559809320615	14.0712078840423	13.9096336073498	14.1168897461769	13.9276586319643	14.4146717089275	14.0234937675932	14.2818206480529	13.9016719738872	13.4826991497172	13.5025432005849	14.2655333980189	13.6753013930981	13.3226156629689	13.6857033427722	14.391365844873	14.6445315987265	13.8257836106079	14.1992633707388	14.2656237062503	13.7243702882047	13.8205845580152	13.1055259320711	14.6757872257928	13.2054465604248	13.7544489974292	14.6458324381086	13.6448092504198	14.3183119083848	13.6367791743252
M171.0634T114.07_14	14.5820258707788	15.0764594676059	14.4909532187386	15.3444203531754	15.1375189809582	14.9479402559581	15.5419347707768	14.7244250726272	14.73688706808	15.4501911100022	15.2953207391433	14.8796160101819	14.1987772553476	15.5013218010695	14.6038970433189	14.7366733495528	15.2767150694424	15.294389001904	15.2013928783716	15.4233211405795	14.6817651169478	15.6410833836943	14.2833585705783	14.9846826071236	15.141470438434	14.8132455417067	15.4196937121375	14.8350422726933	16.0456019209741	13.8159238432906	14.2167692365235	14.0298717154652	15.0038428916947	15.039885578193	15.2710381344253	15.3227030430913	16.0104694703589	14.7816225096497	15.1933656681585	14.522230129034	15.0872117855044	15.7917316303509
M171.0771T65.58	15.4306294718748	15.0062161842629	15.5159659826609	15.6115809110079	14.5233942224957	14.8111530506468	15.118341024053	15.0637936634748	15.4354032480719	15.3311356844677	15.4866725743497	15.2506184950588	14.8214316701263	15.2405206143023	15.5027571318748	15.2852575994189	14.9990414142954	15.406910870308	15.3589051613877	15.4902975203607	15.2118210101027	15.566716629219	15.4882914316902	15.4791202350171	15.6183186942591	15.5600585288926	15.3448895360525	15.4118779117799	15.4704979930032	15.2121223086254	15.8794407143796	15.3945468602083	15.5093238671602	14.2973351964423	15.5706645548285	15.2629364847053	15.6027324485084	15.7546522348013	15.6941669649699	15.0955629165864	14.6815146333198	15.8633744239485
M171.0773T184.66	13.8415562753951	14.3706070378665	13.4081580124372	12.1667989308251	14.5702603812279	13.0739128412452	11.9800713930828	11.5603653750249	11.6782564328343	13.2510050970127	14.1190087074947	13.1178462621869	13.2896974998444	13.4918584028409	13.1681815278648	13.6282520712679	14.1089199725212	12.5494125056033	13.3802377381023	13.0190063757774	13.7203045207422	14.4233388056653	14.1342394933663	13.2927302380638	13.5844323697096	14.3875871927841	13.3337910839824	13.9143319291603	14.6728572066358	13.8198313999959	14.2757778367574	14.6209611588186	14.4358336549987	14.948675763151	14.1602630850866	12.7826327718484	15.2011724981477	13.6809515418094	13.1146991789098	13.6443243345851	13.1045771486591	12.9678630790324
M171.0877T114.06_15	13.9696750113118	14.6136113090589	14.4183466030179	13.8748357399201	13.7208272928575	13.8795900004196	13.7474642088396	14.0927172413928	13.9444330743326	14.0530621720887	13.8592764308221	13.4960189562366	13.8107756022798	14.4113722314327	14.3327898700067	14.6003283876944	13.8819927589355	14.6619885877432	13.9387125505029	14.0758152433189	13.8898264714352	14.026210292532	14.517834961493	13.7296530926138	13.9350664439598	14.2375413619602	14.2305533970535	13.7236427845697	13.7618667964007	13.3236965219977	14.4210974239741	14.063971483833	14.3918207478667	14.3435966853229	14.7498502233332	13.9455699850418	13.3639795566727	13.1893755972479	13.9643481358847	14.3636111165835	14.2747478518189	14.2961504438521
M171.1024T392.62	15.1812180358797	16.2440955189087	15.6657808210881	15.8870075197444	15.6482721482214	15.6172709251958	15.9366704256828	15.3461260227536	15.5312267114697	15.94341469488	15.7887619392072	15.9391350084051	15.2687943738566	15.2226044232926	15.322569265627	15.9773429448057	15.9939067940688	15.3817843014571	15.3133995481755	15.3165072914115	15.3813480287689	16.5762630925201	16.0047267511955	15.4370114996399	15.4213107735256	15.9650765858328	15.4103482165244	15.3019839107492	15.9658963204339	15.0773630428923	15.6936921804815	15.6513928606405	15.3842577297352	15.6754056855916	15.6279850647088	15.8864843357433	16.0737911476224	16.3483018527227	15.7304196664684	16.0210800396789	16.1113468749115	15.8406373531827
M171.1136T223.18	13.1551498370867	15.2561355317995	14.4657263516346	13.6720020056561	12.5564996330863	11.5094241105806	12.3113183788301	14.3931318374194	14.9244551914864	14.6534877003327	13.6879835914511	13.108297163823	14.2141067446318	14.0408576995677	13.4912775245164	13.7918891819101	13.9873244619143	12.6595869366115	13.1503132052458	13.1908555105801	13.7843193575568	14.6558627391259	13.7233368700995	13.7504107275153	13.5357621536732	13.7304477280614	13.9949173926686	13.3514114453306	14.5424606704902	13.3705684771395	13.5251955928789	13.8472207552618	13.77681302587	13.6762102390638	14.0859446391164	13.7998730123953	12.5574534435358	13.7727398764669	13.0692164104052	13.3557516303532	13.1589637688722	12.4135560675644
M171.1181T114.02_17	14.1368795092739	14.5866058580085	14.1522312201079	14.52906241495	14.0132810346612	13.7416248395489	13.8252832074775	14.1386925377733	14.04065885823	13.8528416085246	14.1126159053953	14.4526565594504	13.9808782497566	13.0911153335509	14.0761862325015	14.1082434664744	13.5222849831228	14.5977081060434	13.5251890076915	13.8023666293396	12.7226718482193	14.0492689938729	12.83658885724	14.0278087436152	14.174838546357	13.5537389879411	13.6899991791027	13.7621959503118	13.4648515494337	13.6122069690387	14.089699031645	13.1768608773044	13.5331138634856	14.2420622247673	14.0178965770923	14.5910399201207	13.4923485315098	13.7973376056139	14.7303875620746	14.2094976449379	13.4749942478576	14.4998840470329
M171.1384T198.71_1	16.2237475735314	16.1763637635901	16.2002424864179	16.2408799154464	16.238421140614	15.9233949123811	16.1606316778054	16.5461323450318	16.0366626360825	14.9216479854642	15.0855209999028	16.2936563454477	16.0746752953308	16.847686495919	16.2195386994921	16.3816490894032	15.3392162737924	15.2728086216509	16.4744982281456	16.7696621487092	16.2563876851433	16.2853760973112	16.8557435758619	16.1168077441292	16.2293424097153	16.2458385955448	15.8235337575742	16.2103284149572	16.1139952932505	16.0526842393779	15.8671207202209	16.0451640276595	16.209374535677	16.1523415534612	16.3854125312585	15.9827791222922	16.2707302099258	16.4592119295035	16.3984650159011	16.1743546154531	16.1039780459811	16.2551622202707
M171.3637T114.05_21	13.85367447776	14.3854580248676	13.4547285705323	14.5840674978329	14.2318468207802	13.0617753259572	13.8296319728467	13.5680604863167	14.0478988909527	13.9372273334272	14.4847465979204	14.3751347731337	13.7150905930638	14.1750609245604	13.7635235728506	14.1527034056367	13.9617978404274	14.5829451022736	14.6586782197816	14.0927652817064	13.8773762654728	14.1902671249385	13.978076279019	13.8317899951384	13.8951069573185	13.9080835482642	13.7063450851415	13.6450941929777	14.3780789933829	13.7700776456581	14.0688628875605	13.7570668479452	13.6904566663842	14.194087141218	14.4736524517411	13.9126579879553	14.3159719660272	12.4909652139359	13.7202047129774	13.1034497344218	13.5919711490964	14.442742003668
M171.3789T114.13_22	13.9995364785076	14.0276943203408	14.1667894224899	14.0738685908207	13.0117695235796	12.3850256391169	14.6601392147069	14.1841106740208	14.5394157351389	14.2325271869571	14.343891333195	13.4480565772432	14.2273500723571	13.3087209590466	13.4240483992317	14.5438693195527	14.1193329661778	13.7740136310991	13.8869912538443	13.4212556978386	14.0232610722528	13.6893469588246	14.4513658070199	14.1520041688444	13.6271448677333	14.437987606123	14.0535145530079	14.5174609158384	14.6323008566234	13.7132698152031	14.4980424377011	13.6425274164408	14.3619278358912	13.9808180784376	14.3636639060899	14.7120955234723	13.8690734123364	13.7934859178773	14.6187159214041	14.0220209583846	14.3232939136594	14.4589046598028
M171.482T114.05_24	13.9942924810936	14.7261881888753	14.6999751165075	14.4476334768968	14.0337474107208	12.7408270230131	14.2112991540527	14.5966883742605	14.6546657746253	13.5154909315635	14.5150630989536	12.6960152353707	14.2517610805107	14.1065662172729	14.3526474221741	13.3073890151195	14.1838525157489	14.3989646144844	14.345131851893	13.6412984048096	14.1920401973964	13.0173787166657	13.4010623588778	14.2722140753028	14.3478776092309	14.0819663712267	14.3391263162181	14.0549114905908	13.6717375463775	14.1594236476953	14.4235908875786	13.7681683698726	14.2132198297786	13.9207456204757	14.5687968215107	15.1770862570173	14.2965336248275	13.9483500235899	14.9574427448758	14.5073507113383	14.145477640386	14.3773372783348
M171.4978T114.06_25	14.2862565658132	14.586685812957	13.4284348852977	14.371502048154	14.0113696767458	13.724023389049	14.1343358409833	13.4569319396668	14.035699067975	14.4774706049076	14.1439323614697	14.2064056079748	14.0019703335327	12.9024054778424	13.2241876499656	14.3755678000748	13.5028496496043	14.6761726423667	14.0161733740629	12.7546168616735	13.8303596148075	14.2243844814802	13.5278260067258	14.0073456196141	14.0877234387561	14.0457198385291	13.2557647218684	14.104551778374	14.5758899249862	13.6075763089049	14.0189072828617	13.8712521622813	13.959419838022	14.0093367861233	14.0730431795896	14.5271549640829	14.2379685736584	13.1903635478369	14.5061234728645	13.7850163105809	13.3659265343217	14.3992739954804
M171.5495T114.05_1	13.9492641180076	14.5335880802221	14.4123932773275	13.0911753749988	13.3497422554265	13.749599315938	14.0236357991363	13.949834724563	14.3325011485411	14.9146400148943	12.6698978008064	13.7215213338918	14.2122254912167	12.333349238086	13.7584543777635	13.5253867000164	13.3291914049381	14.1636274583372	14.3292761517569	14.1649318303616	13.8560161846305	13.0730446266606	14.1760733677025	14.045741797118	14.0105889634745	13.9709456254301	13.8600039913335	13.4957128266171	14.2611131719202	13.3767339780161	14.1510088366909	13.9965670429867	13.665630818669	14.3210759781503	14.1746649302896	14.5642612443419	13.9982482767149	13.966210898255	14.7569894780239	13.2600093833147	14.4633976460862	14.2892369393599
M171.7727T114.02_3	13.7647902086006	14.2579957923045	14.4392627024754	13.4305218033173	14.2148064567274	13.6388082840495	13.2017108249961	13.9207020816927	12.3976218504969	14.8992991557243	14.1517960652946	14.1604528028046	12.6878812239929	14.1204105738027	13.8741646381397	13.7029025097036	14.0298054883474	14.8206549345109	14.4163465660338	14.1832738470148	13.5666071430769	14.1776597542602	13.914858417906	13.0847577700718	14.0500250381924	13.1369097050565	12.03890395432	14.1387689152008	14.5971107844978	13.370030990775	14.1085161690568	14.2065478335542	13.2411367468433	13.6249268410602	14.090204294805	14.6724076946437	13.3836762160976	13.8186809366416	14.5938886614417	13.8054814157785	13.2024136014032	14.5404790823291
M171.944T1194.53	12.3802990873282	12.7488323221797	10.8441403826165	11.5126402159012	12.0913963735864	12.9908223517776	11.4163481110153	13.5003919416538	12.6203767056997	12.6925356373562	12.6445407330577	13.2043824141244	12.9614164653742	10.4746206395571	0	0	11.442870313042	11.534415426181	8.05210312322141	13.1064422646526	14.219249474649	13.5051270862531	13.6024670943524	11.3703848162562	11.2968847706497	14.210846931809	12.8322082573832	13.4817179457223	13.4563906630534	6.34415899860566	11.5852955361622	12.1361168413665	12.4168173344153	12.9751084664389	11.9636586014285	13.0372108785665	11.4849863003734	13.8487562797224	12.789918258451	13.3500208808538	13.4817556640889	12.6584925644604
M171.955T114.07_6	12.9921631591811	12.6942530072863	14.4482595451744	14.0924667199797	12.5689995386562	10.8710912860886	13.8921627403006	14.035223669398	14.1206536484242	15.0347448586456	14.0493705811415	14.1918182892881	12.8342224211578	13.798934678458	13.8574688272216	13.812911590869	12.216326544395	14.4382238624002	14.3735269723213	14.2822528722883	13.351873944508	14.2440903121607	13.8407529916217	14.2109791433326	14.1349366775087	14.1447706743347	12.6257084608817	14.32360679379	14.3420686319838	13.6561288257357	14.3841058441849	14.019033992964	12.5969509203309	14.2350409019239	14.2097766957566	14.5186271813607	12.3828242808947	13.9021676263474	14.8993026527035	13.8842152345842	11.6632427137391	14.1333820338907
M171.9822T47.93	13.7272757049518	14.3279070341452	14.2970455183298	14.4619465072279	13.007762051069	13.7537996619009	14.2948492904383	13.6595914931559	13.8847564058638	14.0899604309861	13.8585542751178	14.388431553697	13.5001932785471	13.4641860646934	12.445851764576	12.7719401891326	12.3254740450036	12.9469075311563	12.994403013548	14.0983847768055	13.1847098553037	12.9785459578596	13.672919432141	13.5594763962291	14.016831249752	13.4781840021086	13.0339989046828	13.0879983011574	13.743134052733	13.9679605674846	13.9705517055366	14.0230372768474	13.3896273132948	14.1220254179155	13.7321243323495	12.845385837426	12.6161619580124	13.7821926471017	13.7834094617687	13.3211936800004	12.8293827409253	13.6898634117579
M172.0092T113.95_8	13.8971708456829	14.3009909722468	14.2020285686275	13.7851080610441	13.4097994946423	13.7240792254063	14.1420088168267	13.9500134438132	13.4235580096172	14.2562795537277	12.9564073081697	13.5766148698384	12.9110482863845	14.1664918925226	13.387445607251	14.423178338897	13.9036077276405	14.4863646572794	13.9944065716094	14.1427039064749	12.2083278692359	13.6367704772545	14.0773783647259	13.911311431727	14.0627194330161	13.2767854141662	14.2417113959731	14.3379218058782	14.2911680951576	12.8452266913401	14.5125954474128	14.1580995755751	13.1094119573554	14.2353859901852	14.0219686752456	14.7044736145065	13.0036936466586	13.62414267759	14.8554233732691	14.2141308559403	13.6464431729154	14.3044412316417
M172.0408T61.69	16.7772769599461	16.9715328945218	16.58908334874	16.780478818922	16.7774285707158	16.6276794831331	16.7013360094357	16.6639209990879	16.9174669856055	16.8407596481492	16.7296471650445	16.5001754265013	16.7878005637398	17.0901401381378	16.7168730910162	16.9951088319748	16.5866661781057	16.3730242086402	16.4157214599523	16.3887376070819	16.1484565460165	16.5548481973077	16.2961663661737	16.8156797090179	16.8524055947619	16.9226324277411	16.6774310675963	16.6709925406791	16.6472943090142	16.1842069604602	16.6913288114115	16.9010354559123	16.7700649077174	16.7892080092219	16.6506461669816	16.7047368601532	16.3072007751772	17.4556272399876	17.2043701416865	17.0037953996543	16.6308355538172	16.5584723638321
M172.072T199.36	16.4098314739997	16.4173272924868	16.3559399761133	16.5218147844164	16.6201195487262	16.1373366419437	16.5324733892466	16.2451232336441	16.3057899675266	16.5882068635649	16.1317548860788	16.4569373663554	16.4760167370623	16.46664026055	16.5093072825767	16.649055780276	16.4660044981498	16.185142375153	16.7429943874376	16.5788233431686	16.2419423708237	16.4979402707065	16.7156625438679	16.654979682665	16.4524443898925	16.467511477669	16.091288784011	16.5123821681985	16.3177912922221	16.4085731055263	16.3168991135238	16.3558551402157	16.5260908706699	16.7394673242491	16.5451705517217	16.2068472786751	16.6722488720313	16.5231004570818	16.6050495722761	16.6161497540572	16.4779903135582	16.4472386347154
M172.0733T114.04_10	13.8111801746513	13.4406495596087	13.6108814750804	14.5347068073817	12.8791032807061	14.0960153865761	13.9185613811645	14.3246567870691	14.1085005243769	14.1306754675203	14.5598046929897	14.4386387285832	14.0110970450786	13.9038662638964	13.8031803975196	13.6413381934416	13.8796617721662	14.6964218286841	14.7156993138319	14.3854998663103	14.3041148941836	14.171063423452	13.6521931428357	13.5042572521646	13.3314037898316	13.8463932970121	14.3080266264164	14.4303501682003	14.8505896772988	13.7565108574378	14.4975708556605	14.3773180922247	13.415645221634	13.5773110439569	12.829939848706	15.0795726704289	14.6444168998106	13.6609093910157	14.865901387069	12.5212970973903	14.3279563522793	14.4987177116215
M172.0972T58.24	14.9527572056318	15.9840396409672	14.9860628299918	15.0917000241715	13.8415187458884	14.7807967966115	13.9831313332264	14.0973315001058	14.0501656057749	14.3146649665665	15.1303114506352	12.1953753502436	14.32694186531	14.1064481131481	15.4040696880962	14.4006764755407	13.5033265820081	13.0014766892127	14.1184232611973	15.0964050460509	13.3263609796379	13.3841102954033	14.2649813249013	15.2733279920582	14.365433202572	14.0319580646084	14.9125506978017	14.9207601508634	14.7729919399943	15.3871265788954	16.9493781991519	14.4296315672853	14.5279076096497	14.1742847468768	15.9268111619604	13.7532862035648	15.4255801349232	15.5519654118321	14.2849753448603	15.1774537618361	12.6758055872292	15.4237779337297
M172.0974T114.75	14.0476871930648	16.1926172070048	15.7710288705942	15.7562412086628	11.5922201809669	13.7791194890666	16.4545423748196	14.2634231824343	14.5760535746401	10.9137095822339	15.6110385538608	16.9305271343823	13.7525054866503	12.1094955414247	13.2769006469627	15.4842517251393	10.9510597224	14.0415980900574	12.6074540774691	13.836671160931	16.6056058661296	16.9616286511053	16.0614962087913	15.3304235254883	15.7265751488237	16.1387539671753	13.8307204693379	14.2265560485901	14.73015776303	14.0089027445716	14.521062412509	16.3612001432976	15.3750522209226	16.1673332800185	15.6986214143412	14.6313038278273	13.2272464625617	16.1688426936802	17.214587035151	14.0364487941826	16.6571843119265	14.5531216095989
M172.0976T207.98	11.7690159820026	12.3834738380092	12.1408096765066	12.3184857707393	11.7273330908688	11.6425431407968	12.4267162624524	11.6328299201597	11.7327480323044	11.3857371236674	11.8491024790845	12.0405068553091	11.4711909711043	10.9604718099235	11.7905164776426	11.9128114053405	12.4557812601084	0	12.0716027165769	11.9186501160905	12.0916331469324	12.4763930409193	12.535801111481	11.6398280673752	10.7761210840597	11.627202186587	11.9542779853564	12.2967811476013	12.1913893178106	11.6589723712181	11.483569395065	12.2206253775788	11.2242454301719	12.1411272775843	12.5475374465163	11.6819277241252	12.2840184137066	12.0468931840348	12.0026539200229	12.0745580297999	12.0169016116872	11.4377434881832
M172.0977T315.91	14.9793153150781	16.7119194286614	16.3601118944238	16.1668272329681	15.4416993700074	15.9935673957267	15.8897418608124	14.610450982186	15.2344404112375	12.9403162501751	16.5822429001778	16.1850386170478	15.9365720372174	13.4387190209014	15.420780651213	15.8092154190019	15.7524893789253	13.3911784488062	15.1393632958344	14.8477656693456	16.786337281913	17.7911844822168	16.1124296608137	15.303860671344	15.2785365285079	16.1127487149845	15.1296208926444	15.6788839581091	16.067146107106	14.9624727569067	15.9710596645771	16.925242802089	16.6675381873625	16.7979913775545	17.3547934182348	14.587515258473	16.9088063406595	16.0483724331573	16.6663952459067	16.4918180338359	16.9584593495739	14.5468377553581
M172.1059T392.55	11.3445932918344	12.0576698932442	11.6744945673437	11.5474704371445	11.2953166873622	11.6408204169731	11.3681015220425	11.2095253419083	11.7181517355884	11.9174299342352	11.8022817330559	11.8976564612525	11.42354505315	11.2154600367596	11.721059736381	11.454259010821	11.6374711117818	11.3906050659397	11.1790651263916	11.1118146609936	11.5214493955358	12.4946271911373	11.2696641875535	11.1617184676733	11.5919552996273	12.2974161339352	11.4520595182311	11.3505343664015	11.6774013209401	11.249827369689	11.799481940998	11.8795899244919	11.3915010453404	11.3714211785529	11.9024723279429	11.870401875811	11.9434423304376	12.3623802830469	12.1988107120645	11.9465275159848	11.7458021755498	11.7392141788364
M172.1415T114.06_11	14.2565924287517	14.7025538662504	14.4492597880564	14.1274742468892	13.7679663649999	13.8826282245135	15.0174948462255	14.1253567020948	14.6348692116126	14.6158869642318	14.9696041311011	13.8600290049874	14.1480539260953	14.6127865399512	14.6650843055955	14.9280534363716	13.5111731878579	15.0031388732687	13.8673448679256	14.1963487990653	14.2956118916791	14.6906236654461	15.0217305080421	13.4552231175924	14.371725579938	14.2975106246293	13.9555634847922	14.4671570877276	14.5813416194199	13.5012035002566	14.8127702703834	13.7488911216551	14.1066921079211	14.2550308662262	14.4943182763013	14.8556462848369	13.9387290167206	13.9375656468862	15.3596531454161	14.7709490672499	14.2698054769859	13.8285901280452
M172.2161T114.07_14	13.9905772688913	14.2562299012863	14.2092875438997	14.2988326837171	13.0413486187754	13.5484246067449	13.5276090943666	12.3290756575646	14.0171009158486	15.2756089439785	14.1826350157193	14.4469002463261	14.0012581809388	13.8184848924781	13.9179811091493	13.9704497076987	14.3328232322445	14.375575818554	13.6547779894987	14.1096778920187	13.7587142159952	14.1098213748606	13.8955317391376	13.0829090945558	13.9848655239613	13.0494813808453	13.8989202306157	13.2172444148899	13.5830639029282	13.7127753537589	14.1902278675258	13.9626356064166	14.100838808743	13.3356511356958	14.0778431117991	13.4786299352345	14.1643869532085	13.5129646400863	13.7973526442482	14.0247132204545	12.6277817666483	14.0750544254532
M172.5239T245.88	12.2328643656388	10.7658196777304	12.3228544911793	12.303263053249	12.0332101841561	12.5637022420956	12.4382523117912	12.1041153766973	12.9467693047123	13.0323702244863	12.5292580065888	12.8555912919018	12.7561027860304	11.2280378676003	10.5022026216643	10.9662268752238	8.90020797300884	0	11.7488510760585	12.215236834115	0	0	9.47858453896173	12.5880591081526	11.4145316562215	6.89054052850497	12.8828316021071	11.8657943125272	10.842807443861	12.0329828404277	12.3776099218045	10.9130215618393	10.5382279726708	12.0370134248978	11.7710315986536	8.7209850915023	12.6207086185085	11.871879664961	12.3936613244741	12.2313802063788	0	12.0451555643446
M173.0427T49.27	16.1287365052064	16.5018137606736	17.1343126440758	16.6913166325294	15.3232696593218	15.7412913172552	16.474941702052	15.332378034025	15.5799102256034	16.3614366387553	16.4742092755228	16.2752199858499	16.6466102181942	16.5783909203947	17.1957144710588	17.0099268690623	14.7448811456102	17.659306385658	16.1508707287862	16.9988667861169	17.1923583492147	17.8738798961532	17.9295512614578	16.5976235534179	17.5119443963829	17.4809253845674	16.2380699673124	16.874557100053	17.5587377706449	16.5536512439384	16.870466372398	17.83744189253	17.4379607282505	17.2889016975916	17.1251092331298	17.1599681668339	15.4637891860035	17.2139393990183	16.482110816828	15.7675934904978	16.0495343022634	17.303854712117
M173.0927T53.43_2	12.6980513246558	14.609127404915	13.8489632553743	13.0604974550567	13.4620139269576	12.8619684207861	12.380880877271	12.3382760838784	13.1051543912602	12.983470878575	14.126760313631	13.6479260889241	12.5532216155641	13.1683118560398	12.9507278492625	13.1723601638237	12.2672899036234	12.1234054896427	12.4191181677928	13.1043531786763	13.6338206465187	14.2801625427123	13.0866228512401	13.4979652651105	14.5609572214333	14.2829752583181	12.3826367317667	12.0598025180709	14.7189371728949	13.0661080623664	13.0211660464365	13.8353501381696	14.2283543241215	13.5209859866041	13.1299054757676	13.1419323368977	13.4202774224726	13.3354198695463	14.7139713237252	13.3656852246124	13.3082840765724	14.2842652833424
M173.1011T315.51	10.656125127372	12.8253185161848	12.0249600477754	0	11.5073982126854	11.7675543226987	11.3573811412277	9.46026741235637	11.2176406488733	7.33037465545279	12.1804556392955	11.9145606708683	11.7806615577035	0	10.9241686366893	11.444360092906	11.9587796001724	6.63893186338016	11.1653923870754	10.4014235093855	12.4705220647021	13.8936185522121	12.0571393182684	0	11.0919428888048	11.8324736485215	10.6840647100152	11.5101632932051	11.8914972708785	10.7994932513446	11.9316665460706	12.7137306038398	12.695280655311	12.8688179320847	13.1832894587943	9.98147467104731	0	11.8437153968318	12.5058007182066	12.1438376196111	12.843047027446	9.99515271841812
M173.1287T75.33	16.2197679910778	16.3740749548927	16.6978595191785	16.3569140622886	16.5727655922946	16.2950264338446	16.3381981291852	16.1907539900393	16.7640412043644	16.8916732149138	16.0475854485272	15.5998776436445	16.1859059888261	16.582319822469	16.5259640787192	16.43999842756	16.3105088280108	16.4332123196276	15.5298379525551	15.8104176069562	16.6053542340113	16.4504985902964	16.0737249756909	15.8851588721512	16.5140171928041	15.5645333885778	16.9491596162269	16.6784968236216	16.0013764284387	15.2807092867004	16.7234886757402	16.5639618470139	16.4739871835316	16.6826260719397	16.6123817981607	16.1095565252271	16.6018093017726	15.6790998517437	16.5433540353189	16.6103595072132	15.5738040172198	15.5339099732681
M173.1324T522.02	14.0662433585953	13.4503409597578	13.5954599385545	13.6608424187709	12.8686418236734	13.5934584060329	14.6061670765394	13.8254583365098	14.3435980773686	14.5954854901516	14.1019383677406	13.5624481077484	13.244814852436	13.2544497121005	13.3487312363637	12.7984710394692	12.8508915333938	15.2034140741929	12.0774762775326	12.5776357722617	12.7311000405675	13.1196385498223	12.8040486759078	13.0780524285474	13.707085800672	13.666678357824	14.0157817082596	13.5123448466096	13.8692641284519	13.9390684936517	13.6369420863258	13.6942519573073	13.8603786605867	13.3998576672719	12.5497861898821	13.3031593945802	12.9506215258452	14.4071436971245	15.4045984191345	13.2828888301146	12.3207211779048	13.8070201281339
M173.1324T697.27	16.0929207702538	16.2279758705182	15.7491001895259	15.7344706637126	15.7022271139155	16.1935360280348	15.7175888611053	16.2989337946291	15.9265266553694	16.3259932600727	15.9845035596028	16.1210248115187	16.3686604131483	15.8235114809296	15.1608635457002	15.4959275883173	15.650252249557	15.694966363425	16.1708780385981	16.341329611368	16.4723665189712	16.240320087001	16.4833560138515	15.8051191889057	15.8053954960806	16.7445328771802	16.1823921162285	16.349138670464	16.413437818374	15.1530238232696	15.3772894756457	16.116592499	16.0376745521353	16.2659387009499	15.7184770814477	15.9151692128043	15.4242558746338	16.4007071807722	16.1589991271306	16.0859422622633	16.1068818201252	16.1106107304946
M173.1325T800.69	14.6502191494172	15.3823129336227	14.412832193278	14.7992396900538	14.6081431819335	14.8139797883032	14.3721196853674	15.0445479052356	14.8418604193691	14.7238418092758	15.1246079480206	14.7893043485357	15.3378872377283	14.2972763774926	13.8120210233923	14.4295674177545	14.4886417817565	14.5243484677589	15.1872695629678	15.0135807122001	15.1220212281672	15.2434308563643	15.3338345677942	15.0327089852933	14.1059454983818	14.7709038881873	15.0580308248133	15.1281089975697	15.74787304137	14.2219371860878	14.2492522181131	14.5155393501956	14.9171609620754	15.1070087953007	14.3836875403214	15.3348182330561	14.4629947032633	15.0188724278947	14.2878146258663	14.7691237310383	14.8695976781877	14.8901283780478
M173.1325T662.16	15.7135116820685	15.4743859092423	15.9717831459017	15.5120590292226	15.5344736825249	16.1942778905489	15.7902611843873	15.9332901571844	15.6589718990263	16.2857496849232	15.8523291662357	16.3182063556392	16.0225783578252	15.6158557823867	15.5535488263514	15.5949862841432	15.9147300141407	15.8069223228927	16.0104917610529	16.1364613679627	16.6021322483651	16.0312251418805	16.2501066606017	15.4192250700175	15.6300299022141	16.2546015451736	16.461462221558	16.0301735564386	16.1489699768373	15.1617798633368	15.6221275842469	15.9229880172481	15.6314051365067	16.3159319353527	15.7540308378932	16.0087275538567	15.1654496294685	16.5633513317961	15.9160226967259	16.0670673233699	15.9524715061168	15.9950528211537
M174.0592T252.64	13.4952787437095	15.5119133905322	14.4297257174472	13.5550728112048	13.8275028618604	14.2121405668382	13.3203448939767	13.63919586877	14.8707182205136	13.886450410953	13.5612766539167	12.374170114944	14.0767765001553	13.6461725476755	13.5262660330121	14.3978546103413	14.0755958980022	12.9584796302515	13.2381510067812	13.4161241855024	13.3200840456162	14.1128213966825	13.8327415469836	13.4117468121761	13.0809653719678	13.5850301721339	14.2005797845376	13.6940352903552	14.3409133496113	13.9410171706953	14.6687727741766	14.3037680615055	13.713161815128	15.8331738687099	14.3978527499774	13.3831393080312	14.0124734966263	13.1963824364405	13.8867579558092	14.5922141900064	15.2523157729355	14.2572624527503
M174.088T52.87	13.4534593882237	13.3870390234551	13.6837792371235	13.5600544348624	13.8222612053248	13.824317453857	13.1645659433867	13.5729878587174	12.8839653701358	13.2079724111657	12.3979163537767	12.2011738297042	12.9756950056582	13.0102387610296	12.2812833443853	12.3552252718253	13.947626788803	13.1629513236798	10.6069668311272	13.2553883341613	13.2148814531814	13.1173816984646	12.9028113118653	9.82312863116961	12.7881409977233	13.0865731078652	13.6886496806578	12.5818041601198	13.9982935560772	13.4937479905121	14.1031051215069	13.8963571509832	13.2744893047274	13.6494849472968	12.3644690722846	13.7012377860389	12.9086067945811	13.0318529942506	13.0281252653388	13.079201308649	13.0159374657438	13.3506160120089
M174.1134T335.89	18.95906819149	20.3600987063533	20.0339530116974	20.5177074341647	20.2633480409331	20.0325775418741	9.40235362066725	19.060366844063	19.7614808862102	19.8180289089846	18.7355205161034	17.9874492655768	19.7148054905653	19.1058538788421	19.1727731302399	20.1461104149874	20.1865427807798	19.0605274937192	19.9010555079327	19.7599710584366	20.0239764256524	20.9370485690039	19.2914343132339	11.0739439928242	18.7306339944477	19.0322004928106	19.98241290244	19.584872284356	20.4704787076242	18.9232952670808	20.2529331305938	19.7263058316378	19.5792909994548	20.1442061534867	20.2990416238457	18.3318624554528	21.4904409899778	19.9605982918057	19.5908081824844	20.4001047179131	18.9065929225046	18.0954108357502
M174.1243T66.64	14.9902485591588	14.3574661697355	14.9583231129912	14.5597225069111	15.0475264998868	15.1130632212598	12.9986719998508	15.2816099987381	14.9434703288032	14.178987557088	14.4509818013183	14.7425505603305	14.8142596684167	14.685443242361	14.804574661926	15.744417820872	14.9438983943876	15.1960060123305	14.5784384030722	14.9892188303066	15.3073998076356	15.1973929147886	15.167571614706	15.0223446912706	15.0315926858102	14.7462447232576	13.9187614064254	14.9174447782382	14.4268464850045	14.8480076979839	14.2679872901328	15.0352121847279	13.1190211637636	15.0119744739866	14.8567144481403	15.2301056034854	14.806823177405	14.6947225536647	14.2547373147683	14.1995821028356	14.2263975114761	14.5632427993921
M174.1497T93.42	11.1877141279202	13.1269412538838	13.708193805715	13.1189564987034	9.89206536432705	10.7788147318096	12.4906860047493	12.6463035211499	13.398287956569	12.8427344901412	13.5508137557029	13.0741162352035	12.4900681061016	11.0897953111299	12.1900113171853	12.6786841030687	12.9678641891203	12.6039802450377	12.2791837758796	12.346702796129	12.4467110974048	12.9897089920171	13.325760520117	12.1819915919694	11.7905472530089	12.5322834778542	13.3340584111385	12.6830701611561	13.6399248258834	11.8874433306223	12.4945264811037	12.6982752437991	12.1709799293605	11.9995228391754	13.4095141924587	13.5466613070278	12.4074761174135	12.3384006438118	14.2413724319726	13.7655545363456	12.597636019618	11.6744632994669
M174.1498T340.32	12.5334199944081	12.9430583628479	7.91144522739951	12.5123074470563	11.570820045314	11.7537859085144	9.62515395889828	12.3416787399074	12.1849399819473	11.6849156152071	12.6578471229474	12.291790423862	12.299589274502	12.247262885535	11.890118241134	11.3164580335082	9.23402841237436	12.6335576248441	11.3954799369576	11.6009318976931	12.5017297324155	12.536063726916	12.8219655118323	12.2924760689471	12.62041507692	13.7027262144155	12.1987205537378	12.5730768558919	12.4183761584625	11.3093183168356	12.0961285850155	12.030925501009	12.2910085199738	11.69301685962	12.6462008814925	12.3682897794056	11.9633063979934	12.5508613889584	11.9760514715269	12.1206999791766	12.2165592118129	12.382375523218
M175.0351T260.68	13.5520069553564	13.627477082036	13.052701123291	14.0718634367711	13.8894379463975	13.7788605431118	13.817813030031	12.4787475589069	13.2983236281204	14.0069746524301	13.8965474945331	0	12.834564357364	13.01442686189	13.4348208153869	13.6738642455459	13.2796494578635	13.4102773882264	13.4764345750457	13.6804895580485	12.7083726517601	13.8305681008794	14.1078854874828	13.7845305879993	14.146108307179	14.021202631494	13.0857446325734	13.5081730183036	14.0313398043966	12.5426017756666	14.1272053625804	14.5208208292108	13.7740570281317	14.2707194212847	13.7274156641502	13.5915566013643	14.1909210669195	13.6220021189262	13.5436666992175	14.1025878056077	13.7154886825685	13.9622249219147
M175.0591T259.94	11.2547026525044	11.7473451071741	10.9881264682194	11.1255654701827	11.3693304674951	10.8439550761081	8.32636982540698	10.9116074823397	10.881236946695	11.0582226760157	11.8809896618564	11.3486205669821	10.6293966155197	10.3505318705527	11.1433692601932	11.11818269998	11.1595090403228	11.458201043829	7.41112302975036	11.3690418457351	10.929673949829	11.120048078697	10.9616818251624	10.4944482306176	11.1294946773102	11.2128538915671	11.1087882633033	0	11.7143918066638	11.0621818870677	10.9478409017758	11.413107817973	11.8029673801827	12.6237766632263	10.9527653139047	11.3733467042637	10.1824458254751	11.6190672260831	10.8333967648406	10.4730803269611	11.8800431607532	10.5728659015878
M175.0874T206.06	15.0646396682654	13.8644544140799	14.2853792372473	13.7269806979559	14.3323735628612	15.3579936632823	13.5531431775165	14.5025026827528	15.0995549707196	14.8982533127197	13.7151730307135	13.1171620984761	14.5065136990283	14.5097984313633	14.5826144972105	15.7104441190442	14.8993505291737	13.9313293253014	14.517471135603	14.3732424254431	12.4838617886452	14.0889715154223	13.801499044857	13.2674721884301	13.9349235480343	13.5305680130484	14.7224258363984	15.4429684254958	14.0793104458616	13.9724777220773	15.2435664558019	13.3851878780026	13.7821562606795	13.7509955315551	14.2099457170548	15.176270555204	14.8702081185463	13.6919658966049	13.6097567746133	14.763164564183	13.010336952083	14.823770807104
M175.1084T50.88	16.5373657673226	16.9392883167673	16.2273484320256	16.665598865531	16.8567850717094	16.6199398058851	16.4404335107753	16.804765760162	16.5679948424986	16.6171928750902	16.2022455637626	16.0578439113361	16.2815195214119	16.6064857253513	16.3247549516388	16.5495605072953	16.2897058575578	16.1939370132074	16.7880350720441	16.6227112502379	16.3636468115775	16.1985149272366	16.325550783839	16.2857113179068	16.2754219964376	16.5054093151634	16.0679781078071	16.4777158004714	16.7582096597101	16.1517643293669	16.6505054901935	16.5143687093071	16.2616696270376	16.6876255665542	16.5132332466938	16.0648183800608	16.1134306231988	16.5978386523739	16.2217148036716	16.9846161315339	16.0728281755012	16.6448932159024
M175.1086T306.57	14.6343313343057	14.9998673215402	15.7632441215273	12.7268747867052	14.4090299093936	14.5974491909679	14.1685613898084	12.6227180538978	13.1061811376421	15.6478643386335	15.491962872182	14.6888712530774	15.784229956155	15.6936772718791	14.8682044253215	15.9141949584755	15.390382986018	14.0794321294448	14.9593734280249	14.9413908489244	14.8656812450998	15.2906078656292	15.0523307228751	14.5508719242833	14.629852301095	15.560189561652	15.5115062742292	15.1617207366425	15.8933940045452	14.2872313289821	15.8548109023311	15.7026626996979	14.8944693149984	15.4325538668441	15.2687480411264	15.230886563516	14.8839665837642	15.6865685152861	15.1093847508577	15.1621653175466	15.4603262027534	14.0021395550391
M176.0413T48.9_1	14.1978701559564	14.0851575843292	14.5609409060454	14.4511062232788	14.0060285736723	13.3852987521102	14.5671298765354	13.1167219761888	13.7845963256226	14.6986027454146	14.540640525556	14.4291622406816	13.7386634435019	14.2912051185445	13.3532847199244	13.9362380699234	13.131235307067	13.8233330675457	13.1747323341108	13.90732099216	13.4101003003867	13.2447506111543	14.3361596089305	14.288303403283	14.62574575342	14.5433019959331	13.720691804131	13.681996193181	14.4756425919327	12.8559237946524	13.769808876532	14.273204411651	13.8812723312222	14.6233847321094	14.1735402372928	13.6693070609999	13.4233903056839	14.0709360044378	14.7467658989519	13.9350563551903	14.2314901273893	14.3247181563009
M176.0559T62.14	17.6029809058736	17.1262877286125	17.3968435771407	17.5357437889728	17.2542222492659	17.7412946035291	17.5231477369104	16.719876863643	17.5209078499277	16.8370294670229	17.3658831206366	17.1540630167067	17.0471006434179	16.7977982412051	17.3955768796002	17.3554934682176	17.3148533263586	16.4097370525301	16.7136273078854	17.0009800693105	17.476669273019	17.3004430201779	17.4586680553273	17.3042966552326	17.1464292636466	17.4530984681035	17.1112367460617	17.4033036614554	17.292127187928	17.3463002727761	17.7304590970846	17.6156427975295	17.4719420069182	17.8669923729931	17.9101367921088	16.7359447690792	18.0505551216966	17.2339385645099	17.1870825012923	17.898093702893	17.4407253614703	17.1657274105637
M176.0668T198.65	14.2918314908627	14.4816241708099	14.3184967885971	14.2984652490379	14.5302336052895	14.3550243719338	14.1734242851192	13.8468402608008	14.4141322716568	13.9737475460397	14.4086928286641	13.9326606580327	13.8549265396675	14.3593392361281	14.3689017436538	14.2225537703759	14.1513631294169	14.0725802059211	14.4108496038598	14.1146594746163	14.1833567508002	14.1327110657273	14.1788658157023	14.315858162713	14.6368765130629	14.522101375641	13.9921710984685	13.5055373736214	13.7183568178	14.0359041418481	14.5491569481862	13.5928386618791	13.9410889728541	14.7123006711335	14.5310591389167	13.8225399123339	14.3261884698841	13.8937207999457	14.4498465585432	14.5111576148363	14.0845676168947	14.0239929180015
M176.0748T91.02	0	0	19.3530530873661	0	0	12.0112540155802	0	0	0	0	0	0	0	0	0	0	0	0	0	0	0	0	0	12.0164397744709	0	0	0	0	0	0	0	0	0	11.7798485844921	0	0	0	0	0	0	17.3515894483145	0
M176.1288T324.84	15.264084206044	14.5065683203843	13.9674509176335	12.5601938237489	15.197172206404	14.3056570880735	15.0849366445784	14.8125420997972	15.3385334580035	13.9993541674797	15.0312700303063	14.392151074244	14.91573841677	15.7143688347	15.4272001603264	15.399249711572	15.0781642225201	14.3284370782491	14.9100171726644	14.6319101790341	17.2015454102472	15.922306069006	14.9853109598825	10.4726927250103	15.8890316974757	15.8675440929803	14.4890979764529	14.9966905958273	14.8736503482427	14.4626739361466	14.6289671166148	15.733042076101	0	14.5045892582524	14.6746937552723	14.2530883321797	14.7616278673789	15.1715079392864	15.2940501747087	15.4806621892246	15.8518912317989	15.0286228840272
M176.1288T53.38	17.6991626741313	17.5862597421695	17.3931037523648	18.0363938770414	17.9428071440766	17.7395677232051	18.4803686074528	18.0819653275594	17.6440677656556	17.8046859721783	17.822029102723	18.2570681747756	17.3804680612329	17.7448732882448	18.1036753617105	18.0720828461863	17.4662884690775	18.3010729097767	17.8609640960916	18.165540237523	17.2370075456006	17.5669667900628	18.0301673678878	17.9578526388426	17.9775060701546	17.7875011064876	17.8806124760809	18.0281921558743	17.9948848704625	17.6028526004243	17.6788608670383	17.6880525778715	17.2540545446476	17.6398342907755	17.5769812255887	17.8530173344778	17.7868037560368	17.2632416706901	18.0388491951648	17.6567707093252	18.0355174613052	18.5669735875192
M177.0143T158.99	12.2596872856313	12.3333659212487	12.4379395685285	12.6816450709224	12.6921372403876	12.6425598560331	13.3488819151254	12.5017113653002	12.3430740994889	12.3455863239066	12.3490111725506	12.2420758114311	11.913568823419	13.4090020885033	12.9237675783953	13.6682148202513	12.5230870825342	12.3105757956145	12.6556424845581	12.4360360636048	12.7284138255252	12.324489326255	13.4880983084683	12.8525120048103	12.9272533822263	13.1220422183136	12.4136350311791	12.5534184629085	12.4190884993573	11.7770774951095	12.7363456116687	12.84602718657	12.6183142729544	12.4882188682062	13.2001663927399	12.4407460047801	12.4632011822771	12.8817776748925	12.4938723473902	12.4965241851799	12.3277410960296	12.4320632489984
M177.0253T47.41	15.4733561273079	15.8500305201266	15.485609996147	14.8045368537293	16.1100293119898	16.1126384633138	14.7641260885363	15.423407307343	15.9849572168708	15.6853925997712	15.732105315515	15.6571118825837	15.597187725023	15.8070697077761	15.2437077494927	16.0147007628148	15.8479331733232	16.1527758076276	15.7389625585301	15.4789946431186	15.4799724682558	15.6689074519909	15.3241837783015	15.1837072731875	15.3218151810561	15.4221986722909	15.5266958309366	15.8353552267999	15.3087877634142	15.328395787171	15.8398436854469	15.3983002519057	15.3739625623199	15.6374118175439	15.5622841348182	16.4363150586313	15.5205607753117	14.6740480895441	16.5684966601337	15.8965193120573	16.1124159837691	15.8708559730071
M177.0287T63.56	13.4166075463346	13.6573144771045	13.2452425474625	13.4736789877996	13.2174590332015	13.6315850506041	12.189938109407	12.9433357586517	13.3153659659792	13.5730160834185	13.584404743224	12.7525775889461	12.9040743492785	13.5402392377616	11.6740708743998	12.4776664732164	13.2025765210002	13.3046585360961	13.1120193598123	13.0351607227283	13.7407716953367	12.6072233430285	13.2596292643365	11.8737791693018	13.1340985374702	13.5436053509772	13.6350856594758	13.3348646345299	13.4761671427208	13.4686159830037	13.8699761463359	13.7695294838204	11.5183883858684	13.2301150316265	13.2788238149613	13.6796963585802	13.5320984646295	12.868583621636	13.4969523520281	13.9750489890615	13.7633242599485	14.3926310878946
M177.0876T60.32	13.5532536001392	15.9811551049428	14.9595719629753	15.0673590914011	11.9611409550667	11.322934659776	14.7821597054754	13.299708711404	12.6599417459226	13.3918307074555	14.3384845525694	13.4532547424184	9.67065132264901	13.2721092827244	12.2130469411727	13.5964016620953	13.0180476633522	13.9936244694496	13.8272142422	13.6064310790847	14.5427194481155	14.882064314849	15.4200949117311	13.8599187174642	14.414643515893	15.3452242290787	14.1717284648911	11.6584975849294	15.5357351198572	13.7703804404824	14.641197601557	15.5224135693862	14.5082412607016	15.24765660172	14.8007830374134	13.5569006407985	14.0706727018931	14.4285569099797	15.1961335754935	13.9876036549815	13.8852047924209	13.914152684409
M177.1324T52.97	13.7794316294441	13.7066651362265	16.0064110491614	14.0914903664947	13.9299236787656	16.5710018743177	14.1340433240001	15.0746740423276	13.81025137918	13.9497301326549	14.1695716492725	14.3720700987537	15.6801416966919	13.4111417431897	14.1620732944287	13.7995832667029	13.5297342151455	14.2638315846058	13.8043894732137	14.1126764580503	12.8238266037899	14.8733382976767	13.731061683687	14.013804934894	13.8718401496369	13.3848396088006	13.6438391892629	13.9570781384119	13.9878763917463	13.5039569524375	13.2577183438841	13.6256113147104	12.8667267854583	13.6396068839444	13.4709572481438	14.000041178073	13.8876550371003	13.6672419924856	13.8587369823599	13.4794503060024	16.4426209694646	14.58748948651
M177.9625T46.61	12.614369882003	13.7334836328856	14.2120969029068	13.7168075217172	13.1466088176625	13.1748108723598	13.9785699301758	13.6557495793135	14.1660485687951	13.9161075497149	13.8200559992022	14.0121228286784	13.0499691220388	13.6228942796387	11.7569198404942	13.5715049747671	13.3134159360621	13.8512110150657	12.3168194200791	13.3016321652718	12.7951929985313	13.4448661134579	13.7763317080823	13.9920675840917	14.5413145190307	13.5720054472698	13.0435380184189	13.5647589109653	13.8569198144268	13.2918941983669	13.7698587482545	13.8306192548444	13.9762619213891	13.5831212461763	14.0270057162178	13.7691679853941	12.9474621300108	13.8374794414689	14.3873189943794	14.0224011532497	13.7867112400422	13.7271318184102
M178.0537T63.48_1	13.7801575823491	13.7288907341408	13.415142345758	15.2633044924416	14.1480193809541	12.1676542774297	13.2827717940596	12.3478755967429	12.5326820008846	13.9451960516088	13.9279648473222	12.7549777426458	13.0248647088575	13.8282637396743	14.2235781085843	14.5663054328186	13.645245644812	14.2466189787071	13.7900429699088	13.5377579573499	12.7121527005693	13.2391808297773	14.070705379346	11.8357505834464	14.001689280702	13.5153165018567	13.2650488643889	13.5592422686895	14.1018982901242	14.3834767763084	14.5683888803079	14.4066265942447	14.7778462629885	13.7386963567462	14.5531899554498	14.4672742880573	13.0340388124997	14.2408307692526	13.2293753858879	12.8167189638685	13.5220623263339	14.6353818782093
M178.5544T67.04	14.2745930203369	15.1855767056388	14.8222343124102	14.1466689666068	14.1163760586086	14.2694911706889	13.7032108785342	14.5377219374456	14.2584457619905	15.2187612125401	14.7044620648361	13.9080645377467	14.8439108509567	14.7006112976907	14.3623213641044	15.011886362435	14.2552432241684	14.7985979654877	14.1902970908078	14.339257626908	14.1088019334978	13.897694953794	14.3192470599385	14.4583821484747	14.150006219208	13.5269511452336	14.3922200184901	14.1334742322774	14.6160576699504	12.7617322168923	14.5238537043337	14.390570715218	14.4877022297724	13.8069655332591	14.0609344673044	15.2570296584766	13.5605898300407	13.8773740905332	14.9754713955787	14.3225227311239	14.8221636605642	14.6686640560275
M179.0712T275.98	11.9269994825107	12.0862675344634	13.0165775582716	13.2339240263987	11.6114015425802	11.5611871149768	12.3765807258637	12.2600723108523	12.5353792678804	11.7025785970775	11.6582604248733	11.0936950583667	11.5977889281866	11.4959726359662	12.0954524856804	12.4908262811258	12.9573297988328	12.077759825083	12.8368904018642	11.2378491593508	12.9990350475392	12.8951782602413	12.6345103363341	11.0958858393616	12.1508272810054	13.4588879369835	12.997269713103	12.7261356303804	12.7550097031987	12.1580473321787	13.1093578089221	13.8311156908904	12.5337060280612	12.3564510080442	13.2156136017224	12.1400401679471	11.7736623494398	12.7878126167262	12.4083489873027	12.2400834880615	11.7208228450889	11.5974394151345
M179.1802T762.58	15.1154358233077	15.0255764413617	13.5479459555428	14.2465077857369	13.7589257861456	14.8189942634508	13.7649624049746	15.0544865428409	14.6841756435806	14.1508117372321	14.623844636894	13.5997504575209	13.3480691863978	14.0735358428327	12.3190718294282	13.8790576137171	14.0728559771433	14.0028377700559	14.6206916251814	15.5016838947242	15.9448046504094	15.3251708023065	15.6386009707879	11.9192417293455	13.8305305519704	15.4542111120483	15.0393830175872	15.2644518647828	15.4217107819751	13.2573460243761	14.3844751082497	12.4904340026762	13.754350475857	14.8783546100183	14.1965845847452	14.3059518768162	14.0020864453208	15.4914041704891	14.3819021793512	14.7233946092929	14.7251089016009	15.0332684604816
M179.9653T661.97	15.0828315835977	14.9337600788555	14.5998094749986	15.0118632967029	15.1331693795037	15.6017108340634	14.7081790591125	15.2013260186676	14.5962104556689	16.141337918994	15.3315379044817	15.4927925110913	15.2430659338979	14.242510057387	13.9449576268959	14.2967431364752	15.1408887659606	15.5738039981892	15.6500081064265	15.8579322437433	15.9275778374518	15.9191396970745	14.5727981821179	14.7050434827216	14.9149249260421	15.2614233271921	15.4579463770342	15.4363126771037	15.3726883868532	14.321605048514	14.3524663251762	15.5385905864017	15.4691608820402	15.4692537353013	14.4583332647344	15.2863195211583	14.6960638173247	15.1644331802058	14.724269810947	14.9383796517576	15.5480629278005	15.5699304881015
M179.9654T800.71	14.0969977643993	13.9887126662249	14.2300828098187	13.9934113751982	14.4101304848138	14.5906673825051	13.832655139545	14.6527197782839	13.8977746685871	13.7062903185515	14.6555280634612	12.4865893249084	13.9341730133882	12.7137715242911	13.7798572188623	13.1285293413813	13.3784897285053	13.9592515044533	14.0517399121197	13.1297308943336	14.4897430766177	14.3044075351254	14.2123775564273	13.5138744320104	14.1701218667681	13.8358663372814	14.6924559193615	14.6054598255797	14.5990394730012	13.8571601866886	13.9437602025176	14.0659944076054	14.881370404347	14.6295728117083	14.3254188203957	14.5305172084443	13.3027381996313	14.6978146769915	14.1100246076074	14.2508985833805	13.9876731620974	13.883218971055
M180.064T134.92	12.5375800480037	12.2258701712447	11.9120961548064	11.8104070784246	11.8145837326115	11.54685452897	11.3189961627685	12.2725988468229	12.8753037810281	12.5285528243845	11.4824812547692	7.77892026186093	12.3641707232139	12.8918141484017	12.3770741128633	12.9297338222731	12.1828206724704	7.26726203923872	11.7965827640194	11.4814381472072	10.9698948876074	11.3594704202413	11.8560758346304	11.116418870767	11.3725178956671	11.4740328163231	12.1477280067861	12.4708403058629	11.8444988054747	11.2807252272318	12.7149328814483	11.9649363999346	10.9565182651283	12.5368968939354	12.0191171698358	11.1696229113019	12.483108892408	11.4879937160999	11.3835028710065	12.5839569101436	10.008354221624	11.6260622268491
M180.0697T98.66	13.6629227022138	13.3298532386735	13.7564829183136	15.8324753875604	13.7918424175061	14.3317316340482	16.1151645857172	14.4706616080024	14.5685777715106	12.5223273454008	14.1576395616853	12.1373567439989	13.47811430026	14.399305053664	13.3769157408788	14.7030256528271	13.9188327976921	13.3969627382515	13.6938771208477	13.7578048385492	14.1496317214086	13.4822663377496	13.637247509682	14.3650817995426	14.9080553432031	15.3577098464176	13.6135024212275	13.2145121638093	13.8997593700427	13.7355390555289	14.2503394962829	15.6857841867131	15.2300104118301	15.8813655797669	14.1136084973947	13.4610472914048	14.1332093505136	15.0909136151735	15.8648246069564	15.583893692295	14.4171467718547	12.5318472375465
M181.009T50.24_1	13.7689801669629	13.4501720493291	13.24848900152	13.5507094830813	10.573900779785	13.4571382014785	14.1064172089384	13.307836647366	13.7870599856392	13.0136084815152	11.3453059348886	13.48443217835	13.2274120246347	12.4966547166688	13.9652509833654	13.2260022344561	12.8463129644063	14.087606386197	12.9692250863748	13.3128277837272	13.1896367052969	13.2852450195924	13.4669635003339	14.0020473267321	13.8912417200128	13.792776217505	13.7161023986705	13.2754628622675	12.9610859731637	13.6311624060697	13.5897833141673	13.8617585923276	13.240193187748	12.4025986372703	13.4984173414042	13.3852214150293	13.9782340791334	13.7810899937846	13.2844916046427	13.6181613386808	13.277172082111	13.6863327195444
M181.0616T244.01	11.740017573342	12.8314904642673	12.3492736524342	12.7183456862594	11.3938505781913	11.5379810985472	12.6950566300079	12.4100379341757	12.3769942261507	12.0282842824421	12.4597084541254	11.1865526831011	11.313889005389	10.4991633753014	11.4501662933616	12.1659233442303	11.6127207899272	11.5033952246976	11.1195073998237	11.5490495673011	11.0324461551981	11.6716838055898	11.7568293304422	11.6412849678755	11.4932767283271	11.2486134947724	8.98746438010132	10.4125470521996	12.3435917856309	11.6612329890801	12.1207540516758	13.1376883430808	11.4875207741772	13.1339043998772	11.8819660017463	11.0214358171349	12.4202219367799	12.1268380134477	12.2279759740328	11.9408188470503	11.3379647126142	12.3670373020238
M181.0869T377.51	15.0275773452925	13.4919010419435	12.901303386064	13.2409316830036	15.6603380652611	15.5277275830456	14.0911436937773	14.07237515164	13.4108450827531	13.3292013198709	13.788682614975	14.0696557241055	14.2505058940718	14.5517988817886	15.8784149011368	15.1105882303168	14.0484554521661	14.0109364308231	15.1539829820114	14.8287687515956	12.8751206318625	12.694336813841	13.5884972526374	13.1754741430375	14.147184366052	14.671975904946	13.5464471042906	15.4246276718709	14.7888079659956	14.5556981788474	15.3860594671142	13.9848007794846	13.9471550230995	13.5215892914046	13.6894461250372	15.165032944138	15.5622295178708	12.9647415044853	12.8421431898507	15.586045511819	12.9955315407268	14.6136785019331
M181.1084T66.52_2	13.5145309995841	14.2896159828625	14.7912070396455	13.3703663406435	13.4372269594255	13.3558518852171	13.3863027166855	14.0054360499165	14.716421692202	14.5116623712558	12.8305976222914	12.6223229361225	13.9351032000124	14.724774651518	14.0166201853692	14.8386382655164	14.3288030497908	14.448291167834	14.0655485603129	13.8340077702471	13.9206225274339	13.8103599014508	14.1573285900576	13.3798295091355	13.2449995389637	13.7472211315107	14.1634613810427	13.1092440825206	14.1682407724799	13.2666731062356	14.354683219939	13.895408832407	13.2434221738005	13.8979162006789	14.3497957514059	14.5785083798154	13.7439362638261	13.3498277478307	14.2694439028622	13.8287759103433	13.8251036451025	14.0901065309118
M181.123T508.09	15.3555352824683	15.7033868915168	14.8736703137455	15.0056788059817	14.9196257635208	15.0771104098666	14.676718891375	15.738250548659	14.9329061553739	15.2589641366333	15.0347727904872	15.1776176524039	15.2862885842618	14.2601501904915	13.9408953842859	14.1598661698475	14.7548468501366	14.8528886099804	15.2882233004932	15.4830158725073	15.309325720969	16.0426889571033	15.9564085540703	14.6091690363419	15.1883288979742	16.4593167440779	14.8013217916509	15.4704549273989	15.746566656869	14.3753767502522	14.4740564629398	15.8100766664374	15.7591724634875	15.74063543045	15.0020025142803	15.2013351305867	14.3993118578682	16.0447603858667	15.0800412377185	14.7019941698657	15.7148605132497	15.0094783777462
M181.1397T67_3	12.8755671501693	13.9900197886869	12.3186491419824	13.0914106554692	13.8244546346243	13.5619687766713	12.0576255325207	11.8441279109151	13.5345524429106	13.8623781762286	13.4831506328149	12.9279568661785	12.3743083205762	14.1715637076539	13.5227334911223	14.4785801202597	13.6961700123238	13.2354286357478	13.397864785247	13.0457807902119	13.1558070045698	13.3581410047187	13.3599165354256	12.9479693976046	13.5348813505029	12.7541032095584	13.7805685267023	13.3864182376976	13.5277799808881	11.0459455767151	13.6402653174704	10.1541278687142	13.6604467196885	13.3796256209586	12.1984649784633	14.4757116859333	12.4647446745671	10.3805223759677	14.2146462940158	13.9355259708252	13.8201483938917	13.5036115327414
M181.8422T67.19_1	15.1243032564039	15.5687032036076	16.4395890755931	15.5232093294319	15.9893159286939	15.6613632455329	16.0577320903002	15.801693575994	16.136066648995	16.6585508222767	16.244121274176	14.914953492819	16.1653762096213	17.0861019847398	15.8764557919816	16.9796320765693	15.9635900282394	16.3600080260896	15.6921338215012	15.6074772241699	13.6192961636077	15.7026674330961	15.9519831495205	15.5967378768176	15.9416741514109	15.9008015897001	16.1383349360932	15.9239629409424	16.047305269019	15.1937373665635	16.514956035373	15.5580025763452	15.9719692548312	15.6978390969873	16.4486132866677	16.5281726188745	14.634550773662	15.7337079019154	15.5477215569611	16.8115474697083	16.0004693580763	16.2054183005691
M182.0307T75.33	10.2976795760454	17.9579673616957	16.8093914024469	17.2485490326687	10.5982160168884	0	16.1939885893533	10.7110978926507	0	0	15.8294649399334	15.85522304853	9.71371365321834	11.5812879560984	0	12.1378490987921	11.2639334590006	0	10.3996826500751	0	17.4886714302712	18.1683985942895	17.5878447787827	16.5803269365667	17.1251988676804	17.1572494431456	13.0593918987675	10.4224597288068	16.6752385275844	12.0467621103092	0	17.6002001425629	17.0706262548145	16.3938206038796	16.3175021910879	11.0153250897811	0	17.0294072571491	16.82558061511	0	16.2056737258078	0
M182.082T298.59	13.4031135337878	14.0146475688855	13.5320894372511	12.3617157473268	13.9511789575051	13.6173713270504	12.2113101580685	13.469281888258	13.6046966406257	14.1494262133122	14.0583999522703	13.2383302801745	13.6057442022962	13.0226847867712	13.1794782280429	13.6660429345164	13.6802252880951	13.5694367453791	13.5722058993866	13.5598021100106	13.1046146224492	14.1855911971121	13.3456273615206	13.022593372787	13.1594467230394	13.4464402964414	13.5551763172326	13.0805117099866	13.569323539406	12.9707609017269	14.0914132203788	13.333105927967	13.3436610481722	13.1936721685305	13.5099436602173	14.1211935589957	13.8355688699537	14.0132162864332	13.4313813695238	13.796265447307	14.3919623703485	14.163897962727
M182.1161T290.88	14.9053015106518	13.2418010383969	12.6804491704172	13.6878820853986	12.564241911834	13.5455593571792	13.3859403070243	14.5625045494303	13.711650889059	13.4636665325436	12.7361015845825	13.8895749064893	12.9291308308471	13.392740482492	14.0058456896592	13.6032414980445	12.5158871484658	11.81711420455	13.1188323555856	14.7474608462471	13.8903297530318	14.6811667283545	14.9703325528165	12.7308958419901	14.0525449473163	14.9399668387774	13.685778564251	13.6444381328533	14.0345238115415	12.3938186701259	13.8326903937864	13.6469037604687	13.6180267534848	13.2308716643442	13.1928359982919	13.2201330604809	13.5068767242883	14.2262184875333	13.5521495088022	13.6478846582516	12.9475339893846	13.8345784167443
M182.6799T67.1_1	13.7086935045316	14.4145298881007	14.4257087436479	13.0875363912376	14.4099366185343	13.3738281513525	13.2362645357658	13.0826790023791	13.7201823568199	16.439357384307	14.1382323656652	11.5292722398978	14.2231628147083	14.2300654346329	13.8844560484319	14.8000990608213	14.0261670705116	14.145415605771	14.4516734966745	12.6680026229275	13.3992647256997	14.2012487642581	12.6466429334146	13.0515734754679	14.0737465339067	13.3077984453547	13.8562371071976	13.642766771273	11.5476677968178	13.0528395379282	14.169716975884	13.0461366190374	12.8338922370651	13.7330822283042	14.0844793141241	14.3904007147152	14.480754335509	13.1834589283639	13.7832972774834	12.5554627676269	14.3728564755387	14.3334340552181
M183.1138T92.74	13.8737250444779	13.2447833605245	13.2413797759555	13.4147656000013	13.711097990245	13.0875557532079	13.4946939992351	13.8327170827754	13.637084206567	13.6186897598192	11.7036799055661	7.08736756029816	13.476356101745	14.2985108347249	14.1636154079084	13.8633876862402	13.7535924357748	12.0579746821915	13.217786652982	13.5778480429494	12.9746060089005	12.6483088515648	13.3732486625977	13.241243281423	13.5274407249841	13.0247736259875	13.2661066658612	14.3247828659862	13.228335757358	12.6974736579051	13.2093626812301	13.1536237771452	13.0223556964079	13.0204834539236	12.9872794008115	10.3091120501074	14.5750845862519	12.9927487905023	12.3573897236491	13.4498861512861	12.2481590486489	12.9473838179083
M183.1388T507.63	13.5076962219989	14.0584903024921	13.4091313459111	14.1695399907012	13.8071769534521	13.8076977409215	13.9106981308098	14.1013514304069	13.5395968584388	14.1421849252445	13.1943060373302	13.5013663805084	13.266623272331	13.2334216242166	12.4475861069583	13.5790818611675	13.8325722602455	13.978083778351	13.8223086786507	13.9907096247437	13.2903403399273	14.0963220673092	13.8987578489746	13.5040630361147	13.897301429324	15.0944376618383	13.7068549513148	13.7287291491269	14.1435828776255	13.2341953558265	14.1107160471029	13.7194824155473	13.2291309455792	14.0179057598763	13.9789284704184	14.1565348150647	14.1086497461859	14.4222135327703	13.1311215670275	14.4178945882097	13.6907023578274	13.416517470758
M183.9278T47.46	13.6641949336156	13.0298515044504	13.5200324280292	13.7025493938164	13.789266308036	13.5860635390129	13.8976003535129	12.402039762717	13.7636744782465	13.124994253476	14.0767995151247	14.2819800935864	13.4790475979126	13.8486328280136	13.6150087906689	13.4431501981158	13.8760776042511	14.2011462094208	13.7326694434741	13.5093100377453	13.9749125703581	14.0742441997255	13.8165863149244	13.6728662248466	13.9831386215972	13.7630148163605	13.5086102140488	13.0755072010619	13.6607028811578	12.861892801037	13.3053128497734	13.478582524267	13.5706989653744	13.0352041310939	13.5979673772623	14.4788373763131	13.6784754881515	13.7830066064011	13.8233690575671	13.7281846931504	14.2789885607882	14.1293552136717
M184.0585T66.22	14.4525441219124	15.0263806679454	14.2807463309794	14.9550822637035	14.3712187850941	14.5062006486823	14.5051322060142	14.0931659849382	14.1784741605706	14.667186544411	13.9502369484908	14.1804792185609	14.4319745568909	13.693584097311	14.3356887078411	15.1513378196957	14.0830340364523	14.2063907141095	14.5248633651462	14.8120768307402	14.5735481952354	14.3413909641594	14.8534336032036	14.4559641749328	14.7536471517803	14.8254923325061	13.0438182598221	14.3801373803326	14.9718830057054	12.6411518183053	14.5820652883669	15.0356948646425	14.8156647334375	14.9158535239942	14.8560189340085	12.7829967243544	14.8830439352424	14.9100138893764	13.99600470131	14.4789521489776	14.142901483937	13.3263358554099
M184.0612T83.52	14.6322134141579	14.7572181164549	14.5686368184115	14.8459781511043	14.9113033294995	15.0580877422371	14.802230595091	14.8287357752028	15.0577269808837	15.0875914244287	14.9043950534469	14.4180580025855	14.6786591297695	14.3068627229356	14.7548262577132	14.9223648193567	15.5529786981167	14.0631074216372	15.3283085702361	14.923365582614	14.9526980548876	14.7790334659579	14.660459194363	13.9618884630378	14.1795859030154	14.29389234722	15.2956241680964	15.2280737799195	14.8286603545422	14.8624682918727	15.4278115812785	15.2392933731706	14.7045472289956	14.9636696042738	14.540335818897	14.3751804559671	15.5512335247282	13.8466285439539	14.565316477203	15.6836507638194	15.4743103312188	14.9095858548581
M184.0614T275.92	13.2331345474989	12.4417945114534	12.4957781216268	12.9416638474649	12.2806300448801	12.9433442423359	13.5409381682442	13.0977748048547	13.1927226039655	13.0019680735502	12.4170285772945	12.5588796487984	12.1562547712097	12.7358294273954	12.4219801422896	12.9475837746234	11.4799915283309	11.6900064313297	11.9487791598687	12.465540169182	11.7270034271281	12.1502980599947	12.8761799072005	12.1626885473556	12.8499328411055	13.1000438239229	12.968601397446	13.28147949415	12.5248502813122	11.9969554442558	13.4022927386906	12.2144665012818	12.2745494428466	12.5416215049266	13.1461782094276	12.377843203501	12.3543831351995	13.089687537877	12.7244657457953	12.5408044587734	11.949501010417	12.5845172455343
M184.0741T652.03	19.1941152957339	19.6470277194694	19.6047424263333	18.6684794190454	19.0071999977346	19.7951419530655	17.8326356280899	19.2836432691426	19.1150913565318	19.0536615225453	18.9718159420218	19.0686270385852	19.0892342082963	17.7821882207539	18.3685817804003	17.8791514652479	18.7487369224436	18.8607632587096	19.0434972375459	19.1802818793497	19.0378979830589	19.2130785669982	18.4705613039164	18.6981271835111	18.3983359902581	18.9676908826614	19.8101238494257	18.7588222901778	19.1360099147207	18.2686433141764	18.1089772990331	18.8270477103551	19.6419639971725	18.8821079244784	17.9504407891223	19.0253720331458	18.5417204790111	19.4154743475286	18.5948284761862	18.5257710178364	19.1526048960081	19.0330296800552
M184.0741T684.94	19.1275244036792	19.2156699774792	18.8628373862162	18.8310556660421	18.9371170509172	19.1681102689354	18.3499547604219	19.1193651666428	18.9579009250351	19.3318383477824	19.1284058347708	19.2531697874279	19.5849411081415	18.5112250822944	18.569100684155	18.3049653064512	18.7923305101432	18.9278969742179	19.1367125167205	19.3962875868224	19.4425849035871	19.2574594777204	19.5601905598015	18.963851847278	18.8353627995386	19.8230741871196	19.3769538401104	19.2090162142952	19.4207276774003	18.5232106814338	18.2311091502152	19.1471920914282	19.2066595894479	19.1825030445663	18.6917304933295	18.7898176589826	18.6356143134273	19.3431798177696	18.700525197364	18.9684398792332	19.1652119614864	18.9864346601395
M184.0741T702.27	19.0217871200895	18.6370371054791	19.0379144635196	18.7891312014302	18.4954875745165	19.0302395984993	18.4935111485991	18.9302186228423	18.8966433469133	18.8955873457216	0	18.8273263548158	18.521328196144	18.3738164012757	18.6800340507582	18.1488579694339	18.5999652576691	18.8947591480917	18.4435565217612	19.0255750157646	19.4674706757616	18.682930193292	18.4350816751288	18.649973209271	18.9454472130935	18.9193072972831	19.2139901457727	19.0135230826086	19.0062527024914	19.0614132652714	18.2826132381061	19.0551659076967	18.9119041683015	18.7534977792852	18.202066997044	19.1225713654827	18.3277589727491	19.1492755895114	18.8555652234902	18.6705423150547	18.9161771124918	19.0230966626327
M184.0858T67.32_2	17.7281328134736	18.5117136185781	18.3808167503728	18.104701540195	18.0789827023805	18.0894824329678	16.879657046765	17.7983046731692	17.8794937621883	18.6660009672731	18.4997464404845	17.6429123316502	18.1926759437421	18.144737177798	17.7785739780625	18.278452553301	18.2787487328094	18.722736555418	17.9603516940728	17.8010732513466	17.4490438712749	18.1798303558851	17.706565297543	17.9375861509335	17.7959551262531	17.3194794714434	18.2403412017972	17.8250614224209	18.0235310518274	17.2769775729192	18.1782584519585	17.7045305845552	18.1140755708077	17.8844984901837	17.8951039736647	18.7868714177703	18.0326770345501	17.3907302834078	18.7156608588978	17.7911633288629	18.3259869214081	18.3510368075214
M184.1341T59.68	12.4416383783516	13.7195209861451	13.4897824481363	12.3890634270608	13.8991953463903	13.6255820704506	13.0718267291653	12.6682569699123	12.8346451150911	14.2708251969024	14.2984499264432	14.4450550912868	13.0780602886911	13.6213654369632	13.7650247730295	13.3795301179506	13.026889642642	13.64629865861	13.3857201683824	13.9765333406328	13.4827975504211	13.7054584326831	13.8283125155707	13.9955613793419	13.3906440342676	13.4219586813897	13.1274416682252	13.5550443570858	14.0835483781025	13.4339556646218	13.8949255464051	13.458007596988	13.1088396732233	13.2399283301986	13.4618531118143	14.7522765204016	13.1974132654898	12.0582671064957	14.3815570037121	13.8337462909726	14.0353437482018	14.1775670513457
M185.0817T426.33	14.4554494838588	14.9993758215397	14.8606078581735	15.4620424821705	14.4784155082192	14.231066725083	14.9520097584829	14.7959343703023	14.7427811584498	14.2465698267733	15.0776118778566	14.8665839392843	14.3390505179429	14.8752390381948	14.6577575405479	14.6790709684124	14.727067953836	14.3360252126997	14.4381586678037	14.491997958903	14.1157851889068	14.5559286464738	14.3842884518766	14.688077601496	14.8111456382671	15.0855503021037	14.5416614181686	14.5507326095429	15.0506587476991	13.9394264597711	14.1354928101363	14.9590732654076	14.5850933006062	14.4482901500663	14.5359232653003	14.5379957695261	14.4708749569011	15.6583466720397	14.4818586076233	14.2683543185714	14.2494701628884	14.9579365703585
M185.0921T68.63	15.9526662935934	17.7883725455732	17.5273327309525	16.7834932630422	16.2073890357234	15.6627847621086	14.7083512476692	17.5244481560427	16.9756838104757	17.3354798722479	16.7527195430662	16.5434839007426	17.1257447196203	16.9231086767758	16.6986890227134	16.9545350290479	17.3875538247848	16.4340847480175	16.4621121767793	16.9107981660606	16.9101185643515	17.2577308022061	16.8290102010811	16.4803552222123	16.5361026797869	16.7949098341515	17.0215762305822	16.4728967842003	17.6040078965371	16.7609270100259	17.0388131130209	17.4525619340544	16.5479236822229	17.3487756975868	17.2059882007337	17.0257302248563	16.1489113417157	17.6081177240698	16.9719359943807	16.7742182068018	16.7621041457096	16.1385323356205
M185.1158T379.28	16.281896877153	16.1660396225558	16.0500950152158	15.8665932905715	15.8764065752483	15.6514413079618	16.1975235665146	15.4888852832437	16.5279619340624	8.68693252429235	15.6973951487555	15.5834401997899	15.7725476909648	16.0299292928606	16.1903667073917	16.2579752705673	15.7841689045896	15.7163040838357	8.73488937641116	16.2810564233031	15.7654842533604	16.7839175727966	16.5163804610411	15.7488184573983	16.0426390277068	16.2100935334568	15.5345595832779	16.0841999070475	16.0462815661817	15.4425693558056	16.1688882137734	16.4399786853513	15.8097813335508	15.6241865827138	16.0572685978354	15.2115060751415	15.8047376754988	16.1385447849428	16.2454311092291	15.9939852285915	12.1665693442422	15.1637516086684
M185.1291T194.78	13.0992020162729	12.6001229236568	11.3097006219578	11.0063873359943	14.2362762889207	14.3501921502827	11.362133636686	12.2511972211209	12.681820482347	11.7325335941141	11.2681952761104	11.426662590224	13.9805326653825	13.2332558261335	13.6207082831072	14.3465099363955	13.8880522555916	11.075221854651	12.9648346431059	12.1504355331633	13.2396027146758	12.8188206645762	11.8605627540532	10.8283794380681	10.7184326365331	11.15215826029	12.9077681658914	13.841363752229	11.4120897416331	11.605740045622	13.2082254537978	10.2045695062157	11.8188459367927	12.2784913941137	12.9351242323077	12.6178030285026	14.5375004804744	12.3659841829947	10.9583437603935	14.3223669991478	12.6337611922493	12.3681054969613
M185.1294T310.42	14.1350836541609	16.7896452985057	15.9328144587181	15.0509034853164	12.5149286065411	12.7735185107461	13.2654854323068	15.4822296520263	16.2619899374044	16.1485804706372	15.4918995386005	14.8700339998376	15.8765566536385	15.632132908469	14.9867583770844	15.1363590913371	15.098026722744	14.3613219069037	14.1830566828118	14.214817987589	15.2538073120199	16.3920669105083	14.8016325973766	15.3949451593931	14.9219521571376	15.0818948096187	15.3223231657504	14.7087914732816	16.1168417216314	14.3984920418823	14.6763286774896	14.7694397940287	15.1770987206729	15.1488216545396	15.8082689370728	15.612947319449	14.0545864669841	15.2708680881462	14.6152893738325	14.2332396041665	14.5077861804802	13.8590265519448
M185.5904T64.91	13.7036971413832	15.0957501368316	14.9239086174555	14.4038102706335	13.3182714013666	14.2628410011815	13.9138750161018	13.2336708855422	14.7750191066171	14.4299957068044	14.1052022881006	13.0912304790394	14.3136919502805	14.1543243493979	13.9849415718243	14.7348909322582	15.0341304823801	14.3864880069691	14.3038107809124	14.4591259898955	14.6362478190877	14.7072986173183	14.1878039156752	13.6893479521967	14.0834038785746	13.9921666655121	14.8984964647008	14.0906188454762	15.0708328670986	13.7614415761887	14.6042230460376	14.1581786810031	14.193320549216	12.5878587408328	14.521256044146	14.8065812699604	13.6451085818166	13.993291840641	13.9392411719886	14.3366390688164	14.2121786716139	14.2745418566645
M185.7149T67.06_1	14.1609495602927	14.9870540293247	14.9027720298667	13.8178089526195	14.2567501682086	13.9657635787433	13.5455855129055	14.3648394892201	14.4352690908846	15.2185388920889	14.5354942444827	14.0961139717038	14.8740691601051	14.5519409964035	14.2422621991621	15.072504223293	14.378400625382	14.3394669161232	14.2148504942467	14.1475891573906	13.1686961194119	13.9888575467476	14.2086568557099	13.8997516171548	14.1563524952246	13.449830126726	14.1168648787382	13.9002194070793	14.2806478926168	13.75721993791	13.9035490423934	14.1005414818381	14.3844423529418	14.0610537854892	14.0874234746785	15.0870449493816	13.5509924065488	13.1280481575285	15.1356789662333	14.2912168663728	14.748974410452	14.5872805040923
M185.9604T47.96	15.1027147953673	15.9506451275266	16.019000784142	16.2113290906222	14.9612277740309	14.7509703640846	16.2580347327759	15.0240224986316	15.2909058341349	15.1897816410487	15.5229579282109	15.5458763806479	14.5819537195934	15.0223572384675	15.0223255755092	15.0838770764081	13.8750401990614	14.3479319466501	14.394073192426	15.4432847217743	15.2239184412445	14.6708117175062	15.7370298688314	15.3041111297937	15.7611488823376	15.2989108002676	15.0862186285445	15.0763006026999	15.7920333756748	15.4033469240494	15.8929223712137	15.494416442039	15.5562528130384	15.4218006309216	15.4488707285043	14.5433330819491	15.0863115631418	15.4905147268095	15.3204878109247	14.6911906765232	14.7059508168253	15.4011376984011
M186.0406T92.49_1	11.0072424907974	11.012792697414	11.6534322711517	12.6334188289047	9.99917088392102	10.8810201184308	12.1398306713766	10.4365863998186	11.1852079306107	7.68548947599041	10.9290176402305	11.0762992865578	9.77005850724141	11.0961368567467	10.8078789166663	11.0830651490277	10.1118531676392	10.2685227619165	8.56701295420407	9.4021100722865	9.79134361128612	10.9130931746013	10.6435695796998	12.0779753874337	11.9370098995041	10.6315535464782	9.1200305974599	10.5781046013302	11.4297360071605	10.9817398203849	11.0250351229415	12.2191587206174	11.9827930900497	11.7956906238888	11.7414558351304	11.2709386137856	11.7167221276686	11.7871353269963	10.7743198982857	10.6058578917972	8.94037019094912	11.576965206163
M186.0549T50.06	14.653471222819	15.6269568214984	15.4156207925384	15.6986539863871	15.0250099384217	14.570281062568	15.5162403807667	14.6435120177023	15.1873755877749	15.3327259834444	14.9514402857547	14.5771268541627	14.8733666191266	14.8507996360988	14.6328568255735	14.7680039518475	14.5374321314678	14.2255242489098	14.8093767618497	15.0069863456607	14.5934164511718	14.5661448993518	15.1492755563315	14.6249762157708	15.1585936226029	14.7625544955284	14.9855972242861	14.7142101338061	15.1497003741258	15.0844706321304	15.0952360043506	15.0510120082862	14.8591661913561	15.3007346275381	15.0593240051521	14.1061240405343	14.9268321423468	15.0597083973233	14.7601188088686	14.4502410437831	14.2990684615497	14.5068560570418
M186.0593T251.15	11.0934452465395	14.1473641797496	12.2954592800999	13.9933351034218	10.4161561362717	11.7678761477647	13.3768949635982	11.371409451383	12.0481874607036	7.30633081012068	11.9240590793306	11.8143220516309	13.2219240395813	10.9453934898277	6.66089076534981	10.2048025980395	8.08701227429101	10.9062446923342	0	9.4052454663621	10.5097794122532	11.5934649696233	8.94104209331831	8.14003451615555	13.8095888898917	12.6949859267992	11.1396668476762	11.2106229461142	12.3756547911594	9.23021879999393	10.3962135428147	11.5967202644536	13.0940950522501	12.8023314244173	14.7745088737301	11.5502049753402	8.01474788293937	14.5985326818861	12.5767063505648	12.0279456656772	12.3335533862203	11.4402152053283
M186.0767T61.18	15.2109678320663	15.3055515086039	15.0916537181982	14.2617869115028	14.8423330485975	15.2640750809209	14.4882131320385	15.1167513700605	15.3196174225377	14.5264981102508	15.2859437123624	14.0828716696972	15.5133221464837	15.2691405242015	15.0387577468862	15.8262657877289	13.019727442681	13.9713631276687	14.8354330056081	14.8395311316603	14.9168891399588	14.4636855942719	14.2107145462361	14.2096394302872	14.4889504699643	15.1817259604791	14.6979785949877	15.7440253630795	14.2484705235306	14.5944476167096	15.8010423249868	14.846335796481	14.9574737148423	14.709233321527	15.245334564252	15.0975039633224	14.8175539869731	15.0928269541516	14.3604333286125	15.1936562931841	14.4405087981583	14.5361795062587
M186.1128T66.32	15.5783264938618	16.2241513348093	15.1851897943415	14.497266829788	15.9543761318628	16.1021896593159	12.6822238188832	15.6653021686562	15.927375815824	15.5531343762095	15.4749762850817	16.2958027210785	15.6396483322681	15.6906136806618	16.0537574389633	15.9955191008213	15.7516278070831	16.0638558012217	16.1431153551638	15.6653976740954	15.350089429528	15.4076243390597	14.1478617562284	14.8299696269876	15.050691106672	15.1295043734148	15.7979528174598	15.8530024694157	15.2039403073074	15.8695552255994	16.1061368403946	15.1290701022081	15.0579701748408	15.3974290468138	15.5935976443827	16.3951843373899	15.8275237708183	15.0444446184351	15.6794333112463	16.0461922801628	15.6718409833753	16.6037817032991
M186.1135T347.91	15.5733564256791	15.5610322894762	16.3732795024434	15.3131087501458	15.5207879963174	15.4285386560257	15.2305755129383	15.778751391181	16.1320793944784	16.1603253168826	15.1705570749657	14.4122230633896	15.3862831090347	15.4633315744839	15.8518305589977	16.0724493167647	15.5755919741153	14.6143052493669	15.5844262209034	15.8498771638137	15.561666137373	15.8896001475752	15.492654042106	15.0387767107298	16.1003891200058	16.0234301170989	16.5980151751252	16.4297565690865	15.6519282972242	15.1819702949623	16.005705962287	16.4018300801976	15.6970234378759	15.7298927803977	15.9977517678695	15.2571924800926	10.4461243240659	15.2954722639063	15.1324331604794	16.1363721950859	15.2248866711046	14.6397470338725
M186.1191T379.16	11.9972430153756	12.0386324520564	11.7277185591633	14.2962762613988	11.4466283381536	11.3323298476119	11.7724138149413	11.3541052971719	11.8000683171408	11.1433993145527	11.4999802168562	11.2673240347535	11.4550112661513	11.5911004461803	11.5701307762866	11.8784661447275	11.4854081845183	11.1951669480245	10.6939191029991	12.0424589862188	11.3419091327889	12.7766023909952	12.597132552173	11.4144543906541	11.8622460454527	11.8616895517265	11.3282485822027	11.7846708843374	11.6180155075112	11.0810452696614	11.7815928950852	11.9544741475744	0	10.6792562084135	11.6568658388435	10.6091772062728	11.5579322212786	11.9165827570865	11.2047727943665	11.358806895744	10.6848994256245	10.7811188242883
M186.957T230.64	19.1170193228174	19.1947108270315	19.4160078574498	17.4803816071802	19.0539145016948	18.8962741374836	18.4277062478481	15.9794981507332	18.7545563123462	19.2529947548291	18.0542352980528	19.1657838689031	19.0726722283985	18.4691846251415	19.030738233646	18.9672456812524	19.0394407617851	19.3287176006072	0	19.097455811672	18.7342285867283	19.4511806209864	18.9742406546168	19.0595284482506	18.7218123746534	18.8453573327521	18.3078673094992	18.6862885777505	18.8752575756702	18.914171016865	18.8909606638432	18.8084612162132	19.4044541067828	19.0607791825278	19.0620014852349	19.1080817641454	19.4293680574511	18.6825359866499	19.0732487206275	18.3885248127228	19.1992652406431	17.5978533750459
M187.0582T50.01	14.7219818710336	14.8517032833138	14.9131191007287	15.0702455886007	14.9236300209748	14.6666403639552	15.1670943775951	14.9446954069508	15.0908107933413	15.0087974885462	14.5700574884928	15.4314427653001	14.7712255892013	14.9083310907094	14.8057287093525	15.0825014954332	14.5620156524558	14.8838623666103	14.5749616564134	14.9975228413184	15.1431019410018	14.9854093384603	14.9145816202085	15.2409817476091	15.2639632599117	15.5169497927756	14.4076121744858	14.9002153152063	15.1729749579341	14.3334405279892	14.814168693983	15.3071426918208	14.803161049379	15.0296111012156	14.7835078846759	14.8247174846535	14.8006175410198	15.2038721179993	14.7924775634628	15.0999110655662	15.0099162845657	14.836562630125
M187.3228T58.26_3	13.9912349166873	14.1591799677955	13.8990082126088	14.3872159978624	9.50771342414715	13.2591188884109	0	13.8477448196846	14.4145871654329	13.6203337679849	13.7356180592757	12.4794097338182	14.0257061789807	13.3905959635195	13.989663696387	13.2222290162934	12.2273035823632	14.4036707671892	13.6364012014074	14.3166052675833	14.1068471475278	13.9324576013978	12.9382677754317	13.8899654869184	12.2006141046027	13.6213044638012	12.6029673315936	14.1952655019994	14.0354958193067	14.0221921394919	13.9429625021546	14.2539557797568	14.5041377641218	14.4836484598418	14.0950219051739	13.9833597771848	14.8201324725753	13.2525722576918	13.893561040967	13.2651201397438	13.2399574449259	14.47530910938
M188.0508T90.36	11.4497222791022	11.9735369787806	11.3451394521209	11.5065077339351	12.1912028136392	11.6907913405748	10.7928739368887	9.52768047685585	10.2574155290273	10.5779309094492	11.2028228526162	11.4815583920086	11.3579809779855	10.2436585712676	12.0297288361817	11.6012611589859	11.2364248006216	10.9589701034522	11.7448380474301	12.4704703880103	12.3170345278515	11.8223460806668	11.42714427638	11.5547317160134	11.562830170079	12.2390356445153	10.9466354191514	11.3938456225634	11.9073633827685	10.38456253707	11.5599435221941	12.5382078041593	11.6079599888582	12.4122330762064	12.1364810836338	11.3862851438722	11.7325489392643	12.7762086146813	12.2105162391264	11.7932131534827	11.1627812017546	11.5831175439522
M188.0685T114.12	16.8665253634889	17.2410297265859	16.8945898817896	17.1350645725883	16.9071739212028	16.7313223140617	17.0107185599751	16.7546503902712	16.984651687869	17.1507839696319	16.7114258199841	16.985143323278	16.6415308161283	17.0484008425932	16.9127315954061	16.9861924040246	16.9259197699855	17.1556773936832	17.0071816223558	16.9679834495046	16.8396215187651	16.9382134194679	17.0284405043896	17.0550819686822	17.0832471299895	17.2953403713816	16.4655067324038	17.0918149730886	17.2619512253035	16.2993229996255	17.2160413412207	16.9687668071836	16.724710285627	16.9714196528169	17.1239547279322	17.4075554739053	16.8022314141619	16.8606129905044	17.318983283637	17.0969300201503	17.1864955678945	17.2216194587867
M188.0716T259.51	16.1033874793063	15.9308549002659	16.1287854395923	15.476592993232	16.1784477143285	15.5855018546633	15.4911231547535	15.5231966937527	15.9382896363927	16.9589424407542	15.9496146624267	15.4432959905104	15.7100836373504	16.4098934107328	16.3382116573938	16.4373924876124	16.4316192082424	16.0380252315995	16.1935717926695	16.3137561069821	15.1400321737625	15.4934455515608	15.8635481171903	15.7819469184773	15.7929764728695	15.8822729095857	16.1071580856776	16.2402456749512	15.9667693042181	15.6263427303995	16.40536833195	16.1844244285035	15.9707086359324	15.8211183099949	15.6858908570428	16.7853965177634	15.8912197605162	15.5844102799825	16.2663015921684	16.1083353984322	15.6731730495585	16.1722638430976
M188.0926T85.21	14.4746380686246	14.9272567961996	14.5393118083844	14.8713104593306	14.4383904015527	14.2285813933325	14.5447183812795	14.5123821136563	14.5729393757514	8.8144972473955	14.8444289699236	9.9175174993405	14.6367373300007	14.4006002541388	14.3741158739445	14.5188994137513	14.5679194993812	10.0313944712231	7.95490309669977	14.093414587859	14.2693063029028	14.6706968168222	14.4417459850535	14.1164805438851	14.1872369686656	14.9330231227391	14.5892225468493	14.2585141638921	14.9325364509575	14.4021439572008	14.605619703242	15.4986646333996	14.4322465242942	15.136794541032	14.4769511831398	14.4325880585432	14.7367887327508	14.4057177411484	15.109264824974	14.5845527969452	14.3637904444759	14.3009685392702
M188.0927T133.31	13.5892979763812	14.4681585783797	14.0455600624375	14.577390372806	13.5920246430645	14.1143869884142	14.1531498020513	13.3509416487039	14.153807953689	13.1337419868532	13.7953704069903	14.1500776354522	13.7722863768031	12.8099970010228	13.992652404662	14.0579801110652	14.1185914083362	12.6783111270864	13.8810658149751	13.8805640298917	14.5675805741031	15.0254029176692	14.216686238933	13.7783428179768	13.9336585539138	13.8514201317808	13.9014297881333	14.0775688750101	14.5002427921153	13.5073027177064	14.2457616494152	14.9290196458874	14.0576168579098	14.5406214657597	15.016526218462	13.5598449479329	14.8165314153669	13.7379555837149	14.0135686931837	14.8039389367128	13.6910177587243	13.9635448334467
M188.1165T125.95	12.284108687363	13.4215429358034	14.0779578960151	10.6953267400323	12.1462216499387	12.2835978236704	12.1779767314727	11.6736382225727	13.6011535284914	13.1892758210926	12.0624285543955	11.5045937731321	13.1692850195406	11.9849752563066	12.6240792028499	13.5232130582027	13.2646222946689	13.386293019319	0	13.1865389109988	13.1904064522049	13.3800935603497	12.7107494625668	12.3908944891892	12.0295053332364	12.3443205911857	13.3798717992247	13.1286741034748	13.7694254291311	12.7029132254103	13.4570438127467	13.2753617244691	13.0206614176806	12.8794389532239	13.0570379236093	13.6009564508132	12.6368371399706	12.3721116274075	12.8909665779347	12.630783672465	11.9169750735348	12.7449735259438
M188.1289T93.58	13.1423240521063	13.7992604163068	13.3941315211322	13.1199344545934	13.2163637378101	12.5977283955686	12.2337107587654	12.7520504989176	12.7335835679129	13.428020455933	12.7131046191424	10.7948179519321	13.4890449471319	13.103427212189	12.4922250240716	13.9134100309912	13.4128558672864	7.21081556695064	12.7385461503162	13.0343394560991	12.0053703691191	13.395952208705	12.6737646189031	12.7937655135053	12.5519705315727	13.2158182832602	12.7048887221778	13.7432913875717	13.0726653524798	11.9227618647656	13.6078514702124	12.6395131123374	12.3521528450369	12.3649012478213	12.4240395638513	11.4065784207064	15.0295003379324	12.7204995172762	12.4464168794058	14.3287759123155	12.2737644432015	11.2740932104013
M188.1291T402.13	15.760185131067	16.3280924135583	16.217523290928	16.4373779078976	11.4085678203073	15.3075738380617	17.2588445506356	15.6356519028155	14.9469990014577	14.2616647609057	16.0309208073678	16.319308178809	15.3064082902966	13.7915066628672	15.7067160648752	15.691922642814	15.5833513357653	8.52562248783474	0	15.6469508860052	16.5030333810208	16.7292883506987	16.9556635919317	16.4233490817776	15.8008906028429	16.9855958076411	15.7105683219304	15.4593839471675	16.4534804607102	15.3828676350902	15.6116171325308	16.7476881192379	16.3520549783724	16.5004640170867	16.9157680933404	15.1629418448538	16.2958336666347	16.344724103882	16.6803473265367	16.7749170572808	16.1671486185189	11.9332465976361
M189.0769T253.83	12.5918354377784	12.8824123773091	11.761128697518	12.6333242692542	12.6313129483443	12.5996688937934	12.5296029182571	11.6549142560075	11.4050735099362	11.1787527905372	13.2887517280526	12.3156583323309	11.9740127009296	11.6834153122358	12.6793012997565	12.6579252654837	11.7712304801552	8.20180368147197	12.0086186248767	12.4158231077417	11.7485324230532	11.7375462107923	12.4924634101032	11.3417199950553	11.4634445032555	12.3651812588705	11.5263698581341	12.4179229562902	11.5976918036477	11.8909532210843	12.3803480379178	12.826874675017	11.6160336482449	12.5144179051631	11.8418250498596	8.67309109955923	12.8960195347749	11.7656906164193	12.2697296334431	12.6510951218211	12.338185209886	11.2332248647435
M189.0876T59.58	16.9800373262174	18.2129878518856	17.3365191769952	17.2033304947611	16.7294316618148	17.004063792683	16.8197240930242	16.7465465424796	16.9020890859959	16.6918930292803	17.2724600190086	16.4844724031348	17.8206599245254	17.2681364577139	16.7422395154487	17.4972270110416	16.9785235982583	16.3463479736084	16.7512804367	16.9288358220109	17.5024149067959	17.7530580816621	19.5640824272021	17.1383048001509	16.9477393611769	17.8248188541608	16.662987673836	16.4957906887534	17.6971248814506	16.80417065525	17.162823996055	18.013019685355	17.4332347099907	17.8815837768551	18.0479368063021	16.4704514247092	17.6498558276381	17.607180991081	17.3028581803969	17.5276570733427	17.2747591213471	16.8057948679685
M189.1031T81.46	11.149621251098	10.8036368731668	13.2162295745178	12.5567826199359	11.9259681329827	12.7844802726418	12.8203724045863	10.1820298397659	13.0028163996406	13.5209564697826	10.3045170813975	12.1013415973449	13.2715135049524	10.8257352864208	11.0304613866248	11.6770485106869	0	0	0	11.4053156772742	10.5252377816766	0	10.1828700906163	12.6042592781482	11.0912552163636	0	12.9348493891968	12.4905206972102	11.8332124611701	11.1114473030765	12.5733346796454	11.4293710072587	10.9828906317762	12.6574308181213	12.4372919408252	10.603859531644	14.0467623793029	11.2588866161376	11.0096080952455	12.1716355298504	7.33487068800147	12.0107377147111
M189.1131T392.38	16.3135424244291	16.8193264377621	16.6042175049631	16.5469279545838	16.3920055173222	16.1808412702858	16.2347989290096	16.0746591759598	16.7095137378055	16.6378353722062	16.1332865909025	16.5830945021538	16.2394014103813	16.2571361282101	16.5977737007372	16.9454152584747	16.8252907842015	16.3156626199657	15.8769857211683	16.4425419467933	16.0016350138545	17.048262072842	16.0054284291601	16.4217096081498	16.5949646961859	17.0390598303214	16.221410633425	16.397801638026	16.5831998276646	16.4316324704227	17.2094877923302	16.5813899323601	16.1528588415418	16.0568917009825	16.631749356893	16.8035936496917	16.9324149017582	17.3571508222357	16.3848374948999	16.6638682624626	15.9746449895933	16.5858770213807
M189.124T53.89	16.1849101988094	16.4833910622598	16.1914126015258	16.2257434287328	16.2488161754822	16.1854473779836	15.6305463878805	16.2099001941654	16.5158413636551	16.2792215218496	15.9817833360317	15.8802629934513	16.3863953634316	16.3607361098408	15.9406516354166	16.2315603843151	16.2909867632039	15.9720159966089	16.0486476332114	16.2019997173273	16.0027585181698	16.0106304411727	15.8675131447715	15.9862972608118	15.9151160952797	16.2189760970435	16.2061360350645	16.3429026181933	16.2777648307358	15.975611856591	16.3442376657429	16.4198545925131	16.0529073560078	16.3205116865935	16.0269372109297	16.186014658735	16.4050848412814	16.3082654147671	16.3015582606123	16.6738335126303	16.1425734700143	16.2933225491447
M189.1605T44.77	18.2490568986226	17.7440836491941	18.1827098399883	18.4041811120256	17.5660401627387	17.7797377648632	18.5892252291288	17.8797777712332	18.3666379902794	17.9477606425837	17.4118001743502	18.1856386652493	17.338399880146	17.7470019281957	17.8819718881578	18.1186147906126	17.5084355790581	17.0216297911529	17.5938266414815	17.575336748058	17.3819894585036	17.5894302138398	17.567734126481	17.8427439368512	17.9666356476463	17.7353045061226	17.8950488025795	18.1226419413017	17.7553391759281	17.690993534112	18.4380940310211	17.8186333484757	17.7065230061574	17.6147654156507	18.0102375708326	17.3264000997809	17.879785525385	18.3531144831231	17.9141703097331	17.9266698900572	17.4254952486695	17.8547838407042
M189.9626T46.46	15.6249868800228	15.4932595752628	15.7353481325722	15.7120994572946	15.6056878004656	15.3116314506374	15.7948915989538	15.7104417971903	15.782716797195	15.6884248700222	15.9534576278856	16.0584805377746	15.6871777082795	15.7488412405328	15.6103728670566	15.7384669351816	15.5888891476748	16.0008656550332	15.5195133881954	15.6827932180724	15.8082602922116	15.807867008627	15.860173333811	15.7514151675097	15.99087824445	16.0087650898136	15.4428909085834	15.7950169886659	15.7167385525438	14.9748356041737	15.6885401976345	15.5829150593774	16.0221617982414	15.6222617779507	15.9444977033623	15.6807164701084	15.4123309462598	15.9468330095183	15.9375121455989	15.9026623979993	15.9354204505705	15.8245333891598
M190.0508T281.64	15.9972446059105	17.324463251664	16.6145258944174	16.3167997884007	15.8350419568685	16.3201547754594	15.9676062395496	16.0335183030996	16.6699959773099	15.529027771683	16.0996704460662	14.9048447813895	15.4926852168602	14.9265447530653	15.7522995989994	16.5350475153768	16.5098337044127	14.7953448296503	15.0698406750001	15.5624317434918	16.1677835344006	16.4489444652507	16.3841894316989	14.9128008392583	15.7137750826967	15.5569655871668	15.8795637386221	15.6633372017911	16.870453838348	15.4577029802626	17.0756631474571	16.4567581186288	16.3364675805473	16.6706664184583	16.6097858766243	15.63051870661	16.8392437421839	15.3658308605291	16.5522417557075	16.4760081872203	16.7255826146473	15.6505767391282
M190.0509T347.68	14.4420617966047	14.327827129676	13.6046161119252	13.4403173089904	14.158334404479	14.4926109897803	12.8833492320819	14.1181072606072	14.3070716353102	14.2345848248963	13.2037964123681	12.7475033101956	14.3212498126288	13.9062723240429	13.6501146757823	14.6054298983147	14.1834432006523	14.4993336193033	13.6431972133978	13.6303352821426	12.6501872243281	13.7089447325363	13.6276535799529	13.622922210594	12.8955815599641	13.2115689391736	14.0534807492524	14.0896663925381	13.7339685322221	12.7939558273173	13.9297857158343	13.5322127102004	13.2520675685756	14.3566002330687	13.2045360522652	14.493346057803	13.5830318208297	13.3991269563989	13.2198617495887	14.167104963714	13.3745815622725	13.9370882020793
M190.0771T230.03	16.1419168235968	15.8894012894582	16.1438438734819	15.6853437169966	16.0046226567564	15.8503253838873	15.4405298109046	15.7211118900316	16.3115592032623	16.4317249504876	16.2027919206892	15.3423230036813	15.6631312448786	15.7070509888681	16.3523019152848	16.4729211301834	16.0024378206248	16.3062385772132	15.9567321968857	16.1838834605313	15.662121742107	15.4339392061647	15.8503770861402	15.6837643973182	16.3268207328779	16.1152743075044	16.2138516884675	16.0698838518848	15.741700086819	15.6382795719505	16.2939100031349	16.0475057155023	16.0619294581514	15.7218940187105	15.7363144043272	16.6263211644505	15.903718929268	15.7602035922844	15.8078557649849	16.1161417905655	15.6830204133987	16.3022783121549
M190.0826T198.93	15.0523583972875	14.8413951746223	14.8983100436377	15.0174262714395	15.0884465200399	14.7609936866477	14.9562150546769	14.9028433118994	14.9691933646252	15.0048241309122	14.9533851726796	14.9498131539038	14.832531974649	14.9985024647482	15.0806845537239	14.6945521284348	14.8047196282203	14.8652570629849	15.0501777160941	15.0749050034047	14.8087909695793	14.9114893320326	14.7861927931598	14.9917720882994	14.872754547248	14.8493630703286	14.5898127516596	15.1640265837055	14.9263989996982	14.7269303257397	14.6876640978661	15.0141465687045	15.0385445023764	14.9849176333814	14.982401672085	14.7108305769986	15.1097944146458	15.0173882966953	14.9406858653932	14.6236556275618	14.8998188628486	14.8776165999844
M190.0829T65.09	17.1499372717415	16.645149022698	16.9188354608056	16.95654617416	16.9804858713998	16.2994806836211	17.0000819204798	16.8496158953574	16.5825378453526	14.9505640983713	16.8907796541225	17.0919987961926	16.2967382395948	16.6541918637936	17.1058510016439	16.6969774867212	16.432827209136	15.6639713893926	16.3954851981059	16.6995784679428	16.3983221159735	17.1287033044637	16.785435249037	17.3205733102075	17.5132700765659	17.3953279621324	16.4757444004493	16.8079746663354	16.680225487595	17.0911091570531	17.0411154332514	16.8422302157544	17.0481793679064	16.6687945133904	16.949972733202	16.7006437382476	17.3405805434119	17.3576245814386	17.0176783904259	16.4008484457699	16.6358515511172	17.3194996507206
M190.0929T295.3	14.6023467370268	11.5921228732276	12.4779479192001	0	12.4472140092909	13.6902067124625	12.1159205326255	14.7847891128853	13.3459010720105	15.2081664037364	11.9674621064955	13.8730644836637	13.6594316318306	11.4812653307092	11.6333732993077	10.9199178680905	7.22545035505925	7.36541465649903	13.5380986060484	14.8063690958468	12.6035092654508	9.85871038801045	14.5191762766604	12.5326876882083	12.3413207296401	12.5424326528161	14.6569885698689	15.372103677606	13.1553391045132	10.8888330784512	13.0016803043587	12.0189930495924	12.1732603393253	12.4820096350084	11.3606654607207	11.0077154021505	12.7453406656931	12.3770964260225	12.3294336328784	12.3870895095288	9.25598570481558	12.8676608488118
M190.1078T115	15.0893041150813	18.20656352967	17.0606159564642	17.6031152090303	12.7608288537905	12.8752418965563	17.3335834218389	15.2290784471534	14.9360021690214	12.3220932177559	17.3181900637831	17.8232628808541	14.8298820893905	14.4404466036344	14.9977489924434	14.7951532549778	14.5823430432131	13.6925447673663	12.8627339823558	14.3620107926715	17.2552004254247	17.7467255215545	17.0555816396523	17.1010245618896	16.6384739443213	17.0302257851784	14.725349198603	14.8300715061897	16.9880527815474	15.2494093328229	15.2194043248605	17.8080664804514	17.1484425459109	17.5692552953473	17.0253545968593	14.4635225637415	17.2612415636141	17.0378823591934	18.0233909294954	14.8399680268174	17.7176346946321	13.2825806564441
M190.1082T98.83	16.3098787338296	16.4009287980354	16.3319133106117	13.1410836614042	16.1208075505456	16.0410599084352	15.8773999899064	16.1242368910054	16.1145048932385	15.7533609622409	15.8708541799416	0	16.0807441343607	15.9028144901649	15.2461365856504	16.5955581323878	16.0206698425063	15.5523997381484	16.0962030330473	16.0705667076769	15.7196947233351	16.1794751634673	15.903746361974	0	15.7684124783514	16.1141251532494	15.9093776339232	16.5990819227772	15.9484990399559	15.104162687565	15.7638850238883	16.5058483763126	15.923774726281	16.3046510566088	16.0400161694129	15.6023416177665	14.7902798743011	15.9990856941907	16.0904842828828	16.6571727652723	15.8053989342221	16.1719809518883
M190.1083T211.05	11.9851559959468	12.1090446358026	12.6325145967197	14.3842199188867	12.1847131013798	12.5339507843004	14.4232689406563	11.5067251687193	10.3313689644768	8.19128526236691	13.3214857982308	13.7471376572801	10.6988868684572	10.495791805762	12.5552293598288	12.2541448139697	10.8241085256165	0	12.048986192554	12.2994451642033	12.9158144566373	12.4131325198778	13.3430656619097	12.903544876869	13.1939601470135	13.843868787274	10.2928747151256	12.5820867424015	13.5485447164932	12.1377673460501	12.3119285205519	14.9809948452019	13.0265796742728	13.3110396809154	13.4555418594073	11.5164895444202	13.6571422547875	12.4453617034371	12.7294796897501	12.2161747201235	11.9100769756816	11.4949804923152
M190.1084T290.99	14.7365820515628	15.8199677138073	15.4086806961169	15.3088164637571	0	15.5471430801461	14.2755418131228	14.3420603062956	15.8784487774367	15.1365881447965	14.8264824205929	8.25332673618529	15.3485034737454	14.5886614093799	14.586647695965	15.5319719427527	15.6323754951796	13.8322852337294	14.7773566663433	14.1614057397592	15.1441967036755	15.5540091280537	14.657877888745	13.8447010039824	13.9380607702245	14.9728491051697	15.5995611452304	15.2349016181007	15.5908813542089	14.3243890412477	16.1890584775606	15.4008753301252	14.8718214139183	15.7340745478787	15.8298275979804	14.4726416168646	16.1199619685348	15.0143936102713	14.738988188302	16.0172018224293	14.78057916694	14.1732428806882
M190.1165T392.44	12.0769588515347	13.0551620274265	12.554571702747	12.6359137374467	12.5115318143597	12.1578692453143	12.4536127027569	12.0936046321304	12.9358882366489	12.8556379917662	12.2273398469611	12.3501784257275	12.2398805991819	12.354018849115	12.3660833394233	12.8461477183407	12.7128813994618	12.4612658232031	12.0500297868252	11.9795725831676	12.0529385432527	13.2763762560908	12.216243389346	12.0548480356678	12.8125022875557	13.3266816144713	12.6270063633601	12.4988671194337	12.8008703323248	12.1463433346072	13.0497998077152	12.370747170414	11.8696269067376	11.971391129123	12.8544133488165	12.8616870948348	12.7443469751989	13.2112049415776	12.2829926916813	12.9624204316185	12.1433689934516	12.4964647418262
M190.1446T104.39	11.3258187341916	13.2765210268315	12.5615062972117	12.9062178367485	11.5499767288292	11.265392338095	12.6359003586787	12.5367395485007	12.2575615111252	11.4955249629348	12.2299446417429	10.9386678449425	11.857378244841	12.0609327396647	11.7003726186934	12.8301961034817	12.2905652592	12.1670962180633	11.9324572169461	12.2401265879885	11.9968268297697	11.9869228828281	11.9050074420839	11.1605527244469	10.7360247132332	11.416077461438	12.1903830701959	11.9035797087402	13.0505359988197	11.8238739653841	12.5058893231921	13.1300936602148	11.9143051452537	12.658753742028	12.3710760523919	12.0838472650907	11.6124030571629	13.1991088115835	11.6427008087193	13.0570800065519	12.5449286994321	11.5444125161604
M190.1638T44.78	14.271488038718	14.0424379847994	14.2587865930873	14.7544910812091	12.2515043457592	13.5716506406227	14.7240558120622	14.4581066068224	14.7462390517277	11.957153245632	12.0997902548278	14.2280261329618	13.3664236349795	13.5541827450936	14.2045441218052	14.026792996926	13.6779300797543	10.9979164370663	11.8333163463027	13.6425519502011	13.5894957943951	12.3845973649294	13.7797463264692	14.2294310082664	14.132912760788	13.4998632879155	14.0613373635834	14.4000426145974	13.0264532297262	14.0127969925931	14.2718779160849	14.0975423319544	13.9545900517376	13.4477753252115	13.9091183425448	11.9438383870423	13.8826863055507	14.4683289750299	13.9048977698106	13.6789091572112	13.7057928785305	13.9063015806776
M190.9465T54.25	13.3523362878738	13.9943735090308	14.0979788492711	13.982457642555	13.7072972702883	13.5431587894695	14.0197364520935	13.7429948262502	13.7919124528885	14.1369442062999	14.4451675532471	14.0765570045245	13.8199191181402	14.1096731011183	11.7498854940033	12.0158365126855	12.2908825754649	14.0416942894208	12.6975019236036	13.9567143965111	13.7729161348033	13.2307997004005	12.9795424217462	14.3031611565117	13.9241556070304	14.7198944936574	12.6086728920899	12.2648282241473	13.9448729490552	12.6542253183643	13.0786600503976	14.1138408553479	14.1210255183334	13.9493528068693	13.1957271770334	14.7616610443103	13.3584924146245	14.0015412431018	14.223860130133	13.625944543347	14.1974959593301	14.4081793365178
M190.9936T56.67	14.4778660368402	15.7682246098831	15.6035097155547	15.7605749677786	15.251920442572	14.9668858699265	15.3708820067804	14.5855721373937	14.6670075351705	15.2453996187806	16.472223696289	15.6102406626479	14.6564946999298	15.0983706291312	13.6470902052028	14.4187136848798	14.6832469157306	16.0471350024764	12.6230832120291	14.890269709448	14.5162180486816	15.0489358092483	15.5030928320868	15.360775695361	15.5112172324698	16.2380012741989	14.5440702583313	12.6384329847582	15.9129207505313	13.946812125279	15.2518221261642	16.073684013935	15.437385699971	15.7832838667413	15.6535631133043	16.4381902327798	14.8043512839126	15.3297681400336	16.4045000752551	15.3693193632301	16.7779712922109	16.7725983514798
M190.9936T198.68	16.7841371759578	16.9194406614883	17.1975024885378	17.2774372672992	17.7888605253337	17.2580432321677	17.1916337043708	16.6554359401915	17.0575289925308	17.2154189744819	17.2479833818894	15.6911226938334	17.403006589956	17.0667491088011	16.8184867124592	17.8228279618777	17.6449462330523	16.4192080279688	17.6394492599546	17.5719028908502	16.8360598584928	17.6387805352174	17.8213276184996	17.5976918060426	16.8264033469358	16.844483819652	16.5582426849232	17.6306543827081	16.8993356063662	17.4009735215543	17.0032067395946	16.8555547270763	16.9269755110629	17.1655068610015	16.962233580445	16.9651947188723	17.1513170666415	16.8691443768038	17.0116717631301	17.7558479885486	17.1147517121651	17.5166941165509
M191.0587T285.14	13.2883928409334	13.3919282998533	13.4760867166087	14.1953832120679	14.1145934726996	13.4075739981568	13.582151730501	12.8514958748224	13.5017440667786	14.3176442953655	15.6259859042987	12.4929855654402	14.5737719558379	13.7726040947567	13.0469541757184	14.8548233391843	13.5123938891898	13.7510495374729	13.3958434410255	13.1707227634155	12.7465019460874	13.2194130741152	13.7387991748775	12.7124809975249	13.3445890601338	12.9333267354201	14.9550278428846	14.9573010734254	12.8544427323772	12.8635437601151	13.8530109445229	14.7203523697319	14.2018434670996	15.4449550611807	13.4877039949588	13.9701864555397	14.570362327407	13.7783198176957	14.3523335737161	14.2770127258591	15.3766916251224	12.9126836199891
M191.0824T140.75	15.8645807510626	13.7624040495795	15.7719945859638	15.9280278134045	13.8777735022719	15.4891407210267	16.8947228512835	15.3469299067987	17.2481040819534	15.8694213517145	14.5385889659896	15.0264781555711	15.0822170801331	14.3567953572164	14.3242761231428	14.9057244027014	11.8254336888128	6.85904661855313	6.81338871895326	14.0074719605009	12.0070341544411	9.29637198093804	13.4047321805859	15.2456436536502	15.8274692895018	12.8075317869944	15.6771183348728	15.5704261056657	14.153016756933	14.8497455028144	16.902865528032	14.7376556503992	14.4847313173149	14.7571493239194	15.1871799952837	12.7716892673353	15.4081841933265	15.3706491437649	14.737160969288	14.9839971085622	11.5351599246015	14.4955630628328
M191.1031T75.08	14.8544311838062	17.0424654961642	15.9204653317787	14.0022023821204	15.3667434587215	14.5435523179113	14.9538241746507	12.3893556905504	11.9826841001591	14.8237689056505	15.7424129583328	15.6946813234828	14.507104460842	14.2397740604868	14.2652656670684	14.5021789399874	15.1596543073171	14.8399244957148	15.056719924544	15.7317262553868	16.214234080172	16.1465737398647	16.5881937633569	15.5393232617445	16.1452058390389	17.1192372468749	15.3730313973664	15.0438339639065	16.8284174160982	15.8594622655947	14.7309589746535	16.6779199693002	16.5636377787861	16.9171724892822	16.3045022533507	12.6099386079374	14.7580666510718	16.3377969782726	14.9957460946142	15.6581381710149	15.5602032747014	13.80222954769
M191.9595T46.35	13.9048011704806	12.5596197359149	13.75519845931	13.5607350581185	11.1616465717408	12.9380936321695	13.5901150912082	13.9122542574182	13.554309577868	14.5522901777744	14.033371631131	14.5659938247203	14.1172644288633	13.8553922275302	13.7168754154196	13.7306740672614	13.706551631209	14.1960922711343	0	13.919936251776	14.2739542804816	11.9586119420394	13.5804313278459	13.7855310043016	14.2327652051811	13.9951735330015	13.5629917693854	14.0386272154607	13.9836053635324	11.9495345829373	14.0433294361067	13.7492090853188	14.1395971614532	13.8812295266051	14.020636953582	13.9511258755433	13.676855811053	14.2193085098889	13.9551449019481	14.1173388649687	12.6055604952108	14.0642420789808
M192.0331T59.35	17.4180952196918	16.7819997967268	16.3295730506048	16.6326221465526	18.7905477148189	18.6918071979359	16.5884384485462	17.3631821517405	18.8192730627187	16.7446748630459	17.2232077809721	16.196413516718	17.560565273666	17.3290175428363	16.0736129318012	17.0349504232446	17.5218053517606	15.6587714341907	16.8891433281439	16.485967692127	15.6454035434869	15.7276348294284	15.9982268729433	16.2165036384404	16.1538657120148	16.6932476415332	17.2507314295373	16.9610158777596	16.2760292000996	17.1395007404478	17.7744632814357	16.2620921828149	16.3208724725065	16.9335363784516	17.2503721160276	16.8995009384542	17.9519231527202	16.1382462842249	17.0800552923794	18.5758297142365	16.9951471722474	17.0689958103083
M192.0336T286.14	11.7519352206522	11.8823458219773	11.7135199350768	11.9763587902334	12.5272738755437	10.9683364231344	12.1197885772168	11.5215016287237	12.3107933291646	12.1499888067754	12.1752520700014	10.9464519129874	12.3616277135412	12.0988706277875	9.55588452902863	9.5144310317489	11.0147210537172	11.8077475975784	11.9329710678984	11.4709290999211	9.46205561087891	10.8231363101689	9.67654766364443	11.5724126896287	11.354104603955	11.4830080316894	12.1559642465569	12.8534991102504	11.4797274235939	10.7231126403784	11.731229948935	11.0380237417695	11.2486203453313	12.4028889691173	11.7283541993673	11.9968983736712	11.8658623952952	11.8778335602453	12.2940477314975	11.5904090217587	13.0988499976488	12.1038175710616
M192.0442T47.55	14.7199077637158	13.9792328817684	14.2305285791377	14.3423525231425	14.1166501845081	14.1242107944091	14.3668927313603	14.5267501962261	14.5606592392606	15.1784811326701	14.5040275016716	14.7398680343391	14.2182441396203	14.7292543803332	14.5743133293566	14.5968305391096	14.5332324177125	14.8798858411559	14.7743832618747	14.6795749589357	14.1213134340852	14.3468501511597	14.7948350928931	14.6548206894209	14.2109026737586	14.4402722272134	14.3362213650168	13.6980673546426	14.1782776332952	14.209088142145	14.4790398237128	13.9215504267648	14.6027934280052	14.0918289763956	13.7931124543727	14.8489925061851	14.6183126519776	13.5900832450468	14.6044677617669	14.5680922642827	14.7964631922533	14.867525141586
M192.0665T334.44	15.460403728875	16.3711563813691	15.6002245612261	16.036224730064	15.4259394581957	16.4659172767589	15.8075645680284	16.2030691823713	16.5715621203174	15.9448647338238	15.703112142662	11.6587719221662	16.0128261344175	15.737743491542	15.4767691519098	16.3143342973189	16.6796400967323	0	16.1401978635115	16.1171836209151	15.7023018932414	15.9369166958716	16.6080054826025	12.0554030047095	15.0778753312795	16.2502932176201	16.5728687078847	16.0095211067787	16.6557579574784	15.370639341382	16.124965043698	16.6349116640721	14.99896794762	15.3688949615539	15.8805476374853	15.8321990645442	15.9813884065804	15.9777568543041	15.3721834766807	17.3674230887248	14.4942979812001	15.3046413199993
M192.0901T87.89	14.032698486693	10.7666298108831	12.2044970906389	11.4017286147716	11.5046259370765	12.4176039681137	10.8435716065261	15.4083695751926	12.5066370798228	13.2531236959985	11.2195416599387	11.7729462223237	13.7702093969006	9.19615490305042	10.6330991213029	10.6153560071124	8.47438120088327	7.95926929598126	12.9367450104374	12.8826782058175	13.701890559235	10.1479405352024	15.1482648269036	11.9742652089078	11.0574874724702	11.4553049944044	13.3331963835383	15.913373809641	12.2814433930067	10.865575258847	11.9131113009877	11.359739879024	10.9393651817187	12.001453646695	11.5915472232815	9.94166470481437	12.3065719609055	10.7241777260951	9.11611702326996	11.2159584740554	7.80052683464069	11.4068621128663
M192.1237T50.41	13.0005447369148	14.2634365035803	13.7870582555912	14.2717863579914	13.8767352854165	13.7912815759955	14.8572288726527	11.5409914231575	12.6784336054445	13.9534605882029	14.4360705565699	15.3526354403866	12.5160113240658	13.4398686748294	13.8593118503616	13.9881527925849	13.5871218877203	14.1099456167704	13.9473697876699	14.0316035277704	14.2078244028676	14.8051580113279	15.2092683195924	14.5314618040271	14.2397734705532	14.1700366472139	10.7850382460764	13.5779839419301	14.3448011155694	12.9099114395282	13.809153979642	14.1283645187226	14.3086703575563	14.7037326787507	14.5886219030944	13.8754946887013	14.2298736524585	14.3402700997136	14.3859688308814	13.9736122617394	14.6469620391666	14.6830329339592
M192.598T116.47	14.1639863969772	16.2100016503057	15.6302728386776	15.020821902463	13.8338048511074	13.8520017743676	12.3214765707353	15.1567603067279	16.1500567118832	15.7545494005476	13.8051185149522	13.3779198998994	16.306507648705	14.7702422462318	15.1387427794261	16.0975372168866	16.3268639864557	14.0682751537159	14.8261014480752	14.5318546408832	14.4147007652852	15.5536539133434	13.0400535378692	14.3306358319152	12.6448671894578	14.204370897282	15.9082262101521	15.5480822306869	15.6300015207602	15.0153845841371	15.6476002468852	15.7016151041318	14.3364859393235	14.6449575032892	15.8908581541628	15.6216238880928	14.0350278341891	14.9251835275001	14.9696490237637	16.1344352527521	13.8263954013267	13.2116076848347
M192.9816T47.38	14.3720403635606	14.3278834505517	14.6967492915186	14.7631686693873	14.6598305575166	14.5658570562493	14.0630917665821	14.5884688833927	13.8580008481525	14.8306654122722	14.3893671952471	15.1646489683573	13.7015470566719	14.0593833741224	14.0979837257083	13.3526589614977	14.5356831083666	15.1751796177646	14.5583806552677	14.7270776011444	13.8060179626814	14.5134745702212	13.844473132591	15.0695359491878	14.6934432765773	14.2782340311939	14.2158612948471	13.7872348419009	14.6314686625225	13.9551328941569	14.0428185049747	14.5455679538128	14.5177201164969	14.5266653414287	14.2549423576007	14.459027601695	14.2996417036089	14.6128867002642	14.7897927220162	14.3820809866851	14.6312679105069	14.6792748154994
M193.0297T81.87	12.0221369031787	12.2030309322471	10.7892239645211	11.3516984226219	11.1066993218366	12.3127812836206	11.4944255970819	11.2881602611413	11.7325626042494	11.5557710154118	11.1179196306108	10.6765083227073	12.1887343553508	11.6399631618973	11.7819173331885	12.4795110872437	11.2498858628172	11.3821495698342	11.7029301948633	11.6534388599555	11.4634726879535	11.8822746832662	11.700643231972	11.0331328997378	10.5970670123675	11.8125238014633	11.1068400214636	11.1469529394767	12.0300622332613	11.045193582213	12.0476902977597	12.4584542449281	11.6582521366314	12.1130906986383	12.6158891101786	11.7657556565433	11.7360764749599	12.2094265021332	11.4110514537261	12.5914293465237	11.4014485885606	11.256036527196
M193.045T371.66	10.9752549766609	10.1669473573998	11.8316404730334	11.1174560790893	11.6699286594667	11.2378386829414	11.2812448482208	10.3534445988187	11.0391294566947	6.8819679167564	11.6276501823275	11.000135784571	9.54647724234697	10.0513776788602	10.5773530729201	11.3192915086223	10.8028590285673	11.9050782389792	10.2869940046917	11.05747485524	10.9366758108832	10.5527206304564	11.3434255640815	9.94476299716311	9.91104959292696	10.4747301153987	11.4179526319784	10.8432963579964	10.7212142680735	10.3187766511258	11.8039279051464	11.4392854798951	0	10.7488014850702	11.3575559132989	11.6089552791067	12.2607077270152	10.9424765402103	11.3314511713259	11.6048855647309	10.2035861745261	11.6277542803952
M193.0651T174.33	13.8547837572693	15.7680313113945	14.5161194012604	6.85492435109998	12.5283913518421	12.0700861444511	7.43551089644541	10.9639429129137	12.051060212494	14.6830920693315	14.0841769238952	12.5168944160073	14.62747310863	14.5382663651266	13.8595704467444	14.8868751872919	14.3819737293281	12.662970008662	13.0403802290709	12.7539023400138	12.768437510002	14.2737437690384	13.1660057063492	13.211195555472	12.936159317938	12.8717726688557	14.5779056690048	13.6790241892801	15.1233355278257	13.1339982191149	13.8963606286433	12.8884026004179	12.8837248792372	14.2994469568155	14.0297949732114	13.6210434570011	12.7967921473599	13.0826605206762	12.8090261339087	13.1573935604133	13.1353457851544	11.2475569237955
M193.0699T284.85	11.9233106277134	11.4592550107838	11.3885213208218	11.6987887516613	12.383755371808	12.7233580526878	10.5425287585668	9.82947739954683	12.1857320321547	0	11.7527592417281	9.50155404270973	11.8835408314279	11.9179404067683	12.2273134027298	12.8328990029252	12.5947657818029	11.802126195215	11.703007772434	11.7504512183314	10.96057452105	11.8189357368696	10.8251988061589	10.6537818615595	10.7491928911419	10.096550702168	11.8806161286143	11.8957631874403	11.2536045438735	11.5334870014904	12.6294603711472	11.8520630313954	11.7074584816575	12.2545475307698	12.0564015942176	11.9075856399525	12.8246436229743	11.2444645026796	11.3973869312973	12.8358084774942	11.2719664618374	11.9984984900718
M193.0981T87.37	14.806928175564	13.0215245561801	14.4437746247179	13.7607564544571	13.5236439296076	14.4961610740455	12.7538762605664	15.6041245424038	14.7022846882437	14.3898467829331	13.0754104752671	13.8210457828558	15.5938133376113	12.6683594223112	13.1532181549371	12.9974875121692	11.6554542832744	0	13.6845466358304	15.2290373652757	15.1867937740708	10.2602340434593	15.4220203895809	14.3056936299708	13.3182282897126	12.5788161498188	14.5084639650699	16.3006091551839	13.5512038915043	13.5561915630662	14.0362726518925	13.6352631269373	13.0648264822181	14.1803395677286	13.8302027083195	12.5366104517769	14.4126469600225	13.1511159648005	13.2464035571904	13.5565035116697	11.3862334390344	13.4304976894567
M193.1208T439.25	12.3548161142838	12.0534254849417	11.7920346461729	11.8084273838512	11.1006211237566	10.9923468242109	11.8146837550063	13.1761025658807	11.2155544642652	12.1696256365698	0	11.7779718159298	11.6682257602443	10.9114602886001	0	10.0988995137493	10.9225669450253	10.5942257097765	11.502065311503	13.0600052820143	13.1356788819046	13.22219476723	13.6083414435804	11.8446675345432	12.2197351888789	13.8247252994826	11.2788163847078	12.6489987785905	12.6694700195656	10.3329272055547	11.5129157385759	12.5730750185099	12.407472381764	12.2470919426189	11.7597553422536	11.1557836212948	11.0101713232547	13.1678024055386	11.6108706497545	11.2481148041437	11.6755417884315	10.999255081985
M193.1319T44.26	16.3496625183373	16.5795602170216	16.2817072315976	16.3817929175714	16.4202568538213	16.3852455450799	16.4212269264112	16.2744069974415	16.4302313413742	16.2921047184606	16.281359339994	16.6600647330599	16.2442954979702	16.2855051111892	16.2973189794937	16.3519034695107	16.3995415798279	16.1724777875321	16.5816910802267	16.3360946183978	16.237897659876	16.4386988661543	16.3851499038362	16.375412087168	16.521072021703	16.4896152063319	16.2718725791091	16.4005295021244	16.4123917546763	16.0480727981015	16.3880758665006	16.3441618039901	16.2192451831441	16.4368510184823	16.5121811545259	16.2342365167055	16.0178998981371	16.261781603898	16.4573882034334	16.3847043286557	16.4943720860908	16.3625353632123
M193.5905T75.16	15.8390696461313	15.9803637045443	16.262590231965	15.3749443371511	15.5012397536554	15.5940998012057	15.1015941264249	15.5365036687057	15.9924221960874	15.62859911042	15.5359832722774	14.7747034749132	15.7483381584787	15.5534364629816	16.2159681300157	16.0042397025338	15.7547126573074	15.8598899423049	15.881720899558	15.4130261750923	15.3074879231089	15.4947479735724	15.1161602058861	14.6422936123056	15.7092265220778	15.5744392023675	15.8066789488492	15.4902891970689	15.2620630528066	15.5450735560359	16.2311618876321	15.9824750607168	15.3182791275665	15.4215366748515	15.5850311798625	15.3924904677784	15.5812875492571	15.6569291580689	15.5703506070803	15.564732686078	15.2567829668907	15.3357280822618
M193.5909T697.31	16.1821039853129	16.3144856412043	16.2342122702708	15.6855980356609	15.6223977185989	16.2208839860868	15.5007006535123	16.4729019933787	15.8466206784399	16.0297366942187	16.2362995574685	15.8981653408477	16.5171874487862	15.5600758617471	15.2237765660291	15.2318181416811	15.6170274434991	15.9337889198167	15.779166912213	16.4273671620853	16.6920303981698	16.1201281698676	16.2196050857754	15.756834194641	15.7363524126543	16.6405576966647	16.4926117874357	16.3313130803787	16.6405747588288	15.2991629838436	15.2116454260356	16.1866828279832	16.2798475571328	16.0799866673537	15.5027708951467	16.0569987080595	15.2464963039846	16.3460491122554	15.6447055445988	15.8198747805829	16.1086867208427	16.0517484821395
M193.591T800.6	14.6023320600593	14.8230691719128	14.2864257422896	14.6654192769964	14.5819709288922	15.2837598817484	14.1521613918325	14.8625368114317	14.8980739018837	14.5034993992643	14.5558568194597	14.6477683461779	14.2187269609567	14.225452272935	13.8644906740983	14.2924278060252	16.3071646002226	14.9408720935183	15.4126336920411	15.0460087257674	15.1184483852604	15.1593580502927	15.539890685764	14.0660856508681	14.1590562609285	15.2235322451732	16.6058223807601	15.1574701289927	14.8844973834308	14.0866606683026	14.2119626298403	14.3559197923628	14.9025148536365	15.0362679450445	14.1760369516474	15.1106953808853	14.3926652590733	14.7997882422842	14.2873371388718	14.7099398169194	15.3532621932086	14.9752461132295
M193.591T662.12	15.3125750180393	15.6019842619583	15.2005856364822	16.0174728127009	16.2163308956372	16.2564990146376	15.5860170159872	15.7052610761494	15.7099254960967	16.2136342667407	15.7062801292249	16.3516295746644	15.6578190953394	15.6024173341373	14.7506075111189	15.0506415847575	15.6718370331168	15.9927566756431	16.0785078035058	16.6248264187784	15.7489819207701	16.2077068481573	16.1731110583549	15.4799580958609	15.2452024126805	16.0335817961241	16.066208742705	16.2278420510593	16.0455930003631	14.7783003172563	14.9809708460715	16.0398715548749	15.9919301977433	16.4539446110236	15.5013753815966	16.3173708639694	15.3511042176999	16.0614411071991	15.5233518315098	16.0232044741072	16.3933096003274	16.5499593087346
M193.9745T42.81	15.6296817852414	16.2417941125991	16.0488447306943	17.0174825126652	17.371004675636	15.4339824443666	16.536738549328	13.7429410382222	16.0159246858349	16.4474970256884	15.7375760594273	13.9509274727532	16.043095976783	14.2786395526345	16.4433880057399	15.8822424622997	16.5351761615023	15.3407319028438	14.999067399083	16.304948364428	16.0815557997403	16.0464195372837	18.3635217722394	16.6296387534613	16.078240463285	15.7549910228847	13.8485165717846	15.138167947189	15.9235199020529	16.9499302574704	15.2179851465263	16.401304822489	15.7307606529818	15.9007423661057	15.8684519471573	17.7800012298269	17.2390484055854	15.8022861366077	17.0794808819854	15.9630976843988	15.7827234463169	17.1059308098736
M194.0492T125.04	11.5800009930249	12.4975518956039	12.396165874847	11.6050501988488	11.6957873287282	11.9531587980579	10.5862507308868	11.0170689291461	12.668806269535	11.1526215494346	11.7222204550898	10.5032021748059	12.3363722557338	11.1113940695645	11.4905589248726	11.9940783305689	12.6992819251741	11.7869678334371	10.6291433447067	10.7356135290354	10.6447665955496	11.6241518321832	11.170863798192	11.5085746729185	10.6408030613921	11.307814402562	12.1516994937596	11.3899518043578	11.5010593451279	11.7599260759099	12.4378590786388	11.8432645820533	11.8157746389111	12.1780756105073	12.1666138791342	11.8235345592903	12.003788704298	11.4088208082517	12.1066695287295	12.0495661159718	11.7521069171371	11.2888267001134
M194.0818T492.87	14.7249591731747	13.1218273007667	14.2889293068741	13.972367324132	13.808627884456	13.920998417818	15.1328127254056	13.9121268507289	14.7742481584842	13.4409272304303	13.1061152704919	12.8854581658846	12.5970312639704	14.0934396657773	13.695218410092	14.4330054893215	12.5896801589846	0	12.3724067422992	13.493107165114	11.7402709313375	12.1820561211505	13.3297064316912	13.1017444551678	13.348014182471	13.9525098051013	13.3842526065971	14.2903487490773	13.5717133416559	14.0283717901411	15.1891975453111	13.43364920799	13.1198672609206	13.3725686699017	14.5553704329691	12.4361521259903	14.403636409281	14.7594189512906	13.3547735068903	14.1284038315662	12.0607940687357	13.6888929892115
M194.9677T54.28	13.0602469798074	14.6290429635422	13.9167370698285	14.053336925805	13.3159104078672	14.347584962433	13.6015390764546	12.3228809088126	13.8531477204679	13.4589506379637	13.9762359036685	12.541279835443	13.1060436864297	12.0867739665546	11.7845258373922	13.5703118236994	13.4390644305061	13.5979501515297	12.7527211727257	12.8782309377229	13.2614079827836	13.5935784381618	13.8059164101092	11.2195256152997	12.8736998640176	13.4295487815805	14.0343845049635	12.0051889281973	14.286544728105	13.2545566295099	15.058804350566	13.8549825160511	13.4866556212601	14.1532893469951	14.7839223157537	14.0920872092422	14.0711573305657	13.3549433065862	14.448295757405	15.1751133214666	14.0518368491007	13.9044428908967
M195.0035T52.75	13.5309770902717	13.6494068742802	14.0107919337383	15.0955509146175	13.05057737131	12.7174079897463	14.6440341195407	13.3443516085507	13.5576797492551	13.9120288376681	12.0204427225889	13.8132119809537	12.1564218546258	13.8434871159183	13.4878259230115	13.2966647940994	12.5148510197711	9.07824978439432	10.9565814762187	13.4360440355435	12.765127891291	13.8860484397655	13.9902975154475	13.7545111755836	14.5604053519374	13.353291771164	13.3795081847778	14.0689320277624	14.275956463884	14.1354740558696	14.2949680134815	13.973061616524	13.4912814682377	13.3118578324025	14.0509167195332	11.6560689459058	13.2316957325319	14.5619019047003	13.0806893684268	12.6848161025618	11.4071249945073	12.9889482572423
M195.0392T63.08_1	13.1401124054441	13.7629374853456	13.380626206456	13.5823333738896	13.4699721651149	13.9687609603668	13.4390070141199	12.8621275547079	13.5403502154853	12.8921110899043	13.5196537119976	12.9003866352083	13.2067922635517	12.826414688246	13.0806180754776	13.6811918579738	13.6510702895898	13.9690778092634	12.9914607165709	13.4573508944861	13.3802962526378	13.2655836479754	13.6725504594491	12.1746798861613	13.5343126003953	13.9070038444326	13.5063934786288	13.6651849403371	13.6493245816731	13.7277511706262	13.7755547592683	13.9142601487999	13.4670271209333	13.5139687376982	13.6017964333287	13.8639591217405	13.7129970937797	12.8826148186606	13.6887946693774	13.8547130070988	13.9429853700823	13.9482565873749
M195.0641T273.25	11.5213031487608	12.4285470953836	12.800758649027	11.9668868948894	11.632680432034	11.676927235178	11.3372361209225	11.6497648583845	12.9183573808861	12.2399852370203	12.2179013587555	11.5200663572085	12.225245281934	11.8402617304896	11.9702293625605	11.8929720303446	12.3465214952758	11.4896377335721	11.460673229081	11.3725122400187	11.9790242299037	12.3346368351565	11.7772020366495	11.3979587733002	10.9537454860663	12.3225129869375	12.0812776990897	9.73616919606175	11.9157917078418	12.115002184088	12.5547120881365	12.8490606235866	12.0528408983309	12.4278770463256	12.1147989824413	11.0846711984288	12.0907245306288	11.8577026674847	12.2547251658025	12.6248494687693	11.9280251046275	11.5651623764417
M195.0663T363.59	13.8835914315896	16.3083414319179	15.604210985082	14.4867149318641	0	6.81502181760998	9.51869245134905	8.66226777339369	15.8931957097213	16.6756685334664	15.7180595741307	15.0811031745213	15.4590365651917	15.7469237923334	14.1511404856397	15.3957257467432	14.3116180866679	15.4118097899124	14.1129131599877	13.0698567291597	12.8687068374554	13.7378731078646	13.3695914635699	14.1745991695395	13.1057150159138	12.4019917000678	15.0282670183189	13.1887408381891	15.3815148103296	14.2081909885266	15.2083607459583	14.0050857302144	14.5011069526652	14.2162307967237	14.501677068059	15.4199793667245	12.5946319279004	15.9723340543312	15.2861375958888	14.231540523552	14.0387608229505	13.8258871008744
M195.0769T162.18	12.6035034437206	14.7580385264601	14.6286064013151	14.7829643538957	12.2036230601451	12.2329155551484	15.2184409612495	14.3436988805424	14.6405709679347	14.4245956175525	13.9476493937619	13.2759943033547	12.8464877018975	13.3341251543039	13.574037952879	13.9564765165107	13.0835704004374	13.4770595498235	12.7892111648247	13.7952319543297	13.1094733053022	13.5441260936979	14.549359658302	14.0983920327032	15.0629313534185	13.7440418748175	13.6455836485836	13.9405703688691	14.4220668271411	13.118248742418	13.3334132393825	15.3056830726161	13.9651537346174	14.6131643360357	13.7890404624855	13.1375641814853	13.450608470803	14.8686919504877	13.9781926675312	12.9727407195401	13.230823411634	13.3154345825405
M195.1002T400.92	13.214794990833	14.1671348895295	13.3066821957906	14.0669978237596	12.0920916294299	12.7110202003541	13.9914870711475	13.8282686636716	13.4842765984141	13.3071223689385	13.9389976127994	14.4915845109779	13.6984254662283	13.3534383735758	13.9692423524553	14.2422540996297	12.8617328312255	13.5217798749196	12.4624232344744	13.3263043411783	13.6317579430003	14.8096019399704	14.4097892161789	13.0170317069583	13.8706490494384	14.7291210618598	13.448511243781	12.1605620280149	14.0485357513166	12.5405894137094	13.5466332061192	14.3429500500293	14.008950106773	14.4868702801801	14.0512226567549	13.5245319567917	14.2199317523489	14.335988977059	14.2335816175544	13.9382554221299	14.130641074272	12.1093837096711
M195.1235T229.89	19.5163088714994	20.24262098565	19.795342812928	19.0532167314487	18.7963690653191	18.2318673714154	18.738879278003	19.9095873513134	18.3327119740258	18.1413345447725	20.1504329129734	18.3308156321752	19.0670136922839	19.8518112683403	18.3276533688389	19.4493017959036	20.6743525897364	19.5483016057012	18.5004439918505	20.4715573303489	17.8702047055149	18.5850003725832	20.2188652838646	20.2864192942473	18.3306111023566	18.4371726412647	19.9298200415888	19.7306039765861	18.6337770494917	19.0491301546265	19.7423020167417	19.7467361346892	18.3682380504196	18.558554668227	18.4733059569238	20.0974900769949	18.3864433610101	18.1267029805092	17.864948086571	18.3339394260868	18.8692915903792	19.0144189664827
M195.1389T412.1	15.6079826728284	15.5948956177617	14.8219318769432	15.188579708346	14.9108097785139	15.2322679587057	15.2326696241888	15.5983592323589	14.6773081900683	14.1808786728987	14.7008102357499	14.7204860175751	15.6556791608309	15.2701462774579	15.5842421191028	14.6065705249542	15.2083698992424	12.7431586626096	13.7305738135257	15.2921980707982	15.5478636592886	14.9804751572219	15.3828741138631	15.2833864343589	15.3744463883153	15.3877237710566	15.4762035381888	15.3966917331256	15.2313926134411	15.5398376176873	15.2230758591512	15.5030819055162	14.168135251496	14.4900672169374	15.4923184890438	14.7314472341984	14.8005888538764	15.5767142780665	15.4862958974084	14.7544571764214	15.1793005851513	15.1184725915163
M196.0615T172.16	13.444110677485	14.4269871814477	13.5049801813741	13.1523009068188	12.8641996566133	11.3020312085625	13.0660455356769	13.5553230744103	13.2788982402502	13.9971419739033	12.2630730080805	11.0096657719119	12.3772574644639	13.8277568825764	12.0554240003194	13.3977329918487	11.9457561922693	11.4945553648789	11.0279099684587	11.855703585222	11.7137327600695	11.9595542151087	12.8465143017778	11.7583947633372	12.3722356939803	11.9504030622194	12.8555001735168	13.2912566598264	13.0962452651554	12.5565284565481	12.6023052367277	13.3764426309896	11.8990566063561	12.6204313753602	12.2881164562552	11.857342855601	12.4753652512175	12.567699959889	11.8115103071815	12.2283250579909	11.4822314400179	11.988910529952
M196.0978T141.88	11.7618255020194	11.8619678608555	11.3970352936377	10.220670164441	11.3246389514649	11.0553038992075	10.0736708594284	11.8886866696528	13.0094308342486	12.0624659713436	11.3987381074358	10.2156243351439	11.7768344057727	11.6280111826031	11.2309350393823	11.5338312963152	11.5974592433037	10.265775038089	10.6615047692541	11.087344922862	10.0914056174938	10.3044365529421	10.2560108111436	10.0208204085064	10.9827097069062	10.8607899968938	11.4046788331563	10.9093145704112	11.2738575985729	11.0568613078484	11.5096822375	10.394793046767	10.6896525425534	11.5583164521873	10.6136368622105	11.3135236138648	10.5517812958523	10.9586844075506	11.5263438122869	11.8797667878949	10.9342450207125	10.7753044310665
M196.1128T642.17	13.8769256750419	11.9268957686665	10.4397289110585	0	0	12.2112049653997	10.9715548345912	15.2631450966496	10.437937760348	14.0283931418226	9.87830008149101	11.5112638850152	13.0396681926383	10.8604671217854	8.6751516817679	8.3510824876102	10.2706554530802	0	13.907458940185	14.7488120671667	15.3523564922673	14.2580312820787	14.7896265559375	0	10.541754296907	14.5844400076927	13.3568128460817	14.7726754273268	13.3319375610412	10.3155902926764	9.52868916007497	10.9611275740037	0	11.7603546477375	0	11.3436666528893	0	12.8388224578119	12.2733121423841	11.5173660729646	10.1449859190411	12.8974695506451
M196.1704T762.4	15.5271993319382	15.4035791289575	14.5581829322338	14.2835682468412	14.0906611319265	14.9528925142564	14.5955704382685	15.7586929773492	15.1440737750967	15.0318314869515	14.6480535982135	15.0380770673584	13.4681274046481	14.6787382397655	12.9757128982104	14.647404063114	12.8769921222557	14.0673558733423	13.5405387682029	15.7999652845498	16.3501409706993	16.2036849151805	16.3939681504316	13.1199918917955	14.0965664350561	16.0725265986568	16.2493256330502	15.8679049085753	15.8217448543884	13.6315308937788	14.8630698963359	14.9935826654397	15.5036124142311	15.2922705555928	15.0281278787091	14.7272910418736	14.2916693988808	15.9485888935899	14.9808184405824	15.406357967622	15.0772638972905	15.2992147958757
M197.1182T392.33	12.8609588115778	13.5173896948031	13.3292111558894	13.1389688679771	12.6760287754468	12.5385602885474	12.8960892108872	13.7949214683479	12.4361962771236	13.1034592202322	12.902898254346	13.1506891404106	12.5775806684177	12.361867281711	11.8336040486361	11.8949819108663	12.9363874439244	12.4602794842446	13.1077818526149	14.1171018929271	13.8875552254972	14.5968627800149	14.2688359915724	12.9670335838742	13.0409413540384	14.3688192230858	12.5382392650929	13.32934424759	13.6173270336636	12.1514629772181	12.2821010918767	13.4304496469841	13.6002751036482	13.5420495527485	12.6594309339852	12.6313334066138	12.4456100290861	13.6754261292781	13.4351754984826	11.8326876366056	14.0474269623564	12.6510101937739
M197.1287T231.24	15.3724579538577	16.7651222885212	16.5374559873053	15.9355985374001	15.341058938684	14.684811273842	13.3362989773239	15.8485857969714	16.9675402675157	16.7400215531691	15.724618021367	13.8367452290571	16.6046615314659	16.0795198853735	15.9237924413895	16.6530779325257	16.2502217854403	15.7521872968982	15.2388961530809	15.1822795658975	15.1729856181921	15.8861691960841	14.809400533284	15.8257352249727	14.2219279192145	15.0373552140799	16.115695644678	15.7597910561371	16.4459796962593	15.7476807348412	16.0954940230389	16.1346063185344	15.9595197936872	15.9931179782505	16.0099018262056	16.092873653393	15.0740004839294	15.8096282699329	15.3035533532082	15.8231473527852	14.4420644756143	14.5618444741911
M197.1297T128.93	10.8610188721276	11.024766569132	9.61828404469978	10.6939787710966	11.0307311329051	10.9070767767681	10.7686779621867	11.4583407313679	11.6001786070748	11.0076890022666	9.02300802374172	11.0799599122369	10.9577034419115	10.6606873513243	10.0761186875457	11.5492125473937	11.043583988039	10.4901994380475	10.7792960271846	10.6230535773982	9.22759435933201	11.1321257164781	9.51498115768871	10.7892983407065	10.6678337194467	10.5827980098479	10.5071282310024	10.8626962517513	13.1030354580112	9.98922394733913	11.7685108671177	11.0979044885536	10.8730942350656	10.9241336455475	11.2639973482129	11.4943775004782	10.9040092929592	11.5942430273694	10.2563874509234	11.4289703513398	10.6312060375911	10.7928830585315
M197.5747T75.13	15.7845532235025	16.3821424242949	16.1447382941632	15.8177349519201	16.2245370627815	16.1694597455078	15.673440302152	15.8154934452431	15.9933832280728	16.1888900346573	15.6663004160348	15.4828553005787	15.8474369662739	16.0330402238208	16.1496901730401	16.3672183617826	16.3136691352924	16.167290833698	16.3965235260675	16.0568084731322	15.526114013475	16.1863378435098	15.7753929008882	15.7943932632324	15.8539426492487	15.9706384721757	16.015354580181	16.2727114458988	16.1137581447078	15.3993057516852	16.1250951984418	15.8991388468543	16.1298568956784	15.9518418759101	15.8979178678259	16.5552453474792	16.1159183641849	15.6122324516502	16.1111071238584	16.1226847279507	16.0144443632661	15.8070121032376
M197.5751T230.07_1	15.0705925592888	14.5610089959274	15.1339979318951	14.7679515571145	15.1176170961882	15.8646382192546	14.3286373118403	14.617038864776	14.9219728153681	14.8623302415391	15.0374425130622	14.4723115545811	14.8116788589932	14.501463904416	15.6157466130269	15.2756693143181	14.5774102778272	14.8363855095381	14.0652983354907	15.1473438690873	15.9870493017424	14.7198583181006	14.8662948814417	15.8196184584256	15.2377761116743	15.3699389165565	15.1562281746393	14.7502251904079	14.0253079764009	14.7735872812859	14.9949374021297	15.1858451486852	15.1111587430158	14.6965256019431	14.8999852626661	15.4228946576624	14.8735933131135	14.8999614953027	15.2075154402085	16.1324057140191	14.9104090808606	15.2035224998564
M197.5752T697.32	16.1111875776973	16.5187597186321	15.8641749428308	16.1240227709448	16.1963284451071	16.5032657390864	15.7360567733457	16.4625530042465	16.3655580714474	16.9001619699018	16.0234681007206	16.7148987383632	16.4546735690461	15.7129941241375	15.2178610808225	15.444567608419	15.9043097264421	15.8646501535456	16.4813994563022	16.7385485196599	16.6160517021875	16.6572059640302	16.3614533948207	16.090799833849	15.7976464993217	16.7416330299593	16.4289060464854	16.2925924513178	16.7285747941319	15.2544719180213	15.33621510082	16.1553855236297	16.2010000260778	16.6079255303137	15.7310982161655	16.1311603077007	15.8865586228981	16.4025814654932	15.852192579044	16.1272187845635	16.4285668019653	16.4467354656067
M197.5753T662.17	16.3459828785001	16.4899197968835	16.3912559644839	15.7319112283343	16.1160965239017	16.1154896844276	15.9145516798074	16.7988837839472	16.2998663343454	16.5039424529614	16.0517863370173	16.9135203297458	16.8230570661218	15.8737528494204	15.8433772333561	15.660286835557	15.8214866883046	16.1039271276721	16.4756086444122	16.4902136975508	16.37915622322	16.0348753001722	16.2872829420796	15.8271407930451	15.9923638125899	16.9305021420712	16.350385269136	16.2838454243204	16.4651449447324	15.400942305048	15.4888333778886	16.416334856411	16.0486587996891	16.3279834649837	15.8973737226214	16.4426670389714	15.3248262362051	16.749503885369	16.298956504617	16.2915431790738	16.2858341316642	16.3906320538797
M198.038T62.01	15.042510805117	14.5474595045836	14.7763489528722	14.8052114345179	14.4131788238473	14.8626358141089	15.1980547514127	14.2204921295591	14.7411989515518	14.4179176234553	14.4380095693736	14.5344685629158	14.7202362014849	14.3989482736503	14.7658543346262	15.0041032456352	14.7675660861295	13.5362546294913	14.0761966715528	14.2519439517136	14.9730549740804	14.4714158740012	14.8156965625185	14.7275338697792	14.7940026526404	15.3167659964907	14.2174761960869	15.0542304056801	14.6907334881018	14.2806251987083	15.1410834859371	15.1424614181832	14.8257523460125	15.2359273014027	15.6710209441231	13.9911158933092	15.3850728015153	15.2490892849112	14.6618641899297	15.2115505445913	14.5998222781116	13.9508665606491
M198.0923T229.98_2	12.4734113067993	13.4620704854139	13.0669852549382	13.0221576747766	14.1536251799429	13.2810666270485	11.9054655281353	13.0808802537508	13.2778078813387	15.1787440772945	12.0004901448965	14.1266058646089	12.2515327275218	14.0390943785405	13.5567190521213	13.1837695246688	14.0856317657549	12.9501370750806	13.2969036479674	12.12813446284	10.7776237819741	13.5328322269807	13.3189402787266	13.1294836945949	13.072900355225	12.5404757026052	12.8462152114542	13.0841458735521	12.7823934031721	12.1376156266846	13.6532052652806	13.2636867221723	12.5363375550226	13.9092563835823	13.2750640568085	13.5184404678018	13.4679580662242	11.3440384197549	13.3725881571769	13.4696721127431	12.8814543361779	13.6705880258806
M198.1051T45.34	14.3725324435294	14.2315572682704	14.2496254457975	14.040967359073	15.1093456860521	14.5610987099249	12.6661821259074	15.160021579655	14.9551467982985	14.4633624583205	13.6509750620544	11.7262649888677	14.9040352141563	14.4695317075874	14.7825216332401	14.8871483229142	14.8805428227367	14.8687029418061	14.5056797219476	14.9795308897889	14.5149254441397	14.3978731876982	13.7821796307054	12.7234972786664	13.6824121385518	13.2725379082776	14.892395246	14.7343874578055	14.7346392056021	14.4298009953332	14.4456416309268	14.1992060399716	14.4028734468053	14.9955001951017	14.3869930249304	14.7648892400888	14.1550090776063	14.0343431146118	14.0104405423112	14.6074323358215	14.3930016914779	14.3412301366277
M198.1095T229.84_3	13.7481284392244	13.8922828161701	13.9047687197503	13.1041872166912	13.1888027604717	13.3844921824826	12.6843534589806	12.9112744025854	13.5103590162959	13.3268741609528	13.1061877087045	12.8287402150277	12.5584018670177	12.6315984988935	14.0505403373531	13.9597961820013	13.1830570191837	13.3644201196117	13.0849648309252	14.1972011068809	11.7008330289198	12.6417711594462	13.7789507003689	13.0672564820383	13.6412025175768	13.5548462457548	13.6897295263709	12.2186254658006	13.5866064407682	13.3832906543769	13.1624436014646	13.7026170196615	13.9832214746315	12.9338802720167	12.1358790553668	14.1893101820912	13.3137909788916	13.1854727729024	13.9121027620649	12.4938480816661	12.8529782892084	13.749770541758
M198.1287T346.18	13.0205328879896	13.0264105340458	12.7713856067441	13.0361594853732	13.0702250108376	12.7158477361079	12.7899733594679	12.9466208134842	12.9043763442288	12.8754892648437	13.2536574307749	13.0412223479157	13.0999283581563	13.0455841717309	13.1759970950404	12.7621622466901	12.9526586093662	13.0805721282826	13.4175267073696	13.449202407653	13.2669489874969	13.1819986178725	15.1065570367246	13.1541811413644	13.4397992214598	13.2480531835281	13.605507895813	13.2264446744521	13.2119926076127	13.1772541744928	13.5562113550448	13.3226710050586	13.2997165846666	13.1751258361419	12.9821640047444	13.5947604084144	13.2410530365008	12.9812803473572	13.0120294379648	12.9464588045279	13.0846068919535	13.0965011861527
M198.3784T229.84_4	13.2971239032597	13.2714029148871	12.6681475835334	12.7298484441366	13.2682954636314	12.8186956217279	13.3486302153529	12.830050781347	12.9568936278292	14.5213849790284	13.0410949950922	13.1783527347747	12.9375357202846	14.0023779524398	13.6137867346824	14.807391595965	13.603574011152	12.874136625138	13.1502711568664	13.646361050394	11.0320725846627	12.3519060040573	13.852939616558	12.1267872380109	13.7985962230534	13.7081890742132	13.3775171808942	13.7688728635737	12.7887335007507	13.0410554695662	13.1476048351078	13.6138733681232	13.4727037664794	13.0802663341059	13.421278117799	12.8178508018146	13.3172586139823	13.4090923692736	13.8602985612414	13.4962895223499	13.1266533553411	12.9701793474933
M199.0456T229.84_4	13.7328364984795	12.8692732029605	13.3855263862645	12.5582842723019	13.6470867862588	12.5600609547995	12.9765528920448	13.2127841121572	13.1236290002988	13.7911890473339	13.7678931386516	12.7530765000422	13.156562115857	13.5257789515455	13.4763144613028	13.8220410615067	13.7939692174918	13.4691919206262	12.8295343422178	13.358095743591	12.4752589155203	12.7607349888727	13.8622658499705	13.1287947085844	13.6748528936636	13.8781328621406	13.4912271535889	13.3962936341614	13.3870858877547	12.4558760881988	14.0477662689958	13.6927913434557	13.9022237824578	13.0654314156509	13.0912224540446	14.1320295647508	13.2565601558002	13.5268143289212	13.541456648208	13.3013178331837	12.9243170076292	13.9334492680471
M199.0722T81.48	12.3057443411613	12.0597676304358	12.0755672763791	12.7499438051665	13.1297071986284	12.6446871521509	12.9146397458054	12.7740374067861	12.1133283715601	12.4523358324142	11.4304564503521	12.8585352925446	11.8736448933488	12.4904508635001	12.4558103899269	12.955182485733	12.6522542700879	12.0441450821718	13.0676619009323	12.6646994816197	11.9070181759785	12.5597357727826	11.1840596313182	11.6848271647585	12.2674069538364	12.0156042751465	11.3523109031608	12.4655430696231	12.8330418809927	11.9467258529154	12.2260315667347	12.3604902813188	12.2910149957421	12.5529673752821	11.6459243805409	11.8235231737936	12.9267345050844	12.3635282688077	12.6283888030977	13.2031043329598	11.8040414361526	12.4188620326114
M199.0787T229.81_5	13.4011801683386	13.8397516317726	13.5979617430939	13.6620320703148	13.2254849523945	13.1870808583453	13.0092924031854	12.1164864447822	13.3912732696223	14.4316410563815	13.5872245123175	13.6922082783716	11.7899222026478	13.608456132823	13.7531962765807	14.1082450513452	13.9305476121482	13.524054342725	14.1484826490605	13.9509525315684	11.7983301685273	13.3780894467225	12.9979805822536	11.8249732241231	12.7197481982473	13.6203278031076	13.3446560391909	13.24121891446	12.490830683715	13.0424329679851	13.7152485665559	13.504244839565	13.9809762732955	14.0220132712106	12.7272468807538	14.1042370161496	13.7178893695253	13.3760923467707	12.6467716674495	13.4256263139347	13.2040581728556	14.4545367684955
M199.0975T229.73_6	12.1965965698728	14.0376247006869	13.6916491842065	13.3358075521377	13.4742650666657	13.5770518643784	12.569265678673	12.9951845264155	13.9298966123004	14.5019195057636	13.8615656462787	12.7138589115143	13.2993547454121	13.3907540835784	13.9994112591628	14.3449061460085	14.1205853185251	13.8201471393742	13.2958199145891	14.2625299181262	13.0537821411798	13.4318655425964	13.7769448708419	12.6606893131037	13.3871496700077	13.8836745466626	13.8185484663092	13.5535611183483	13.6488740333373	12.440383281239	13.0425360643077	13.9509054444109	14.6438038497174	13.1675685448804	12.9174884555651	14.2995595419717	13.8630328445379	13.7420891823026	13.9340030131164	13.5347371078933	13.4053685369244	14.2795809201947
M199.1346T230.02_7	13.8898958761907	14.2105005266035	13.473268133718	13.3948894077495	14.1909583385214	12.9656998583024	13.2063525029068	14.0855212846063	14.3929646630629	14.6829522299929	13.6714159425429	14.3261233941343	12.8592826852302	13.6653474058097	14.522066938465	14.2741906237059	13.8853675583194	13.6796977857547	14.1645323431242	13.7192295458843	13.172579854661	13.0105673435951	13.4767678804091	12.503897866006	14.2003936432177	13.4195218747222	12.8447313900569	14.1079780954102	12.2983414745451	13.3298788290248	14.3661581070893	13.4474077937801	13.6999927689078	13.8475830422769	13.9615918217785	13.9931738383848	13.4692993899475	14.2218396722906	14.0123136862177	13.2319671467041	12.9466536473461	14.1328934327365
M199.8895T229.86_1	12.5842286681415	13.3369750286246	13.5817494992645	12.636586501721	13.5925090131097	13.2419432540757	13.7571550715052	13.2155511479091	13.7969943934324	13.2346197808906	13.2392094423681	12.9198095490721	12.9295863302427	14.6839330204796	13.3351136323461	15.3406182521273	13.7753894885842	13.4632945662205	13.3517502879328	12.8662936128419	11.9270982682081	13.056803776792	14.6276166711253	12.9674318282744	13.8852582304811	14.0661286648542	12.3416228596378	14.0534352133794	13.2393469172614	12.8976569041492	14.2698725941227	13.6870788096177	13.7330801568571	13.2898940930436	13.8961593081771	13.1809692686786	12.2753302009184	13.9042217147787	13.2825266941088	14.5618399920807	13.0866802650193	13.0255878565442
M200.054T229.73_3	12.9753897551797	13.864603335731	14.0133593140703	13.3169581186403	13.9362268049693	13.5293391350325	13.2886144134697	13.1580900542418	13.748212884367	13.833075511825	13.9756037159102	12.9880938485042	11.9567821862563	14.0282274873857	14.2453863477183	14.2694987075841	14.139971300196	12.3246071610136	14.0864928354732	13.8896818255043	12.3951784424649	13.2706404229777	13.3113063114502	13.455289336141	13.8907509683907	13.1649105867503	13.6092863233511	13.014041060335	13.2986584732353	13.5627250016185	13.8731774802359	13.8090055691518	14.1703896983716	13.5248831067706	12.7795085077987	14.0635998721304	13.6113464904269	13.4774266196988	13.950570854718	13.3469456042254	13.1232120776557	13.9167080903098
M200.0901T230.19_5	14.1664474034994	13.9359836661708	14.1086863717633	13.3036721148556	12.905380095188	12.9893738121311	13.3239774222704	13.5649703607194	13.9420109732568	14.3082066646686	13.1835953871839	13.0719129122952	13.4144342381837	14.4199178830975	14.1813509557808	14.9983158345814	14.0188618025684	13.1105232261107	13.8214314374216	14.0287507296887	12.6712243484902	12.763139992984	14.2361611872842	13.0758576091977	13.0774289737255	13.3890700620791	13.4425082469169	14.2559552658084	13.6763140455559	13.5771221572471	13.6351340654091	13.6808329765734	13.8057880639603	13.7514703095571	13.588484534394	13.7397505743189	13.5427872547952	13.7805579835763	14.2711293309145	14.4627060769335	13.2486349625571	14.1458094300094
M200.0927T94.33	12.6844203647119	13.3799335380606	12.6896094769195	12.8464625037304	12.7661841123745	13.0706446749479	12.7226544421703	12.6932542273955	13.2389333367422	12.5936384211029	12.6819408198717	12.4883768212807	12.7997804586248	12.2175366241536	12.5021887593205	12.9496559224956	12.8507527146938	12.832214949971	12.4783164172573	12.6296411047672	12.732488431265	13.1527264133668	12.629113471455	12.4647970853881	13.4932592512875	13.7913405534376	12.8444796887912	13.0110417056776	13.4980324529928	12.9165801330601	13.3756996463041	13.490424918517	13.3605653182712	13.1556996830095	13.149164754373	12.7577018204476	12.6420165689521	12.7685175861823	12.9636208333469	12.9577121742151	12.2839217628149	12.8710634116889
M200.1083T229.82_6	12.8998207024246	13.609733671021	13.9600454761732	12.9452733095224	13.7646859832496	13.245813362593	12.7734955257227	13.5385274336499	14.083535388753	14.2071070089232	13.0073195864727	13.4553226201	13.5864229199719	14.6799245335274	14.6085004988704	14.1830698540212	13.8972044567388	12.9220569987739	12.4110087327882	14.0382402600871	13.1893698625359	11.8248158934177	13.7482304446229	13.0492267398437	13.0720813960846	13.5298386337139	13.1833608067634	14.0180055069541	13.3495493664384	13.6976374157603	14.0849276599682	13.7685773990643	13.7183559012338	13.7391758651027	13.0724999622541	13.3694817642913	13.7903146139233	14.0096436285134	13.7208776703787	13.1831600035049	12.9935703159339	13.7223683809434
M200.1287T450.66_2	14.101382214091	14.122276023422	14.0428854812176	14.9958766827959	14.6751681419539	15.1428985194881	14.8253843489609	14.1179274333261	12.9059919695058	0	15.6344856637704	15.9268801358443	14.019274327512	13.5403112146695	14.4402499867132	14.7040204552921	14.7987995022691	15.137363005386	14.3223975159097	14.5938837039873	15.5746418306366	14.7938572644399	15.0324898531368	15.001637199806	14.6374053833353	15.5447657550737	13.9166494563333	14.4524924725497	14.992352891682	14.202964909752	14.1778287709078	15.2610303883861	15.9570690973369	15.704479323306	15.2281518738606	15.8012237333019	15.3243668731949	14.5299118630058	14.5505694109867	15.6099863731496	14.1636320480282	15.4020542653972
M200.4727T230.06_10	13.5760230107594	13.6467109156256	12.5126445674586	13.352772946848	13.2042666141156	13.1475000344548	12.8757980822119	13.5370262156637	13.9790022099006	14.3666485196556	13.5949041669934	13.5992501924592	12.9577431382474	13.9938204245826	13.5027292949245	15.0864163040509	13.2235089821092	13.3596290297756	14.059157136921	13.985573072864	12.885481544035	13.0520900004461	13.7805108027505	12.5724273832462	13.7169450557658	13.7858608499444	12.2487539148773	14.0013579850053	12.7997157857107	13.3673595959696	14.242099240716	13.6260443285994	14.1171083428601	13.5925735269722	12.9052769192738	13.7787069536644	13.6509713657824	13.9797706579905	13.948322909782	14.4536222113533	13.3028238019231	13.9053841492156
M200.8845T229.84_4	15.3237231178269	15.5993679305828	15.5543772837739	14.7437404979263	15.4487736550514	15.186691190874	15.3663693425053	15.0805824789531	15.2676927111628	16.1896378533539	15.3208461785341	14.8644991066241	15.1531795793463	15.3028718262737	15.714847104151	16.0187804584	15.4016485955234	15.237556872961	15.367817419689	15.7075726125861	14.8055276845424	14.6351913147595	15.3757823710861	15.2307209049182	15.4835992672717	15.1457887087982	15.2459691742122	15.1469593570917	15.3671509314189	15.0089090166234	15.3328406542581	15.2663111026237	15.5703091060106	14.9229921380983	14.8004306887659	15.8108653166226	15.0459216340768	15.1192641766953	15.4238672289751	15.232861194364	15.3058209969008	15.4485383263687
M200.9175T229.83_5	14.1176331704337	13.7977259022663	13.6727874271317	12.9090657390951	13.6327727412377	13.4525677349811	13.4913270710618	13.4764778149529	13.4103677489465	14.3122063732781	13.6128776873269	13.2522918324262	13.6022847495805	14.8269199921434	13.9841403920619	14.118806961768	13.9553378217444	13.4624882202103	13.4060938675254	13.8381231333956	12.6310585907691	12.9308832379234	14.3846501646975	13.114123724227	14.1780137787303	14.2825953703774	13.6844318790144	14.0612403798493	13.6259995314677	12.4396405070756	13.8398883468829	14.1997656440089	13.3985745605026	13.4877958759957	13.8769601846626	13.1093121668378	13.1906675320468	14.2095915017767	14.3885883085629	13.012959690705	13.405520093134	13.5415280227054
M200.9498T46.37	14.3704752110955	14.049276759595	14.1846614500832	14.0332699700499	14.1735620100722	14.2999166345239	14.8073034652284	14.2531397981599	14.2517290755087	14.2226026931104	14.6617701831935	14.0482397880623	14.1487069967904	14.3985870410009	14.3472292508558	13.8626152373294	13.7344124897572	14.9926060325878	14.5133270450864	14.4677741365553	14.2341623956645	14.5464388581455	14.5077152681495	14.7438671010441	14.7843680086154	14.6599132782303	13.9483131391794	14.2128173937396	14.1092574305055	13.9364039015199	14.6657430903605	14.5673914850934	14.4067306176401	13.2580077860215	14.6162399768719	14.1103151125534	14.0041454590449	14.6831199825725	14.6369064155907	14.3839950632395	14.507369041637	14.324254899717
M200.9735T229.78_6	13.7950810724559	14.5928840975246	14.3625567574214	14.1631099592722	14.4549373984114	14.8542878505637	13.3148090510232	14.0414001954555	13.8750571140438	14.7101093304002	14.268597540301	14.2141097135091	13.7338880258725	14.5284696122446	14.9816046269422	14.8434217389993	14.9514012936015	12.9220034668935	14.8064286239959	15.090829916274	13.6117929679231	14.5504076328633	13.6091387712162	14.2693433998269	14.4152060849389	14.7285935377349	14.2440316800813	14.080494775152	14.2447441778183	13.4211699123535	14.0369940585383	14.0323924601564	15.0904910308275	14.6477120179202	13.5598378757382	14.3345931552058	14.5266405815958	13.7815789501713	14.2093614325663	14.3373028090301	13.6296591476092	14.9118822977492
M201.0872T76.06	17.4763524216058	17.2609386578533	16.8706673521498	16.6221099622744	16.4502654937323	16.5084497486852	17.2944833031695	16.9673522221164	16.2077175033928	17.7757119600337	15.8916011833997	16.4760736855158	16.5853521718563	16.5009622972238	16.2594265128718	16.3372442146301	16.4428024205468	16.4149894693267	17.5076886657945	17.771702032788	16.5141670396249	17.4072248033142	17.4419781780914	16.5590697225678	16.3109074420598	16.7653413000325	16.3376108862708	17.0725564478039	16.8736493670059	15.9647294268405	16.2694053229958	16.2355181490222	17.2038031106485	17.2535836527994	16.4440785904045	16.5151972514372	16.5185491972368	16.8224589905005	16.3330650669051	16.5637775224351	16.2572710920377	16.2693737158842
M201.1099T229.83_9	13.9441568671662	14.1339650193724	14.0916963306149	13.0628647714555	14.1397971552205	13.50136750307	13.1929908720089	12.9260434175076	13.9614958979681	14.4872703885395	13.1216384225157	12.5875344779031	13.5106842939276	13.9475231853439	14.2941661177434	14.42132502231	14.150640073625	14.1506855455417	14.1487926511493	14.3156178810399	12.2496210252548	13.3708957186861	13.4515391945048	13.6595159757977	14.2595008338284	14.0467448907314	13.640419260539	13.9580816206954	13.6643972868017	13.2987171269621	14.0652905950578	14.4514406278044	14.1409426482289	13.9254580106466	13.1283833030782	14.0098096268492	13.2449663046672	13.554541066843	14.2992197968615	13.1164102133634	13.409933582995	13.8211734121834
M201.1244T150.01	13.7991246238859	15.3011789471599	14.7938726957417	12.1528923143244	11.1597561123867	11.6480762554571	11.584796925073	14.9302243286832	14.8940846761167	14.525168772832	14.7620238794405	0	14.4444421425414	14.2072244808571	14.1279075871482	14.2848514839251	14.6735849413876	0	13.902213508341	13.7521398830374	14.1820255464414	14.5481198534615	14.1007385076402	14.0417452794489	14.0157440473507	14.2484291258257	14.503923991857	13.9922526510973	14.378710248714	14.1513104230131	14.2312475792847	14.2547010779961	14.252899217744	14.3035662136844	14.4936650006028	14.4667117280603	14.0647545054777	13.9245477524114	13.9561757291135	14.1622654337452	13.4971707591424	12.5784383004398
M201.15T229.82_11	13.7102261879057	14.2581362110219	14.6438932779698	13.4129589670051	13.768979644335	13.6968181593061	13.6659284060055	14.3567551515591	14.3140988166923	13.615098563626	14.1556276378582	13.1191316176972	13.4398738252914	14.2919196719174	14.3835789640933	14.070355045475	14.1941570837763	14.1945131834976	14.2662264640977	14.3879779242145	13.3116405150619	13.4103731281899	14.2997947429245	13.8011001248401	14.4248626854929	13.4482031951824	14.187498854559	13.7303935396867	14.1693846910898	14.0380819621193	14.6255382618945	13.5811969155872	14.4440220380531	14.1145567449666	13.4978161798509	14.4114817406529	13.8348964907933	14.0919030155635	14.2347335729672	13.7393220510047	13.8144346631001	14.0684353181811
M201.1692T229.84_12	12.5482156376658	13.9475190204185	13.8655266037581	12.8723488942826	13.9971328860509	13.7718033498169	13.720342555647	13.5158009484409	13.8463183794401	14.7817245497981	12.2349102031487	12.5950701647433	13.3861297801116	14.419821332248	14.3586333151288	13.227899577972	14.2590531050386	13.6121003492206	13.9799845395174	14.2438657917652	12.5577556346884	12.138148102351	14.1059583161434	13.3303624084391	13.8091488158789	12.7808387141306	13.6073352174774	13.9983107624457	13.2634262462392	13.1042690409492	14.1963172892544	13.751603269157	12.8898305182316	13.8909488306569	12.2979967688399	12.5475539579227	13.9224231678517	13.5905499780241	12.9689684367996	12.6846623667863	13.2438338731659	14.5204007967985
M201.5183T230.03_1	13.86804879681	14.0987308815405	14.054512466563	13.4787497208819	13.8182526392224	13.5612208737839	13.4977002802113	13.5926376362731	13.9096947777944	14.8521966949739	13.8639827675221	13.8272225783678	13.5346669085752	14.1767168432137	14.4347246146456	14.6853345360497	14.3331832088653	13.8100312275308	14.3109621776661	14.1534897099815	13.0538619818759	13.3823069537104	14.0436141827126	13.6070416406515	13.8740775669939	13.9787608766435	13.8788791844813	13.9272215447698	13.2046101955899	13.4586717117325	14.4474863272018	14.3153579871501	14.396801675522	14.0113761306385	13.445492261513	14.372496335905	13.7459214325829	13.778322601478	14.3159149412447	13.6756751695662	13.4692595363669	13.9871058500777
M201.5721T229.88_2	13.6970855308348	14.0558878995751	12.651042534691	13.556386306734	13.9312411852885	13.9264910958494	13.9016622949863	13.5893806199631	14.1667215927298	14.7017113928778	12.4455565533983	13.809463751524	13.7005976568829	13.9692557787025	14.1243893702806	14.758998184561	14.3869207032245	13.5677437047123	14.1218506184064	14.3559407458236	13.180154487329	13.6662374479882	14.3493710708558	13.3249859910097	14.0602004093697	14.12888026063	14.1268237443864	14.0436408391861	13.9848557040615	12.9691344390939	14.4776404446452	14.2675163942805	14.5807858983503	14.1417607207129	14.0754957392672	14.4821717003157	14.1515096717157	14.0887532018783	14.470136631791	14.3207747131133	13.1387898831241	14.3011814349279
M201.6695T229.83_3	13.6454255794684	14.0573943358618	12.9367416155746	13.9252497710801	14.2724758277895	13.6964871296618	12.4657977182966	13.4348745526635	12.5975536052237	14.0566433225187	13.4717437374092	13.2207069223457	13.4453107968654	14.2368899964431	14.2112541166652	14.3294126469233	14.4114552705194	13.2496743229286	13.9710408149191	14.5501578513484	12.8926237043292	13.261829996836	12.7780656524899	13.3327034056891	13.7612084553233	13.8639955046162	13.5334520423112	13.2345710776809	13.5977697309033	13.231487145451	14.2036372647146	13.8710925865824	14.264782298363	13.9389887998505	12.8765434293111	12.8124861355319	14.1669166114964	13.3552810324779	13.8827980850175	13.627494186876	13.4512903555488	14.3073649626954
M201.6832T75.28	16.2836405467133	16.786910200863	16.7470618020897	16.2735970655961	16.5731489205351	16.438610532307	16.0278570786331	16.2984896555878	16.5792253578793	16.7627914236606	16.2942924134122	15.8146657460241	16.3674250139463	16.5321827858564	16.5941903928753	16.878157615247	16.7117560834452	16.3478904397707	16.7216167186969	16.4352325437689	16.3008099517223	16.3833298888439	16.1864658134568	16.0457417882132	16.4004282269836	16.36263859763	16.6016633348241	16.5403789806593	16.4924695316975	16.1559585367937	16.7853105103548	16.4940062224838	16.5362060464733	16.4956625157126	16.4904184923555	16.5473853473462	16.5922981384597	16.1126190135228	16.5841268088456	16.6480441494932	16.1336761532197	15.6900723940738
M201.6836T229.79_4	15.6201515751388	16.9672259390879	16.0077342564801	16.4279348515379	16.8757989444054	15.641324197128	15.8195055967548	15.525461324696	15.6359938106234	15.7048183893172	15.7664851336037	14.8171710053806	16.7253598007014	15.0917024329274	15.9082961163387	15.1340242921442	15.8909118022997	16.9228019413367	15.3664451214476	15.9299156680043	16.8503557494936	16.3433853606381	15.7081943883997	16.8689672912499	15.540168907316	15.2239976004542	16.8599017910078	16.3495718399547	16.044140365583	15.4733278636804	15.4684083202139	15.9820944077475	16.1189482944142	15.7356218305147	15.3924562128943	16.305983523314	15.2920508724265	15.2214940143882	16.6453920690505	15.9641776973966	15.5978644989443	15.9615212473271
M201.6836T697.19	16.6515273435657	16.7359744627582	16.3003634886286	16.2860921312396	16.3555269540184	16.6917566730354	16.3205480603614	16.8381099975744	16.532128829666	16.8884698113883	16.496032481848	16.7167212771263	16.9955338099466	16.3909209541962	15.7695713734704	16.0993496424208	16.2153690484961	16.2637493236037	16.7151471589283	16.9418342601988	17.1096649867683	16.8291448926501	17.0594922695114	16.4168585334556	16.3916138859604	17.3289844874452	16.812459747074	16.9685139900498	17.037683382182	15.6915373857732	16.0400145558889	16.7173014931807	16.6691285396306	16.7629122298223	16.2436487044446	16.4760642509684	16.0099070976855	17.0018499910301	16.3461346834292	16.7125543657848	16.6559852412912	16.6639548828575
M201.699T229.9_5	13.6620530504101	13.7812948729228	14.152579799397	13.6967248612398	14.2411693948808	12.7177343477487	13.4263723073344	13.2298266648506	13.2487493387594	14.7605838158445	12.7239493435807	13.721528997243	13.5265900314177	13.3161454063914	14.1058630346294	14.8545277754698	14.4272299186368	13.4305162962344	13.9435815422374	14.0835429411342	12.56056524359	12.8491742349582	12.9474341653629	13.6453182088752	12.7934897862534	13.9620573194046	13.7693307444713	13.9780107297269	13.5090919170678	12.6083870519272	13.994169230071	14.0213817070054	14.4967723150638	14.055564497167	13.4444715231517	13.8212494271189	13.861915996743	13.9358818241021	14.0848524225075	14.1041015902113	13.6046596227647	13.5235954474843
M201.7139T229.84_6	13.7826242965655	14.6017028832563	14.3928658688813	14.1465285815511	14.0491414992703	13.7905762590405	13.2615809092423	13.7308296155627	14.1450048579018	14.6346018586219	12.0221948294965	12.2858788932372	13.5220652165972	14.1744412852976	14.3642249152837	14.0004296591251	13.8650101093157	14.2142259058619	14.1529359422363	14.4390243023553	13.1884069298727	13.0631682496916	12.6084079176462	13.9897630908507	14.0198150465614	14.1449021706909	14.1010939554354	13.2074507102687	13.9597803197465	12.7140559413277	14.157143227508	14.2494642638133	14.3676686062976	13.6689292216367	13.6209646286609	14.3717647841027	13.6574169687408	13.9201173056289	14.3408833445627	13.8609562556523	13.8479998310773	13.2519389207572
M201.8641T229.92_7	13.7523263738862	14.2441636179202	14.3365467924895	13.5847407228351	13.9466532583932	13.1846621851625	13.3985881096165	13.2595099829443	13.6503926430664	14.9465475846678	14.0112214789866	13.7015648759761	13.5995747986466	13.6914516148853	14.2417335719363	14.371984584972	14.0940228090385	13.7201913519537	13.7996199626257	14.5009700401743	13.0826150250189	12.8408976836569	13.8193969066009	13.3240016263233	13.9265131005254	13.809063136195	13.5014941084085	13.9931884325578	14.0273316273851	13.5833539374876	14.3052304635733	13.7517207406371	14.5164562160273	13.8344661493597	13.5281656843907	13.7193593657631	13.797292720183	13.9038916544589	14.1479884858282	13.8037527993062	13.8167192529586	14.1312046762066
M202.0568T38.76	14.9869454436407	15.2172617247358	15.4645947704519	15.0027844647379	15.1763507770673	14.9943887367291	14.7038147396413	14.9590504539075	15.2227143260479	14.1012281483508	15.8222883723103	14.4528281654609	14.9477310812493	14.387252297612	14.7719334525513	15.1732795330404	15.2051338770477	15.0289410671152	14.5243728182385	14.982711338392	15.6279659352884	15.435305562971	14.6913483558354	14.2355016836966	15.1944074451393	15.3151575868168	15.1620291387468	15.0706764227416	15.1366048830464	14.9150671597909	15.0958003531978	15.3685933421292	15.2871502427026	15.3983754686444	15.0643608670054	15.007914577167	14.5063533877473	14.8027927742995	14.9927748651188	14.8299211557245	15.4314236619617	15.2476171024726
M202.0665T187.32	10.6485680109833	12.4181369082414	12.2324141098076	12.7583338856002	10.6179131027105	10.5571886980357	12.5411480235619	10.4316572893821	10.274350050662	6.83372937793595	12.5234767309588	12.5218805297578	10.5254352457295	10.3141513458266	10.3075569321712	10.9428797615899	10.7719104852747	11.1907663706271	11.181828210026	10.915622738485	12.2936402510384	12.2385914074075	12.1690298269001	12.4373898641257	12.4499292699375	12.9119055606319	10.5753868219756	9.36665860959032	12.8990810286398	10.7567607035374	11.7966337002127	13.173116510208	12.5011228097063	12.6538573911671	12.9091309936156	10.9737846076197	11.6665986668435	12.949257249894	12.4888560805138	10.7410891482331	12.3635449511272	11.5777251137901
M202.0719T86.71	13.2223331285483	14.8541222012417	14.2477335722746	13.4612521614236	12.6621915271258	11.9249222609861	10.1727710481497	14.2499380604407	14.710097099479	14.306423082827	6.26804147926353	8.19212479948707	14.0466606934001	13.7354906718202	13.5789636340943	14.1672175643961	13.9995243046379	12.9238091672631	13.0742841721705	13.2581422351778	13.4610932239398	14.456324871139	13.5190242908146	12.4640733808253	12.0565467223012	13.0116041279999	13.906860847622	13.7038018428052	14.1081248337953	13.3783268795271	13.5877136993285	13.5880188748386	13.2611380967559	13.7618252614283	13.6526072443615	14.0426341378652	12.4124652127764	13.5043177327652	13.3070739695882	13.1883448728024	13.1385376457957	12.4657966188664
M202.1083T142.74	11.6843500763678	11.5687430660633	10.5122955951054	11.4131383271067	11.7894548644401	11.9299732361953	10.8559342130094	12.1351453265861	11.8768376710394	12.086602032621	11.387826556881	10.7676925525596	12.0821347916735	11.8962402758103	11.6231149390331	11.7888845350843	11.5383910078933	11.177329573885	11.5717233011251	11.5320925595816	9.92260102795862	11.3283281650765	11.0201624723557	10.2203201208113	10.7899385356312	11.3822781672998	11.3895305721084	10.5230594499426	11.3796340696309	11.2244078274243	11.7004332712683	10.8082707909051	11.0041622152483	12.1540255306629	11.2504797724555	11.5051112578635	11.3604998724296	10.6062367633823	11.7515821406471	11.8980235242954	11.4193457750248	12.1125597780203
M202.1193T62.58	18.0069014798764	17.4389213544017	17.3508242677098	17.5772890258812	17.5009448037615	16.8849498336053	17.3453295006698	17.738847346223	17.5574966465638	17.5772560996231	17.3317739610658	17.1400920850973	17.3038470522492	17.6309753815439	17.5467814761001	17.2326871138329	17.3893065046149	17.371029446124	17.3258514430781	17.243203731655	17.7014249676519	17.2106250400616	17.3561894704937	17.4146355705459	17.2572563247873	17.3937375084295	17.516431610609	17.5989430401702	17.1025929397731	17.3431188549484	17.7033895783011	17.8324055177137	17.2966412603226	17.3775064699546	17.230585743895	17.4141023473492	17.7623785608437	17.0734357673238	17.528828051091	17.3542139510856	17.2443682114549	17.4262388429044
M202.145T229.82_12	13.6499846149714	14.7042462647737	14.2190651162084	14.0143952154667	14.4949474862051	14.1248482207375	13.5529944003311	13.0481337161784	14.0093013760212	14.7986918246242	12.9533205047202	14.0007702082382	12.0334592271243	13.6772471263323	14.1066138746814	14.3206886759505	13.5756445958441	13.9261793898139	14.1745188116327	13.9670956317001	13.4064548383064	13.7293497502846	13.8096589036484	14.3735053694777	13.461239026621	13.9288755952999	14.0082636468671	13.4449885948386	14.6709200434613	13.6003384460349	14.3821891111692	13.3694136384953	15.1012706094615	14.0714484260103	13.2490853395377	14.255388292237	12.9527108999612	13.9474487674625	14.3691684343303	13.8795727437332	14.1812337470422	14.7241838493785
M202.1878T229.84_13	13.7947294352336	14.1913256474035	13.9800363781368	14.118146164841	14.7164782559701	13.8754598869609	13.2442522287966	12.9610085668741	13.4912826781994	15.2785240751341	13.8145428271303	13.1674547843686	13.6497288804939	14.1047967474423	14.4486431884437	13.5262764421	14.2739975818744	13.8376807428312	14.3710499377298	13.8039726735742	12.838504274152	13.627099614949	13.7940955797505	13.0792278560875	13.6030010711359	13.2911217540377	13.468124959073	13.883052367284	14.1063093515957	13.224913859542	14.2243590138709	13.2673353487996	14.2242165606843	14.2029525750573	13.1541625451708	13.6110681286293	13.1019158824025	13.9268553372987	13.9733813676104	13.9818030231136	13.9984122054326	14.6823184404212
M202.3939T229.84_14	13.9780889955316	14.3355217269738	14.1173067471762	13.667358589477	14.2283039067555	13.783049555293	13.2655857787643	13.1105754005339	14.0286851830741	15.446135742332	13.784245269737	13.0571544860216	13.7287875159617	13.7286949982052	14.3348858328382	13.9516895781763	13.3652340972135	13.7228023962331	12.9607352731036	13.721340974479	13.0458364237124	13.4534004747637	13.5143546916888	12.8658860694737	13.9366733535396	13.0860165763462	13.8703552973073	14.0953224131977	13.0155719388212	13.6514968593035	14.1113200736492	14.1472422813521	14.0809674628181	14.2995484567249	13.7179980517227	14.1524925086392	13.5612585081322	13.7571145002446	13.4166519691367	13.902965157662	13.7968975833286	14.405230555644
M202.495T230.06_15	13.2490266909632	14.1069565928359	13.8672315051836	13.728344268171	13.6724403364885	12.6334612255354	13.8212736773284	13.5919605317012	14.1479492666617	13.6686704943442	13.7512308309292	13.0348970620726	13.3332536400607	14.8118021454741	13.3723901871219	15.1454844325935	14.4055376548602	14.0344318493406	13.8444000312888	14.401873685091	12.8101657630806	13.6894177450929	14.0646951926165	12.8096900990703	14.2070863801711	14.1971317966294	13.7597942553611	14.3365744681461	13.8013990632392	13.3947159912629	14.1741269176179	14.2479173857695	14.1175075569091	13.9641183297292	14.0205745437578	14.4151878747104	13.4974830380241	14.1349917065589	14.3611076966834	14.4651912924136	13.8988460320327	14.0448981570106
M202.7845T229.82_2	14.2652866387686	14.3871581050467	14.3577450899844	12.9684038131582	14.375600372422	13.9734708205236	13.4386086878382	14.0827496345733	14.1215743617551	15.138252661405	12.907921229379	13.7192971882585	13.0120105238113	14.4242659123982	13.7023298426568	14.4285968876805	14.6654883164355	14.192722665412	13.1424738822411	14.6443948659005	12.4457905615747	13.703175499692	13.7401707135922	13.6577090159428	14.2279787723708	14.291229220178	14.0455690454861	14.143510120555	14.3176355331346	13.0679376688505	13.3306270175704	14.4796669557628	14.8247335072246	14.3200822397911	13.9576666274919	14.5258131973504	14.0661059365001	14.0141969742932	14.5764401773575	14.0726038079398	14.1309495747071	13.3406919673709
M202.9527T229.87_3	14.2622844319217	14.6797206720164	14.7376270184064	14.3686769764735	14.8257562543907	14.0658756963993	13.6838214662456	13.9336653059018	14.6197057899581	15.4645620940444	13.6645288692514	14.3500139787848	14.0043239014114	14.8688596619285	14.867439967365	14.7765910526282	14.6845430358852	14.2766682892605	14.4861005852548	14.8284613202923	13.0400003623181	13.7095015775582	14.478133390064	14.3088841666164	14.2680455441474	14.4919241944378	14.1923918150497	13.5171253193853	14.4206722869081	13.9949447352602	14.7124669178904	14.466573145997	14.9867616543872	14.3363511309552	14.2599021582927	14.5061755699834	14.8403882456559	14.3173611094549	14.6281230931945	14.5950937342806	13.8929787889857	14.7920134064661
M202.9914T1195.08	12.0351358336039	12.250613490233	11.3295462611739	11.2819147584748	12.0668743375759	12.4238213749717	11.5032808449311	12.3865479945133	12.3976032948815	12.041423422493	10.9465721908564	11.9948764902979	12.1483369184174	11.1925521144766	9.96907519077963	11.3827004420328	11.5104181352693	10.9938188299689	12.2307169418299	12.0942022927611	13.0267056593533	12.5465267642264	12.1376179669384	11.6239848368526	10.6278772938651	12.7565803511546	12.1154294174036	12.7524759395288	12.6680298600507	11.0301303398905	12.1288638936036	12.4277463747526	11.6325905239735	12.6435173556966	12.8449340641691	11.4141718315911	11.6366701189947	12.9372698165473	11.9275476604306	12.6093305773198	12.5853876944559	12.187987973398
M203.0049T229.89_4	13.1682844904203	14.0327794518358	14.1252573055508	12.7738898158322	13.2489684140156	12.2134914942727	13.9339664591056	13.8107738513917	14.2798905685712	15.2177606062521	13.8605417741652	13.7024905769669	13.065614951057	13.6215951064817	13.5421049542062	15.2060131888512	14.388261100264	13.6503389500376	14.1373394516205	13.0474093324271	13.0647286503855	13.5428815701207	13.9058158008675	13.3601340892304	14.3019283418986	13.5311322479277	13.8818228192149	14.1909130233067	13.8015192206838	12.6780505321297	14.9139016360618	14.2753849044757	14.4213458132092	14.1256691629584	14.2569884082283	14.3063301462952	14.0887076234968	14.6489260135288	14.560859858021	14.0852104109937	13.560115062347	13.4070422013608
M203.0352T229.84_5	14.383333850708	13.0603680950466	14.9956180063506	12.7456389548707	14.1461341516493	13.6609813860114	12.5240734528442	14.5813097862816	14.5663508103005	13.4270679742012	14.386847694427	13.1906749966256	12.5723873201367	14.6633931058629	15.2353305850909	13.2122223372195	13.3732379518592	14.2402735598644	12.5373079333481	14.6932052805765	12.0487278669069	13.5561981812764	13.9965773530502	13.8257470429918	14.589606964964	14.6048060042015	14.5528875368224	14.7163800135518	14.2767448381461	14.3243522208005	14.6667603711031	15.1275815687576	15.0513957806927	13.7736560185457	13.4088981961625	14.8370536959901	12.8777338367141	14.6168226361924	14.9478208298268	14.5679335123265	12.9557989266515	14.5035979640484
M203.0689T229.82_7	13.9703424040315	14.7369061121218	14.0695113870079	13.1162102689164	13.9375612586884	14.3977566124246	13.0969604823525	13.769507987522	13.865060557652	14.7557529094131	14.238989825092	13.74323991919	13.8105961251988	14.4098350326636	13.3497681302471	14.5682520189235	14.9169749488014	14.1072394990587	14.0792802574289	14.8835094052165	13.2868169999277	13.2354853145628	12.2859322925318	13.8574509003127	14.1486541516241	12.6744756452646	13.9480295013329	14.2841309022953	14.2737568573678	13.4880423559575	13.2437019353102	14.194238666971	14.9525845718969	14.3444391056225	13.8398577042287	14.863135330778	14.2349316594072	14.0626331133842	14.3314702308203	14.2268522180769	14.1568738525598	14.7582022806153
M203.0829T230.06_8	14.5624372557809	14.0964003324844	14.8638368080781	14.1722380714259	14.7943383133472	14.1477740800736	14.2997264077511	14.299757746401	14.6403320450426	15.0390376645856	14.4666291500936	14.2192028008681	14.1248951085872	14.8661664577318	15.078820431032	15.0978568984799	14.8100820707178	14.7072328378582	14.8623043719844	14.4983364503295	13.189644168129	14.1678577358405	14.6929006714263	14.3874102817315	14.7152176752084	14.7164698470124	14.5676099144914	14.7442668765933	14.9353277492916	14.3929180923959	14.7579633173871	14.4976469529482	14.7498552678725	14.5351001699319	14.0889862503682	14.8739350482899	14.1436970477054	14.7496902354526	14.9949842632505	13.5151391024523	13.7380309738892	14.7632222221729
M203.1034T68.9	14.2460117740371	16.5714743400771	16.6542357153082	16.5423646088426	14.1872470622045	14.221057933755	15.8919064472151	14.6344216331059	14.374186806897	14.3966763379171	14.493859377493	14.1244298546843	14.0633854325894	12.7313236332221	14.0773344877579	13.5881437024987	14.3374351959225	11.0414275296617	14.2233961391459	14.9472665129037	16.6022959605787	16.0321415680138	16.1425064805887	15.5713454388887	16.0088108142642	16.2728532626067	14.3342215523949	14.2312636435643	16.21537384959	14.6331516274251	14.4195207278739	16.8116051737997	16.5899162184145	16.7101315400445	16.41251978831	13.7219770782818	14.687079754559	15.5676237019872	15.0724852272546	14.7434411240375	14.6433945171076	14.4543115031528
M203.1229T62.5	14.1206987761458	13.4428196449401	13.2266282673293	13.2173243451033	13.5362508361544	13.0720953103642	13.3324272502265	13.7573765962539	13.5151409356046	13.5868419294383	12.2437673447564	13.0119195845902	13.3104763498439	13.9023946154539	13.5096098548083	13.3715054699351	13.3060194719798	13.0912836756126	13.4530116098379	12.9338260282765	13.4682745582554	12.9662977657683	13.4540460773728	13.2223718288808	13.3782319516159	13.5516885428977	13.2384143927907	13.7844875713328	13.3456542225277	13.0130143224982	13.8127928889327	13.9004627439979	13.2918544419806	13.3469282596554	13.0535137207802	12.5922757056276	13.7848467141426	12.6100674741224	13.1835147924044	13.3346405587763	12.909115209342	13.3194059579228
M203.14T64.08_2	12.436042064883	14.2358660449388	13.5144849211333	13.4629399877647	13.1231616663206	12.6479187597592	13.3300635539777	13.0039320036405	13.1586242015454	13.1537664610389	13.6921535198918	12.5195532156168	13.4279469760001	12.5530826100533	12.7678608610134	13.0016259098146	13.8568604177198	13.2674848482294	12.9182435103274	13.6320143270874	12.4908162514902	11.0762786202751	12.8107288010449	12.9126389018282	12.6219793869085	14.0587643765708	14.288799394204	13.1896104169605	13.3594818086483	11.9712438194312	12.9892253606744	13.9778049072557	12.4693727563111	13.7685284775813	13.467117763339	13.2894144127427	0	13.6241661341004	13.7243477147813	13.7966785667027	13.3982897918849	10.6859715160568
M203.2897T229.73_11	13.948688476108	14.4907750301368	14.1510696192038	14.1854361242983	14.5804443772876	14.0774018128193	13.626886878211	13.9251621985993	14.1536426951056	15.4019585365349	12.554838027713	14.3296226987763	13.9387267494441	14.5225469125917	14.5416767942096	14.6547250692524	14.5924689278841	13.9778105699806	13.4920807734943	14.6586548323634	13.2360937455402	13.8454224937055	14.110146197389	13.9965731476682	14.0937189428003	13.9889057698906	13.1879953798089	14.3609934789437	14.2950331142822	13.0540186216962	14.7219954219697	14.3303272325398	13.8501554179824	14.6001071438173	13.4805257065571	13.4631776653549	13.7876277111842	14.287339326314	14.3846387589595	14.4499772786904	13.4672869922243	14.7724344760543
M203.5666T230.09_2	14.1127627983461	13.4615484505577	14.8294504229751	13.8880741798103	14.8106678743985	14.2999260489029	13.9079771396869	14.0035254159945	14.4924341847681	15.3390265679314	14.416291907762	14.5219887703125	13.9758115004463	14.7026386361298	14.755536356299	14.8733371575068	13.6764337014357	11.8511746666832	14.5311560704029	14.9685705256088	13.4332116650579	14.4279917072732	14.458689706593	13.434230832757	14.4291124396181	14.9412676760717	14.4659454600209	13.6568385971723	14.4034769718584	13.8492460750263	13.9262426864752	14.5997547987337	13.9194647547053	13.790492168032	14.2100771501022	14.9141195578696	14.7288227543733	14.386960618636	15.1971735463613	13.3501185122147	14.4491186755504	15.0361039205082
M203.5915T229.84_3	14.067933563846	14.3642402383777	14.4290221593113	13.8486897919407	14.7120358684283	14.1552373605206	11.8074929334878	13.8847501445481	14.1647688803316	15.4447717124535	12.9389683012234	14.1593393642248	13.3795075155836	14.7990468162797	13.4804504434473	15.2352809680813	14.9461151541011	12.8460782831257	14.535778581932	14.519110210985	12.3540618559967	14.2667905116851	14.5463030563558	13.9710990825498	14.1266513739817	14.414184380478	14.032164032001	13.5427667037744	13.7477704892703	13.5041895843837	14.0462022948927	14.4085930062125	14.6310305688126	13.0942479173586	14.054478094872	14.6294445510815	14.2757901129736	14.3271972481072	14.0250732397028	14.6395248147737	14.0972119934297	14.7589554454202
M203.6086T229.82_4	13.8820168633406	14.2064604821196	14.0942729100861	14.2403379662171	14.0272945161579	13.7075211327311	12.3554873235771	13.7647351835991	13.3053449163973	15.5154719366718	12.7997595925968	14.1889642826169	13.9506121890334	14.6932903566196	13.2024690467632	14.6964659620631	14.780168978858	13.3761156797442	14.5129929234941	14.7391140071531	12.1668577950125	14.1032935690953	14.3246969927589	13.9140020730025	14.166201236339	14.4353409909373	13.8631093969845	14.4824270313215	14.163480438446	12.3066316191116	14.5751112198172	12.9762158686482	14.6672547349155	14.4793772172316	12.9849583545584	13.9426295409725	14.6661519796461	14.0503634846845	14.6282478466953	14.4660781060813	14.311605588512	14.0353973999658
M203.6537T229.87_5	14.321429998791	13.7270463082284	14.0762092394196	13.872660425511	14.5106272137078	13.0972054116915	13.9479222012384	13.9354374623885	13.7439029213707	15.2845727161774	14.1281260045464	13.9435340824942	14.0731246214703	14.3052369853875	14.9984588738634	15.1343309851304	13.6543980142282	14.2686884418303	13.9716060959822	13.3853761623473	12.5320778077247	13.9595834203669	14.4557651685124	13.6640162857425	14.3423454539448	14.4983400872396	13.2223863376901	14.8019831556568	14.0160356107951	13.011117327	15.0087984881067	14.662665734576	14.6445203361875	14.0595982130806	14.228354232891	14.6419304156218	13.0769312937021	14.6414061939975	14.8374183085221	14.7680394598185	13.1186678865557	13.7775115564526
M203.7043T229.89_6	12.6714099022294	14.5709570030912	12.9662212674544	14.4035158231833	13.9481713028716	14.2547822192909	13.4453083520871	14.0510075626555	14.160742794884	15.6528320354398	14.2392810821841	14.277106825406	14.0212503643712	14.5123434550427	14.7442583004991	14.7094591813787	14.8183823139333	14.514370614134	14.6539125290765	14.8730213622035	11.2837592523809	14.3315471121408	14.0996130750108	12.1398443030258	14.1522646372879	14.3729694043603	13.8394601597246	14.3254616990006	14.2984429111273	13.8872083498386	14.611911261339	12.5376671428699	14.8975643853267	14.5483963972471	14.0704938407043	14.8850199520816	13.4324799398173	14.2926850694953	14.5782036600655	12.9880687407209	12.748138543798	14.9675466559454
M204.0266T230.07_8	14.6810936523237	14.5402381732437	14.4402161076863	14.3461060068721	15.025797346898	13.7149795154078	13.8320279915532	14.3706668469926	14.6335415749047	15.4126642847233	14.7812732177598	14.4116254330059	14.4736692699868	14.9896793432431	15.0706215674619	15.2683984657586	14.5732041216586	14.6602627325406	14.5336530502835	14.955599057784	13.6505309437176	14.0109393551097	14.680235245426	14.3954670326188	14.5681793080994	15.051738511989	14.6708886682867	14.8203398437458	14.5450713051543	13.9573031816236	15.0110150952541	14.6863269199964	15.0648199936514	14.0680398847394	14.5288516308745	15.0927882436585	14.6207687331119	14.700694337635	14.45985951139	14.9332932358454	14.8030641197674	15.1412179887873
M204.0458T229.91_9	15.9304358168695	15.7662862905762	15.9692699973242	16.5236675612731	15.7859931038652	15.6808962895702	15.9270637098647	15.6668331548479	15.83633596103	15.9105962503557	16.0058449212059	15.4119271577371	15.9986960062522	15.9679849440428	15.5843936033037	15.6434492382978	15.2633060150398	17.0928870101248	15.444933129778	15.5265823732702	15.8233056368794	15.7847083128903	16.170330700432	15.6348687610229	15.9308347864287	16.1856159678561	15.7428012770452	15.6535661048404	15.7696481745234	16.2425686720682	15.0164851724513	15.9178128762947	15.3568207844885	15.4689792577455	14.3913559020317	16.1799842726818	15.4654549554221	16.22170130448	16.0757178495928	16.9110444196685	15.8153790465239	15.6203599742971
M204.0637T67.54	17.2886370037642	17.5591752555891	17.1075713442334	17.0096246050268	17.4067379277189	17.1851383216046	16.8196958330613	17.1088962615253	17.3226528707716	17.6373238004174	17.3311628874592	17.830221370687	17.3521334339821	17.659437728208	17.3798130152906	17.4776757988961	17.2022533124274	17.5752517279214	17.2392682675581	17.2296213470636	16.9016220614813	17.3800618636127	16.8509998797329	17.4710862365746	17.608547391657	17.2458498799869	16.9692416274465	17.2496550316555	17.315887094973	16.5874654709464	17.1977249813178	17.1443525843691	17.2015954940535	17.3047941787253	17.2490525813278	17.8882606305256	17.1641512049239	17.1834627268683	17.7854061819357	17.3249816091674	17.7972719064865	17.8773288296998
M204.0665T370.11	12.614670358676	12.1465685493391	10.7588078883059	11.3972853170792	11.6270623857264	12.6102123350208	10.4689782258012	14.721533279572	12.6599502487205	11.8402181619534	11.9121881133909	11.6435782113049	12.2179355436729	11.271208645821	11.5038452856983	10.3338055097404	12.4713046462667	12.1353203418969	13.4768271150193	14.0457436877367	13.9356724354123	13.112469998349	14.2643129529126	9.33106888653195	12.2836484603821	13.850976681934	12.7052605204822	12.2604703176648	12.7426862994839	10.8975281743632	12.3901253820119	11.8711140740498	12.4947802384658	11.8922657778459	11.6181867069809	11.907193369745	12.1041087775161	13.1205649204539	12.5995586597061	13.5257161385811	10.1450039328646	13.5924707790099
M204.0699T105.78	0	13.6839843708842	13.4793304968788	13.4106225733673	7.2989807341295	0	12.9764767544238	0	0	6.93138657755034	13.2372912375036	12.4476594589512	0	0	0	0	0	0	0	0	13.3261134415405	13.4893296905486	13.4437255915081	12.9962835752541	13.4256958590682	13.2991747524362	0	0	13.7827062831016	0	0	13.9137383251232	13.8129655978939	14.6176160386081	13.5831309109744	0	0	12.7150506271623	13.2431311959911	7.95755380481338	13.9167295421426	0
M204.0699T286.38	11.904349270894	12.1479016000576	12.538854050854	12.0886490518088	11.5470032217639	11.3725220451312	11.8425138787985	12.0486057993049	12.6377560419491	12.576775745021	11.8319695935514	11.1583275180717	11.9479779951294	11.9338669701421	11.3983255532713	11.6922854648938	8.0299707360825	0	7.70063034224862	11.583511859059	10.7566491566132	11.5186899249779	11.069796167948	11.8254795302644	12.5426718551726	12.2019799855798	12.2312797709611	12.6105478364515	11.8151202605009	11.1090987775955	12.5910923246892	12.1801430848952	11.7612003481694	11.8062900673634	11.7308416508511	10.3154033398118	11.801758724722	12.1733133940387	12.1710878531679	11.8945102085351	0	0
M204.0873T50.88	15.6782876019555	14.7741043826431	14.4424738641224	14.233223335813	15.7934216875957	15.2645061535936	15.5799845494984	15.6068773704251	15.3480372951926	14.4861234323286	15.2230631992058	14.2328657950764	16.3294497323858	15.4645228929956	15.771776996832	15.7792610835451	15.8412035808412	13.8576081904395	15.3584198150712	14.7324040445037	16.4638283496162	15.7860994414273	14.7197294153044	14.1854873330102	14.6346231129062	15.1542550214723	17.1253128170361	15.598687186156	14.397821655279	14.7543696600286	16.3739165834718	14.3569884677813	15.6346195808877	14.932992301805	15.1030060769442	13.91733430399	15.5525928919623	14.7976191870287	14.4435300139668	14.9476675433841	14.7659650026406	14.1175533768621
M204.0989T103.68	11.8858471886051	13.5017546535924	11.7094419482661	12.4864388818501	12.409497237295	12.1964836044552	12.1892174372737	12.628997255261	13.4152705119756	12.1009094352711	12.6055153276326	11.486182077704	12.8535445389095	12.7347615895268	12.4954487826173	13.4033142669929	12.3820825522502	9.17346519603937	9.99351910768631	12.0768239858698	12.381148853615	12.9274287169942	12.7184013882072	12.2971910005311	12.9249073892218	12.8952261094645	12.4820232735919	12.929176157356	12.8571528390263	11.763534642058	13.1050861187035	12.4966045141069	12.4219623178132	12.1578498580482	13.2455499279874	12.087765327023	13.349595561715	12.8742807624302	12.5365542756759	12.8681818400008	11.9868355465282	12.0750915434788
M204.1036T229.81_12	14.4481299987474	14.5761023237282	12.9675185292205	14.3749908755004	14.8772898887071	14.269749376317	13.8863943941733	13.9667956552545	14.5508800809007	15.497729468106	14.2335959716982	14.469610281361	13.1005550368639	14.9045588449229	13.9598745310707	15.0802323136272	14.8249911995194	14.3850811656163	14.7393560862253	14.8333583372308	11.7258145889251	14.3557676215478	14.5851079907272	13.3089456503655	14.4019577281613	14.7460440766174	12.7068893722148	14.6191505971641	14.3952149488305	14.1242568052052	14.9489568672173	13.4501576299516	14.8484258702805	14.3049278209793	14.4699551903725	13.2692644210208	13.6797303344011	14.6178035430018	14.7576549639369	14.777414206909	13.1860481480778	14.994462762455
M204.1233T76.41	19.2870163876044	19.182322196755	19.3417748793781	19.7547245804877	18.9952436522991	18.8970038871178	19.2164524227984	18.8989324104606	19.6053768760237	19.0691214788114	18.3986572094384	17.9878978684576	18.8690607259518	19.1170603945985	19.7555060779896	20.0430915956054	18.7394602763809	17.8656759755337	19.0988408444816	19.362489299671	18.690502037185	19.2751646308425	19.5807680155724	18.9913113108016	19.438171521105	19.1499927529906	19.5350774915845	20.0131214244823	19.5197638771196	19.5453367858793	20.2705289618384	19.4013807108894	19.4717679656863	19.1505855524748	19.6788547780508	19.1047759409246	19.7045864221195	19.0572182439872	18.6721532200929	19.3992192301794	18.4044564701459	19.136166024899
M204.1247T229.84_13	14.4762960992735	14.8418774425937	13.4988797453833	14.1845607327542	14.1085931882357	14.6924978590837	13.9346485820963	13.6148267531101	14.673202560916	15.2915073227433	14.7628755427755	14.531279772574	14.1576483949423	13.7041359623376	15.0833020100754	15.201876078968	14.5871831363712	14.8102321550919	14.6580559935832	15.0481824621252	14.1457806304782	14.4994018113512	14.5905683531934	14.5644175170744	14.2385976302041	14.9424207727739	14.6736280397934	14.737157646154	14.6755971614032	14.0664230261612	15.0028822597043	14.8780194667459	15.3013809840295	13.0564679716074	14.5272321692598	15.5574643319047	13.9289360902085	14.5846501921555	14.7791158092455	14.6866687738458	13.6144672510066	14.1699736033156
M204.1351T62.04	16.1642392605019	16.3208261217271	16.6242614954927	15.9546588395612	16.0093706579608	15.9510381281059	15.7961642913103	15.8927531874173	16.4471057886254	16.0918345292873	15.5364409581211	15.4054254294244	16.6307983301952	15.8764978972718	15.9432569930294	15.4631365832845	16.3268376618761	16.3208226056524	15.9521499578737	15.913457211764	16.2922360286395	15.8982206798227	15.6749203298116	15.9603124640048	16.0746800835382	16.3250476566968	15.9905318345787	16.2399672838407	16.0742114500908	16.0297764959119	16.3419508514891	16.7190119756178	16.0890717304003	15.9080003378727	15.978078740208	16.1945269424927	16.6159609682664	16.1113103131466	16.0740183406148	16.2533352199187	15.5432681758046	15.5558808914037
M204.1439T229.84_14	14.1187672031761	13.6767429247145	14.1594596438616	14.125556752363	15.082207658017	14.6169590276695	13.7538862536859	13.6101395152723	14.0364642528207	15.5792015875933	13.0347798885906	14.308540946146	14.0371009784209	14.258720410759	14.815511761953	15.1125635216346	14.9913675025137	14.5399446787409	14.7123232649381	14.4200929818012	13.2268850419973	14.4157801935286	14.471359227987	14.5150639874613	12.7963646817301	14.4854189276402	14.3558449353445	14.513785723072	13.9174030333621	12.7200398849361	15.0033794304344	14.5123639012508	13.6757953362481	13.7249519191001	14.328710083147	15.2101688137393	14.7264457929776	14.0109672711364	13.8675654481105	14.7327554497542	14.6343027255174	14.0320030528108
M204.1929T230.02_15	14.0413051963928	13.9838456148327	14.2166308201592	13.8198526844041	15.0377449603201	14.4734563303941	13.8228713375547	14.0689348927667	13.137765505529	15.1152989287214	14.5602403347655	14.581100080531	13.9899874093038	14.5314407409573	14.7458926494504	14.9835706509991	14.5297892330813	13.5888861041937	15.132794466507	14.6308101458743	12.750955541161	13.4850848976249	14.7749717948471	14.6466396037352	14.1165469103126	13.2423099968665	14.3570269849499	14.5378209845921	14.5587844396161	13.972982701017	14.7449537534696	14.4401519054433	14.5748613190784	12.9887476951347	13.312046919098	14.0616649211741	15.0717085194584	14.4108957924455	13.4097887816797	14.5400229662832	14.5326282419689	14.9963841250218
M204.3117T229.84_16	14.405517942883	14.8053761342414	14.8139194015003	13.5150423982291	14.8387835880544	14.8136850183669	13.9551748704405	14.305892787144	14.858783325117	15.3532997857971	14.7542489786042	13.9345053154596	13.0785270162833	15.1637103630408	15.1676844143194	15.2902882959066	14.9259860254425	14.8261013745379	14.3876408475244	14.9325511635579	14.0832497987882	14.4934592341383	14.86636911244	13.7601655465572	13.3418297987065	14.8825679232432	14.7193212755194	14.8219458917962	14.5482897825298	14.2156429905643	15.0612203283458	13.992775570075	15.3375900321611	14.2024082811665	13.6032736331778	15.5424675239548	14.7332245953734	14.6049138800936	13.1147090372821	15.1440697392426	14.6813185070414	15.2120632288384
M204.3864T229.84_17	15.0155948297195	13.8882000823719	15.3638572263805	14.5809314394301	15.5247911032835	13.7270914331511	14.4500525126502	14.5747701042045	15.0931457630493	15.6694708613231	14.7732140839847	14.8160832740946	14.7300704738422	14.6387375658233	15.4334531773964	15.2948169078405	15.2564415845354	14.5830724837089	15.5898428633554	15.0342189829763	14.364127421819	14.6721006080495	14.679537413319	14.7158256225245	15.1412872816066	14.9643363723306	13.8894916417904	14.9232991143594	13.5878386426019	14.7078944396426	14.3036961683787	14.995120375827	15.0919799399414	15.2398350042963	14.746498797845	15.2864016509364	15.2303658260775	14.7255962943668	15.258212177108	14.8736515840147	14.7482909131812	15.1335456444242
M204.5932T230.06_2	15.2840408482638	15.4022445793233	15.4111737221157	15.0375460420141	16.0107155916101	15.5167524124821	15.0002966237445	14.9720172219634	15.3313114222997	16.2618153147369	15.7272291757479	14.7810357938445	15.0260050481789	15.4238742920361	15.3685270693497	16.1837070045206	15.5335896683554	15.6397362776348	15.3090937257384	15.5516781600536	14.6122574803305	15.2220632258429	15.8476623430162	15.4942998605169	15.2603790488848	15.4867290019691	15.9879819787702	15.5281008679168	15.4066073072598	14.9357253379932	15.6948429597743	15.4419088573397	15.3713482022865	15.0622677260616	14.9280139337657	16.2978438278233	15.6207441081063	15.3940407551049	15.209867075338	15.0859396144485	15.5843550361046	16.0023213216329
M205.0744T371.49	14.8208788424607	15.034461117192	15.3254113073393	14.7252075430909	14.5413866581201	15.2557930377378	14.9043957673824	14.9404936659648	15.2023166121345	14.7638333321268	15.3971697248876	14.5975335703769	15.6880359687285	14.6495112526262	14.6370090488653	15.5688697913287	15.9942623652362	15.3910883555452	14.8668132299303	15.0925293345219	14.5863179928956	14.8927779539371	15.0259746920272	14.3913832636035	14.6651273421613	14.9444957893866	15.0616914598935	14.6270228540524	15.1135312227821	14.721047442374	15.5651981151485	15.3326282773226	16.2051357275997	15.5592006827217	15.4933907913054	15.181909058072	15.7162694034557	15.4097774890322	15.6310204883949	15.6034831059734	15.2161363284189	15.2247613651098
M205.0909T94.71	11.8615540473338	12.498136461492	12.3569010537738	11.7606271086745	12.3963169727941	11.5702267855686	10.753911558456	11.7485226449416	12.0865129296401	11.1784634058249	12.643032299662	10.423761622566	12.8433884831926	12.4966299231905	12.7968819946043	12.9858134165756	12.6223934355227	11.5241088785851	12.0580677735544	11.8694054180399	11.6310072060944	12.4225191557946	11.6525860735546	11.2251525333135	11.1978149532007	12.6950425955679	12.5574041041954	12.2261998609841	12.4768127489796	11.8795992095955	12.6568298699313	12.1270666454123	12.5073251318552	12.4742112676927	12.3289469619996	11.5705945833887	11.852400101056	11.2430502426164	12.4637376749436	12.882229036537	11.8089905024155	11.5700600979026
M205.0982T259.83	19.7505418075007	19.4721567056593	19.7111582553142	19.2595817120226	19.7428257569784	19.2600509591427	0	13.6665708447239	19.7254253516689	20.4087987507086	19.5645224441772	19.1501345304724	19.1256392635648	19.7692689619251	19.7692952191943	19.9189565137207	19.6191490881235	19.4531940289787	19.8278945197175	19.5651840869188	17.4268948731466	19.1794992512707	15.4127187389509	19.4048393183652	19.7004847447107	19.5104783569771	19.6628073573384	19.8045606854399	19.5546789296349	19.131202509103	15.8416496210971	19.4776198715721	19.6516338634841	19.3924975410798	19.283784157726	20.2111444631244	19.4566667807465	19.2810918066291	19.8040138566419	19.6158899061278	19.2174644573107	19.7840718491959
M205.0982T281.64	16.2978319285136	16.414757551037	16.4806361811272	15.9992125818392	16.1701078305385	16.0015086072202	15.6818641897252	16.5575004553389	16.6355657616057	16.8624647464282	16.2946730571276	16.2298902935407	16.4232336891672	16.1356715279691	16.0080109496769	16.2702510854096	16.0711941412286	0	16.0947043157419	16.8196123001496	19.024732879284	16.0763369226716	16.1952957943657	0	16.0773279703013	16.3179951104749	16.4661981655496	16.4847205131761	16.4657588580089	15.7296142886495	16.4612150882363	16.3262409150287	16.5409160212519	16.3046576104623	16.1512712377145	16.609195317095	16.1341634216052	16.2572478758086	16.1772487043473	16.1415707368735	11.864114457599	16.5144192961632
M205.1445T370.38	10.0922118763539	11.2110102975044	11.5911626645375	11.4247920442263	0	10.417275712958	0	9.83027303010392	13.5214669152815	11.712346023573	6.84579842164607	13.2125685704055	12.1766677103824	0	12.2093843019417	12.3182691705092	13.4560162179412	13.9701750646323	12.9011968639017	11.2756292578922	11.721159924043	11.8341913137317	10.0763386836945	11.9026202463974	8.21005552480377	10.6114043022257	14.1248638587105	12.301289535831	10.4717276027146	10.9993720659692	13.3443345130955	11.913784285022	12.0941642482069	12.1805882628285	11.8153892117028	14.0611473577433	10.3714250229615	11.9711744163962	13.9068457097544	14.0116189575265	13.163845823521	11.2803498272274
M205.3857T230.19_5	16.4064809725043	16.0660296933174	16.633505668528	16.1881365368921	17.4124327438214	16.2988587859313	16.43870840917	14.7518167024085	16.6108698482374	17.8462834221302	16.913582839071	16.2873283575991	16.4041948173344	16.8686382729635	16.9244452412497	16.2894968951192	16.8514735137108	15.3001253774396	16.5611261725209	16.9787883687999	15.9777003713594	16.7049635923185	16.435069199977	16.8147626522905	16.6185903351638	16.8377851943936	15.822708055582	16.1883531233456	16.4599586822486	16.3888581813241	16.9910016103911	16.6880688573076	17.1422503644375	16.8126641766857	16.4865647081057	16.8103537518319	16.8740691845204	14.2059191842788	16.7594035555315	16.749260862872	16.4133473707071	16.7200948367848
M205.813T230.02_1	15.1929264671003	14.7592407769035	15.111206186323	14.7138073788399	15.195038643134	14.3575971060581	14.4364287309642	14.9453195809225	15.0255874427473	14.9151402563744	15.1954438597656	14.3567944851963	14.3763466920674	15.0014585965475	15.6671602618732	15.091172627139	15.2221322311185	15.3443007186516	15.2920650350059	15.5650908726493	14.7082820576846	15.0661866156655	14.725335910141	14.9077492662302	15.5436441174047	14.5750694643485	15.1796227042853	15.0515008534516	14.9131526095801	14.8800591902246	14.3963457790741	14.745222770633	15.6691693128921	15.1848475033206	14.0738864966364	15.3323473242065	14.964897337234	14.7022032334144	15.0841188389552	15.0878062572088	15.2146627064403	15.1965437209745
M205.9212T75.22	16.6376374919911	17.1466563257595	17.0207779156536	16.6009442271283	16.8316995215859	16.7861548422148	16.3749431101494	16.6519901995271	16.8934066226549	17.0016947245445	16.4045867877877	16.146196966446	16.6819471917095	16.8899451149734	16.8943768425115	17.1957885615529	16.9939200160134	16.6584028408102	17.0914427655709	16.746600545992	16.6018810573065	16.6924513651281	16.5684508848644	16.3840412305341	16.7174374697088	16.6440051131976	16.9054500670418	16.9238554751327	16.8361811172872	16.4586627964867	17.0792594984542	16.7826418290271	16.829421430951	16.8079394319833	16.8146692930928	16.7779694284727	16.882915347585	16.4746828008897	16.8349508068026	16.9609422575687	16.4797729316222	16.4632757877211
M205.9217T697.19	17.4461599892084	17.1463730772647	16.6757131252339	16.6678095529466	16.6973025244945	17.1101912412352	16.6596346705586	17.1542537498283	16.8109162485903	17.2579475374552	16.8483371178633	17.1520992972628	17.3392970011217	16.7014158362767	16.1830697242818	16.3657823491485	16.587785866116	16.5590122257487	17.0753196090551	17.3312491682453	17.3823463154897	17.1736028776563	17.3124090426697	16.7727202022711	16.709355404872	17.6793585364431	17.1662099323693	17.2135229964446	17.4019003469133	16.0833176434883	16.3007284856017	16.9978526987331	16.9419141168654	17.1511076586487	16.617803771694	16.8280282020047	16.4069415602787	17.3562807362195	16.7039783063134	16.9567501663669	17.0413344915836	16.9675510104246
M206.049T64.33	13.9585116612484	13.3912447660048	14.2849041962543	14.2685660357384	13.9796400378156	14.8579777611256	14.6376187720476	13.5014871701351	14.363815968267	13.224304979304	13.3870297433551	12.9575790053507	13.5488236940157	12.7631937707082	12.9897416792906	13.6366848430855	13.3952458521145	10.5561934353355	12.5804327596322	14.0412426602922	11.6601189515219	8.55787062656968	11.9082094453129	13.679447692707	13.1964230150223	13.2474854731453	14.0101290096902	13.8297496901463	12.7483663506303	13.7329037317091	15.0667795306154	12.1600964957956	11.9148312884788	12.6647738230977	13.7262937675641	13.0406302429819	15.243547257195	13.3038721022453	13.7065288466288	14.7147099795985	13.1005172049	13.765169146466
M206.0823T259.6_1	11.4466798278875	10.9698949698464	11.2654163781531	11.068022667613	11.3112286430707	11.9181044633173	10.6615804895577	11.2664793532788	11.6518035675971	12.2503904725456	11.8158531712546	10.6717499084904	11.9644618038787	11.6099234525238	7.27353523156001	12.0487105600758	11.5004486305607	11.9124922848252	11.2870214187748	10.7398459704264	13.3224084317314	11.2801202300759	10.8737244807839	8.41275953287262	10.8683236006851	11.8219028893044	11.8423237716122	11.3064908080264	11.3061370310603	10.4237988555356	12.2852058206036	10.4749777050767	10.6968007965004	11.3699267745124	10.6777468358807	12.3401642566532	11.6832990292822	12.55799478066	12.5839456083109	12.3750293239116	12.3617226080153	11.810978848518
M206.0856T341.66	0	16.5933897821348	16.1464489552288	16.4553484953977	0	0	17.7667133573963	0	0	0	18.3458102032029	18.1563105175982	6.30431906616107	0	0	0	0	0	0	0	16.0545090561332	13.8434017964751	16.3770841312714	15.8621178448679	17.6051687713014	17.4080825798816	0	0	16.624375534457	0	0	17.0130832795527	17.2869134038545	17.7482727373615	17.2466089371859	0	6.25133802718032	16.0097319049004	17.8580936792651	6.87348600294283	18.1685011686347	0
M206.1398T144.51	13.7388029569951	12.2404436034124	12.8120190967256	13.053665672696	12.4259954988807	11.1271569526981	13.6394067156859	12.1888189513902	13.2362933758632	13.321797246644	12.9966271518004	12.3316523267102	13.0670870245117	12.6901721596617	13.1705073778948	12.1320843386381	13.7713900333415	11.4059466950686	12.0306860152133	12.4840572168525	12.8439214547529	14.0507871366759	12.5307504144201	12.2094897084247	11.7406108481793	12.6093658216067	11.7851196882889	11.7952594668515	12.8369930596687	13.3056914115103	14.1510836068035	18.0173918917782	13.0809439411675	12.9598054981225	13.231346786681	13.4251216292226	14.207605438129	10.7249207650317	14.6013489358432	13.002699191887	13.170254916136	14.6721687500291
M206.3921T230.09_6	14.7747899573934	14.1270733017754	15.1599491512693	14.2796185911619	14.7463311167126	14.4712025925636	14.8713705086687	14.8192992015215	14.748937601747	15.664849236593	15.0389611617519	14.8285587895169	14.4687050964149	14.9135082728483	15.2817453102932	15.6205063961832	14.7464981261309	14.676302182074	15.2329776474946	14.7236500867118	14.1920148040249	14.5867986470021	15.1358436461904	14.6740982807068	14.8791992660957	14.9870783179708	14.9273519490448	15.0773283688177	14.9859604502501	14.58068553668	15.1672858117811	14.5662630474725	14.7826745487295	14.405794044499	14.6791689796909	15.4225065653426	14.5387873526994	14.817623357195	15.007394891025	14.6975625771337	14.7064116279896	15.085371778449
M206.4075T229.84_7	14.4317319227882	13.8252570023356	14.7790214211433	14.0840247422759	14.4220945144854	14.4666934224214	14.8528359585301	13.3969158719531	14.6292647965733	15.4172036988336	14.5831823532189	14.3366512050383	14.1027364131885	15.148003446279	14.8717132729577	15.5775092360358	15.0032911459337	14.1516250816979	15.0649831883494	14.931930089777	13.6348550175171	13.2387232331045	13.9630258158856	14.6785352868635	14.5832713048891	14.7909889529004	13.6350482634615	14.5929033968266	14.8051398686503	14.0813642699377	14.9582625022239	13.5775092807839	12.7215670790279	13.2902286310325	13.496200600511	15.1384159761563	14.2411437762857	13.6381535696585	14.7181109265508	13.3572115378876	14.3516163094419	14.5086011769731
M206.4726T229.83_8	14.5155107571022	14.8889330022985	13.6611694666252	14.1041918842184	14.5934346157654	14.1755874498652	14.5509328553004	14.4249849863068	13.5440605967784	15.7358630121229	14.5775175351692	14.6682816129081	14.0702262537101	14.8602214768683	14.8450591409136	14.6711054056187	15.026865445814	14.1314390013842	15.1791505044305	13.8613913525882	13.855001077763	14.1896884808093	13.5443073885617	14.4198996869555	14.649344030312	13.8079846870619	13.6508959906662	14.5341692255368	14.813727367082	13.9924343326135	13.6825706983605	14.5223442339423	14.8129766075536	14.731031292614	14.3534786995351	14.0864288363938	14.314200790643	14.2850722565367	13.8278024990565	11.9657134027353	12.8752650805119	14.9584916322892
M206.683T229.98_3	14.5825329757083	14.0232452284528	14.7198518826873	14.2051624960859	14.4603307207999	13.6567447481143	13.7325001333628	14.5417707173846	14.60403271147	15.0282964220843	13.240707020207	13.8278657604126	14.1973874029597	14.8063801252821	14.9650515996908	14.5849915941762	15.0013145634793	13.919796586006	14.7088481368126	13.9736924968767	13.7958412936727	13.7923759843095	14.4722506593466	14.1501363091455	14.5982910789321	14.6133197112628	14.469631531974	14.6711534698833	13.9087110212475	13.7058169989719	14.8927638553182	14.604132489565	14.9498600221263	14.5670092249182	14.2466107515038	13.7587756820016	13.361935525713	13.8971737623407	14.7958275339562	14.4028618266928	13.5903400882713	14.643341299591
M206.9893T229.93_6	14.2762510884665	14.7356500968455	13.688738909804	14.5847724673694	13.3018201699979	14.2581980071156	14.3015595771536	13.5793444773141	14.382440889342	15.3193794830508	14.384822592766	12.9679255094945	14.0454268613951	14.8066912143421	14.8512354191253	14.8245401848485	14.9540610071233	13.9587755932663	14.9965773626366	14.8200170686923	13.7078759002589	14.0815137702387	14.3891232515228	11.9470873962391	14.6701428739533	13.6585400379174	12.8862027289297	14.379386391644	14.6947517263625	14.126524072851	14.6872761240807	14.4504281195313	13.4249918004202	13.7608901534622	14.370771910792	14.5316312767673	14.4241381281304	13.4501239127743	14.6464141864214	14.2836487984797	14.3991980870025	14.7177924109202
M207.0098T229.84_7	14.4448140441305	14.8675334842244	14.1249608797986	13.3635920163834	14.8851492114965	13.5615155149023	13.5383531800632	14.4785350429633	13.6026723348315	15.1757146206477	14.5804998699783	14.1812101897901	14.0977547485058	15.0854739757135	14.9917241032708	15.1745813921197	15.0266659767351	14.137568007303	14.4631068367306	14.1777397582332	13.7560634815201	14.1051518105178	14.414001573541	14.1653994582742	14.5406499329304	14.789284518443	14.4916296588551	14.8024628536105	14.8895688550332	14.2506875107447	14.848807290881	14.6847445126033	15.043686270392	14.7449962228344	14.6837452080618	14.8331823736211	13.5932340338597	14.5521859866308	14.6735938699934	14.5648081211031	14.1629418309595	14.1888953922563
M207.0151T47.71	15.4789625971436	15.3265827558711	15.2515845084588	15.5618039433844	15.1441883600473	14.804261262841	15.4422296026844	15.4743347217643	15.1366140086071	15.8735643485299	15.4644619053675	15.427148627378	15.0077235361952	15.3695916810727	15.5157184506755	15.2373759860429	14.7237326094156	15.4608773846358	15.2001762512268	15.5122334799933	15.3194113900507	15.2587881611688	15.3849495030389	15.5794426195626	15.7909578404696	15.2392414893217	15.3575755512272	15.0811910829078	15.5547221948378	15.2585599868118	15.5137372533693	15.3375018923889	15.4911632528862	15.0412226861551	15.239327063967	15.5886582733668	15.2131229678879	15.0403506092728	15.4530073142324	14.8304924347371	15.3703756215357	15.7220599140551
M207.0284T229.93_8	14.4040881786749	14.6735349448951	14.6452945130097	13.9371550259491	12.6962040183195	13.2327445740439	14.0148904060685	14.3384853460636	14.5601776694148	14.2897194827367	14.261774188339	14.1335710262662	13.0205592639528	14.8317475609067	13.6159930193882	14.8503332266121	14.7926492367907	13.8319569194029	14.6910930694277	14.9355778009086	13.6081392716478	12.902068872141	14.1929917101542	13.9372819966686	14.5405584922526	13.5765318962681	14.1570166084488	14.5814723196073	14.5613180087286	14.0739571361734	14.8524343194491	14.5181432998415	14.7859127412691	14.3835043997785	14.1341044903632	14.7644710922814	13.6097410824079	13.549683500679	14.7330556310818	14.3681017818787	13.9574035326593	14.4893983124353
M207.0447T90.58	9.46357233976407	12.2751540162301	12.694879194667	11.6883191389949	10.8748053973147	10.1624138748107	10.3255065206774	11.6549754053188	12.3591394550583	12.0998266064239	11.3178456854776	9.9772832519622	12.0494320799633	9.45823505574091	10.0347543858248	10.8203188864408	12.0700889403403	0	11.7669365847688	11.9081841807729	10.6745580577163	11.8830458647437	11.4485346409954	8.18281453208877	10.7053056365612	11.5905002025712	11.9219360156012	11.6785147655757	12.2880106016138	10.5510687608646	12.3709645062215	12.237292042603	11.1181069524269	11.6722949961154	10.7383881800646	11.2617039021593	11.5453016475004	10.8484768419888	10.7723538290659	11.7209628490651	11.5105828060179	11.2991302099145
M207.0461T229.9_9	14.4769823472356	14.8672810886433	14.9597933155626	13.1268206182519	14.4126486745265	13.9882702406488	14.3591129739483	14.5990096529809	14.7292877723771	14.198652285948	14.5643898924413	14.3802262986472	14.3137119641107	14.9160306383536	15.0184817731899	14.9760585100531	14.9962680565604	14.0952484188249	14.9262637835609	14.996658646429	13.7927802878806	13.932793877178	14.3034614574775	14.1893503808386	14.7006462639962	14.6350159184004	14.5458064663803	14.6006355146901	14.674422827128	13.1196905262185	15.0073424399125	14.7216902481593	14.780640019301	14.9518888426743	14.3699333705473	14.7716458019637	14.44242800995	14.3495418144865	14.8842262368144	14.1070979818678	14.334028533913	13.7652431990272
M207.0514T44.18	14.4908330642777	14.4130501056974	14.1518110764407	14.0396537886931	14.4538178959419	14.4072615857808	14.5263897876994	14.2954395239999	14.2733237090558	14.8311864163779	13.194610053712	13.2144529771232	13.3694165732282	15.0143407861993	13.9477097122818	15.2797916560807	13.7160564120467	13.1181935152816	14.2819659006771	14.1945507225281	13.733434783973	13.7778448316871	14.2495723472654	13.8861680699001	14.2358075994312	14.0515852842408	14.3593836669449	14.9501937910924	13.9632663145985	14.0910236349853	15.0404990176843	14.0515109555173	13.6448738251098	13.6489490323393	14.1716589307127	13.4865615524566	13.6506527432585	14.0046081646657	13.9248173816865	14.6652077545821	10.3169258312729	13.0951924916864
M207.0629T229.85_10	14.1639540168043	14.7373467577744	13.3381929681364	14.6303181775366	14.6950344158005	13.0686101267008	14.0518699291714	13.5190807668065	14.1606674171849	15.827753728719	14.4416223929726	14.8530424552135	14.0293255865353	14.5233683340342	14.4958931974323	13.7338660495666	15.2535817118893	13.987839978511	15.4048901776413	14.0495653713273	13.3509619182102	13.4368702984804	14.0640099336443	13.8304422493105	14.1919437993995	14.1187739666541	14.2063197359705	14.2357412444027	14.828247104865	13.8123972121561	14.3827330040371	14.138983022103	14.6443554982849	13.6293279899177	13.8676311575605	13.8232123371847	14.670660240368	13.9750929281714	14.2953824960427	14.0561062473535	13.9416308298049	15.0242086808701
M207.0663T410.78	11.0857551195243	10.9134527617162	10.9272530321433	11.2546100957438	11.6531669855837	11.617645079627	11.5048458658859	10.1850313958785	10.1036477171847	10.1137814062069	11.007750383385	10.5649156742448	11.6183926427309	10.8337218884733	11.0356640506313	11.4335861322165	11.3804886057255	0	10.7538061189728	9.84835004716661	10.6161464743374	10.8873876017345	10.3053561270732	9.22372720435988	10.8431540745277	10.9573102663313	9.74124052024569	11.464846270551	11.0580011801046	11.1256909026049	11.6226600219265	11.4742727789534	11.510678644681	11.7292852161632	11.5234298747522	11.0025621143855	11.9848387058267	11.4187203967757	11.0163630215202	11.6695495073166	11.158749901771	10.989406470431
M207.0773T108.8	13.7098565601386	12.4301880849401	12.684155694289	12.5175803883937	13.5839112147463	12.9853819593373	12.432215910147	13.5812829019209	12.6921359732308	13.5696072608171	13.1491720853411	13.6218190865112	12.8088537764058	13.1414127052386	12.352872815156	12.6589407305866	12.4587450780616	11.2814976534219	13.1646185207649	13.0715726842382	14.2759389953227	12.2666910806172	12.8354856495224	12.7361346445804	13.5005187310134	13.0985209946061	12.9353326836658	13.6789864279471	12.7647464594333	12.6951801064366	12.9011739560082	12.597229261119	12.559020638768	12.9516021662677	12.397999109469	13.3359703383222	12.752904509292	12.8030989184887	13.4278405315484	12.5872404514465	12.6024744871783	13.3859546642237
M207.0775T344.65	14.2579921367201	11.6507664215684	15.0050460881293	15.4652804982025	10.9736888627074	13.113210769637	16.2559662093797	13.7075324421871	14.0506347025645	0	12.8332408307832	14.8889370036386	12.3704029374517	13.3174677485761	11.8877179035707	13.3078171783333	0	0	0	10.7045878672539	0	8.06366969661284	12.0399251414767	13.9211964362774	14.5240062236398	11.0213088010086	14.3105794089088	13.7064652066929	13.2389635474229	13.284860613003	15.3925203335054	13.804665630122	13.7025396032252	13.1872007032673	13.4939845942018	10.0732309223435	12.5674838899667	14.6897477460804	13.9030770232382	12.3182024469196	7.87963602540542	12.1804305840196
M207.0898T230.13_11	14.2201057322493	14.5738270045156	14.6958833562949	13.8373977580205	13.3195345905055	13.9696016923845	13.5790807610421	14.3722684348281	14.619713221503	14.7477781612495	14.5996673327851	14.0090453858895	13.8197719981291	14.3745758368256	13.5518019631229	15.5891858988457	14.4061019635825	14.2215891797511	14.5696356756364	14.6706524942757	12.8216202676135	13.887880954826	15.0481207367389	14.5285000465156	13.809742700982	14.0769605502465	14.4297533675228	13.9773211813148	14.4908292201873	14.0798837445004	14.0409150061257	14.320993675691	14.7300469116933	13.8664371115969	14.295886129163	15.0559283766655	14.0928073318814	14.1212217816994	13.5060955658336	14.4737068374453	13.9929138893187	14.4169297247488
M207.1138T320.81	10.502690515574	14.312714032354	14.658752886592	13.753425655596	11.7511798083565	9.91068654506198	12.2492789280148	12.395958237872	13.3763897409584	13.3042732857842	14.4603095657251	13.887475720566	12.3249145596846	11.2593658470922	11.6088529734634	12.2566219286684	12.8882852241994	12.5915556163871	12.8633216793302	12.2151641364093	13.8446439968097	14.4681682945736	13.6582211568005	13.0842631450042	13.0958412446025	13.6699910109724	12.7016698689891	11.6874032871088	14.3885308685857	12.2667331366463	12.9590213781991	13.8681102516476	13.8059199914705	13.9293116204929	14.2004761989289	13.3589680366307	11.4529539981482	14.0279890665709	13.2598894718872	12.5798225554972	13.5743050660366	13.6211093571271
M207.1312T56.31	14.302963024307	13.5317934622317	13.5892505929758	12.6312533571799	14.0467670844634	13.8875791857491	14.1338345099227	13.606125854188	14.2490177038563	13.4384559035794	13.6571753974622	13.8897020943364	13.91243203666	13.9197310023929	14.2795736599562	14.7520029448285	12.6700569960934	12.5225167384726	13.0952384490694	14.2620825897589	13.6601423478255	13.6439979357169	14.2493067504693	12.8313388281334	10.9541231005077	13.9223338490771	14.3181755267283	14.3939413892388	14.1193950810116	13.276077786639	14.7927258935508	12.2038670658626	12.385588537476	13.4236858399725	14.0366544713211	14.2932484083162	13.5136433154492	13.2772139237142	13.6517900854642	14.8122630955365	13.9770944993891	14.6089679602188
M207.1341T229.98_14	14.0177764311266	13.9206122551927	14.4289575573542	14.2867080938577	14.7594440915856	14.2933279259373	13.4759870438952	13.6886266758229	12.9316230993649	15.1818209822465	14.518746720043	13.600786158239	13.7372145997389	14.3680618667848	14.5467669075517	14.8968984717698	14.5529831074609	14.4857609173717	14.207579828253	13.7415649222778	13.5447931975001	14.281056601956	14.2937448502516	13.4470991467887	13.9272965145326	14.1353618710996	13.0715461318202	14.0659786189578	13.3656712413344	13.7884048558182	13.8382015198994	13.6816644874571	14.8907830674476	14.099338657449	13.6639600989591	15.0977826188418	14.5172438720903	14.0640536588883	14.3845153215648	14.4793379468679	14.2511845789635	14.7437120897894
M207.1602T395.99	13.3286316156301	13.0146107191777	13.9878430502486	14.744418118379	12.1353489950048	14.2948340683557	14.9899893801568	14.780997579355	15.2911213284847	14.9448804445411	13.9899414365359	13.3871122100578	13.4245042328448	13.6239261238801	14.4197629640525	14.0836126408599	12.8980946120051	14.450222441802	13.9933306427354	14.5474479412137	14.1307854276171	13.2523635140918	13.8690549860376	13.6449058720994	14.1806500102514	13.9498327102365	14.6242220624243	13.7512470069057	16.0904344525023	14.6402111227226	13.9240875324563	15.3156152093651	16.5714400962775	15.0219803243725	12.9458682408717	14.4730815740326	13.5873770986911	14.3118215239673	13.1807309162269	13.5876746399999	13.8922753226469	13.8096522807975
M207.361T229.84_16	14.3398115881435	14.1785221655237	14.4270155703765	14.3849479475728	14.7252634512931	14.4675504073408	14.0139245157811	14.4047704801532	14.3627326373933	15.4795466398238	14.5416702335327	14.2960549818477	13.7663375203769	14.3736769082792	14.9395970446822	15.1417168216777	14.7675070948585	14.3869918292176	14.8384996297142	14.7438506666223	13.8316118716721	14.2639799209144	14.7075003564063	14.5745108466023	14.6317032521331	14.7225443459172	14.5728270403389	14.7583779582486	14.0998586204522	14.2456197243693	14.8776771913656	14.6077100991272	14.7678197031549	14.6787268125429	13.8967384135898	14.6373347765504	13.7349120639369	14.1040733481766	14.7101728559148	14.6234155744771	13.9482757870817	14.9286938830944
M207.3614T800.73	13.8414318849665	14.9248932219667	14.6679794629702	14.6173832906017	13.4157583852744	13.8303963137822	12.8401439015062	14.7985814069213	14.3257933949466	13.0841396828018	14.5321487677963	13.6528262027997	13.4931344212528	13.7755248276465	12.9090858215626	13.6675655490447	14.0186642506472	13.9924189438896	14.3414624484913	14.6335020951537	15.2622582707203	15.1065790330151	14.6546748542859	14.018346796143	13.6370641291291	14.588272739667	14.6052068625373	14.3890264547253	14.5843625463655	13.0216322188402	13.8162391277784	13.7897836764716	14.8941569787433	14.4825439586991	14.0958557379688	14.1204463437691	13.5487595086199	14.1058366824972	13.9989975169152	14.1735391327186	15.2313512002038	13.8871576438273
M207.3614T662.05	15.3105996990787	15.4090427833069	15.1735954309396	16.0206696340906	15.0875989091663	15.2256732228657	15.2688987317554	15.5892132693535	15.7345049100797	15.2161847493179	15.2120385057112	14.645621617003	15.1478595302668	15.217839067388	14.9237850976753	15.2500361014671	15.5897796000175	15.566921511874	15.6154876063455	15.5279181904769	16.1113554951965	15.8110858675673	14.7615963172176	14.954907359584	15.2928661943923	16.5176538244159	15.9047006123343	16.1643733599885	15.611558088129	15.3609102195537	15.6675960473307	15.5124686765679	15.8194649254944	15.3872383307026	14.8492149309869	16.0865139753371	13.9678698483316	15.4646151579246	15.5581493791667	15.2846653106441	15.5303713859224	15.2487113651799
M207.3772T229.82_17	14.6976481798055	13.3298083306056	13.7267777881759	13.5144308582043	13.0973614931785	11.8501095732316	13.8818574236408	13.8263697344185	14.5806779856929	14.8837075185099	13.8839738784481	12.5020953486833	14.0288591166377	14.8875347941818	14.9159457880969	14.4163995769669	14.528298636316	13.814748962989	13.9815904519551	14.2797148929545	13.3921809890467	12.6098262812009	13.9632454341318	13.5012790845174	14.5111618840282	14.5344330313714	13.9120904750197	14.7253953781513	12.7678975112835	13.4198665390044	15.0165520118584	13.4232362354512	14.3726874454693	14.0256943197116	14.3131205130849	14.0743535143941	13.8771713612819	13.5085606350704	14.8942662172105	14.5197191479079	13.6226303209084	14.2041985929872
M207.5629T229.82_1	12.6860125360184	14.4493452443329	12.2285897359062	14.1309529397214	14.1784583271697	13.8494043125724	13.8733296357989	13.301852144116	13.0938322235732	15.2666124847444	12.6648555096837	12.8488481945859	12.4355677892149	14.7509362195818	14.3427765757811	14.9543839045174	13.0267552538418	13.9730588379725	14.5570617067225	14.7304806541955	12.8574559546781	13.7547707169503	14.2794843973029	12.0730934735759	13.9087171429058	14.2037712102087	13.9021247118406	14.1054730003844	14.1492331930394	13.5872403863126	14.5015459534008	12.0317998028319	14.5303764956382	14.2848201701518	12.900466149214	14.5031987497953	14.1275179336188	13.9737487654694	13.2226211306137	14.4880060648117	14.0914090215136	14.5441795431943
M207.9223T229.84_4	14.0185079969941	14.4402933038977	14.2469293598424	14.0893611401251	14.5596600439517	14.0977231526632	13.5328249045155	14.0845049104721	14.4976686816491	14.3630006559031	14.1401513211112	14.7632874651529	13.9318690632753	14.4135646545469	14.269694443881	14.5381990994518	15.0111373045521	13.9297253856319	14.9183336476541	14.6007932480484	12.8119313313281	14.1502407010248	13.9349448710059	14.0510991744851	13.4122590287688	14.1845878204935	12.699931665119	13.2095098698525	14.367601734367	13.6482535959957	13.1912669591174	14.2902061247766	13.497466421672	14.5776514907786	13.9632860201996	13.5583695182139	14.8312967884212	13.7826242599269	14.4847913064864	13.7254752342184	14.2790764366285	14.9446240281872
M207.9733T47.58	14.718687102793	15.1138146586546	15.1249753829964	14.8121517894986	15.1751736016715	15.2843433552291	14.9330255099983	15.0592736181995	15.2534448897371	15.6922535544811	15.0166079049803	15.1646268551764	15.0893089942809	14.9759909343851	15.0206635654215	15.2078486235614	15.4890937728922	15.4351578237907	14.9514455284468	15.0299603685593	14.8662237658404	15.2120372895168	15.0716587871382	14.8608208028714	15.0042645781221	14.8429260096276	15.2933103239442	15.1810740796114	15.1100009623198	14.8899417617589	15.4983166608888	14.6982274319189	15.0223348620734	14.743485088768	15.3761750375898	15.5431950248654	14.8106682406424	14.7940201787945	15.6285754714088	15.5721520077487	15.0127261061711	15.3347260028267
M207.9864T229.84_5	14.3110189036745	14.3105895247415	14.320723408089	15.1706979894089	14.6464383060447	14.1610209390441	14.0297919705395	13.9033812252535	13.959462195591	15.106591618881	13.878587084641	13.7689640184494	13.729989019873	14.6826893137002	14.7660430083937	14.8517594389068	14.4863833438051	14.6306182666745	13.9034116160035	14.5971596192098	12.8085763422428	13.3892020434718	14.0947759083149	14.5028700787121	14.4907662195285	14.142987443746	13.8166004265924	14.2897069504414	14.2025491967202	14.0840172574463	14.4313473756863	14.6536612384949	14.6657670707838	14.1420392135921	14.1996020036525	14.2768665811037	14.0362776438429	14.1902164170702	14.6019420642261	14.6929447722669	14.0571653296958	14.7593040067076
M208.0644T69.9	16.3700019247906	16.2098959303756	15.7570062056724	15.6798558938014	16.5088526186544	16.8430992043494	15.8076804221563	16.124627762587	15.9791731240494	16.1826517104303	15.9562200034152	15.919268475349	16.2780231725788	15.8331635336109	15.8693978848917	15.6472893454699	16.019577367269	15.5991791818242	16.4942718566668	17.0470317737098	16.5012417973415	16.132197716184	16.5729454563775	15.8837211175878	15.674396406226	16.2819757909324	15.5589813726642	15.5464813037161	15.9758727318064	15.6867662144322	15.6023673984826	15.8126270319828	16.3609537810461	16.8691648583892	16.4554826048698	15.9034738917565	16.7193319086642	16.338791595688	15.6588971555217	16.3041560211486	15.9488510045531	16.6892412550498
M208.1195T230.06_8	13.4665756634507	13.9868789824542	13.9100706259162	13.5307771497676	14.0531927873899	13.4169612287567	13.6532010527594	13.6775700140005	13.7618677710605	15.5977260472399	13.7251508435347	14.3729794275237	13.2901441704992	14.6533707873069	13.3076910599249	14.8202874369643	14.3648892867081	13.3698851761455	15.0034107622677	14.3584287393937	12.6836615446283	14.0095230561901	14.5107527998242	13.5491801665629	13.7060311011569	14.3398815826186	13.7147735038844	14.0942511205612	14.1422850960495	13.4405896927357	14.2324886057128	13.5495386588595	14.139948780381	14.3634725000217	13.777884437188	13.7268605425389	14.2704717872581	13.7219909683158	13.8330779917982	14.1750824574685	13.9586585369321	14.3978601218443
M208.1342T230_9	14.1017328088763	14.3186423923802	14.234856983604	13.9837132643047	14.5132141394499	14.0929286376966	13.940098888235	13.6467482508914	14.4519402534199	15.2012653212869	14.2926946280975	14.1497037659746	13.7937906317386	13.8040374035722	13.9027904778088	14.5143294511791	14.774505322165	14.2456399126171	14.640863279779	14.5614803334091	13.5293686711966	13.9001207382141	14.0125774601875	13.748871195944	13.1803535948934	14.5100225789686	13.6399171669987	14.2614744800767	14.0186554809183	13.866813451103	14.4902541775256	14.436629959139	14.8279334124542	14.6137299546878	13.8981247793594	14.7239478267654	14.4971060384274	14.4194914195781	14.4765731441152	14.0978144191795	13.4960210979971	14.8166580909178
M208.3896T229.95_10	13.2914150386675	13.6169920153158	14.2513749652765	12.5669001151553	14.1475096078103	12.9692629717191	13.7921644885876	13.5621185962238	12.5859864857853	14.8902863268094	13.8859705064298	12.2695445952897	13.373689954091	14.1801526541201	13.4073252490317	14.5148425047161	14.2100246516325	13.8714011242613	13.1027642396521	14.2922666104397	12.8944280941714	12.989699180254	14.3916665027553	12.8902751233425	14.2226513328048	14.1527640429123	13.7702890594385	14.3280373733381	13.8047973943502	13.7785547821582	14.593482518162	13.4566875026779	14.2703545239862	13.9491320114792	13.9990203502244	14.1887113978693	14.0287156544861	14.0418621292814	14.4993394777523	13.8267539752577	12.696438189708	14.3088117596436
M208.6995T229.83_2	12.8273097639717	13.4434642326937	14.1624953697724	13.7372734816167	14.3369668329873	13.8120479736829	13.4166439337041	13.6295165473658	14.0718847483445	14.8956369109351	13.7533002087875	12.9301982145054	13.8761665002407	14.6062975215893	13.135727878527	14.8789141910937	14.1869342533639	12.9210101862722	14.1016023418972	13.970890911774	12.3983226992362	12.1472258994542	14.1978812263777	13.6067340515689	13.9152201967004	14.2604354182256	13.796348003627	14.333364892956	12.7034488834336	13.6469640950716	14.3866428064347	14.13178743708	13.2732128752492	13.9990131496593	13.1988355060848	14.45838917394	12.8069044827963	14.065282663675	14.3550404404887	13.041585692483	13.6281803463148	14.1690082576887
M208.7178T229.98_3	13.7494078808558	14.0943593758333	14.0477031708565	12.8582826578972	13.6656358187349	14.0291282924601	13.700585155854	13.9002549439114	14.2741654642354	15.0122880460574	13.2259352049255	13.9433410448702	13.8577349035659	14.4916091564511	14.5239668437522	14.9200221284051	14.8312575265944	12.9484767461645	14.4431697055696	14.5745740200228	13.2690406773802	13.9615368094892	14.0144210608484	12.4872310334726	14.3471974007683	14.4134981730643	14.0838174944125	14.3372778315191	14.0785320836926	13.4466681871069	14.388385256488	13.9636762865779	14.5128575797766	14.3388919802096	13.9813185353022	14.5458572459669	13.4723571074628	13.8032693872361	14.1711024328724	14.4585932830693	14.0759023159543	14.6845669170005
M208.7339T229.83_4	14.1095441845169	14.0271855255891	14.5066651705674	13.6019733602875	13.5024552126085	12.8803498320805	13.4832883635438	13.6758050110703	14.3523110118647	13.9520909113064	14.0498806478484	13.2862069221895	13.924876209804	14.4890583904703	14.9583763863266	14.4244691000144	13.2038878713063	13.84411700116	13.7930689238747	14.3733248598354	13.166113263203	13.2016562801617	14.0681092428596	13.0555585682362	14.3860845187683	14.3206400564154	13.4472846937384	14.3018744916779	13.6330998535424	13.0176864042273	14.6049764385366	14.4095861177552	13.1315095204766	13.8055143906978	13.7517137397235	14.3143917764871	13.8333081866592	14.3010436396294	14.6027568009226	14.2261328431323	13.616919841586	14.3238919912423
M208.7634T229.84_5	13.568391970578	13.6375118071592	14.2764027483725	13.9302528467762	14.0924484785521	14.0833437931555	13.0915469375766	14.2205546167177	13.1856154549018	14.9913146662253	14.4869239057489	13.929562836495	13.9830277596488	13.6067371913207	14.6934867178166	13.9970426514681	14.6837354920244	14.0293040993234	13.0628970141135	14.7750278752934	12.2731269521422	13.717235238749	13.6281615927614	13.7356684024083	13.66541784011	13.710702345711	14.52048620351	14.1194123068216	14.2715750187945	13.8528072868606	14.0908588726353	13.7829911113643	14.7411131499759	13.6428629249303	13.5216627355295	13.2328435382469	14.0814164845228	13.824462252491	13.7383988617817	13.8285008322767	13.9837628661002	14.7305142411214
M208.8646T229.89_6	13.934961308779	13.9770614363297	13.3417056261737	13.8094522815565	14.246291092353	13.1995542081245	13.3700904777892	13.3972244953493	13.9175014226507	15.2093244479627	14.0613676549705	14.0176190103255	13.5799297444591	14.2822653677586	14.4918158625577	14.3860672171572	14.2861854802802	13.2915949800255	14.2482780254105	14.0840571678031	13.3733642979818	13.0825492861741	13.6190016845315	13.6604121840495	14.1247465821975	14.0404844358055	13.8416205001346	14.1285648340794	13.4128821103477	13.1943851250262	14.1062154343983	13.8626957568551	14.4926647738638	13.3847988666793	13.4437075567894	14.2015068383714	13.9032369158722	13.6756699357922	14.3379762662222	14.0333678538895	13.6594722452883	14.3675192721111
M208.9572T52.47	12.6815898402124	13.1113006982621	13.0558654534733	13.1166761735535	12.3207776467383	11.9171005607783	14.3811614639635	13.0453881146064	11.6654138271461	13.3843382363511	13.0351150346355	13.2371010477214	12.5235730500488	12.8667646607936	11.687486005568	13.4232927755509	11.6300129985485	12.9728531874989	0	12.9308144785262	11.0515741309104	12.8781473359481	13.1743467815117	13.6171613860008	13.9014021079691	14.2644977560529	11.5288029521388	11.7947791135562	13.0983237588732	11.4835611435256	13.074531336943	12.8689341874371	13.2360535288333	12.6854372342035	13.2384544055801	12.9022235406708	12.4146411402972	14.0845686857548	13.8060341420878	12.7598161974589	13.2852132630451	13.4790578263146
M209.0442T229.95_8	13.4461586708844	13.2191631345431	13.9984711483529	12.7205521097326	13.9071112523039	13.9284448413063	13.082015298961	13.6448909361034	13.2791018204579	13.9101284726311	13.7240646451518	13.5074115849658	13.5590185513294	14.5869425379772	14.3049151741225	14.0865431384196	14.5556222393903	13.763418480514	13.8058746035192	14.4954450239761	12.9305916280636	11.742841225723	14.1739302238336	13.5993493543019	13.3496773984801	14.151456018772	13.3871236761776	14.2927608848513	14.2250432113183	13.5496197436054	14.4307034978037	14.1743564319104	14.4218665147164	12.7536030342938	14.0103003659452	14.3146802802473	13.7946859680937	14.0080791343641	14.4542802434373	14.3940058635831	13.5362101041895	14.2869740745021
M209.054T56.85	21.1355934954528	20.9228819557895	21.0447391182495	20.792437643701	20.9850043578416	20.9195095745748	21.0194336860227	20.9727039948841	21.0848273493332	20.8672433208334	20.7098751858727	20.9599236913473	20.9912487855486	21.1869003117909	21.0441924352779	21.1443669318178	21.0017048808097	21.0131448486306	20.97710229663	20.9656614974463	20.9857185497964	20.8562769673419	20.9811730605626	20.9535267414928	21.0690755479651	21.006180642106	20.9136507000352	21.0887691692375	20.891922813292	20.5234507476831	21.1184739549241	20.9961394567575	20.9463667919563	20.9196915851894	21.1313150962499	21.0864777872683	20.876618525426	21.1181017778917	21.0723054057645	21.2193032118454	20.8978446713784	20.8997173977076
M209.0609T28.11	17.8876615028605	17.7809021039308	17.0968890036534	17.5861122497051	18.3320768030246	17.5805349384795	17.5636046626908	17.9220253967321	17.8459592297886	17.6930388092274	17.4623004058561	18.2571476102496	17.83544393605	17.5861182945533	17.1291497352136	17.6411961737891	17.6187392876978	17.5905622952122	17.6425919529818	17.6984831297741	17.1100151138818	17.634022058492	17.0872737362914	17.8237626235927	17.849406785526	17.6872163281725	17.129844879451	17.8512297783839	17.284374329457	17.1148537625957	17.7917056731819	17.0187736980108	17.8629792684519	0	17.6938662565931	17.649722473386	18.2511356483534	17.8548982039893	17.8297731007006	17.6386761069312	17.6143981030415	11.9359428610091
M209.0932T334.38	13.0947362771472	14.3742735466587	14.0986587720487	11.1159573583303	13.3245812781428	12.800436140617	12.4405807527308	11.5086613090584	11.7268916618792	7.10868086344624	14.1629904986681	12.7408773911394	14.290435402806	13.8740551252417	13.1184140895473	13.403220767977	13.3000275040691	11.9838205294467	12.8034557600375	12.7436931336977	14.1634087843341	13.8301231700533	12.1218544030804	12.2836620305103	13.3147803057654	13.5996055742819	14.1537477306597	13.7332451153492	14.0004527039191	13.2790736975316	13.6871977549733	14.0856186971251	13.8481838889988	14.5332844905637	13.6525909189878	13.5109594446891	13.4965060621057	13.586575594708	13.2776612361947	14.359819446871	13.9581291903985	13.0269054438304
M209.1013T358.13	15.0915010158697	14.9794424108687	15.3005050259627	14.5221514897727	14.9610342605434	15.5862133106877	14.176082783183	15.4951692399069	15.6540338572893	15.344319311002	15.206622520869	13.8538215385656	15.4767008671849	15.1178921219884	14.7192396925238	15.7169580595023	15.5185306569826	15.1086012828544	15.1514358780262	15.5955651958785	14.0091531934838	14.617261475043	14.1917212545856	13.9775172679602	13.458025351181	13.7514876131189	15.2703473436368	14.9862153161729	14.6706648075983	14.3788834043313	15.9288385756086	14.4496337906274	14.3894946794402	14.6990398301008	14.9799656231289	15.1855846372336	15.7529299088616	14.0027510466969	15.569205394686	15.5537170373309	14.7746793157949	14.5826211255564
M209.1182T610.29	12.6172324561905	11.287574833982	11.8388429083072	11.9114783387651	12.6935613095675	12.2351412521798	12.8395382747995	13.5160647616148	10.4296877367255	12.424444060168	12.9751137958773	14.5427717778986	9.94264873974189	12.0170088725767	12.0040003722885	12.031412521864	11.6431127841038	0	12.9832667816233	13.9154524110532	12.3063892175157	11.3461432786714	13.4263597500732	11.5326739709891	13.0020850583041	13.1334973482442	13.0613173246618	13.1404394399511	11.0690688307215	12.0240126353325	12.5225461304924	12.0733878366606	12.2269042356566	11.738475533756	11.8244615739618	15.3349183062273	11.824214273453	12.5769235845175	12.106025821871	13.3031024498179	12.7405394631767	15.5890876336816
M209.1296T314.15	13.0696230296191	15.4800050912618	14.944391655896	14.8790418015551	14.3701651246668	13.6464854067847	14.3413791293985	13.8590610481483	14.556473963027	14.8049068927672	14.708081190059	14.0541891893268	14.3337859207948	13.6489310069547	14.0909877644609	14.9622305912902	15.0643566485368	14.0945785853925	15.2065982137641	14.2927422950747	14.8942146822	15.2631456529208	15.0593715302652	12.4459853468652	14.5595063982205	14.9273500098382	15.2553374709225	14.4485474611691	15.3996258372094	14.5395153870381	14.7530796525521	15.4093240559598	15.0789189611368	15.4409256301183	15.1058274892232	14.5683074107425	14.5126031663402	14.4115781545562	13.9666789769237	14.7526062816137	14.2908611915815	13.9297713014738
M209.2024T392.1	11.7270572523618	11.5917298919979	11.0833126670487	11.2970504286314	11.4164332342274	11.5269154902315	11.8543002895416	11.2863573737122	11.3682465269293	11.7860599341683	11.5367699112562	11.6695183082008	12.7507837458194	11.3171500274851	11.6292421296949	11.9923451404923	11.8025614026189	11.977484962119	13.4246622522122	11.7652272555293	11.1471276443304	11.6754091031585	13.3320449671247	11.688904545569	12.2487028616168	11.8842553244505	12.4762179847352	11.8471216247118	12.1073503148106	11.1086122700086	12.4127465984818	12.3126151823706	12.0279606379241	11.9579654599957	12.2033447372769	13.2650313699474	12.035417718927	11.886178859164	11.3891190381319	12.187459083616	11.7552966555199	12.0150332561925
M209.4449T229.95_11	15.3774774574265	15.5057908531485	15.2347563177803	14.7864622499579	15.2662431137212	14.8245948973757	15.2884658924845	15.1129284673045	15.0898261952414	16.1221114347615	15.2769585889709	14.921523324268	15.2084528682066	15.0294660090374	16.0069578267075	16.1079446161501	15.2668488867573	15.2552428727198	15.1131548557855	15.5290872559997	14.5511471239303	14.54016273529	15.4326114219002	15.2229413705161	15.6865901911705	15.2455577620462	15.062024167466	15.4635615909788	15.4506069011278	15.1410829911468	15.3163735996275	15.5469843809808	15.4942863331003	14.6518472624862	14.606013540824	15.8863043694888	14.8500366961312	15.0469482205519	15.6580789675281	15.4618323752896	15.1320176068851	15.5176596350652
M209.4615T229.84_12	13.9378909503491	13.614099800675	14.446114499647	13.5018127909517	14.0063216683568	12.8581409494118	12.3524185501041	13.7939005083534	14.1147662164677	14.4172648175961	14.1621431433253	12.5724251435379	13.8501662997752	14.3363425609864	14.5280506573594	14.3247360530151	14.416914641437	13.9970345462258	13.7834156422237	14.6801671299095	12.4199930002444	13.3442887592287	13.7550868251978	13.6235733478289	14.071187128169	14.1324965423096	13.2553596306037	13.9282944534151	13.6252196283332	13.3114395756704	13.8091036775258	13.6329598782041	14.6147276942436	13.802825489528	13.4002924220451	14.5876561551287	13.6333297732187	14.0417548589875	14.4108706338572	13.2477634660793	13.8197812479568	14.3514801342831
M209.5907T171.76	11.2372354801597	12.6855989095276	11.6099377501009	12.1661849321814	11.5632918513468	7.47587638063816	0	12.1367035045445	13.1754270777074	12.4889270323058	0	0	12.6158918678729	11.696799292568	12.4853295130552	12.92550256654	12.3648699932629	0	12.1174274235991	11.9617834925201	11.9586666527711	11.9240310813596	10.9530946816753	10.9906108108557	10.7385069295919	11.5418545194649	12.9046621187416	12.0648661810716	11.8377449024911	12.0306471916761	12.1655974698138	11.6975030901462	12.1759259907721	12.2493316024659	11.8671528624385	11.741673000008	11.2822539827552	11.8682838472447	11.1494023735423	12.4140543006414	10.0531978422828	8.31957036633927
M209.6226T762.34_1	14.7160467739278	15.0524350366303	14.0511365488926	14.1959070795064	14.9511519423705	13.8273101048764	14.0932503078552	14.3508686490023	14.7368960636908	14.4303770636893	14.6790639385299	15.2641447712359	14.0274401482951	14.7526423062044	13.1685033361464	14.1684591960427	14.1549299383625	14.4406600067355	15.0518478511683	15.6554446389375	15.7652246920636	15.9390800175306	15.4933579881892	13.0434035065153	14.3073391744064	15.6733167611795	14.9537539464972	15.4957133867551	15.4989937671284	13.5672294330739	14.8422342858004	14.2752490265445	0	14.9709374099645	14.9170611133394	14.3694071779812	14.1419036974241	15.4156377057592	14.8496014332786	14.8502617774358	15.0201545186799	15.4630016023889
M209.8668T229.84_2	13.8719465407519	13.1042045386681	14.0639577533053	13.3084953395223	13.3108417019317	13.539834284106	12.0888167310534	13.5392983688529	14.1708072199225	14.5949892361317	14.011749951667	13.343344058353	13.3923009291186	13.9713109162934	14.544045839716	14.2046833938934	14.1517169255317	14.0842622420474	13.3648790597498	14.2295094879224	13.07812971471	13.0928895914442	13.781613604859	13.6320765357594	14.1308509825025	13.7683951143133	13.0602891522856	14.192619342093	13.6608060697495	12.0642224196072	14.2368512001469	14.2239799977636	14.3651032810947	12.9198792910539	12.6680271421941	14.4033083823535	13.6044882130725	13.54465726587	13.409385702457	14.0836702031407	13.7224904473753	14.3461744792653
M209.9658T94.56	13.6266070502526	14.727624413139	13.4271887416228	14.7724218431906	13.9445272965467	13.7140311042791	14.6090579390271	14.1089610052644	14.4458396699537	14.9208555660314	14.7296474235474	14.2425431173052	14.4070351743701	13.6036518327726	13.6558797092523	14.3154520154602	14.6550072329942	14.157695877621	13.3795737662071	14.3629737427816	14.5894979664392	14.8200826795586	13.2845367452947	15.0253212895136	14.061293207157	14.4001347120872	13.8616214980163	14.570272232196	14.806853148465	14.8489631030477	14.2574032330266	14.5107286462823	13.9856575472532	14.0253692616773	14.1119120439748	14.0348165026834	14.9532084718072	14.3569787691114	14.3606129747644	14.2787565181776	15.0660456024731	14.3457802817292
M209.9813T229.84_3	13.9185983286984	13.5053921369524	14.301869609793	13.9436175477053	13.9816367629453	13.7073604693383	14.6868249626046	13.4159901620708	13.8367437877919	14.8567176888502	13.9272900573444	13.081125341449	12.8610690068774	14.4615936880564	14.1630651369742	14.8271523353341	14.3419093115066	13.7234250710212	14.1179732176602	14.1543404147737	13.1093093906899	13.6586515542044	14.1274343333741	13.7256295874131	13.8107650069232	14.1533840735476	14.0960121534914	13.8322011712511	14.2314981333717	13.3872973237997	13.9119069984145	13.4632361428886	14.2988361753653	14.0367751451838	14.2880208851177	14.473625805736	13.998428604339	14.2735104743917	13.3765342609406	14.3947051093942	13.7937015652499	14.255244506916
M210.0281T230.07_4	13.506860526853	14.2230461157916	14.4311556936226	14.2270569865577	14.6068345971544	14.1533722740442	13.5043139445544	13.7431660711125	13.5511605581497	15.0322694769657	13.5461793074009	13.9254890385191	13.7973988661078	14.3491694988296	14.4030451934744	14.7822910122757	14.5015888302555	14.0459254503329	14.7051503096381	14.0361147853722	13.2620213536855	13.9008094023287	13.8559365629528	14.0909582020714	14.0426167582107	14.5665923350192	14.0644748212505	13.8816464467795	13.5193928143541	13.5011277082315	14.487514514675	14.1075205797812	13.6982264346799	14.2890263709035	14.2339596605624	14.4961137018361	14.2091239636075	14.0012190020374	14.1616886963465	14.1644195593067	14.4253951161714	13.6609143875311
M210.0443T229.84_5	13.4483501462522	14.0695687449753	13.2971615689461	13.5342294344604	13.6523863708942	13.2320563647559	13.3642575492682	13.9206176775611	14.1646790523687	14.0246407634183	13.5464934703707	13.2591849783746	13.6824989132657	14.3143666968801	14.6088225465035	14.1695139033764	13.6337172270822	13.8107755341835	13.5241250155422	13.8321872145883	12.5379323954843	13.2158012920888	13.9091076435894	13.4726329041686	14.0102099731382	13.9277903906563	13.7639749226552	13.9972289468812	13.7923411688169	13.6863888721883	14.3410802093536	14.1414477870943	13.3241821679208	13.6207389544508	13.5678574586539	14.1402922406685	13.7943402128759	14.0946943786741	14.2445211899263	14.0248640818419	13.6579931090436	14.030904201126
M210.0619T62.45	19.2880548959568	19.426509264971	19.8831097529576	19.8298990651069	19.3120058405564	19.5625922979135	19.6245870419519	18.7184449030254	19.2785559088579	18.9752108311976	19.3558369638535	19.1565470643753	19.1971178132552	19.0556136648363	19.5850159947352	19.6225313419956	19.3661011952734	19.8412895000514	19.3495803125163	19.6124019478257	19.7071549393067	19.7759932226388	19.843389692149	18.8691882085174	18.9024083343162	19.7372437790749	19.1794913077202	19.6804773978311	19.9862964972032	19.762717653385	19.9606587935689	20.0687682930499	19.8010386660997	19.7857847875426	20.0859765256923	19.711348508618	19.5355965861226	19.7987687930265	19.5002559170345	19.6322674928439	19.7635824874008	19.9706448420257
M210.0641T229.71_6	15.1877639924516	14.5402809597765	14.6260174664114	13.9075415644047	14.4164364540994	14.1716215918106	13.813966939011	14.3471347291886	14.8119512417305	14.6163519794914	13.5547816323822	13.6159651348474	14.639557265372	15.2204972632199	15.331713962006	14.7602886723359	14.3174818715774	14.2832585766561	13.7090912486681	14.5307727713892	13.680533145524	13.5607370980318	14.8552628875433	13.9148353789198	13.8374224683075	15.2055737498214	14.6060269531597	13.6166941884328	14.32023389219	13.6340064039136	14.3949011127269	14.3112876898583	14.7235245784616	14.385216112964	13.8117208100322	14.6471592962705	13.5245156115631	14.1179876088339	14.5743410670901	14.3454931447292	14.4440785775231	14.1964634163405
M210.074T158.94	13.5476532275755	11.8790261335168	12.1236801361918	12.7682553910879	13.9171068115526	14.1901459332418	12.7894446128539	13.0634384728003	13.6962640031602	12.650442443591	12.3129423748468	12.4225607541686	11.946404142378	13.4783849099151	12.2540436874959	13.4130272479924	13.5137645797296	0	12.9166832233727	12.5847567874858	7.9062344784791	10.9974138128387	11.4503162963049	11.7521274195303	12.4518718176364	12.0287925878525	12.8129589366843	12.890868443302	11.628301740143	12.3547432955756	13.9269596424177	12.093441900487	11.2348256531402	12.2494948970064	12.3652971635373	12.6099139706829	13.6386662440629	12.3248780216185	12.5340381042836	13.6232187609784	11.6294870335175	12.664405921981
M210.0747T133.35	10.904507436948	12.0432496271811	11.5851134958641	12.4790059264272	10.5787590673332	11.6892722775717	11.8409447998038	10.9824076921656	11.6476567128744	10.5814969131422	11.5228155883652	11.1428826142661	11.1513794134427	9.70994765899524	11.4877051528054	11.4582942017094	11.9209275407833	0	11.6836908350543	11.3899082244172	12.2678369903122	12.7475149500747	11.814406239816	11.3956717448704	11.465978300027	11.3362227199277	11.4582267740423	11.4556548746709	11.9046646585976	10.5833865156241	11.9612709587446	12.7110888182979	12.3145387395952	12.2308343993149	12.6851369362398	8.81012239825946	12.6201475343463	11.3675107294698	11.2046172171933	12.6242306489549	11.0897585208278	13.9107360692889
M210.0772T94.24	11.3717693818891	11.8177935249306	11.9581590576776	11.8064356631404	11.2337374617159	9.95111153647018	11.5521402070566	10.8867806033312	10.9126859587455	10.914600259701	11.7780221813056	11.5486845696078	11.142436023652	11.7589127026067	11.1032797065797	11.0880046692687	11.2174441148282	11.2882462315937	11.0599402246504	11.1448409786494	11.5636289828063	11.0203468981208	11.5683362060625	11.2845711811391	11.6312426401302	11.6207544236497	9.594338702181	10.4556772859205	12.3637647706373	10.9846724364731	10.9874789030305	11.7970644966865	11.4768972238829	11.3642146520734	10.8343542827675	11.6287305170973	10.7706261570709	11.32433113829	12.158101581132	10.2760996847776	11.3054434942964	11.8304290485149
M210.0772T344.59	12.7904607566769	11.6093468321859	12.1167683088782	12.5577035108598	10.0929279013849	12.1543499671786	13.1303922084812	13.3414369510406	12.480687721586	0	11.7868198529908	12.0715859866696	10.0419516579875	12.2485693150077	12.016591327203	12.3589063011078	11.1572002641433	0	11.7514198891487	12.4618155923293	10.6215704784729	11.574715794308	12.5468108567263	11.842437184623	12.0925368978856	12.4877206251537	12.6563612009018	12.8275051053173	8.58704563863598	11.8417065015416	13.0374040590073	11.4904669692112	11.9133940493633	11.8746744141579	12.3608107557411	0	12.2590921321096	12.8734959158576	12.064233203495	11.899174056631	10.9964588130614	12.2214105421734
M210.1328T313.79	9.15213945970271	11.9237949142403	11.5635928792335	8.62219637783325	10.2831286351938	9.64378971318997	8.41438318552261	9.18420650549707	11.130724320555	10.7365612922641	10.6093483330419	0	10.9366920639283	9.73330560701601	10.1680608063534	10.8404346754454	11.3330518440004	10.3493327489434	11.3999926195326	10.3940531028477	11.6240065175173	11.3360251150585	10.9648817501081	0	10.953902123692	11.0278797037544	11.6798100642244	10.7748560229215	11.6260027724068	10.7680742522889	11.2554577838685	12.2086660855953	11.3550399900521	11.5648888017377	11.517062849468	11.1671382318296	0	10.8354752592005	10.4136091377098	9.6820332497673	10.0000702075429	9.91921835827167
M210.1475T382.09	13.6439303383079	13.3401523945923	12.3491269861348	13.3481801235351	12.530941237482	13.0408020441567	12.9950297396489	13.3692767764818	13.0205567242242	12.6254675806284	12.7895334416249	12.9733108165438	12.5031437908533	13.1520872788258	13.2330225066208	12.5000194132025	10.6900766614709	12.5791653375261	0	12.9969217559027	12.9206756501673	13.2726715293636	13.7346779568804	12.6543044734424	13.3215419498576	13.947486094252	12.8162856077964	13.4292869909182	12.9856204251291	11.9849586480076	13.0789952095172	13.3615690182424	13.2901942429552	12.9399534528828	13.1154247517457	12.5432334486983	13.122455694597	13.6006874568595	12.9784348369128	12.5300918642555	12.7055876277239	12.8288090318678
M210.1497T520.24	13.6349749988397	13.5230557382528	13.4472649899747	11.7523928751969	13.9617855095474	13.1884248546863	13.219163024726	11.6342528708088	13.4525802198493	12.8488290282222	13.3919612937661	13.1840086783848	12.8207503875314	13.7647853657558	13.1562157521062	13.3264043025864	12.7523033562089	14.0162080378163	13.7734346792906	13.3819292696352	14.4763585736258	13.5293216549487	13.6667062520427	11.469182468162	13.9041071315238	14.0569128615136	12.0774144724628	12.6660716336541	13.4458634192099	11.5630716562494	13.0213246206429	13.7128304521204	12.3717163731538	13.4387881551062	14.0691865594901	12.8850314168697	13.4474424187346	14.0042904757126	11.4225067243063	13.2003074055322	12.6755772191917	13.7853299931644
M210.2748T229.88_7	14.3146822513712	14.0812390991792	14.3264424547127	13.6666688525823	13.8829830897321	13.6926750387557	12.5331128818298	13.6238287746486	14.1552163863212	14.3175338444756	14.1108779779377	13.3033653800809	13.5912664711383	14.2193474332748	13.7742104072446	13.8973553438384	13.9638181738725	14.0077203955284	13.5154770834077	14.3098569028756	13.3057606231005	13.5053385968602	14.0371388956157	13.5674796490438	13.6117496020441	14.0668114504893	14.1418214536982	14.026411183068	13.3806999014078	12.9720328630613	13.941597727356	14.1201244104563	13.9060208145432	13.0231809077999	13.8730246401984	14.4935027819219	13.5991594981842	13.5754804378884	13.5506823024675	14.4683009004509	13.6037354777945	14.3140784269335
M210.2943T229.88_8	14.1618269736073	13.5785918020428	14.6576680785285	13.6845816160195	14.2172745405113	13.6694087992645	13.7614067594174	13.78350290149	14.2294636932289	14.4645752519017	14.1521803124764	13.8658990084011	13.5055455444961	14.3757095390187	14.1194099334235	14.4633645493273	14.5001435701285	13.392704581471	14.2229714130509	14.1987355413482	13.3967633275555	13.6235673304831	13.5523744850639	13.8698430302239	14.2888188177733	14.2951780497907	14.0022823909653	13.5573359999551	13.5850885001732	13.5972165295522	14.1246789283924	14.0914781913736	13.9343874108932	12.9646885810168	13.5562120141568	14.0773351140786	13.4707670968378	13.9191251661034	14.2783540632217	14.0924518658428	13.4924237581997	13.9618202600024
M210.5291T229.87_1	13.8457543326202	14.0459508907893	14.239442618649	13.3085469828227	14.2653613406147	13.8349832183554	13.3338229801635	13.3183127059524	13.95075512811	14.7216302182298	14.0631487799397	13.327437709727	12.9577361454952	14.1492149606941	14.3941671343132	14.3789265491734	14.2657751433181	13.887806386124	13.7903410131378	13.756550941538	13.1701899006295	13.3823355002072	13.200379011122	13.6488604778338	13.5448919059583	13.8651483076706	13.6413916764666	14.0080159256535	13.7943790857409	13.5065896113851	13.9973099199828	14.274712486307	14.2231575554355	13.9324716487643	13.0768597746037	14.4826285555856	13.2058987564508	13.4887254715897	13.9620812644978	13.9232271234418	13.6890793378491	14.0247142778768
M210.5942T230.15_3	13.4935171705695	13.2785929311183	13.6628526397725	13.5258617070773	13.2010236030408	13.4041096852906	13.7408591616627	13.2825962293354	12.7701436752644	14.568164099951	13.5371858973325	13.6631428652771	13.0731024927758	14.5031667349084	13.9412571816411	14.9053770161273	13.4085961511845	13.6323418179068	12.9640437955363	13.526569768513	12.7495443206698	13.5117737359468	13.6818807921976	13.5593310640934	13.7076221148919	13.9251001925936	13.6436568336954	13.9142113376041	13.6254626093857	13.3517365514019	13.6792304975253	12.9875924356295	13.7079263194641	13.0571789686251	13.6426215393546	14.1145338620626	13.6967176470357	13.7768715935676	13.9777741307306	13.4526097644634	13.4882528956512	13.1298820532938
M210.8244T229.87_4	13.5889944229461	13.6619238448039	13.7887621169284	13.0604107762179	13.7695165206374	13.1437105917919	13.4228758305794	13.3575637786054	14.1661723475128	14.2908177397065	13.5862923675025	13.2477108204176	13.6910361867718	14.2010274235317	14.191176694889	14.4616549516939	13.9491571768814	13.8865754812364	13.7396723830881	13.7530163793984	13.1834191201634	12.7433188884067	13.9495210967374	12.900900102551	14.2075357629707	14.1609287726112	13.8293558982639	14.0780311873184	13.6055827035353	13.362339955351	14.5026349501979	14.1720015688856	14.1156367040513	13.3562053360923	13.9326785922416	14.2774325672901	13.6825900657483	13.9489909094827	14.3959001579389	14.2088455524223	13.311622931772	13.9123402205077
M210.9242T91.93	13.8875379590937	14.4051281064119	14.2336050110677	14.475694663564	14.1576912698778	13.6751303352943	14.537651779442	14.3603081446501	13.6422316347072	14.2736413670443	14.5405920808717	15.1644998940365	14.2120100805592	14.0379248304199	13.7216819504812	13.7153682828023	13.8767288784277	14.1388867341457	13.5943036445378	13.266898884544	14.4353196694539	14.6699027951791	14.0392323318557	14.8758504793566	14.7131260077198	14.4542019691687	13.8690103444337	14.4707863797062	13.854141518902	14.6164995174882	14.178977688711	14.2685688207838	14.5590188977628	14.4843160462362	14.0147509344103	14.3936198484137	14.2963683096411	14.4029343043579	13.2050757472586	14.2187574564025	14.8792631506599	14.8174231419041
M211.0588T253.96	13.0418161493074	13.3034055569186	12.2314060786577	13.0793759274404	13.0394965482857	13.0582504871645	13.2275224667938	11.9988234836382	12.1936721036733	11.772175108761	14.1033240093986	9.40615333167396	12.6089614113822	12.3392210332925	13.2746289586891	13.3853529732834	12.4119777213212	10.4973813229484	7.21553682812604	12.8431345713115	12.4154366646254	12.0940256042016	13.2417869936507	11.7542851067191	12.3219958406739	13.1954889089789	12.1904025251317	13.0022666339405	12.1160878199517	12.0543306213074	12.9439612188535	13.6895881378118	12.6120166658793	13.0999296656804	12.7135363461888	11.1634638897445	13.3983114738531	12.5899140461752	12.8930730576637	13.3884183380668	12.7394975215971	11.6095197467536
M211.0694T57.64	15.8732620731018	17.1763610115043	16.2451622936784	16.0854500995644	15.5318216186759	16.0046396695367	15.5244577157219	15.8100028293995	15.710039741729	15.5296152891292	15.9537505321787	15.0418349710627	16.7713018408997	16.0144953818859	15.7383658131655	16.1283524242485	16.1420876078625	14.8851138424613	15.8691131795961	15.2873367841866	16.6951107223755	16.6621797412914	16.3248430352541	15.9131604160679	15.6167879059582	16.4549856253588	15.743873929344	15.5884464523135	16.3812575019167	15.0894085380268	15.8791492692362	16.8507936262962	16.4059440300114	16.8051780815292	16.9025575939089	15.3948182176811	16.5189552373195	16.5333082272868	15.96695197476	16.1961081130405	16.0291706429226	15.0094130683091
M211.0971T454.87	13.2871563472402	13.9522134346583	13.8353723771898	13.907052137387	13.6595593177393	13.5465991653921	12.9423865705058	13.1682829513614	13.6863701783161	13.616449340908	13.4709866706217	12.8449562031458	13.4864353584039	12.8841110426672	12.9064489694118	13.0390520434403	13.4081635477087	14.8052315550186	13.981765634735	13.9582894673573	13.0855611839917	13.536228509879	13.7360239325685	11.6333065276656	13.1038167762197	13.0150558445538	13.3392016222361	13.0760940760677	14.1858371824316	13.5448557286733	14.0702620865653	13.603720042211	13.71404122542	13.6559141528737	13.7633797983432	14.6207551236945	12.8583185157336	14.2057496274845	13.0519794357507	13.8043313797631	13.3953894045725	15.1007693677773
M211.1083T230_6	14.2663135353873	14.6681300647816	14.9257539477924	14.8651345896909	14.8531601316211	14.6685533729853	13.5405073488046	14.7357090311098	14.5128826199449	15.3691990206593	15.3091888463215	13.9966501047955	13.7183064318266	14.8089335709345	15.2166926498625	13.7425005355155	14.3623165603982	13.859151470897	15.0929322175165	14.726259339618	13.4438758112901	14.1851423017227	14.0653227393992	14.0921100692122	14.0727992363604	13.5417047080369	14.5376598893816	14.7056910281427	14.8080094865875	14.7448685385738	13.772846297848	15.1292318333188	15.413139582729	14.5149389696235	14.566818882234	14.5707019774757	14.9657109923106	14.9639853760864	15.0120507875145	13.6372929775327	14.5616589588602	14.8827748754531
M211.1086T525.17	16.7539970971743	16.3794720028589	15.9503310428871	15.8861765959065	16.5857938807881	16.5485219198642	15.7934322444603	17.1100925579556	16.3196201284775	16.5855825842	15.9898176182896	15.9267166742164	16.9741820198672	16.2615668637513	15.9066103063724	16.2063428444169	16.1966176401601	16.0851428550433	16.9260112293333	17.4191443658006	17.3829384204508	16.9593742767569	17.2623932896703	15.8775566973092	15.6132261852834	16.7982133293292	16.6223292812413	16.7537500479869	16.6786930012209	15.849634912979	15.8622280997802	16.221318087023	16.1439470806497	16.4087393988658	16.1965681714497	16.1683799442594	16.0992326158894	16.4036444685862	16.1459406610799	16.5243475692827	16.4538527595835	16.1791789566557
M211.1086T109.78	13.9446089956383	15.3624447233399	14.5478813976358	14.7490927399463	14.7382674306556	14.102578378749	14.5922253479264	14.8425151248325	14.8276965766899	14.4346772848315	15.2646140270264	14.3946562717113	14.9174433068274	14.096546294907	14.146782702351	15.0861150110355	14.3346088022662	12.5593366016324	14.1385200853354	14.0683137798797	15.0655484964497	14.6006919933395	13.9947353638944	14.4902365026415	15.0197209073775	14.3956783240653	16.4833271880747	14.0017124968287	14.5841979879451	14.6738695095928	15.8203860289903	15.9400945617015	14.8176780770556	15.0086510657997	15.1437462437472	14.1708351787479	13.8541770341234	14.4413141300744	14.1709863625463	14.1498162390808	13.2810498449485	13.928649422072
M211.1087T152.98	14.0899874501114	15.5155396059661	14.7200322957064	14.4390219046294	13.7347017371838	13.9042411209198	14.4960393962705	15.4149333356371	14.4592397735687	13.9870718953142	15.7882687481879	13.6883890094491	14.3667907986412	13.6412207558101	15.7682272084713	13.9874775862442	14.6225736727844	12.8893709945493	14.0067310335251	14.5315306329849	14.7670948133433	14.961375309343	14.5103641512379	14.3028134365591	14.6835611122107	14.3073903112652	15.2965370630446	13.8035007469498	14.6462834773186	14.4750393168664	14.2661716739198	14.8339241678774	15.464413804105	14.3438647003299	14.1711855589037	14.3011847574941	13.6382440897037	14.167621003853	13.9604199405104	14.8425314926244	14.7381309731966	14.1572739303683
M211.1144T335.69	12.9041722012125	15.03115409453	13.1685880010249	14.7698947789962	12.9449400845424	13.8085882013764	13.6479073533272	13.1550683241149	13.4764843463121	13.0681231093291	9.68937857152593	12.8867638727544	14.7078397472974	13.1181420651889	12.916960816264	13.0890630524258	13.5213683885823	13.7235165768402	13.4193757916838	13.230423201664	14.0100825071463	14.1543162567762	13.5054880583925	13.6492388928228	13.7574664806935	13.857382358347	13.0863873355578	13.2728001844879	13.6215264902872	12.3188628455446	13.6933461630735	13.3329463870737	6.51402900637236	13.2554307811129	13.6186163749139	13.232293766884	13.9923061142289	13.338056521598	12.6094511853361	13.2209637048388	14.1016284546713	14.3811947147611
M211.1299T85.85	11.8782792566867	12.3799416558516	12.3128579309878	12.9416127527483	12.1507521658996	11.9534461274279	12.7849870292784	12.4853997664897	12.4757853725754	13.0699263925993	12.0715345813111	11.6202444318365	12.8053518988113	12.6291960912192	11.9846516377858	12.5702701208821	12.7984038496391	12.2373097550866	12.6462562706465	11.8448755101848	12.5705411521166	12.8232910821785	12.4443205511297	12.6156275974336	12.2120109825124	12.731420429644	12.3781904705413	12.4601060423951	12.4269705473147	12.4538814403634	12.3341117291941	12.2312607072484	12.6152482882812	12.0787410715595	12.0400843845836	12.3855684287199	12.8536487602423	12.5822890321278	12.2366079868694	11.9974034165342	10.1387614073572	12.2043738037492
M211.1426T46.13	16.0928625679468	15.5579600526532	15.9929271044403	16.0512618624261	15.5760509576271	15.6361964926327	16.257770102816	15.5842838929341	16.3448822494811	15.2674820152375	15.5930046887561	16.0121199210989	15.2619789044099	15.5472326342094	15.7999054756006	15.9700684962891	15.2304333387644	10.3366334141639	14.4484440842297	15.4860387908115	15.373070608883	15.4081334494581	15.3295896118726	15.5759332889657	15.9510880786284	15.6837059784223	15.2657925922283	15.8686683663244	15.4070493778745	14.761814821463	15.9533630437878	15.7828630575059	15.8533074486523	15.7425167044513	15.8722301650905	13.7763511569415	15.8972552375726	16.0701050630674	15.6613294141102	15.679551881442	15.6192355166513	15.5570218278586
M211.169T230_8	14.1921048810697	13.8169200694484	14.1178931364193	13.7307126004619	14.1888415378773	13.8502502452985	13.8326885422622	13.8548799217685	14.1851172995458	14.4072742538	13.4601701423113	13.2887037237879	13.4716219217797	14.2310306954287	14.178934328804	14.5468022810696	13.4117162060051	14.0594793165206	14.1510810760871	14.1663116270565	13.1220416829247	13.7266346258784	13.8363028174512	13.7858440375219	14.3514426345614	13.0888628205058	13.4812183036078	13.5044131334291	13.3873961328617	13.8172205546894	13.8557897864334	13.375127342409	14.306670644364	13.5907044197111	13.4197336757359	14.2965587488537	13.5379577251513	13.2056341490741	14.1098480968935	14.1204272500058	13.5024414562771	14.2701524319262
M211.2451T229.98_9	13.2748624080472	13.3533107148611	14.0136012304246	13.2954910151639	13.2129532005127	13.3021972155182	13.1089377966529	13.3978969304756	13.8526434670116	14.6591147624673	13.0962196576547	13.3696001470582	13.2426892178538	14.6205846130407	14.2259544573648	14.149220231637	13.9561124464511	12.8743351927305	12.6803118362672	13.9281935030092	12.0809918981028	13.5564978805547	14.2835959096588	13.4615265823247	14.163554932862	13.4253868060588	13.7193332250255	13.9887127564737	13.4785317293005	12.7708739076689	14.1828002745079	13.5065302264729	13.878147944414	13.5365174998583	13.1782869444581	14.1000894945826	13.5660172649132	13.8287723033953	13.820655930052	14.3593695279388	13.2673267667454	13.5791546765837
M211.3692T230.07_10	13.6212902941879	12.9095611025355	13.6783653363831	13.6718948916113	14.0965776578198	13.6376637275987	13.7067745971848	13.383380806029	13.9135014261591	14.6107846439942	13.5608312503277	13.3169069771569	12.0960484664054	14.3224787188899	13.1419829703879	14.8550111207442	13.8633857666536	13.3300283569838	14.2130297175226	13.890083619628	12.7542420420893	13.6454406838772	13.5338997122873	13.5523873921319	13.1925316594424	13.2459765503513	13.6016580982233	13.0003539113409	12.656869739262	13.1379492848925	13.8602419932326	12.8918509249551	14.114460440058	13.8159933109616	12.8536154773486	14.2923280545967	14.0832623308587	13.741232423396	12.3775440660061	14.0860974416333	13.70762697434	14.2105861506776
M212.0182T49.48	13.9434600539405	14.2575824856823	14.6214090189666	14.8368114692534	13.8231293448796	13.4419552257743	14.4189355005284	13.766258401271	13.5561716188813	12.3013451725723	14.3205315338441	14.5447584524808	13.8524536490277	14.2226860841606	13.1951532113863	13.5989174252495	13.775219684324	13.6905178758275	13.9898595999005	14.2065196889297	13.0957648507033	13.7127319890151	14.2645934231244	14.3124348445198	14.3371146734204	14.0486734941976	13.428367270168	13.2447889324261	14.501247597009	12.976394757555	14.092390540276	13.9057258233245	14.098972693794	14.0125133568867	14.1706374304688	13.5708712839882	14.0168078219441	14.214926416868	14.3913603589351	14.1291068977216	14.2523812391226	14.552478990906
M212.1032T76.53	14.8762987122847	17.2319404227776	16.5329201048189	15.6747495838107	13.6387371080423	13.4564300880047	13.2719849102837	15.6361463028246	16.5644220924904	16.3263057733009	13.5411776352747	14.2873356124764	16.2336895726865	15.7313143116682	15.597842107397	15.8185638582645	16.4924320132941	15.2245996438166	15.5144183540073	15.4023479756647	15.1730432657529	16.239398388639	14.9118641107909	15.5715235106685	14.689669510748	15.5779124867887	16.3336483914869	15.6271759359802	16.4413391577708	14.7320918910342	15.8644786504251	14.9552786248404	15.2782427990792	15.5051255548421	16.1434431002897	16.0717170381656	15.5602417926296	16.1430452301941	14.5947936117928	16.6058612416485	15.1366654989072	14.0097261598439
M212.2017T642.76	14.9235811114379	14.9392350557275	13.8178105578466	14.509138773872	14.0439790712895	14.6696234352527	14.2456271755159	15.3259608249013	14.6834572392445	14.3715704794548	14.7215181309245	14.014079246239	13.5004475377323	14.5787087771798	13.6724800752583	14.5442201453534	14.567961315915	14.7177481480848	14.8304128721287	15.5637511678776	15.6601717916255	15.8437265386209	15.9194536094811	13.1496273393529	14.1506920256229	15.1662664260383	15.5409113348996	15.4413349255278	14.9853119986717	13.8226815092641	14.6205200698578	14.7645964227584	15.211995028026	15.058120433469	14.446451271683	14.7277873832926	13.8813376868924	15.4451258455198	14.5898542263009	15.0793895992724	14.8507903887495	14.7484404179592
M213.067T314.7	11.3021833546892	11.9819296689348	10.9461091362839	10.3034367548389	11.185515488614	11.2061751429388	0	10.9735083010085	11.4833368468476	11.1866277637705	11.2616648113999	8.87567998079789	11.7087809209403	11.4334152773067	11.1977078930716	11.8783779778832	11.2793867812485	10.9507388123423	10.9456543656512	10.4079634607753	9.15483685618903	10.0871394809955	10.4876720034998	10.6564617107241	8.55686614236227	10.9563329786886	11.5873947692485	11.0964093607346	11.5380346184798	10.6281232285261	11.5551250191104	11.3199433889113	0	11.8359540355457	10.5927429801862	12.0088507314919	10.7331118390448	11.4090212142044	11.1522277089002	12.3072669766454	10.9907405284513	10.2697825346897
M213.124T62.74	14.3535975555236	15.8565779684632	15.6888852726663	15.2413213839593	14.3783418581211	14.9860775547722	14.2751286256944	14.4550383156277	15.3006087488117	15.1405952464157	14.3670438101487	13.7507738475215	13.7974526100258	15.1399539618166	14.5363936167239	14.8123835211608	15.1508976332864	12.348207752173	13.0190777673022	14.2213688308721	14.8598088451517	15.3146824083266	15.2419999913958	14.8136422450615	14.4435149807195	15.2807963868196	13.8449628132115	14.6135612990669	15.4165102569704	14.206919922984	15.2163633055808	14.8793164020931	15.4101748120858	15.42941069225	15.4431856175277	13.6719037148973	14.5463996469078	14.7362480992194	14.6966801576792	14.7916892819698	14.1744651030585	14.1826615723305
M213.1244T186.4	12.6281714412817	14.818642783361	14.1151811788546	13.4007694782841	12.1041355452682	8.96702749029241	11.8691400967926	13.5930760346907	14.2541142370224	14.1639404529954	13.5625051412211	12.7098509376863	13.7186021365888	13.4360720850564	13.0537236670608	13.5501478623156	13.4493974639484	12.4878208439105	12.5182178371479	12.3306360902742	13.3394421841085	14.0880577575433	12.9984784183835	13.0763947206471	12.7881191514903	12.7645295290388	13.4402975147344	12.8668504783225	14.1334880768546	12.669567589264	13.1010065673943	13.5822643808419	13.2007933791038	13.7424086386121	13.7033891291614	13.3659307540671	12.3636812622571	13.0699939208919	12.8571483720573	12.7107402864419	13.0041983404749	10.0159261125178
M213.1244T272.08	11.1862116586243	12.9605018501419	12.875432918226	12.529349136749	11.7915272473381	11.0089448942325	11.9081128184962	11.7069424777302	12.2641948951996	12.688644411523	12.2004734632542	9.94103366989482	11.7536931676688	10.9207251826413	11.3542894556441	12.1294339424172	12.701433597588	11.4505648136106	12.7682033092705	11.8825200899234	13.017649034245	13.2377941055341	12.460508941906	8.54432704234543	12.024552641058	12.2040287034567	12.7885229008102	12.0901176428838	11.9275897058052	11.7970023457324	12.3819892689322	13.2011806146177	12.8086526053397	13.1818952642256	12.7148162943017	12.1673768234038	11.8384621527134	12.1835738289562	11.597486201821	12.1678613417867	12.3051908983705	11.7080630252671
M214.0486T333.23	11.3231924530566	13.4104101812173	12.1388974600628	12.9541180835175	12.1140366723182	13.4362038090307	12.9267902845516	12.8617737281833	13.6577272658265	12.7561339813575	12.3737978884505	12.2076472345159	12.5987645712055	12.7774743072333	12.0236122861183	13.2905112558501	13.7949248748939	12.9250293613016	13.004082454618	13.2419865728823	12.5410081846496	13.1330033891716	14.0505085931883	12.7928706491699	12.2315765084999	13.5667767797144	13.3728754721159	12.9755128479686	13.8532014813284	11.989791959764	12.7843533405197	13.6435645096898	11.437140505298	12.3264869264674	13.1285854991756	12.3032427408644	12.7625630821682	12.8875816893166	11.8474045749751	14.499037034526	10.711757941082	11.3994739508124
M214.1193T62.35	14.3684034003066	15.8993470466713	14.9050631649912	11.9420741429974	14.1738352480632	14.0594441016479	0	12.4264736775939	13.5204326552487	15.4982951085096	14.0881958119369	12.028197923152	15.8706000772404	14.757568258214	14.5699920708243	14.9674222730124	14.9925269219039	14.3504970798679	14.4496155185809	14.0696714409497	14.1497454732421	14.73172123726	12.9263440611056	14.1382767226525	13.3505407565004	13.6644242792687	15.5351051106588	14.3061224152357	15.2067402283924	14.5760501072185	14.8380892945717	14.8104827586769	14.5479633677312	14.9420041166719	14.8665509682407	14.8587612762634	13.1502449918932	14.521683039738	13.2152355232493	14.7854344556961	13.2984999923199	13.7078376157613
M215.0675T131.35	11.9542323809522	10.7132427106756	11.0049166699108	11.2174897876083	10.8129002150404	11.1206943652606	11.6499651812735	12.0089606856767	10.2144599269085	11.268385415351	11.2119509916699	11.7235138509975	10.9633236966744	11.2272678748413	10.4432248007972	10.6945214776122	10.5583479380487	10.7379183170525	10.9947780006086	11.9849238245915	11.963325666417	11.5625983101442	12.316069701752	11.4929388765475	12.3686139437212	12.4773376133347	10.586173074472	12.1797670691257	11.4084212080223	10.7100376929679	10.4448195943003	11.4268820481176	11.1665095211071	10.8347400721183	11.2898777871808	11.376272423646	11.2122901502639	11.9990977625081	11.808047430092	11.3937119600022	11.0738915428723	11.236714851692
M215.0885T41.75	13.995461962769	14.3772927813509	14.1286699245977	13.8567026087052	14.1987633814014	14.5782878444482	13.5760418803242	13.7662028356572	14.0838629351331	14.0936332548939	13.9237017606879	11.7952898286326	13.9589944737448	13.9493581255274	14.5265916877698	14.5947813927395	14.3328083166613	0	14.4749130057328	13.9982763196141	14.6988025612867	14.1224701937664	12.875251139237	12.6924851675854	13.7365629177633	13.6925659666375	14.0183449203227	14.4611886972459	14.0384765774001	14.1908079701063	14.4748855445264	14.3359768158253	13.7645720988472	14.0437544795629	14.0577267539001	13.713321082709	13.9660152460864	13.0180204751138	14.0606226399109	14.5525442996854	13.6169039733289	13.3884457560242
M215.1401T336.33	12.1361852493072	11.527508749607	12.6209541511536	12.2907201887458	12.3030375641319	11.8908386023937	10.3160269854765	12.5398431834002	12.6823280431539	0	11.6120279022298	11.8836563220162	12.6096904744199	11.8784677376357	12.0779907348022	12.2599758314182	12.6779657083932	11.8110349953704	12.2688145161701	12.1885168728727	12.2124715871646	13.1106043359813	12.498541431245	9.88635389583748	13.2474044832206	13.7888074962633	13.3229002780115	12.9978873012747	12.6362577034734	11.654749235479	13.137187599866	12.9555566937086	12.4561997325978	12.4647251987875	12.4821707133319	11.7533797602298	13.5294232437421	13.4676145354558	11.9238816354583	12.976714559357	11.3715928486306	11.6280186581387
M215.1402T260.39	12.2156242890942	12.7549702194707	12.2342037962908	12.9702706748284	12.9655450367599	12.5187604841736	12.5873840405159	11.4579798799502	12.344359278337	13.1055638489215	12.6663272236873	12.4873306438557	11.7776078162777	12.0399686730609	12.1422039368648	12.2507659324118	12.5197309243089	12.3352995420707	12.3528748198187	12.37785512214	12.046305907165	12.5965812988659	12.9520610205379	12.6478977921885	12.8025820813706	12.7664250512644	11.5850724094528	12.3660199381478	12.7974179540594	11.8489569261449	12.9762265951954	13.0495779179312	12.7034888037915	13.0443468253783	12.7166937489693	12.4669356450775	13.0259147625341	12.3832456935482	12.48026551229	12.9451549925152	12.5913442518997	13.1369080342105
M216.0641T322.66	15.0941457035894	15.1684681550218	14.6124104735354	15.9220292465176	14.434170884945	13.7732275006124	15.9443120872241	14.7016871382515	16.0375113974447	15.4697468243033	14.4731199445317	13.5749618113622	15.6870571806601	16.2689502587502	14.3672502562784	15.31856471583	14.6862237713716	14.3323306338619	14.0917946032941	15.9073809471342	14.1350444580835	14.6900166006063	15.4817114048668	16.235405440891	15.9404023249	16.0064034880097	14.8197961097169	15.3221231510895	15.3248027996771	14.2588616248302	14.300867424121	16.5127283225419	15.2084811305622	16.0260029052838	15.178837606758	13.8618203619117	15.5874051044251	15.0101641358887	15.1582592163641	15.5397746948706	14.6449625166968	14.2888467559176
M216.0877T141.94	11.2659029673147	12.222576884571	12.2630595436575	12.9740054888285	11.5063994188939	11.7702010640519	13.5317493946972	11.7033321396588	9.58132574987687	9.73138405483645	13.2631856791871	12.4529924804006	9.28539672866621	10.7501298469594	11.8607738203112	12.0477046437163	11.606218490179	0	11.5826495636109	11.4004784119077	12.867429451164	11.9066847874642	13.3160057814773	11.7818421514133	13.0213715761765	13.0434228516395	10.5476102310296	11.6692077183412	12.5277214533269	11.403891097999	11.7606444198783	13.8065567111295	13.4352108973895	13.1007085456395	12.6772191732676	7.18318730038101	12.1948651749575	11.8183245046309	12.7148233540157	12.1382659391171	12.8296240578649	10.5276803425143
M216.099T90.08	13.0739732268769	13.7177682150787	13.7316871381569	10.3641380676032	12.8994214186064	12.7432903257485	9.27581915689284	6.97517894940703	8.76162233117519	12.5217052256724	13.6432703734819	13.1148566933101	13.2561453707018	13.8336601338755	13.2802680861789	13.3523155947691	12.7767089825042	12.0133522441163	12.7836504710999	12.7354764277444	12.7017570436774	12.6012927906355	12.6828704116048	11.7299251676967	12.0704520995483	12.9420803061123	13.4327630677744	12.9751580074259	14.1452735171909	12.6125711640753	13.3493872299398	14.4094945656895	12.9646799644746	12.5844945226438	13.3713065302429	13.2496727549572	12.3119412283043	13.7365430384569	12.2714832705763	14.1133678930987	13.6524399277716	12.5624094523187
M216.103T529.2	12.9677913128609	13.2509983876644	13.0634690751683	12.7843287305721	13.4037537652189	13.2614902974232	12.6754086974074	12.919982553015	13.2727697940663	12.3985560180277	13.3852154836778	13.2032935877371	13.1458970925427	13.2084709479357	13.0162473241693	13.2215016169453	13.1747291732677	13.7535061950401	12.8202239188679	12.7273185009417	12.3339859904207	12.9718396132174	12.1150120336985	12.666371425595	12.8836180883724	12.8295101266929	12.9496232056979	11.9438922327206	12.960954267796	12.7364832080596	13.1783115087023	12.8634363411383	13.0831342884502	12.6888338720091	12.7203015959387	13.8859712527398	12.8651375559432	13.3304849102352	13.7436513218315	13.4214554370386	13.7282668957914	13.8473038321959
M216.1243T333.77	12.0830840007127	12.8833148508029	12.9011013403882	13.0799087050167	12.7334985874885	12.4369560907312	12.9799665892563	12.8191474823075	12.8641612864805	12.2870468163619	13.1645989596114	13.4761034342061	12.7627401378212	11.6762521511826	13.1261141427521	12.6756726198056	12.7018192568617	11.3879245182101	12.5617411548891	12.7555420363209	13.2163752540379	12.8641876903815	13.114091940653	12.4507726313282	12.7957039911092	12.5035741984633	13.1410097128723	13.3640374469839	12.6602256605306	12.5968176612621	13.0465479756683	13.6328675376275	6.97103731945238	13.0658987659338	13.021502010152	12.4212235459126	13.2830232209193	12.2778199070424	12.5278330857189	13.2432656352914	12.5854655681254	13.4738196094394
M217.004T82.41	12.326412035096	12.7068948697409	12.4849101743346	12.3494242178629	12.5921128123928	12.7622678486879	12.3530737020949	11.7279068348427	12.2206771260321	12.207936470852	12.4456559446846	12.0730976725839	12.3439823764579	12.5242943377685	12.3629904709386	12.7281437789162	12.4501963283696	11.4814865606531	11.7834244912329	11.7144090404969	12.9026213982478	12.9778694393841	11.8117213501141	11.9274802092738	12.3028047526629	12.5451869111425	12.2182237791665	12.2491511433558	13.1516931606713	12.0171570957461	12.1186036096489	12.7820121685968	12.9559986315357	13.0344513107777	13.2561887127598	12.1859566435524	12.6972710983646	12.9428284417586	12.19691326292	12.4513080739563	12.0879130126667	12.3333031347197
M217.0577T85.6	12.7906311126439	12.150917065873	12.6142663143269	12.5216380951397	11.8182128671022	0	12.5508574214529	11.7696138716714	13.0649050302683	11.6429398884518	12.0120584219215	0	11.3875382505512	12.6466290513778	13.2190449823745	13.3553808778931	11.5783077078734	0	11.4212740497645	11.5273231092267	7.54263036867154	11.7162944749021	11.6522486446096	8.62576217580392	12.3567910443261	12.0713918681055	12.5991080692752	12.984792589513	12.0300013340493	13.1191562932021	14.0384522986738	12.4290561484375	12.2392353691922	12.7097016815362	13.271718954581	9.86785122177318	11.513480977521	12.1249554218059	11.701297904293	12.3340124624302	10.841096188937	9.4619910223903
M217.069T53.24_1	15.5177231458899	15.5316340255497	15.7121587442221	16.5740753277372	15.0131053147733	15.467559672991	16.9117010540991	14.9723082758266	15.0162177413775	15.4691378555369	15.4541139708877	15.6706359744871	15.2945186028333	14.8274886321707	15.066659049648	15.3892891099042	15.7295024251192	15.8454539799473	15.4321009991197	15.4590681107497	15.8825257475753	16.1222764206848	15.2394524554585	16.0267939906781	15.6221958533544	15.9035617237199	15.111807060731	15.2732034550672	15.6000607266671	15.3989873616172	15.4528289161419	15.5428858019359	15.4425415983471	15.7798251839796	15.5748196899244	16.109572310036	15.6771778373374	15.4550766475638	16.5570468283049	15.3368213278711	16.0544502006058	16.1184416799248
M217.0828T58.8	16.7763347674561	15.5229135675798	15.2761010667373	15.5074880631744	15.7803195019657	15.7756448506264	15.32442720686	17.5470919654436	15.3328340703101	16.8305908571032	15.2472433366555	15.8448149889098	15.8304200157893	15.152440620074	15.1115838256966	14.825073857995	15.0681388327031	14.4653430800328	16.7558262326244	17.3406339882351	17.4549065448963	16.5957915035177	17.5916417307385	15.2431690650519	14.9541058665178	16.610804347513	16.3023215508604	17.3690321246955	16.2166263951356	14.7128114801647	15.5996707341581	15.2736198399249	15.3615454912392	15.7976440552995	15.4524746002376	15.5486598325607	15.8515083003025	15.9875103719519	15.3332710922777	15.4923090656266	15.6195481330429	16.1179878845566
M217.1057T136.47	16.512849612981	16.80840143381	17.5704243513328	16.7614455006711	16.348662993725	16.3541152382967	16.3998759456577	16.4810946598006	16.6482915577118	17.0557562820963	16.6821838399737	16.9720933459914	16.8194386196447	16.3665509518514	16.5466017864265	16.3993457876177	16.901936215637	16.3008234930472	16.1468925237978	16.3464301149602	16.6528149075859	16.9539682811316	17.1493511572627	17.0238400620144	16.7202281752837	16.8613517982821	16.4839910700492	16.3753297777158	16.6579136341194	17.3197324227449	16.7531277075723	16.7794508529575	16.947669717501	16.5972917143803	16.8698331980994	16.7944579608961	17.2996331870492	16.6484519132741	16.9187376988953	16.5280626327605	16.3532731885449	16.6581764108184
M217.1192T80.87	15.411795148593	16.5858107149897	16.0645230304906	16.4056874417702	15.8428338316686	15.8792428201929	16.1931786812367	15.851510984572	15.8575864485428	15.137269271117	15.2269770642104	11.7889507723379	15.3439003671039	16.2462137117849	15.5823013691925	15.7422732858265	15.6225380408375	14.2447222854385	15.9251237417891	15.8486971645865	16.1210110619997	15.822170241038	15.91050346844	15.2412411979993	15.2251146282211	16.0391343964604	15.670791784082	15.8725395108874	16.3651618204359	14.9904235075368	15.6753607697711	16.4559007457962	15.8840209063426	16.384023112729	16.0385482875651	14.402400224305	14.8325365207917	15.9562521028129	15.4124845672388	16.0642414832968	15.3010788211565	15.4964106820223
M217.1305T52.75_2	12.8564420733467	13.7164556122616	14.2347694341039	13.0806868556924	12.5551080089264	12.9211787993868	12.8827953962235	13.0990599792633	12.8412706454675	12.7392072899564	13.2365489869358	12.3693651298677	11.7367232347811	12.5162748840404	12.9305151846734	12.4497047215493	12.9236640685379	12.7519557553565	12.4492561101854	12.4773281547484	12.1262036594511	13.0766019288084	13.3031602102834	12.3493373270222	12.6781221246965	13.1338079952354	13.2175294965968	12.4455973201482	13.8090921713164	13.2432033899865	12.7422820135879	14.0800438563877	13.1437242157973	13.3209250372734	12.8994925578233	12.838444229253	11.9798865169228	13.2150486916133	13.1467866429228	12.6644951242872	13.1825167643321	12.7246488811348
M217.1558T92.23	11.668767899996	13.1626518380292	12.9852952648974	12.7853444773249	12.4580068928875	11.7766511529893	12.4056406001239	12.0787813810223	11.8412946368388	12.4871642595899	12.8225279159925	12.4179401020669	12.3664757628852	11.8843870002833	12.5666834671175	13.3293580842773	12.7810186795306	13.618127216359	14.0311701764504	13.6106042277515	12.6260405487562	12.9278516122916	13.3745530000486	12.5034329157068	13.7154044468841	14.388874074429	13.8707845701222	12.3190936145629	13.4814875071392	11.0058872912648	11.6370730268021	13.3983343626542	12.1374974999158	13.0468392930624	11.8678169620431	12.7621119467545	11.6119874485799	12.2168923355477	13.1302349112841	12.2170648204222	12.772531901895	12.3125479213411
M217.1917T51.41	13.7478299285942	0	0	0	13.5888099838565	13.0630947658215	0	13.9461453495707	14.2275405417793	14.1010537108029	9.36210847640629	0	14.0003323703068	12.5502274660859	13.8318442104655	12.7951045658695	14.0884794981643	14.0964332647897	13.7182991488035	14.6040904364535	10.3364673303511	9.6171420198494	10.6017411609461	9.15442226848179	10.0518328832743	9.35954728920327	14.1256083028126	13.3816900558768	9.16862786280353	14.3087515793536	14.4087321873984	11.9437843622979	9.50785511276358	10.8052828533947	10.7205022917645	13.9168987795913	13.1944193216183	9.61400924427634	8.83921582758655	13.5009018438958	11.3597129634374	13.384084339132
M217.1922T346.36	15.814324078871	14.7963615515764	15.6166544180551	15.45406579173	14.8786948577289	14.5373040276759	14.6460948691412	15.3059241514581	16.2881855289938	14.9228871319771	14.3861296901317	15.5121151404843	14.2678994092061	15.472899417229	16.1104088766325	14.5060191117562	15.4578085201169	14.5791680793156	16.2326574744952	15.2651521662598	15.445121214063	14.9965179643005	15.4285027154691	14.0722493149555	16.5849950549557	16.4153821802236	15.0018386259944	16.3014029723552	14.8379124466302	14.6842735377955	15.4839056645123	15.1747537363864	14.5047181917008	14.8855643977113	15.3120954538686	15.2596386272398	14.7898632300821	15.8476311704114	16.14678628869	14.6691550414658	15.3452377550934	17.2108363893488
M217.927T46.14_1	15.531952718838	15.6572711477718	15.5801827128917	15.7072019653643	15.7881325615393	15.7364793462084	15.3746463373316	15.6118792413734	15.5958579344643	15.7746324215231	15.5042292607002	15.7459760951392	15.6825651996218	15.377842205449	15.6103334473795	15.5257219217142	15.6657304426882	15.7942914144165	15.7034801414616	15.6441093904374	15.7318585561634	15.6261371333841	15.6439633575659	15.7494132175549	15.773795392001	15.8094891681336	15.5159448921173	15.5690486073705	15.8049988324403	15.0897325492982	15.5153429575676	15.7264456663619	15.6446009701481	15.8098325774725	15.6903381054855	15.8023274198858	15.4748805227365	15.8105248832426	15.7830968337749	15.615078071166	15.7413178015398	15.708365929253
M218.0715T286.35	13.1154379908598	11.9251356551385	11.256131542908	10.8897376746459	11.9139655320595	12.1605240256591	10.9490800737265	11.8966313364136	12.7765726361292	12.6104864218042	11.0345154728743	11.0399985386583	13.0682948174585	12.6778777295419	12.1372659446093	12.8961408668503	12.044041545378	11.5808644446198	11.2961506292851	12.9170057267555	11.9018228625476	8.89486135492058	10.5408349207578	10.2927748089973	10.5001769465622	10.4103667751467	12.5166002337913	12.1006546740171	10.9213617142011	11.6931847632068	12.6098874295051	10.052115490924	11.2945365796909	10.3054070629371	11.3507488758981	12.2862865312991	11.9503060264748	11.927745639855	12.656280791428	12.8333849347024	11.559223884941	13.1744414702369
M218.1034T93.58	11.6716103538167	12.7505526751617	11.8219670799785	12.9016705036559	12.8215340267243	11.955245034928	11.9926684193438	11.5936141567245	12.6895621803948	13.4832889116989	12.051033620503	12.8360273761413	12.0848938235207	11.8333607831289	11.3877445367803	12.5634863793681	12.4362112406395	11.6927474399945	13.5316493671863	11.7028186281038	12.21294578075	13.288155833208	12.0949283869408	11.9616008795419	11.8080045986734	12.553046758123	12.3042276232718	11.8477933816156	13.2865624746481	12.0797578241709	12.7574337084946	13.1749924949342	12.5856522549488	13.9238837544392	12.6213979459497	11.9798338904742	13.1124000275457	12.2364610804612	11.7852162278925	12.5801554683549	11.5578344254111	11.980555160946
M218.109T136.56	12.6924962262634	12.7116588306236	13.291766011596	12.9614631613232	11.8950114028022	12.3039254474692	12.1621425732983	12.550494344277	12.7807340021532	13.1759998989109	12.6677433959197	13.1245983276812	13.3077645664379	12.3046764621563	12.802414476399	12.3319223404515	12.7248233239825	12.0528823596617	12.0418396101179	12.1543977840039	13.2069409457541	13.1193250672061	12.4243039899071	12.8900314563567	12.5869366123879	12.9265613044125	12.8001312852545	12.6859016760306	12.4773830378456	13.259899472137	12.8753865891213	13.1494818113527	13.0419314827511	12.6113387461479	12.5502372523521	12.4650977646801	12.7053009537896	13.1344174934858	13.3456050904511	13.0293592850047	11.9510776420651	12.5477224919185
M218.1143T64.78	16.7068709918859	17.2685376827117	17.1665291837745	16.9229993204513	16.6417930568802	16.4919957835419	16.5179645389305	17.1434266523777	17.2128158893187	16.9033720223327	16.7598317878025	16.3021595445883	16.9932126020439	16.6391586199429	16.5224102977054	16.6061218508237	17.0146023947494	17.2915130104145	16.7515700442011	16.6388565192639	16.0585705696779	16.7426878540615	16.1587172893308	16.2016727060044	16.0679522652524	16.5358118044619	17.0095755982939	16.5839974844272	17.1736427279559	16.8413291363636	17.057152632373	17.2607286098581	16.4528568670197	16.8977290307425	16.8982899902385	17.1235119033309	16.8775106918952	16.9001309670812	17.6660873529027	16.9153694404333	16.9987137277438	17.441117929254
M218.1226T98.69	11.4346304688953	12.3626919008625	12.2583049233552	11.9182878032261	11.6757100278533	11.7848324405629	11.0698455910962	11.5027548462497	12.0819770496006	11.6422358249609	9.81524235711168	8.48702009390778	12.0344548921545	10.6919526410193	10.7616626346171	12.5830001406905	12.5012343182707	11.4301111896167	11.7607807541207	11.5701276484765	11.4104238239659	12.1737398126168	11.8642148983231	10.2046498680456	9.72004469934554	11.0696623661622	12.2324040713385	11.6854288963354	12.518881398368	11.2914536451667	12.4845694995982	12.2765766118212	11.097018634762	12.0049334241765	12.4247367747245	11.1512430334471	11.667673369079	12.227443396822	10.6179653258669	12.5008091177072	10.3876233573973	10.7172955922145
M218.921T1195.07	12.9615005014821	12.8681634121602	12.2237887936506	12.9316983075806	12.608881203873	13.072078810842	11.8148478983856	13.3451940548313	12.7986531340419	12.7160831544124	13.1515791606828	12.9938718723612	13.230192097899	11.8806675939493	12.1355281010658	11.1095255224064	12.6840255302752	12.543687122898	12.6153844039215	12.6894036766664	12.8495931270225	12.4075900723318	12.3477850710525	12.2807366252281	12.6382980610004	14.2005401153403	13.0894550028023	13.3373076631597	13.4275107895207	11.6571829213376	12.4218997006283	12.9050460154746	12.6236041965131	13.0667080883927	12.4754559733284	13.0785845427956	12.6208798906979	13.352686194363	12.1763648223954	13.3327320314354	13.2048744107955	13.0369756073297
M219.0724T50.7_2	12.6962282060911	13.2486568209949	12.6782326974257	12.7355468898593	13.2931786564965	13.1011982579651	12.9242273596271	13.2373876737543	13.138117702371	12.6667091919263	12.2775338596135	11.9469880886411	12.8466497610007	12.3876089515046	12.54341305801	12.5822425842705	12.5185947165858	12.8737104864754	12.7071655984658	12.9085431794132	12.5658380217148	12.5972626372334	12.7355014199426	12.5975190558051	11.8822076881381	12.9989241254776	11.4776516652561	13.369132168534	12.8519161945095	12.3189128233009	12.8027968534142	13.2189658078844	12.2627750597457	12.8062841435597	13.0901582497412	12.4966638513457	12.0598425746461	13.383897151165	12.3792577481669	13.7506135293355	11.9088985223502	13.1864062589309
M219.1178T64.33	12.6966377621429	13.1112889826099	12.9389708078256	13.1873425783491	12.6953667297087	12.3728213696859	12.3019831518555	12.7836806588765	13.0529496805763	12.8797976211923	9.24046889339878	10.5630418898959	12.944881776049	12.0461130157447	12.1259356576382	11.7897963035895	13.0388377016189	13.0516465370025	12.5554365242081	12.3170103592869	11.4733314583971	12.1925650875687	11.5906504825016	12.3289450551742	11.195992609404	12.3927744169976	12.7728122615544	12.1898712380789	12.9491601801537	12.7070977494758	12.968394091161	13.1365543392153	12.2357141983051	13.1064492958067	12.0587966612338	12.7919360579349	12.8736035959907	12.4106231912873	13.5534622223049	12.2776232095603	13.0370678097957	13.2434320462308
M219.1238T364.34	12.5313652575237	14.3189477210209	14.6492205913654	14.037088619065	10.5173906105669	13.8387881891253	13.6022865627741	13.2813032825734	13.7468903570425	12.8031984926905	13.7815376054748	10.9077813564931	13.3134086507184	11.942245953546	13.1211907971541	12.9922528069095	14.2275270959786	14.1094520147111	13.9977109165481	13.1766649064726	14.2802718591338	14.7502604337372	13.2308866165084	13.5630136999647	12.0504093906894	13.0639421726591	14.7805099080434	13.0808948321793	14.1540433455364	13.1213639987412	14.1853534751357	14.5026016042723	14.1988661697937	14.4237672851067	14.6113507409544	14.5812975642323	12.0195270179492	13.91689800321	14.8529282509325	14.8684767872713	14.1545707471532	12.0754967374278
M219.1239T255.59	11.9781344994378	13.2033416950413	13.3230475241262	13.4479725206289	11.8887435508132	11.9977066988268	12.3597858620384	12.8611597625454	13.6574745229537	11.8996632807138	12.4775389123704	11.9867664782099	12.8580567020269	11.3014672608944	11.9120124291205	11.7700447884973	12.3067285388939	12.0294903832263	11.56997711972	12.2657663111156	12.2947719093518	12.2693877170446	12.036627810776	12.0415093561647	12.0476189373558	12.1177417389644	13.2848752909828	12.0330346070415	13.2525785707579	12.0418590245337	12.3427171976807	12.5447402725299	12.8543934330112	12.6492791933926	11.9624077014723	12.5323337359679	11.8536704426021	12.2080969357262	12.7986764653192	11.6172957370743	12.4303712934361	12.283329290061
M219.1347T51.41_3	15.1195951409617	15.5305208632603	14.8465891377122	15.1049994592233	15.5743602709457	15.6988785337026	14.7601582193879	14.7297505751466	15.5912692787861	15.3545404359093	14.6258702033551	13.8265558912312	15.3672709793723	15.2907598765858	15.1818740122482	15.8866070345311	15.570635580415	14.4942650822221	15.1397678446238	14.9103449928193	15.4018478631238	15.4168579699616	15.3520128397118	14.9236977487937	14.7864893049341	15.3389542358439	15.3629537421146	15.546058447384	15.5609043345409	14.9038093166049	16.0507967643404	15.145856966061	15.3070801865338	15.4251187072259	15.5187492579072	14.5820868237107	15.7201276947991	14.9070323774392	14.9125840724074	15.6610121606269	14.6753474533424	14.6915909359043
M219.1351T128.16	11.5685348559002	11.8397113476582	11.9685319955995	12.1762334286215	11.3561965996964	10.8292239251646	11.9172185127453	11.2201268862333	11.793541406528	11.5551880370032	11.2969236049318	11.0668481303949	11.6166086514247	10.9318740986945	11.6996514392538	12.1956137877924	11.210156610073	11.5543584984002	11.8762804308564	12.0453730293815	11.4366907622965	11.8657159631443	11.9563162320499	11.3980649521029	11.9976274242947	12.1420816841564	10.0805395722097	11.8444053804696	12.2111552970525	11.23932125577	12.0143711160616	11.8599410508872	11.7358383098432	11.9393167922184	12.0070839170648	9.7822211980206	11.8571262559495	11.2925281374807	11.3468969271235	11.4594629236849	10.5278349591694	12.2251979687687
M219.1711T50.8_4	15.7963223907285	14.5952581987835	14.6295720122501	14.7365978231482	15.823916314752	14.9540424716768	14.3266067128215	16.2224974797568	16.9382365556801	16.6160040497746	13.7247650648836	14.002978204977	16.2356848168127	15.6425182561115	15.821737216576	15.4685170245231	16.2632180736859	15.551720012135	16.2829282108326	16.8182168361702	14.5609345416056	13.8701057712382	14.6042364132503	13.3394567768179	14.6746218928613	14.8201512254064	16.4833337470816	15.9150309163179	14.5351480823956	16.0252411608336	16.364227630041	14.924699233493	13.999743886981	14.891203298228	14.1152138816877	15.7289824875676	15.226319746843	13.8672296732046	13.2733878898943	16.0683042908138	13.6308329961164	15.6861679704969
M220.0095T53.91	15.4663618226663	15.948018923821	16.1680043529662	15.8026534502717	15.7664926747536	15.7847240373405	15.4225427908439	15.7692133835296	15.741155507339	16.0540234900806	15.2404754566879	15.5787734530312	15.6299882497546	15.6081353450964	15.3383333711556	15.8211867783255	16.1049017727788	15.9701226132803	15.8756840696613	16.0316606676331	15.7099393437866	15.7242495694958	15.4340637265774	15.8980171891011	15.8983885269229	15.9242643139055	15.8093325583612	15.3268991481554	15.7462839560389	14.713647968605	15.7282699438754	16.0331852081802	15.5068585214098	15.6867360147867	15.4546184812434	16.1994321037206	15.6967242175602	15.6028383589945	16.0641760975961	16.0068533878376	15.6601290005856	15.5692418775782
M220.0649T381.45	0	13.7573043735679	13.5998041315256	15.0938681552195	0	0	15.1739206619064	0	0	0	15.4003287806918	14.1569247967533	0	0	0	0	0	0	0	0	12.6724667902856	13.3176639158661	14.5120276530845	13.4018091222147	13.8743642125135	14.532659021006	0	0	14.8651442493985	0	0	15.5551517794804	13.7966782457702	15.2023200468411	13.7573409418403	0	0	12.8430095846737	14.932397335308	0	14.5087616662641	0
M220.0649T86.95	10.303067343824	12.4381106523048	12.1142462024034	12.3479314996066	11.4466183153134	12.2915422879026	12.5694456978038	10.7859632341744	11.4119778900337	9.06272833261713	12.3385777900783	11.8124305780752	8.88266575222815	9.02350197328796	10.5786023027836	10.2895269814179	11.1854711959486	8.18467370662925	7.65834928444516	10.4296625759785	11.9725319836461	11.5857307345517	11.9179493991883	12.0274108809774	12.6912874253486	12.451277962522	10.8235663796654	10.8648585884684	12.1966127471345	9.69384062297043	12.0969077114114	12.6115105120616	12.4454583329687	12.9916581075871	12.7643796678781	10.8946586343232	11.9515841808442	12.2910067831342	12.4379809983864	11.8682023182124	12.4019443455911	11.1753795794662
M220.0676T48.34_2	16.2993726890666	16.4688914099699	16.3683424813192	16.3939154525566	16.4900445636249	16.160531430959	16.0910901709904	16.6830346829541	16.8076792872205	16.8082088788715	16.4336955122244	16.2336611831712	16.2538385568023	16.6055963909701	16.2600936358938	16.6390782751477	16.4693923485155	16.7807890762855	16.4684929650365	16.3961958467604	15.8150890219648	15.7051581921413	16.1508902351004	16.0523804298038	15.8442294421628	16.1686492782294	16.436582402873	16.1365378675046	16.6878161555412	16.1096693223136	16.7217855650464	16.3970987292448	16.1834193039389	16.5144583401009	16.1041489777681	16.6957507226856	15.9378800034571	16.403119325222	17.029887417632	16.7260269855883	16.718024180408	16.5992440826531
M220.0824T63.19_2	12.5156513207277	13.2948274000254	12.3152914595301	12.8531099775924	12.9499722953765	13.4256605430917	12.6707413053875	11.9001665993625	13.2426807015995	10.764100651667	12.822139787866	13.3787767555934	13.7524906273406	12.6314691059957	12.3453996872187	14.4573656893108	13.1310790152494	12.4852975149727	12.8683863374277	12.8277446059954	13.4364519014762	13.0122037679981	13.5739853384902	13.1001617070468	13.459809804979	13.9894858318446	13.0272646802791	12.8342793967915	13.3162045824408	12.7798517397758	14.4590057037643	13.5066623100703	13.5098637122449	13.3349893490624	13.85779712683	12.2357925084606	14.1724455692275	12.4942758223057	12.6952855037578	13.7583557938557	12.7514965772482	12.3671541267373
M220.098T367.75	13.4778078203955	13.2398213844832	13.5193656925026	13.0931260656761	12.9748641707817	13.0370298991715	13.230315917047	13.6397948881484	13.9056079315458	13.7524043762055	13.7575025774911	12.7546332959314	13.4645456351919	13.4517570004599	13.3114579778047	13.4513955092411	13.0785855636126	13.1380470874802	12.3070718399147	13.3049918292734	13.1511519739712	13.0563193298672	13.1520368612454	13.383746730636	13.8915567265206	13.6741137146236	13.5435458587853	13.8571704923046	13.3185174850057	12.4787533296186	13.7299896364992	13.0077524361417	13.1709648982936	12.9462261195807	13.3048438949292	13.2317252644094	14.041052721205	13.5040395082179	13.8042933268663	13.360333705802	13.4676180790341	13.1620151252307
M220.1092T126.52	11.6469956791006	12.0489454517857	11.6475417459419	11.7893043831313	12.1201159242224	12.3233374496661	11.4598205935025	11.7136731128152	12.4897658372142	11.7335107411829	11.8463116941773	11.9401078493599	13.4853208882147	11.5751216873766	11.8662445767812	12.4291407643234	12.7224156301265	12.2916673640756	11.7732203516329	12.0390613389935	12.0761286989344	12.9317101446694	12.0191837232676	11.7319849584224	11.6989402645128	12.2557682683841	12.1462650154093	12.0605796703113	13.9665390771461	11.9111076403717	12.7034260787751	12.4113568213955	12.0433850806935	12.415330113407	11.9906455434091	12.4403734473349	12.4767101246805	11.5385881672875	12.4941716352723	12.3239448738763	12.0609644070237	13.2788201141444
M220.1299T62.15	14.6052739127323	13.7508016593106	13.8773575182342	14.2361322387601	14.0915817889606	13.595595273779	14.2165675337771	14.0567628808724	14.0053912702499	14.4749001166363	14.0899390603235	13.4768671157056	13.7999583726337	14.2891724514228	14.1810108720287	13.9183172025634	13.9835968178695	13.8041756971911	14.0517236439362	13.6736365739644	14.1992739187606	13.9568180171093	14.0872542509178	14.070654444891	13.8727289061515	13.9482511070448	13.7663163173155	14.3127862849696	13.7767049658685	13.7806905792669	13.8474797789391	14.5454405654723	13.8361367550971	13.848154845708	13.7951236393389	14.1880400301077	14.2583326888324	13.7317326713811	14.0970618727242	13.6526751007702	13.8162809808877	13.8453682041867
M220.1316T420.73	13.7406070445274	12.4739355759933	12.0821577563453	13.1051846635765	10.3875041715683	12.6591834608651	12.7720990505609	13.1995443193962	12.9670369392751	12.7527908209734	12.7823910437604	0	11.4967764415877	12.9929651335166	13.0268238485453	12.3210021649831	9.3725569270142	0	11.2644572536261	12.572090105077	12.758391185066	13.2287372273652	13.5654624598161	12.0323499156404	14.2252831387819	14.3417383696309	12.8403795866268	13.4869402298057	12.970041910243	12.312915585625	12.9740245789912	13.2703999138288	12.8101947425023	12.8173776278856	12.4299415936754	12.6474770160534	13.6844586405149	13.842452195325	13.0201760539421	12.6075634181462	12.214966870734	13.2681900765827
M220.1378T381.61	16.4085075866418	13.4349805296033	14.1986669053911	15.0275278782715	16.6379743589563	16.3422348107377	16.4841119471849	15.4377260105883	13.2047494368449	13.8340138742723	15.6125819431643	15.6479809547507	14.9282767464239	15.1596751049612	16.6782319392028	16.0791475340887	14.7064325009677	14.1901471363941	15.4145236382178	16.2920420275875	15.4355986989991	14.2718817120947	15.5084836114713	14.3807200541371	16.0651933056655	16.032478531846	14.6286628043507	16.1825657166505	14.0367642541254	15.505707935143	15.6652918706752	15.7979996338042	15.9737266310186	15.2713057945183	14.8980039019856	15.8903615107683	16.6692293979883	14.7088536535893	14.4798043613005	15.6970352160591	15.369706801647	16.5381978305686
M220.2591T522.91	13.1848091360348	13.10610189962	12.8796199934337	13.2866492344023	12.7027806649177	13.3210188304674	12.8854810021924	14.467539203315	13.0028091468109	14.4205380151429	14.0793265102548	13.3619043090034	12.6734419732554	12.6459955800607	12.5894964000783	13.1820314340269	12.8751939321275	13.1342776574627	12.608122139289	13.2111807543999	12.4698592750829	12.4044386083115	12.5667849300798	13.3107418158919	13.0519101582318	12.4205206722471	13.7121162388542	13.1004674344744	13.2240518955823	14.3181640791467	12.9009782444778	13.1465609846993	13.2459367823692	12.6614366461135	12.5343370074025	14.2802199996393	12.7477113705119	13.4002429674084	13.213064813464	13.1572639213179	13.3934020016909	13.1624603135441
M220.2592T697.7	15.7174004743849	15.708481409913	15.3577059529474	15.4250594355904	15.2534465008853	15.6790723550394	15.5789389729789	15.6814992923945	15.526036516919	15.8748956078704	15.3708746881492	15.6593994815232	16.0374459739826	15.5075054692052	14.4276683193463	15.3489835867567	15.9306643598679	14.9001171532762	15.5480341479836	15.9146105311168	15.7204348942968	15.5875476757487	16.1131756680997	15.0748909982554	15.3491714631606	16.3388776468464	15.6268946743804	16.2633144268979	15.8729284244666	14.7035227816945	14.755211779552	15.6331448516286	15.5226378747618	15.6454011444011	15.4103213747171	15.3472673057159	15.0597226638883	16.0444493322859	15.4058710270137	15.6995386112832	15.7249784403255	15.3962310996843
M220.2593T800.7	15.0841878086401	14.4767933464987	13.916110716779	14.8126535040533	13.9532485074228	14.3852673093616	13.4648070823388	14.6829147938869	14.560753683358	14.0636553825694	14.6765667226989	14.1325559679396	14.5167368843086	13.6774054506192	14.3965291731295	14.5709100912509	14.6489939312516	14.5972086276953	14.5880999356616	14.5984559469519	14.2310613260993	14.9574388225143	15.3420854195885	13.6595333863448	14.2146832800683	14.2860968316407	14.6121807108867	14.1208711415189	14.5292596795212	14.6422521568388	13.6507219715587	14.683266688783	14.6811505814542	14.5144142856318	14.194946670954	14.7697164935566	14.9032556507857	14.4592332934004	14.4328190215629	14.7933226393308	14.1238237402469	14.3989774941614
M220.2594T662.05	15.6656681730281	16.1857485604629	14.8328114644674	15.0618021595228	15.3693393210761	15.4612635166637	15.6895262135159	15.9954058480198	16.0255670167189	15.1391076143913	16.1951044329952	15.3385251324908	15.4878018083614	14.719763840479	14.9525500963748	15.6883848165774	15.0581087966166	15.8769546456347	15.774043160178	16.2806092475299	15.8444992543871	15.3687035180719	16.135483372663	15.3376000485866	15.4233813838588	16.8672555097798	16.0155686432922	16.2005851283602	16.2022744834069	14.6535108889001	15.3480599393893	15.5203217834402	14.6182985137348	15.7030966544021	15.2902238468882	15.7240509563879	14.5844772830186	16.078779164702	15.5877322801623	15.9782246154922	15.2496235654196	15.6004574728114
M220.5792T339.08_1	15.6385596385312	15.8855242812254	15.3172658145096	15.630456588834	16.109902726822	15.8490771081569	14.6532943364051	15.354967685453	16.2041699619314	15.7644630243303	15.4408150685419	13.7471632426639	15.5895740372334	14.9270483530258	14.8104552943463	14.5616709643535	15.1967285611743	16.2011798355304	15.1632912002763	14.3259980954968	15.030530010853	15.5503832423125	14.501863450083	15.0158465452604	14.8151910196928	16.0402323889682	15.7759979424034	15.523766951662	15.9700101094634	14.6101531291402	15.8483380897453	15.6820908336377	15.6312782784674	16.0021508961759	16.1298469662318	15.2461110729773	15.4701170583691	15.4215808212355	15.3227557153826	15.3273502501897	15.1708410952115	15.1258693623454
M220.8478T162.77_6	13.3195645009975	13.0160282860376	12.6019566492364	13.2242080236881	12.7739151298229	13.0072886624065	11.4968894535037	12.8236921436213	12.9124712088621	13.2718618868667	13.2927955513283	12.6025820840877	13.1509583303815	12.6316608720012	13.6384961720504	12.0869925020265	13.2301390581671	12.9482667270847	13.0905417770729	12.9192401120062	13.1112955155431	13.3884430663878	12.1032064886143	12.9309975797238	12.8509199217378	12.5810966187486	11.8169530362448	13.1891694002531	12.9947232557077	13.7590899702501	12.7141730168983	13.3478866326464	12.8523955443231	12.8130737028123	12.6806072656204	12.7005072250559	13.4097297344392	12.6027877581931	13.0438655211049	12.0198850678952	12.9651131928712	12.2956770204379
M221.0809T339.07_2	13.350575354184	13.4095834114605	12.8191958605115	13.0322144675322	13.4784842222357	13.3997414382934	11.9117932471986	12.9187881794004	13.5501986690133	13.1122550344538	12.9312803650417	11.3748853032654	13.1444724721044	12.347522709271	12.2464409897957	12.0619828153852	12.6335296373689	13.6297334615039	12.5692721166909	11.7207275074234	12.2628410373515	12.8956460550392	12.1315004493157	12.3920841053756	12.4575503971929	13.5413151446334	13.2692529090291	13.0907575738373	13.5217746049359	12.059372610769	13.4602575740509	13.1376291099826	8.07615179591817	13.5967593549904	13.7945659998816	12.8571656222501	12.947585475889	12.8753268557592	12.6766992951977	13.0432005217267	12.5210866352455	12.5621568969089
M221.0924T71.28	17.9503070194218	16.1348418245653	15.4594570274034	15.4359351353705	15.5394961399483	16.531108268585	15.3737151196066	18.706291465248	16.3089237793614	17.9637348880431	15.5878913084643	16.0509615653977	16.8523596402906	15.6860665496132	15.692844294434	15.6962893320248	15.345545144768	14.9915338743142	17.7108058766657	19.0072830313635	18.2132929467245	16.702522562053	18.2439690250189	15.3342923742148	15.7951212568911	17.9242043142316	17.2431080387311	18.7651421974416	16.7910669723235	15.0962526701215	16.0764268198866	15.7018187800291	15.5837117181988	15.5806755870225	14.9634977323751	16.1237610669945	15.320886658763	16.8220470030373	16.3479220788061	15.9747164374033	15.7054629360631	16.5646037661991
M221.0932T128.64	17.6835804040551	15.6801009604684	15.5285553216096	15.3396965435438	15.7602189579462	15.9233969051717	15.6943183990406	18.3011611074781	16.3195014551076	17.7851510472787	15.3951295328135	15.6530212623825	16.1784837694115	15.5931035383841	15.9117925900341	15.986083787588	15.5224500469542	14.4897501460852	17.4503586865388	18.5029569449332	17.7666373005481	16.5737283897416	18.0296710691242	14.9774117716276	15.436371500946	17.4440225895904	16.964291294581	18.3235513304661	16.1830500792815	15.1310923302343	16.0879422296832	15.1411124248459	15.3735963945843	15.1484575941684	15.0336206030714	15.5223639218374	16.3119115243283	16.0904957659246	15.750909479264	15.998605046756	15.5044608449202	16.4582276808733
M222.0069T53.73	13.7919458926259	14.0491290831698	14.3693328523157	14.1695859879138	13.9407671711904	13.970362257466	13.6495502253113	13.7018322003785	14.2281654570613	14.6265916947124	13.3719622331925	13.8228373633851	13.7548464796084	13.9781682947573	13.2218158642008	13.9741526342621	14.169231224882	13.9149003773089	14.2786911525312	13.9296434111526	13.7062579074608	13.8618188637948	13.2337556724106	13.7850605997476	13.8710077929937	13.9245686564555	13.9558616700736	13.6095619109516	14.0291476309524	12.6973657831637	13.8882904986469	14.2496258784734	13.7645987906447	13.6306622702718	13.6496010199553	14.3327782471359	14.0648595144326	13.9265539931156	14.2372168052406	14.2707507146981	13.8105809909819	13.6805170917201
M222.0797T77.3	16.5242907263595	11.4962876589242	14.1247163952957	14.3593751263991	16.1169967734577	15.6203991099809	16.331422091858	15.5468990522732	15.2396198790327	14.9600513289069	15.551923457957	16.0872788037507	15.5920519132889	16.3025021574674	16.1582730530628	15.7196946696013	12.9879757433547	10.9145668426622	14.1956554623869	15.4779701228834	14.492935341402	12.8509254616956	15.0702823015579	15.6714163506821	15.1056000990929	15.4036846178116	12.8112434485122	16.5059316199567	13.1718218479878	14.6589717402598	15.2281679230008	14.929585693232	14.837642767837	15.8353002828053	15.1133927357803	13.8005846875734	16.2997995066538	13.802177965291	15.8008373564373	15.1572941535671	16.0275255860277	15.7794041127086
M222.0806T131.19	12.845975978642	15.7431480139735	15.0356105669744	14.969255471428	13.17934579016	12.9969618191612	14.9225681946317	12.7523563310238	12.8599943995162	12.8449774058118	15.4857229746109	15.1846843381365	13.0172140674885	12.5192190581461	12.726672976735	13.0752080810231	13.2283764914469	12.748877732771	13.1205176337653	12.809730449083	15.6473328435614	16.0283961674892	14.8832610807678	14.6483071218131	15.2102364289178	14.8824011449871	12.7178945109313	13.0797315214529	15.4438228315511	12.5051583269061	12.778971883259	15.5262892616683	15.3458479162631	15.7373321424812	15.2570374473651	13.1775038819572	13.5823525266771	14.4852118827957	15.8141887459166	13.512380383411	15.3727885120683	13.1221884861416
M222.0807T278.79	13.059249646299	14.1075001590113	13.4972417413039	13.342472014953	13.3653670000424	13.6442757842171	12.4518087991719	12.5214228992829	14.501431870321	13.610420684295	13.0470028700939	11.4805435426029	13.489268215931	13.0574211622059	12.897623130137	13.517449189161	13.6589124047356	12.1754847818566	12.5110984482244	12.1905131359489	12.4859507130569	13.1988301125099	12.8006613121826	12.6233286347349	12.2446967062158	12.6603618976137	13.6731961544924	13.4446742671343	13.6368327823927	12.6915573599885	14.3540097246445	13.4349512554576	13.2264596562269	13.8214792746253	13.8519710564997	12.6815920772941	13.6782553601861	12.7554332965162	13.0218080212602	13.9048076883092	13.3663948766302	12.7328540945035
M222.0923T555.55	14.6348117349204	14.6925530726007	13.9379258335645	13.917842605496	14.4500146829768	14.7254473627717	13.1719331172603	14.1624187112233	14.5368176688516	14.6552215422317	14.635533486496	14.5842105217762	14.722103307236	13.333346962321	13.0041666010938	12.9931165732538	14.2490262227556	14.3364872485006	14.5835934606763	14.1282963325121	13.8042507092116	14.5244021331678	13.8093728650306	13.9523241998732	13.6344941459155	13.8740673495733	14.9252431721653	14.0379762424715	14.6501766586219	14.0434215926436	13.5717113002621	14.6756711606641	14.4300484204692	14.6685132799843	13.4834616428085	14.8180561655613	14.2359231500183	14.8158412713315	14.2251524733082	14.1533542272419	14.9720798022363	14.6366528210045
M222.1229T143.04	13.427828900461	12.9794716174764	12.9037810205746	12.8632429316759	13.4955879830019	13.3232228713383	12.827324747147	13.5926436031236	13.8486547998676	13.687994769282	13.1608354777249	12.0184621988506	13.7518757961264	13.7709530859106	13.4200175019871	13.6438031681073	13.1778373683128	0	13.1704373303906	13.5444481140948	12.1169833386398	11.9136461675083	12.6920606321374	12.8608088073796	12.4822108981203	12.7098140988079	13.2448300020526	13.0607926779722	12.7650704434205	12.8635351699092	13.6191538866738	12.7876461565225	12.7271642280589	13.1623744278441	12.9365591864979	12.2395658178522	12.9424747271193	12.441666993654	13.350604096739	13.6412742313615	13.1152300374519	13.5154594470955
M222.1339T72.37	17.0754850071092	17.0605158485123	18.185138402349	18.7553316806242	15.5180906496914	15.7156919286196	17.5599722846698	16.6344220460346	17.207406267669	16.6993406442677	15.7784444890825	15.7009333780113	15.5234756910692	16.6248273805588	18.1009789702086	18.3008010222655	16.0132822979606	15.8632066014837	16.2183337220187	16.9383443431504	16.5967610738172	17.7186914734712	17.9064010741309	16.2944261877962	17.4134666577808	16.5797447037785	17.8042676303308	18.2305563412275	17.9555401658624	18.1943682537309	18.6013100222687	18.0837215789395	17.9121355599853	17.4737716120536	18.1334635432885	15.8718675508961	17.6011881311196	17.7516831293265	16.179546651407	16.9662842550465	12.6911745549898	16.8591713640743
M222.9703T24.7	14.9447835279788	15.5271333674045	15.0218601367203	15.6880359741783	15.1583197145689	14.5628690320875	14.7326393148966	15.2711231304693	14.8763500099269	15.7471337092242	11.2510037281492	14.9948653557338	14.360965747534	14.7846348610186	14.9925468082639	14.6674120873161	14.6333549358111	14.9094575054396	9.54836210584321	15.4967956846636	14.8854525330204	14.8607338702125	14.8153930565886	14.9367284166447	14.987364110345	14.8606160517508	15.1173216201681	15.0388123855393	15.4987828515923	14.9605231435405	14.8939667725921	14.9477042927045	15.3331260091284	15.5777353389334	14.8633233999343	14.8942671025814	14.5087504872144	15.0321067088175	15.0414530335075	14.8703623864246	14.8008427531402	15.3194565339096
M223.0211T67.96	13.4876502326676	14.4739728360207	14.3078926738284	13.9058890105527	14.0524973865542	13.3518145495722	13.2947831459721	14.6049504962442	14.7723773852844	15.3872852275782	13.4763750107512	12.1643842748621	15.2851216178185	14.6149477750396	14.1700699779338	14.6123197248113	14.334286108408	12.3832327936648	14.0342965321623	14.1503597499223	13.3663685011758	13.5328810950518	13.6708738588235	14.2562829183053	13.9156103804749	13.8699486958632	14.7296301556106	14.2020641362074	14.6693683450166	13.0840610387429	13.8251357489109	13.9908572974503	14.1419725325292	14.3081246023308	14.3378502667322	13.2577537493615	13.8732887117358	13.7879993150923	12.8359139646873	13.8201461421706	13.0269241484312	11.8428017742694
M223.0724T106.25	10.6043780234563	10.3411028369545	11.2573381048296	10.6876941513719	10.3229577314854	10.1513553622457	11.5080633918143	10.5998781466764	11.1222453143457	10.5505995777521	8.26950962574401	9.90093624662031	10.5216649773347	10.8373713797471	10.3760758630632	11.2287141979511	10.3865355577329	10.8572338137686	9.93663626469545	10.8724730561601	11.399182767984	10.101937036898	11.5486591410817	10.8973714904561	10.8681250172437	11.6199471962739	10.2848950552105	10.8161817354011	10.9967550507679	9.91855254777433	10.1374597796055	11.4417371439254	10.709368629118	10.5748285547564	11.1824964662502	10.219192358839	10.1078812483849	11.4780810929752	10.3140805588427	11.0137822295519	10.0293977943006	10.3431627411104
M223.1088T213.18	10.1098578582939	11.2467990199828	11.6441653473162	11.3180361438524	10.9180162429501	10.8671184483779	11.9520076446683	10.7327846913102	10.8013132584978	11.3120345127724	10.8187986115641	11.4829397708206	11.2656015374278	11.0697585946019	12.156238448511	11.3758865391028	11.8494495358242	10.5444023301415	11.1558961620986	11.2189586555075	11.2745758033103	11.8897121189063	12.4497171180908	11.1446048349127	12.0792884351457	14.916597067913	10.2793324888262	10.2440007893153	11.7414840679664	9.15852840916645	10.985695156186	10.8974426675157	10.8480357860408	11.0881890839486	11.1265423035995	11.4868334470244	8.96322994982152	10.5232814372385	11.6533419091942	10.9985391133498	11.2845704461638	12.1005796194714
M223.1702T509.53	13.4880953268806	13.1592772817511	12.9967749376392	13.2538007529302	13.9070076507934	13.3902835772597	14.7039066570633	13.176638962559	12.3701887044228	13.2398932393117	14.2041775771515	15.6748461360222	12.6264441810349	13.7292190632021	13.7572789670444	13.9353496558168	13.2373078427485	13.6384818948371	13.2580830898604	14.1274809353724	12.9254834127848	13.82931179171	14.0243474021913	12.8339649488255	13.3491930638895	13.9167936671187	13.6003870069627	13.1581129059088	13.4202312583435	12.8239000405296	13.9180428130585	13.3667049455338	14.3753444262352	12.9825862245243	13.283425534845	14.4198392177781	13.4235051466097	14.6446085409118	14.6054109728989	13.8104894528876	14.3798696731545	14.4556561261181
M224.0565T363.64	12.2053402042258	13.1447117416594	12.7812566345553	11.5322221775772	11.4053095916937	10.1350865425469	9.68834929775023	11.8819909120611	13.7818041888355	13.0625717387547	11.6445483390937	8.67266098834592	13.1252611611959	12.3842308400771	11.8472279470437	12.7276522132524	13.1161505415327	0	0	10.7842619981785	12.2302429858657	12.7323478334824	11.4543542037482	9.80839699619412	10.1730052110545	9.52728181109873	13.254502592849	12.4844441160042	12.0645070901059	11.6577082722012	12.7344354867053	12.1775379308589	0	12.5262031101944	12.1950008814567	12.2669291411417	11.9662400919631	11.9578378303461	11.6340305190166	12.4914730689437	11.4659720375562	10.015170124499
M224.0718T400.56	14.0825482901004	14.0205894412629	13.3020875481905	13.3849174278096	14.1229898513452	14.1633068490702	13.3992732761821	14.2848789353227	14.1112358675162	14.0173998290531	14.1324442370977	14.1554320632654	14.5065081061118	12.912469250591	12.3547282503073	13.1410368634985	13.6391652763585	14.0052907179754	14.0996356469295	14.0183633620874	13.5458091737436	14.0856748086389	14.5155957152307	13.2715565810494	13.5139194672439	14.4888954365216	13.9647349745143	14.770347954546	13.9727406031541	12.7830331548855	12.51351983702	13.8362265816144	14.2748480994828	14.2637882008602	13.4347469673306	14.4762913207499	13.3576203730419	14.3136844569342	13.9507149592544	13.8482066027441	14.3352352975203	14.2496228266238
M224.1058T397.58	11.9627273667876	10.7614381708222	10.2338492655944	12.0368416486726	11.0596707965097	10.8721894597982	11.2873435071662	11.3522578216079	11.6564782659981	9.34287635026213	10.9108559991713	8.48198455255006	7.64750987787449	11.371959879236	11.7384645498949	11.1239944475224	10.3781383029521	9.55342632298579	10.4112575791265	11.902815263276	11.1058718428645	11.6782119715323	12.0074503285018	10.1928751676291	12.3006150636982	12.2399537638245	11.0311198624078	11.4736902540831	11.0777778821313	9.51175762018099	11.238438766685	11.4495633197999	11.2887620660832	11.4798283520394	11.0672126979972	11.1382846895303	11.6644499243513	11.691198815322	11.3106103363149	10.8345519009326	10.9484270228123	11.8361441955553
M224.129T509.97	14.6227468339752	15.2582574927453	15.2011789261125	14.8299528509594	15.7372532621652	14.8900845957084	15.4860080441529	13.824366040761	15.0320260645337	14.2067540294548	15.5883710232879	15.4310723732109	14.5826269887208	14.539126168703	15.3563498791017	14.9929445285714	15.9114272811471	15.627565261082	14.4430984177416	14.4644209723522	15.0443719899089	14.3829910285287	15.1678231477241	15.0398360851862	15.7159997204973	15.524671034716	14.8504770213755	14.2477986552228	16.3959219931094	14.8224566498453	14.884275753194	15.1205558898215	15.8098632956571	14.8194322715052	15.2841362984498	15.4964007669774	14.9596217301972	14.979676682241	15.1840047069272	15.6861122083662	15.7079126015053	15.8996278200152
M224.2018T762.05	15.5087511394159	15.922580408269	14.8325871107474	15.0794944546613	15.2887169322133	15.8454939059008	14.7409853230508	15.858880882305	15.5522622252778	14.8981761593483	15.5624486131728	15.5090610471382	13.3766675455051	14.9946839403845	13.3066745545426	14.8494064115261	15.1873936487429	15.3471750878783	16.1524832557785	16.2894509421632	16.3370941676947	16.517590286178	16.5545485847546	14.0236219395793	13.359469051314	16.2636581473847	16.3794051648765	16.1651225806361	16.3071830765001	13.5965319275835	15.2246922507181	15.4351611715702	16.1091603619422	16.1465716810083	15.1958874069107	15.9704368808869	14.4339989343425	15.8116682268669	15.4583091924884	15.6366238081272	15.9100525702507	16.1540110096003
M225.0877T202.46	14.1655990816366	11.1140737320228	14.7626449889638	15.246422376901	8.82325913349547	13.1170427858353	16.1762640595033	13.2968755428276	14.1765772619272	14.2554947219399	12.3023571860049	14.4508892210999	11.8555885627307	13.3426162323242	12.4532755189132	13.2680369068714	0	0	12.1479519293694	10.998477170443	0	0	8.65606138840558	13.7461823159214	14.1953190740074	8.84428483641673	13.6334693753512	13.9280165308831	13.0353109726758	13.3885629052496	15.2673550637933	13.7588998495419	13.2564835826513	13.1729116720255	13.470061912448	8.9601622252691	12.7227506381291	14.4728856416195	13.9931197809112	11.6634835723492	0	12.3966841892804
M225.0878T66.3	12.9428814704179	15.6515872119774	14.658333550208	13.9623388611142	14.2588370848656	14.8605914441483	13.678621601861	13.2034235498292	14.9260861296572	13.2482915883823	14.0493795549337	12.6851576268655	14.4750635716244	13.8413623130299	14.7721652243401	14.7642037985842	15.0733136519416	13.8903795737265	12.8648453906826	14.4512330723544	15.5305569380081	12.9022988327835	14.3211844917954	14.4551247043574	13.4104051280474	10.0822688096062	13.8373176961477	12.4466686191967	14.1329250771359	13.9808953553572	15.2124879442599	14.2539850304481	14.5622831425946	15.041031715712	15.5307313577252	14.1506021805552	15.2307715508555	13.5209577157921	14.6353039068243	15.2603334058108	14.7539379525746	14.0131404149677
M225.1494T634.48	13.0973563816099	12.2424059714419	12.1508809689254	12.644549827776	13.2384703405107	13.5560762712282	12.6092916854692	12.4592988225607	11.7390086360183	11.8381185525987	13.5573261371579	13.5756564217445	12.576339092506	12.7735321231796	12.732223597795	12.8238469605021	11.5450238062221	13.0485017383118	12.706777871681	13.0540632766316	12.0011416896271	12.498856043172	13.1990847632527	12.250831087279	13.1309144520791	13.4478673828948	13.2451650662858	13.1781056442618	12.6154664162195	12.1506276803859	12.8328921532133	12.8002216151853	12.8806065787419	12.9603886487428	12.4084866068162	14.2948329039617	12.5514996128799	12.8764511400483	12.9434645992102	13.2335411821416	13.4275026326432	14.2248724786609
M225.9295T661.7	14.080640819795	14.4965454533043	15.4315661020444	14.5666755740264	14.2269785495973	14.8892750626606	14.4592734383045	14.9049141823383	14.0305431978242	15.0572734587306	14.7632796850475	14.9212341256241	14.8883625661456	14.6474262277955	14.3863607091637	15.1588809420273	14.3677463461283	15.3624244313847	14.9327951878768	15.3493859917958	14.8287775064597	15.539368525684	15.6390909651467	14.7223323652704	14.9820888067306	15.8368441567401	15.7633766624138	15.7820805807063	14.9567473898458	14.0685531571314	14.3751612287132	14.5845028452467	13.7668689601486	14.9752576082068	14.9300433709221	15.1710929354942	14.4744877888382	14.2435075915227	14.6694931639924	15.0876529873193	14.9097234855549	15.4191458534329
M226.02T89.09	11.1937770020862	13.1958777760917	12.6465585590137	12.8794472289128	12.5950523386391	12.276411226004	12.3294066722612	11.0110831994369	10.8663002898839	10.9123289813418	12.6464643942358	12.0657441046095	12.0613174659415	10.7012821458429	12.2674656431368	12.0175988480809	12.1469744314296	11.5947572609952	12.6712748083619	12.8731802550233	12.4093710155111	12.7789576653717	11.2577039877641	12.5895979130172	13.0226331444033	12.6695301844207	11.9991529311114	11.7502173489296	13.0196098007699	11.2585778559742	12.259597586575	13.2802750338684	13.0338543431987	13.1065617591282	12.9295697931846	11.9179985033057	12.4062387639135	12.9727390791137	12.5370241378713	12.2721234507954	12.2535281968244	12.0552557167624
M226.0565T63.08	14.0036867651975	14.1795162193956	14.2758848556211	14.6425994909257	14.4764664681091	14.6533761572845	13.9199777580942	13.6271221826422	14.2903289075865	13.8578407190901	14.1027538677335	14.0833874598695	13.8321118120753	13.6266546371005	14.1062762249593	14.3928870887688	14.4197661352098	14.1851615378523	14.1669140595187	14.2169735979952	14.1731231801625	14.2840715350022	14.126387731644	13.4578408907978	14.2801598638944	14.2694198593546	13.8533081799945	14.2686554189913	14.3929563237551	14.3834081885946	14.583260512211	14.5352066617109	14.1568862251367	14.826788983388	14.4238746332862	14.4481414105881	14.7548635399272	14.1597983534835	14.4306388381532	15.0732607726031	14.6798423089124	14.4842809301413
M226.0722T336.19	12.7299424428045	11.844560578437	12.485975449287	12.989819140012	11.7669676118926	12.5469454532397	13.4567697775891	12.9594823498802	12.8162672562472	12.4430108112196	12.0064589247684	12.4930897793459	11.6082353890262	12.351534405378	12.1822442233481	12.3945921627946	8.55656757313107	7.3007608097249	11.6429298689322	11.9977268695958	11.388333718401	11.6585887726011	12.2608748021108	12.0730350366857	12.4861243437683	12.4815822369657	12.4515540564541	12.8792004067633	12.2130551024014	11.9431825913637	13.6064570317665	12.0046199577164	12.228826710178	12.0771032547992	12.8402342039677	11.6841915994573	12.529132665994	13.074948086507	12.5006515014702	12.2367643902353	10.8947848826752	12.333747252701
M226.0722T252.24	12.830154527701	14.6365338367233	12.8341111444264	12.1582492762977	11.0020729547137	9.53511813980275	9.99733834441966	13.5940488408908	13.9202320468051	14.7872035243129	12.0297369307839	7.03041571956692	12.9424041322038	13.2951238846761	12.1226211308227	13.1172924876332	11.3518674979953	11.1223279059183	10.7866322784049	10.6839159151404	10.2678109714239	11.4701673582583	10.8414351639431	11.6024750897029	11.1671628295432	9.98996274051767	12.2896262435917	11.0221463134443	12.5854874216791	11.0593069794123	11.367575827588	12.0395122334302	10.4403733734497	12.0632008398149	11.4395496912992	11.3844140326607	10.7297883746715	11.5980783510544	11.256547711381	9.80678479348543	8.29161277585924	8.82065182419304
M226.1059T56.22	14.0324249138402	13.5548423851746	12.8044810137862	13.50083099515	14.570691851163	14.1065677569251	13.8639958313446	14.2254143692208	14.4206264526057	13.9924687454474	13.5257842254003	14.6750968255689	13.9820213815496	13.7760228224176	14.0737571350673	14.2152723060384	13.9292118457287	14.4853632220335	14.2942709183757	14.096353960795	13.5103755171047	13.4984925851161	13.629665630071	14.1693662452565	14.0810909403759	14.000523365381	14.2293900464529	14.1930403367823	13.8051172421868	13.7152569230383	14.4463823114119	12.751510560665	12.234320271579	13.2322277904947	13.756688031706	14.4644210286797	14.3708286054334	11.5288698410463	13.7906399906633	14.2273704083774	13.636104281835	15.0402662825217
M226.1143T333.57	12.2359712413876	13.2034851511628	12.6795824868405	11.8102064197449	12.2553063689855	12.2738930663124	11.520403120258	12.8264886068872	12.9596937776287	13.0215972698132	12.5465426010624	9.85349876732439	12.6879398798698	12.6952474171485	12.407126715377	12.8602496747923	12.5444902081307	12.240097079325	11.6292798685778	12.3681220983883	12.0890354759749	10.7194016493865	12.018588851827	11.4528717491236	12.0104473831102	11.5295106666348	13.0987640077828	12.6221365184393	12.3501387116473	12.1424774644603	13.0586735043115	12.7451450958928	12.053270543437	12.3353876248185	12.3214110649259	12.7440676876312	12.5539208242823	11.7035169636925	11.9198719771503	12.7522590008321	11.6421984107815	12.6541491861407
M226.2174T679.83	16.2082564520136	16.222542428154	15.708339034668	15.1742819936486	15.2064673965179	15.5493232702299	14.8894893078914	16.247289096603	15.488801813728	11.5278888360937	15.7450402390027	15.5155244633575	14.8577497705528	15.1320989876563	14.4727909824215	15.1906470679435	14.9756708295496	15.3582881139409	16.7173389470413	16.1748445635309	17.0474456668229	17.0652835408164	17.1251718428026	14.1010693281236	15.3103990148376	16.2662303872058	16.2090539786274	16.958765895574	16.5100423564535	14.5208313934945	15.3208860095103	15.562689209595	15.908919351515	15.8266488421236	15.3422402856131	15.7149150324059	14.6857301007085	16.215224862078	15.882268643116	15.8635033996445	15.698588199615	15.6759539042138
M226.6198T759.28	13.3683666670787	15.2829396728753	14.1974908297971	13.1108226847918	13.7863161542969	14.7332216280694	12.9813842361914	14.4257072511969	14.4577470836107	14.2371542800697	13.5530066122122	13.5949560703107	13.806469367131	12.1221717975359	8.86020165199111	12.8137047542152	15.2088560507853	13.6698752558555	14.7835140591163	13.9550594742578	14.046556817321	15.9497999496785	14.5064455581409	9.70172831781488	10.3105327233995	13.5387106228017	15.4135071006145	14.8471335075474	14.5950817859146	13.112144996678	14.639354804292	14.5588218748853	14.1086960582427	15.1107224460311	15.0275958495827	13.7089755941847	14.1196727689277	15.1071780448969	12.8435933176499	15.3719146216863	14.3733888032328	11.2573246942133
M226.9528T1029.72	18.7231978449601	19.4201729586791	19.3168665101011	0	19.173349155274	0	18.7941692052879	18.4118115713064	19.6821356056793	18.5979752507392	18.896978639389	18.8043209433869	18.5535812397998	18.8698715259792	18.7524602089561	18.811187732596	19.7401287356854	0	0	17.7891656606552	18.8336007912248	19.131447794219	18.5984277420835	19.2556472487354	17.9097917104299	18.9183182368634	18.4559780855594	18.7783683509382	19.3726551328183	19.9886945080075	19.0433796369235	18.8871397896842	18.9351025595036	19.6143970353868	19.0454341822843	19.3887394604977	19.7965827526515	18.7560971274929	19.0857202716521	18.3247453178591	19.5936676274144	18.8469819149431
M227.0646T50.74	12.2966450908798	13.6099803596296	13.3716280542648	13.5309617548856	12.2214075147864	10.9088848764297	10.4872455120692	12.4102552347517	13.0238729669595	12.8195245968969	10.6369727243875	12.3662098013719	13.2582882875928	12.0744777576294	12.4706200514008	12.8178677350616	12.7956529923956	12.3918845747774	12.525361821893	12.7384387701212	12.8570632794322	13.1845013952137	13.2124898058653	13.1417113502159	13.0504841327275	12.4991453078333	12.8114176784181	12.467064477778	13.9049533664882	12.9724070746141	12.7237839843153	13.0084109780005	12.7844715815429	12.4682507033269	13.1795103806834	12.7851154140312	12.4967042776641	12.6505368542939	13.670787976579	12.5069200285435	12.4953445248831	13.1680028589875
M227.0795T230.21	17.820378680302	17.7806584690927	17.6328920496145	17.6613911194643	17.9038090406966	17.6581316364818	17.4270491479372	17.5535197433445	17.8858466943792	18.0515067484249	17.5787914078697	17.6585290797858	17.3844605594593	17.7817970973357	18.0325917464363	17.9419306573443	17.9309459279905	17.7078805626847	17.7420116637196	17.9728569128364	17.1148546574488	17.6672513831555	17.76174406573	17.7869813650915	17.9389094620824	17.8790643208012	17.5549854979608	17.8214753479951	17.789849148181	17.1986227494025	17.911240908414	17.9532772552325	17.758222846096	17.7670169987609	17.7233697445097	18.1264167462675	17.7628401064683	17.8178866588161	17.982606762757	17.8329551134163	17.8785355608067	18.0362883348415
M227.1291T336.99	13.4287354958127	14.1347010489937	12.8863478264534	13.5945005429102	13.1632510887114	13.5369098294575	12.9430826453915	13.504408471669	14.0340709285526	14.1243291069768	13.3269642207729	11.9367588796207	13.7237327694429	13.4058286241353	12.7295649356507	13.9412852971115	13.6396207778036	12.6648271541458	13.0553100635654	12.9495519754492	12.512302815334	13.392986493926	12.7494314263792	13.0898601618141	12.6393091302528	13.3192404521903	13.4264742663589	13.3203047203405	13.5934623727643	13.201134219165	13.3030016150717	13.207218167109	13.3251646033056	14.6204964683358	13.8159630575569	13.2467283182237	12.8717335558767	12.8123231486048	13.5373119673782	13.7924263980873	12.3526125433877	12.2527285623787
M227.1401T137.64	11.4341744859844	10.799570472016	10.6022079032125	11.026919364427	10.9193210888209	10.5295629888436	11.218717086885	11.570140054859	10.822703931769	11.0097357953622	0	7.61256688212802	10.554079439624	11.5525329458361	10.5427135949759	11.7109141746676	10.7127242216136	0	0	10.6422887517086	10.6105009281378	10.4199981267478	9.22852939751352	10.8442925542518	10.3507119065044	9.82617577718402	9.58074899236777	11.4032860363489	10.9635576235635	9.93864350303475	11.3710580714375	10.8626119840811	10.6481021324286	10.5944318842206	11.0865966494225	7.10789901677677	10.4165704142609	11.1479536534095	10.5770399023704	11.3856896920747	10.2510388999249	10.7459579264644
M227.2208T679.76	12.7647451430545	12.4324893822689	11.2036855939772	12.4866282075446	12.0354462279994	12.5398340613621	12.0019000115481	12.9912625694115	12.7169599599677	12.08876053115	12.3818262150334	10.828162073831	11.3586183528524	12.1910086147806	10.499273821882	11.7772111873482	11.8282645102608	12.3804220430694	12.6491219976016	12.9055478152657	13.6008432304588	13.5964088284255	13.4550629252934	9.26761136441543	11.7078059279892	13.3583457779283	13.2335441316174	13.2835194701002	12.6798270968404	9.65796420538618	12.1077977053351	12.1930940239381	12.7571995989696	13.5891664543969	12.1603729849444	12.6175417194796	9.16410068299999	13.372215001423	12.552222332066	12.7597284271334	12.8624094451751	12.5224741964049
M227.5838T198.55	14.2022647481205	13.9134716872106	13.4735299190484	13.6297479646673	13.7902137635035	13.7414365986136	13.7352017595405	13.7059605472101	13.7800284958071	13.1183467912393	14.2008695491052	13.7983688243227	13.9918332924086	13.4805884470483	13.5717499868474	13.729093151864	13.8512703706208	14.0217517766231	13.7343217820464	14.20037139903	14.0460853817263	13.7070426546832	13.6402526294765	13.7273716869568	13.8652702965314	13.9922711921461	13.7373676154807	13.1668275584408	13.2643347936998	12.7997638539797	13.5912017609973	13.9829094038706	14.0559689311761	14.0573210109988	14.1737761201197	13.5668596300505	13.9667010149848	13.985545524165	13.9232275337411	13.8271919498541	13.8419418841754	12.9657979366086
M227.5839T75.12	15.5056495504635	15.256375079916	15.7539442379426	15.5365716703391	15.9264256624855	15.5879360004532	15.0815940169075	14.301637333837	15.856969131004	15.9420707615666	14.9908880672176	14.971552108911	15.7291165261927	15.7983972075723	15.6231145703556	15.9760908891678	15.8236632805918	15.5529738249116	16.0011288018147	15.7561900386086	15.5971039466051	15.6918270308974	15.4437932833546	14.6484192157359	15.4258052664808	15.5700781219347	15.8932077608819	15.8861424014674	15.5962054272794	15.2526221089624	15.9950423550427	15.7446268288418	15.7841623365015	15.577080148192	15.5445047804707	15.8329607303271	15.8229280252138	15.3345111800881	15.7378190962472	15.7801019890362	14.9465316676637	15.5379159855672
M227.5845T697.4	16.0592438203635	16.1730271382469	15.6531873320738	15.730429394976	15.7859364543223	16.0285542244542	15.571177938378	16.2656254222574	15.9020400401825	16.3008565301809	15.8954901220924	16.1034537168371	16.3089178471794	15.6735840094791	15.1384316244029	15.3437488247945	15.7076180573914	15.6344092415728	16.7244527614345	16.1300130585082	16.3759508100409	16.2377616310194	16.7909521598105	15.728484674745	15.7439800891431	16.6303311249317	16.101244498104	16.3090249218493	16.4521452681202	14.8753107767721	15.6809567004548	16.0603717375157	15.9735307336543	16.2014497846769	15.4784982355446	15.6785872324253	15.3997542007731	16.1972538838038	16.515447407652	16.0226760868671	16.1407186663367	15.8975731395287
M227.5845T662.15	15.8709137677309	15.5145069423542	15.6670303572794	15.7139729843667	15.5123199116015	16.0425510974103	15.8543612581302	16.000464009866	15.5611727807493	16.0205481773337	15.9368148543532	16.1374101954662	16.124106297839	15.8242994347779	15.0451450338096	15.7449874036613	16.4188165792201	15.7718665620853	16.0414168242818	16.1055149710617	15.7459342827224	16.1376190088391	15.9080866270902	15.4174285127035	15.6542422641676	16.5652086183054	15.9338484621258	15.986778836449	16.0929476899619	14.8464405289511	15.6915890485693	15.6485825494951	15.7296807360087	16.0909242266379	15.3518018927987	15.98974850262	15.7840376607133	16.3804548539135	15.9664352915185	15.9948429690523	16.3030438350691	15.8370717772477
M228.0457T119.3	12.2776131216772	12.7809088996686	12.7464354299403	13.4474669404488	12.586210141307	12.2234022558012	13.3932583698605	11.3350808652764	12.4945518472087	13.0843172386564	12.2826803133194	13.0870401085662	11.6797112337944	12.3187658494286	11.3918703474512	12.6856455197378	10.8438422982177	12.8649187003887	11.9358038425999	12.7282797239676	11.9084185337876	12.6321587404111	13.4013473893104	13.0090456802711	12.9595928209607	12.7089999128811	11.5049782136819	12.4083411019508	13.0966853270011	12.2440493217199	13.2823534694416	13.499240625806	12.4102950533074	12.7485134171811	13.3346411954668	13.0504814979899	12.3791687228748	13.0876997719309	12.5526592728236	12.8292187756242	12.5196047211939	13.4937864797223
M228.0934T136.78_1	11.5334796414452	11.7148462612453	11.5565914288595	11.7809682155497	11.821080401075	11.3101035689215	12.2577478079748	11.6992422182001	12.0469558475122	11.7031598621638	11.7604595418804	11.8432028076667	11.7168001836298	11.778989009366	11.8550680766584	12.124845482789	11.5059499694388	11.7983164579296	12.0783973753279	10.7155605741526	11.425418073408	11.7374363536062	12.3893405594331	10.2688403694765	11.7702834244763	11.6930423272523	11.5736075438398	12.0632466145628	11.7211154335983	11.6392452747966	12.2396322623952	11.8715926168753	11.7950524640813	11.6181151296808	11.54033876853	11.9337662192621	11.7691504589884	11.9722238799093	11.8942348576074	12.0417451718587	11.2317669651995	11.9268457206675
M228.106T49.03	13.9006558901103	14.0351678469904	12.8244270778191	13.5970239558828	14.3919810059834	14.0167655017587	13.8970848072211	13.7082859026472	13.8470037560304	13.9107578771377	14.0685572332677	13.7100989565384	13.8905316741126	13.8569791132281	14.2180196143474	14.0656205077746	13.993282440769	14.2824216993693	14.2894055242296	13.9536606516038	13.9349052884778	14.2087418252268	13.6158481449475	13.7422269175508	13.8433035388756	14.3048093302554	13.3752481503549	14.156304648026	13.3937958272506	13.7472832831793	13.707825359572	14.1540640172014	13.9897802199174	13.8318952581026	13.9312991353069	12.7435059887309	13.8064832444673	14.1363546511622	13.4192536175077	13.6459769942009	14.0570498010748	13.8764075403952
M228.1599T490.03	13.0239386818431	15.3627695833012	14.8007839606604	14.0827255456724	13.2379456651016	11.6757876826063	14.3804560431534	13.2836592528015	13.1895752373964	7.48252968706417	15.2818096998612	15.8702569517023	13.109547309313	13.3204238717902	13.1471809858835	13.4511266089019	13.1917204564216	13.8302639317524	13.2283089052437	13.278503171487	15.5580789646586	16.950270257784	15.1735504788793	14.4496453781627	14.7992012657255	15.3985234360735	13.3096829670437	13.1205030491236	14.5336711987735	12.7729370422695	12.6103739470552	14.8615271803534	15.5123298210257	15.0721818212939	15.5863012432682	14.380311998428	7.00503032063096	15.7880418464362	16.6817789828107	13.7704012384126	16.5795044616191	14.3434931668048
M229.0192T198.66	16.4696822298881	18.3591254869995	16.5175773724621	16.8189319588009	16.6541834655687	16.3812984637985	16.224204018506	17.1253929025849	16.5041021614423	16.5035234737388	16.4946337799323	16.6992643720827	16.4131645706646	16.3244362838876	16.5737894772681	16.3798519720217	16.6288805003801	16.5016397660342	16.8106259559255	16.5092331944173	17.1371780735569	16.632348328842	17.5735321588833	17.5694022548754	16.3565731509542	16.3502088910828	16.9119824041557	16.5651261072285	16.4545277273538	16.9618927045451	17.5176273440912	16.8244260153171	16.5995328610332	16.7130706315698	16.7242148812107	16.4147050106289	17.1273448640098	16.3833078027176	16.3839754250846	16.3705477921597	16.5720665639232	16.6906810359225
M229.0196T29.44	17.0323477054566	16.9862084693909	16.3395563257468	17.0424888674253	17.1261681526496	16.3237285273608	16.6265901185402	16.8750015171406	16.963992505077	16.5309189330739	16.0287217411557	0	16.9254465023022	16.7486689885859	16.2626998095509	15.9225773714497	16.2690046050079	16.3061157737774	17.1324870653858	16.4131596971526	16.8343967085708	16.3338274666947	16.6009268895557	16.9985280829339	16.9745584619389	16.886691564894	16.198059800226	16.303591186653	16.2373230131165	16.9281815764392	16.8808171375468	16.2996187461912	16.1971485632807	11.6770117370485	16.8146034571028	16.2335215224114	16.9931996678167	16.9483873687191	16.5450903724322	16.7024474016532	16.3433185615558	12.3455478428593
M229.0822T72.7	15.6529106687752	14.8124748329106	14.5276671353986	14.8227442124344	15.1184232988593	14.4664370977449	14.8516820256052	15.520284083818	14.8638678743333	14.9740789794637	15.7441790668902	16.1629690204138	14.6773469386396	15.9620062097205	15.226990789476	15.1780452643476	14.4096657184798	15.1409526957035	14.8577947837495	14.9815343324394	14.9211395452217	14.5230713135036	14.8356467002419	15.6102166967763	15.1516749315437	15.2266302810196	14.8026421561224	15.2502198632827	14.4804655053202	15.5099336996728	15.0570238855371	14.8568699916247	11.005918216971	14.3753480083147	14.660646386553	15.9237869176122	15.0588515993745	15.1536415596235	15.6400835202998	14.6694579796598	15.4890523221398	16.2893221183274
M229.0984T373.13	12.3989993157091	12.6360569469655	12.8768459253958	12.5506429707856	12.5133092005812	12.9316306102148	13.0950878685943	12.2750638799726	13.1373029460906	12.1268013590039	12.2117860870206	12.227514036409	12.5851410263616	12.4346631273104	12.0407934829441	13.2383277685494	13.2074556433473	12.2172531637158	12.2061731087079	13.0408331644899	11.3652503781465	12.1276680266601	12.8484901921984	11.9177370615048	12.2509572259532	12.9056220767001	12.5140864738868	12.5817393370037	12.5819349205334	12.2093052684834	12.8683834999979	12.6961835369204	13.0957507492463	12.4129684263654	13.3953921047474	12.7256993379099	12.9479142349313	11.8908338566337	13.6096338822021	13.6056952851981	12.5700467819883	13.05531088338
M229.1018T306.67	12.9857038895948	15.0729854225357	14.8362275340072	13.902779482476	13.1208584361643	11.6509818703671	12.9084648879025	13.4973266524688	14.4084299018543	14.5250639983065	14.4018602637817	13.7115295850848	13.9227049505974	13.9426773734525	13.5468845678158	14.2833331229013	12.9864824249244	11.9799907336412	13.121486201299	11.4231457260528	12.9631139100382	14.3116425724464	12.6178836932738	13.3214837874054	13.3046249855	12.887162126199	14.2605728166316	12.2385034174893	15.0330689022454	13.339117156122	14.0755651898761	14.1949858888646	14.103139101847	14.2864767209564	14.3889793578512	14.2359364293008	13.3013438361935	13.7014597791238	13.7999755816912	13.9195441115647	13.9664094721419	13.9151906887559
M229.1188T69.42	14.4425777775962	16.2704905472014	16.1755451819894	15.6228091898548	12.755540432631	11.9413233315154	13.9050247540471	14.9214090732942	15.5819242726039	15.300334035242	14.1054378033422	14.2392860909481	15.1247039660697	15.0153146995331	14.2007328662462	14.245123312229	15.2033148073705	13.2705643590126	13.5250211000302	14.1688679969178	15.178924306687	15.9858606813373	15.4865376655387	15.3495817309216	14.5278471242837	14.880857828513	15.2183714785054	14.5666423962203	15.7564232365093	14.1862333534722	15.0710984246778	15.5435758078015	14.5886655884551	15.0358004089582	15.458575667817	14.7324885493225	14.3553372742745	14.865182238748	15.1168148606071	13.6108620285917	14.5268554217699	13.0608423950454
M229.1192T51.1	12.7284644462508	13.9775815275391	14.116437089629	13.7518415626634	13.9395869389701	13.7104290549339	13.7670811176791	13.0247151204617	13.5238470974937	13.949097576278	13.7595446913398	14.6632748899196	13.736324170512	13.3957807797648	13.4610699325791	13.6242857849146	13.2367140454635	12.6237297518453	14.1955117592755	13.8605418444573	14.3101709882468	13.7757238010728	13.9891006182371	13.6477256178793	14.2340651228565	13.8649283095884	10.4064941028442	13.3569386310043	13.7826845431153	13.0589273878613	13.2002498472199	13.6257175018884	14.0210424788862	13.5066529595023	13.7625201328624	11.2075854740246	13.3738767168315	13.8772013727098	14.1800276630892	13.2411567099143	14.5740617899003	13.1904702317082
M229.1195T250.52	16.1846844810432	15.1556697499913	14.4927851489931	14.3318737438855	15.8745444995754	15.278712381327	12.1821378486052	16.1816613966183	16.4500181986016	16.0442174233361	14.5061868849063	13.8983191316089	16.6019230345083	15.8371508033816	15.7375630689394	16.9259380292661	16.0434012303158	14.9459547250203	15.5147750826897	16.1631091249963	14.9067233675573	16.373770169586	14.5748467906205	13.1125649041814	14.0165273572864	14.7383830792081	15.4842705902276	16.0575307274366	15.3390473825179	14.6336708000574	15.3326541081009	14.5594212929442	14.8013927780674	15.268624815315	15.2271936480718	15.2652725926701	15.0029264614961	14.0448055196791	13.5850889036219	15.0951756573868	14.4939645149421	15.015412719871
M229.1554T60.75	18.7271355648149	18.5113469134417	19.069963371977	19.1305392397556	19.0626891356667	18.3980729553713	19.1961691208057	18.4201510289854	18.6362881749297	18.688702389641	18.4551481356519	18.7462407536897	18.4563789584594	18.3226056060001	18.5182317318973	18.6034248678848	18.6833027835191	18.0176320424241	18.3963745154586	18.8346650241167	18.1895424916528	18.4714553933582	18.791134296565	18.4691631279535	18.7959320516928	18.6061281719138	18.45080122895	18.7106386794638	18.8578330885519	18.3156652217342	18.9014628660195	18.73121628859	18.668524121829	18.6087002984373	18.7871477391556	18.2244382369879	18.9040041737616	18.6160060622278	18.8214363796239	18.8220025027885	18.6258046824271	19.2858001658242
M229.9423T47.98	15.1464511565167	15.8206205493312	15.7581853451897	15.8852609238511	15.2660754019721	15.1094954592573	15.8266539551873	15.2081698346599	15.4495737795146	15.2183325241643	15.4592814171015	15.614973971794	15.087382954577	14.9398672589507	14.8285205826263	14.7351759903291	14.7945206713813	15.0731636002234	14.9444308039543	15.7019461467886	15.5274125435239	14.6289899607722	15.3055632364555	15.4671118811335	15.661166101844	15.0606674284498	15.2070716924052	15.0890574342011	15.5463066923525	15.4760534529271	15.4167507839713	15.611021790059	15.4445069405494	15.5249695836663	15.2982290784497	15.5060071945077	14.9155658275258	15.3764075933139	15.3798065754703	15.2432268461818	15.2552522206619	15.6814489584158
M230.08T358.09	13.7062537605951	14.0539018087183	14.3558922474784	13.3453764662387	14.1290243524141	14.8427122236236	13.6462102529327	13.93328043344	14.7034871591472	14.3085248118476	13.5595161902011	12.5127640047772	14.4690943824825	13.8613990488579	13.418589854259	14.3001042677783	14.091918135582	14.0463666137713	13.4786257579179	13.9174077092052	13.040405841576	13.6937709313868	12.8506115278229	12.871178581565	12.2639329066498	12.7464964856256	14.2893817194728	14.0908952926163	13.7926979358702	13.3981357047326	14.7367457261283	13.5264933390844	13.0051083620084	13.7125601066065	13.9461374574788	14.0973210714405	14.7510848685454	12.7966425945051	14.1156569970505	14.4069833209859	13.9544924992599	13.2996377275945
M230.1034T106.17	9.9767606922989	13.6001626834877	12.941079486587	13.5643265508396	9.95427692368311	11.1742040374874	13.222975794825	10.6730403036075	9.97248009332139	8.28911350985848	13.7693424227891	13.7341586905381	11.2430492357313	9.71181361702571	10.6559002673614	10.3512863808416	10.3400944008779	0	8.76987934935119	11.0602823840461	13.5274411033044	13.0157389279651	12.8386395914723	12.4428113359966	12.4942247472893	13.5511469923222	9.68746913672904	10.4923309274768	13.5330166741089	9.58248065454841	10.2054192628038	13.9276267775757	13.2145419806071	13.25786941686	13.5293931716078	10.328381905676	11.179825202578	12.7930385022748	13.4811350572986	10.3540398846161	12.8923169218407	10.1112112280943
M230.1035T286.16	12.4207851668077	14.3124020326362	13.6680694185709	13.7180201899697	12.6778985867324	12.7889074352164	13.367480395535	10.8195727817458	11.1729785082115	9.84436334704928	14.9889552457343	14.0655813191584	12.1678212777138	12.2323473122466	12.5990797928967	12.6886418536572	11.9917463238304	8.01242273680652	12.0353654190996	11.8542295236907	13.721162296442	14.9735137938868	13.8935012187326	12.9946898299412	12.9911353389952	14.4803471620089	11.6463118323026	13.4511197663472	13.6256257789998	11.6298848697204	13.1324288243868	14.7511727944333	14.4571249388072	14.6586666794168	14.4765423159281	11.2918510173782	14.243925965243	14.0593458767289	15.2167375424771	13.001481307941	15.5515323019037	10.5806845883054
M230.1143T62.94	13.3278125834542	15.3014517154059	14.1651248218271	14.331499492087	13.1799900997408	13.5003485788157	10.7807612263142	13.8578891843824	14.8564409445804	14.2433999404833	13.7221348867872	12.8011080846993	14.4064195250431	13.5021258689238	13.6665378840779	14.3208862048584	14.3868293375386	12.721877507032	13.9288401096714	13.7582277060604	14.0898563227307	14.6337086994252	13.7032395446066	13.8400634811252	13.4697743453812	14.0144800013512	14.1917245561238	13.3205786681932	14.9626617032319	14.0737044299406	14.3506918660173	14.3179671414496	14.1756688000808	14.3386699942933	14.4420932236764	14.0734926718468	12.9086831729802	14.2994299257627	12.5412955287514	14.228649962933	12.5243492438416	13.5918858245256
M230.1147T126.19	11.2692855527379	13.0939564953404	13.082091909026	0	10.6958676098645	10.5839592558831	0	0	6.5148931078336	11.5960052303347	11.611048056349	11.7951358560051	12.298710274865	12.2104657512095	11.3212524810464	11.8844892108258	12.0732599986896	10.8019474909948	11.0085997709716	10.9865900738541	11.3264873270372	12.2077923042714	11.4783741156692	11.6677129354363	8.68532245044952	9.9448347072486	12.2229164766276	12.0355593423451	12.8460373648582	11.6219557662683	12.2448565089506	13.2772030726647	10.9952731604731	11.1805201075886	12.4618839645538	12.2656181719973	11.4527694702995	11.7953925530264	11.0413321463028	12.8702729975226	12.5251279528488	11.0315045011221
M230.1228T249.96	12.3463913345692	12.4741821939976	12.5112930160735	10.5768399075227	12.1865924665746	11.287476734707	8.51689381138709	12.0826676774873	12.8761054428847	12.8008577764474	11.1974987196345	8.65342034626695	12.6434738413187	12.3634850295885	12.2801491142552	13.4136373287684	12.2956274142897	11.5044572101826	12.0466027687879	12.4919794460733	12.0350804467851	12.2051109732565	10.920299434087	10.6385713566165	10.5975345786474	11.1284224367399	11.9200015612786	12.9573282605723	11.6343540772725	11.0223563183062	12.7397670946961	10.7376231224517	11.029888838397	11.7075917278355	11.4711215612323	11.5314464925632	11.3399148109185	10.4276827733076	10.962129886692	11.7132648033176	10.5691050899016	11.3292645024686
M230.1399T132.8	11.1046079457068	11.7026480061904	11.0288521203628	11.9371923589986	10.3962874218298	10.9302632890155	11.2271345947154	10.5022080425415	11.4646244042901	0	11.3608668053162	11.5096555975077	10.4567387928759	10.2892573347072	11.2278031477521	11.5756050204459	10.0228165429663	11.3628849898529	11.0107660225738	11.062601002368	11.0019082926986	10.9707026553053	11.6052456227177	8.63147989180942	10.9897545298078	11.1857475255821	10.4431402700179	11.2655167702409	11.8159079460232	11.2823786411454	11.4773709504494	11.4126863410839	9.47279799165922	10.7251497967914	10.8652835188121	11.4185592326549	11.4911247820785	10.8453048306887	11.8993840509951	10.9179407661388	11.0738002771416	12.0994218806507
M230.1587T60.72	15.272111083429	14.9670086306532	15.5177836910764	15.544777730629	15.2210748825076	14.8590665453057	15.7578236066131	14.810299098208	15.2275097620114	15.2120092574375	14.8552682379985	15.1827289448425	14.9134698934771	14.8129395292334	15.1369201375508	15.1931941109734	14.8973947344846	14.3660910381863	14.7771999126966	15.4558323993134	14.6803257829593	14.730217651592	15.3910839713893	14.9713706087988	15.4770122628088	14.9985902707754	14.9786403781449	15.2187892146709	15.3181646166623	14.8516929271278	15.5388319806167	15.2297776183493	15.2029317205129	15.1484026148972	15.258425304778	14.7855281748713	15.2757884746861	15.1337357160751	15.3811022239009	15.416147932699	15.1116634164389	15.3373519760424
M230.991T62.82	17.4680267676368	17.7180211917234	18.1206171913578	18.314908204646	17.4108445440587	17.6401878193989	18.0788286162708	17.2586645106697	17.6800793726714	17.2691769985056	17.9768311366245	17.27866259773	17.1135057720184	17.1859568576801	17.5153426590016	17.7971192738785	17.3022321287257	17.0814027691938	17.2552854986207	17.6379938539866	17.5765998377166	17.5201867110891	17.8660532886333	15.9510736211603	18.2134995243316	18.1222218405453	17.4535460860082	17.6171319798648	18.0597576622452	17.2152555180739	18.4307101589766	18.2879754893906	17.6490115687244	17.8288474926859	18.1119251821969	17.6666309363342	17.7747485457516	17.9072864478387	18.0599474300809	17.9956598507452	17.6597040490767	17.9108094622346
M231.036T55.94	17.8205407039215	17.3828716852076	17.5313378020311	17.3743103371242	17.6396829431146	17.5950286948025	17.8174682351433	17.9257062388243	17.8198074077553	17.6137781607825	17.2378074681646	17.9436860069643	17.6283518926527	17.9562006043144	17.5326218186645	17.688119951132	17.762015613938	17.9152875704149	17.6905095546288	17.7848190121809	17.6407741531066	17.3815286931547	17.6466337957838	17.8023469029651	17.8788043800269	17.7875464700543	17.5027542647101	17.7176275527699	17.4242143870124	16.7629290763445	17.6520206703836	17.5135168647279	17.3215552266636	17.3244435589025	17.6656877577193	17.8138264982277	17.3568166770155	17.7462002814401	17.7601219797966	17.9614341031244	17.4891207479654	17.4679030425889
M231.0776T415	12.6405849527991	13.8794696886772	13.4626498480491	13.1960365569687	7.86321705100432	9.84643013959265	13.2567310602234	12.7542051751916	12.7890942414503	0	12.9401491061626	13.0966166313135	11.8861508695123	12.3522580434487	12.7583027749664	13.0997849820106	12.6604938000745	11.8487484116576	11.4448944228394	13.1079513929233	13.0935582790542	12.9000216052845	13.1870141970032	12.6376210574532	12.9126831353537	12.9440712278163	12.5905876508948	7.46234677837088	13.0872129365805	12.4966020362743	12.3749905329786	13.2962192683851	13.3427750964599	14.1274217395061	13.1947935760573	11.6391601492717	11.3940169507482	12.4104561401237	12.3566362200999	12.1337012337852	12.7699405836675	10.1986743262371
M231.0846T64.82	13.9290350335141	14.0159278745391	13.8558467591663	14.6199722189388	13.5987033049442	14.2212510394515	12.9756331706963	13.3868727187097	13.8290033976433	13.756133623828	12.6483820986716	13.2013986997826	13.6455193089577	13.7619476862249	13.21923696598	13.5548523229606	13.4219193997466	13.915307955074	14.0370873987529	13.955741660766	14.092574583472	13.4572661821939	13.5357966685698	13.5509371435017	13.5812803591542	14.5658738349415	14.3351173106159	13.8526725448301	14.1273415533046	12.9781000743671	14.1159125154231	14.6849421101492	13.7770012522908	13.2199370581093	13.9697879113149	13.3104409856484	15.5440365004614	14.1539351226092	14.1038512563268	13.9950661382395	13.3679827805875	13.824636342839
M231.085T142.6	13.0219886642194	13.7129504969424	13.955110782078	12.9795577458353	12.9208961765941	12.2905682955868	12.3646723945794	13.2929303017783	13.7331347599776	13.8361924457729	12.9738732731843	12.8916747940877	13.7758667262199	13.3430528473292	13.1332474002978	13.1479567660559	14.1148716591915	13.0468218398994	12.8712958976438	12.8376711954953	13.2160290407137	13.8902071809089	12.7202363355218	12.9924239933252	12.951191609789	13.5288023538715	13.2751388418134	12.9877035348256	13.7997162196681	13.5363159707883	13.6717335095704	13.3680158078443	13.2235620646394	13.4523989828005	13.2787118815088	13.4376290887498	13.9791339563946	12.8734831020747	13.3486003726547	13.1437497843827	12.7311233287205	13.0683503035238
M231.0986T81.87	16.2277858285679	16.3897348854499	16.6060149237132	16.3298073646898	16.2515036451597	16.2064027934567	16.086168132786	16.2565102927881	16.279256046105	16.2494196796684	15.7253861320921	15.9248487387031	16.2042337831687	16.3655608990851	16.2986917808992	16.1755842629172	16.4170756253353	16.3273550058372	16.4509324346403	16.2081154351034	16.4626986195049	16.1361906898656	16.1880331257596	16.1036261749901	16.0868952373806	16.0798788030664	16.4238922983834	16.2832413034086	16.3875743688702	15.7733964875906	16.4279495852596	16.3174882703805	16.3734686617256	16.4117367759498	16.4297495188541	16.2848259479741	16.1598086297588	16.2750410462212	15.9218679971299	16.4616217728071	15.8858618143824	16.0988099978586
M231.146T49.78	14.6617104836594	16.1267259126086	15.8411270961134	15.5003154252215	14.7354319963527	15.0777126184948	15.5211579663306	15.3989488902086	15.9139558580304	15.8625329041592	15.9326831718975	16.1890646981914	15.163074812517	15.4412311002684	14.579689802818	15.6380988584149	15.6236915110059	16.2341069619448	15.0600553643207	15.0872287291163	15.0587657435347	15.5921831158173	15.7305240860432	15.4692602034452	15.0437069060201	14.6924032212002	15.3413209574186	15.1957833756533	15.7785917544534	14.8819723903801	15.3761623131797	15.4457024009497	14.9789710374737	15.0851054096472	15.3964502605084	16.5286097668154	14.9677773958645	15.0342619443329	16.0110993374217	15.735403390146	15.4316722307072	16.0836391749343
M231.1715T155.51	11.6410336832077	12.4340747089626	12.7319640383824	12.2549111817112	11.3533583955142	10.8761729888203	11.2532894942695	11.9954114846863	11.8282474688732	12.5594155862477	12.7000693585411	11.7456432235351	12.6080579339629	12.4401814683335	12.9406903700805	13.9014104536948	12.0281533551932	13.2601713051305	13.658617586145	13.3820830598165	12.4968548105518	12.6386592247168	13.1614118764322	12.5736027705039	13.7900711579362	14.0265274536405	12.3864185789136	11.7689564930778	13.1025954323096	10.6862302996497	10.6036637845321	12.7862958092799	12.1446592018751	12.6923947713027	11.7123521507936	12.9503663572487	11.6478859850926	10.8956541686437	13.5079560597715	11.7796550642058	12.9556346834362	12.1670278052593
M231.1716T247.56	11.6839334781871	12.4619889407684	12.6683209348186	12.1737937648428	11.8170124460938	11.6647626514373	11.2538432767889	12.0983712883729	12.5819908455836	12.5774353678746	11.875747570928	11.6760929309723	12.1759302209069	11.6594829931651	12.3549033733006	12.6735959445885	12.1494627434441	11.9084683201852	12.3083995553544	12.7687381909212	11.7680948061917	12.2118249864034	11.9619002017406	11.7160791009215	12.2515536842499	12.8988523373951	12.2793602790438	12.0341441013086	12.3454317744278	11.3175293487982	12.4274003661158	11.9175551374047	11.85369101035	11.9278983627361	12.0040477432185	12.3184873610871	12.1441408274034	11.3927367455798	12.2045107398501	12.0263362778656	11.5329211755284	12.2494475137484
M231.9945T63.03	12.2648879313846	13.3125114957552	13.450356174627	13.8340208575693	12.7875779578272	13.0044648143718	13.6068483975215	12.8649415603795	13.3692099332833	12.5109878588598	13.4476309468276	12.7068972634215	11.2474918401996	11.5433099373216	12.9349996697421	13.2052809231708	12.8503563908834	11.6144682464354	9.86185002739391	13.1767997278395	12.7981134863478	12.57799375786	13.3332005925743	12.474808804723	13.7237534677753	13.4997297634636	12.9284015632091	12.6993209131495	13.3091990396454	12.9745884550977	13.6614568649186	13.8329230107564	12.7685534542875	13.2629356334192	12.9368059369981	13.0921565251018	13.6331210081399	12.959217025689	13.4924560894546	13.2039389140703	13.2240165395011	13.694894670301
M232.1019T81.71	12.2012197826433	12.4540757950693	12.8371799341222	12.6995694722314	12.3807377234066	12.3306984749965	12.1861125964916	12.5300463092021	12.5173514767188	12.4960362326889	11.8751508091036	12.3213045080512	12.2841205525729	12.4434079398793	12.302052784947	12.1890694712748	12.6764674801804	12.3880376958139	12.6133491319787	12.334875509277	12.6920505127034	12.4542759602957	12.1839560605782	12.5694505792181	12.3117577698902	12.0849217387182	12.4003149037457	12.3711871864061	12.2457164797837	11.9908785291711	12.3671968049092	12.5162069563755	12.5329630044657	12.4843447146602	12.2615277175419	12.3742698004898	12.4012965442355	12.4549884094669	12.3607049649604	12.3160123077264	12.2101043240131	12.3109519917269
M232.669T75.19	16.476691528939	16.9768428448104	16.8285648910596	16.3996277418318	16.6087981904956	16.7104528101452	16.1464322881207	16.4951815769198	16.7733202418579	16.7984108444073	16.3153600570741	15.9990761798664	16.5507806986155	16.595498532173	16.7521504511426	16.9482257494606	16.8266359348141	16.5532294898582	16.8894539763522	16.5870322915817	16.4590529650076	16.485335762259	16.303167218491	16.2251734364949	16.5167508430898	16.5362538546866	16.8070180268301	16.6892884493018	16.6689459399535	16.2537273392329	16.7987777494663	16.5823617646682	16.6881289877781	16.6391455380343	16.604107079893	16.622178542597	16.7405811093967	16.3265125643571	16.6227865070237	16.6594067326638	16.3756537339839	16.3651864845624
M232.6695T697.28	16.9776336981294	17.0257493335324	16.5414470727196	16.5160117602403	16.5585740846241	16.9535320696426	16.5046800775146	16.9930508055641	16.6888707631613	17.0319531312006	16.6607928961405	16.9697575035333	17.1472494709799	16.4269680449535	15.9594433153623	16.1188004463923	16.3003683541127	16.4059862545287	16.8790280223621	17.2159760073134	17.332379723906	17.044945384899	17.0707847854893	16.5297962816391	16.5175592752747	17.4641653188121	16.9779965642726	17.1027177033621	17.2420228681427	15.9177816969311	16.221591038721	16.8270729611477	16.8012879002652	17.0051909145456	16.4095734281791	16.7125279503064	16.1888109697829	17.1699689491769	16.579199838436	16.7306743493814	16.872197844082	16.8552865812625
M232.909T44.97	15.155845047155	15.5119828112983	15.2821445491717	14.9297400943893	15.3812168969125	15.1860056583165	16.0547502681208	15.4326699494814	15.1713470298142	15.0070850703718	16.1788132483476	16.1082209165943	15.1785498960756	15.6732482638848	15.353116123215	16.0341002318665	14.3102882964441	11.9878117289445	14.2007869066598	15.3971761529848	15.5135915067486	15.4099756459778	16.0893249401883	15.4113921305577	16.4467215920298	16.7191012257865	15.0396752826173	15.0107890875259	15.3960165708769	12.0220238113646	15.7046492922427	15.9627374949147	15.5762690368992	15.4400038228064	15.4334487558669	16.2060157004446	15.0760486275702	15.462125670438	16.3696445796854	15.9630512364101	16.1046211694781	16.2875146868682
M233.0654T343.68	11.1447500423862	11.7302228816826	11.5910834286583	12.1966559514014	11.4840920088959	11.5554002449185	11.8988426421948	12.2714610545403	11.5560324687924	11.8812046774387	12.6698758177217	11.9536430369562	11.5320312094374	11.8540326820497	11.8834120648932	11.7854262205495	11.4890986872499	11.778709788378	11.005765556769	12.1398553119244	12.2597016474914	12.1427955669938	11.5862602835766	12.1903876081589	13.1005598524603	13.5583123900223	11.4694110674034	11.8948100698435	12.4427118817799	10.7559721797407	11.3927536869517	11.8843907316823	12.2599721716991	11.9768041409262	11.1095554283998	12.2632312960236	12.0345814546349	12.235440261523	12.2442166902669	11.8926688433509	11.7852201747458	12.0481314629022
M233.0795T413.63	13.2217340506496	13.0370950665753	12.9345752924044	13.4464263349538	13.1946976253061	13.4492900249452	13.4824796657222	13.3234312877703	13.6361324202702	13.6847531185785	13.2634412845834	12.7644725074495	12.7123039173863	13.2121647856852	13.6437964434493	13.5728232307635	13.3912114705275	13.3454246478267	12.7462828924488	13.1641792201629	13.3984093309748	13.0926098451322	13.4019156096961	13.3680867105842	13.5372410341915	13.1579767288657	12.5855572905855	13.0653823670887	13.6188117436876	12.4760144035153	13.6502991675721	13.9591951744209	13.9408223892606	13.9239430359524	13.6226839493689	13.4882603015886	12.9679236271517	13.4743705696411	13.5061443863044	13.5270673783564	13.0958701577326	13.6825145632284
M233.0933T268.27	11.447783092145	11.2404999730913	11.3316089538183	9.72055233315805	12.0274333269632	12.1279967732639	9.46830073242596	11.1984093519516	12.8104263336673	11.72562591314	7.87758669144645	8.19235643080303	11.9125189476099	11.1222247849769	11.1959098455037	12.4249236418518	12.6791412508838	11.5252300433649	11.2571219916903	11.2252841010418	9.81477487065307	11.077455319925	10.2570852834515	10.1451793111628	10.1457932737599	10.2085641713541	12.0311269034605	11.947426526481	11.4978918143923	11.5575547108373	13.1111367948167	10.5944248548738	10.8737146012016	10.7756283949564	11.6364017527935	11.8413595071077	12.281105438419	10.2321791260845	10.6648621271394	12.653375124112	9.59939163369364	12.0484938430354
M233.1141T63.96	16.035984973062	16.4607683609324	16.0512076925048	16.0739335773622	15.9602042261042	16.3570436754489	15.8598365819888	16.0685674941242	15.6499383181362	15.6531930625732	16.6613637119566	16.3968752365503	16.3858042614282	16.4016249494494	16.7863133095287	16.281483376025	15.7442024132916	14.5408978947547	16.0486756054852	16.0548183931662	16.8350497424815	16.8346871169327	16.2053912397603	16.5862410217998	16.5517464902292	16.6553048025118	15.8457963777216	16.1444793639968	16.239343484567	15.9718845953654	15.8177249854542	16.712748208597	16.4244158498105	16.2052452923927	16.094413550447	16.625643048985	16.6445144467922	15.9197804019366	16.6498040162575	16.3397754094982	16.3986564694393	16.1409565648227
M233.1547T544.76	11.7487735225662	14.3365784605178	13.4358667317082	13.1267062726198	11.8052503500377	11.5691481289147	13.8047459513818	11.7366021702843	10.0140835069861	11.4688281235822	16.2189902968475	18.4521970065485	10.8924569875154	10.9125742671023	11.2571935151985	11.1006842377829	11.0318519023723	7.40937542318547	11.7532036419568	12.239085833573	13.6347799407386	15.9991881734042	14.5218502963702	13.4607662170531	13.2096476852089	14.6639346843635	11.1352769323993	11.5104841075054	13.5065928865894	7.90108477424327	11.3350942166799	13.8111025562501	14.6090489337632	13.8655863560088	13.3014454927374	12.6487229197	11.4510662975023	15.0275899171141	16.6731262737442	11.982723554433	17.0667676153714	12.4473926368683
M234.0617T62.99	13.0625808845546	13.8584320737576	13.9421503194996	13.8043348356216	13.6819116542661	13.2866887358722	13.2669133091174	12.638781561481	14.7464045927959	13.1437052143028	14.2995402444569	12.9785943705596	12.9374072916969	13.4585688450511	12.4322400039188	13.1126603984624	12.8102765668583	13.5771884322254	10.8039957696082	13.2042607689545	12.9507199993338	13.1207303510351	13.8776850789116	13.8812474681297	13.865398002023	14.4749228018047	13.3271194918358	13.0942772246319	14.4596349447803	13.6098739130697	14.5377945300177	13.7633316840122	14.0511225755626	13.9516869364619	14.160629396323	14.0474318211222	13.3466183253748	13.5227430783614	14.0400081261921	14.3395020045735	14.1642957673952	14.5888860993052
M234.0834T49.94	13.2098430368887	14.3448164454608	13.1978468427458	10.3191720318428	13.2899999731634	13.0906223833278	10.695662640149	9.92092343002382	9.21590132925325	13.8961023665267	14.0783852602125	13.9903186316036	13.657514030235	13.8923869767692	13.2238188637336	13.757181765903	13.206170479664	13.3127395920518	13.6027578454415	14.0004890937993	13.9751919251602	13.6414849160593	13.3560684125146	13.7363357524235	13.6814850229011	14.5305239836362	13.140504822479	12.9282665563383	14.251037285527	13.0650018881988	13.0689454406216	13.9596906311154	13.8292005032332	13.5172239980413	13.9635497343482	13.6739403075384	12.8890891045625	13.7706668131	12.9165916014964	13.6740153802545	12.386214190428	13.8207970768968
M234.1253T744.01	11.6818198074181	15.1435250254932	14.3542192553313	13.0988320138846	12.523743880561	12.9667761118629	13.1614645559021	13.4184927105338	13.0176931475477	0	12.9884485131919	11.4869848339141	11.6447082312178	10.7312146557863	0	10.7277835230771	13.8849036294916	13.3402568296183	13.3464063835809	12.9913679719954	13.5232786799046	15.179415576756	14.3417972122872	0	11.3932256590188	13.8253849204881	14.4483086213618	12.6999241990443	14.5675460503867	11.5654208565658	12.3239402381379	14.2483833470452	13.9649126936305	14.882948648371	14.5109993386071	12.895962131227	12.5580494534102	15.2840038851872	12.3427708186086	14.0219271951624	13.1714220854278	11.8831826269406
M234.1341T76.63	16.7135389966495	17.1814032754973	16.6899553503194	16.0166917435271	16.6951227514434	16.3766046500932	16.1065582851517	16.5656635649175	16.3125958725269	16.994428643835	15.2792239691575	15.2606855592795	16.9257356370583	16.727241019699	16.7186326474073	17.3768311199012	17.0427802543738	15.3004726417379	17.3738644643324	17.0602022922198	16.6041879174183	16.747099462499	16.1961434502408	16.3440502993156	16.120073938638	16.6548063010815	16.7248742649923	17.0179446629685	16.3700881408247	16.0461965693611	16.945093183297	16.1471053436084	16.5400102449389	16.2167202882967	16.4409676740501	16.0941035131633	17.3224501699699	15.8837179625886	16.1770195664604	17.0335240524283	15.9557861354635	14.9980559990209
M234.945T286.86	11.0476127693318	11.3564943617033	10.8799177021527	11.5300620028233	11.096839255078	9.62164540040989	11.3086348262278	10.4880256002496	11.1363166525778	11.4247803707749	11.6094757508427	10.8407673762477	10.5494038615367	11.0488629971391	10.2307840918279	10.3516010378502	10.4906228184781	10.644733425699	11.1471140995181	10.7246522168881	9.18291411231836	11.2134507008472	10.1707204360846	11.3013852559163	11.1976266150574	11.6840685972659	10.6890778016538	11.702421367527	10.970517161748	8.99378350658095	11.0271463897168	11.8457523103206	11.4174766840287	11.7410189103822	11.2597691267484	10.0986790703573	11.2370498365377	12.0327880092898	11.682795113569	10.7151129530105	12.05939722295	10.8700794614935
M234.966T251.15	11.9151029540704	13.113990129947	12.9425420830338	12.8812177821254	12.4067027996381	10.3621196552997	11.6724656550622	11.9342196628012	13.5311584788411	13.0074584255307	12.6416318070024	11.9011644207935	12.183278507777	9.91201240679761	12.645517221967	12.5077223563405	13.2089801116811	13.077980524418	13.0505742556536	13.1182838777424	12.4782407724948	13.5248732404955	13.3902056702022	9.67835426930295	13.1159699182004	13.1995092001318	12.6596240630166	12.8707254116764	13.4732948147369	12.2183514253387	13.4172528861819	13.8065639691165	13.163956279908	13.5413149816071	13.2558735761697	12.8365908968193	12.5088006448143	13.3818359873911	12.3608332435137	12.6307731113029	12.430663395961	12.0311590824817
M235.0405T187.4_1	11.7610961813222	13.4300480644062	13.3519814572222	13.664940746004	11.8240901932608	11.5919810328954	13.2597768759476	11.7165749086293	11.3290671458012	8.94534315278711	13.3166802676758	13.3257069584615	10.9955249521227	10.7386074731272	11.3979270157232	11.1693969825236	11.6497704981053	11.7859958049119	11.9941539450234	11.9992762868689	12.9392381436357	12.9472575081599	12.9537920338276	13.1399862734166	13.385343163912	13.4195491063353	11.3765672777698	11.0936596675471	13.5461501543604	11.4888132547126	12.2213377854343	13.9789210185521	13.3299891078773	13.3943017744192	13.3547989765363	11.8233299011938	12.211862374255	13.4293768883003	13.0737085623592	12.0240797862294	13.2462095429383	12.5452078042616
M235.0769T187.44_2	11.5109352323882	13.3686160556055	13.370128009271	13.8606552712361	11.74717594542	11.4412910638617	13.5525453492014	11.8075928433126	11.5587976004082	11.4116916234499	13.4843001097299	13.551074667477	11.6606780371383	11.4788361493829	11.7338037526793	11.977601860266	11.8411931083193	11.559988233676	12.4621623984624	12.1933726676287	13.2190636335685	13.198744781716	13.2934237897497	13.3030065646849	13.5078497169997	13.7148323392321	11.802765500346	11.1415865862246	13.8035687206631	11.7370230600247	12.2536549731476	14.2352932488701	13.5241011282974	13.7321764734315	13.6923262890231	12.0900088752184	12.434555952305	13.6994917532439	13.4552255528685	12.1848368115106	13.2678243143257	12.3982785163584
M235.1703T537.29	13.131550964309	14.2789490630555	13.2277318368597	13.5909748708522	13.1370451777099	13.0822026558032	13.9677385780877	13.5844286933148	12.6927472218648	12.5207901514648	14.5050885005306	15.7062677804935	12.6784263159359	12.8165939709498	12.1933520744097	14.0093130420754	13.1153605530881	11.0721446852898	12.8588166092929	13.1398232201155	12.9183327737255	14.5353579581179	14.3181993876231	13.6407008519518	13.4357256064291	13.7652481245961	12.4427937649682	12.7872578964673	13.5548039212077	12.5803247735222	12.8585166494639	13.5612029030608	13.8089768968286	13.4498090218673	13.2121030751436	13.9911237774926	12.9583169050365	14.095098754473	15.0197678562528	13.0563532491562	14.4292413508173	13.820765132983
M235.9517T93.29	13.9421305105779	14.3094351772302	13.4675430227438	14.1951817174808	14.4964676552083	12.9451784245979	14.2570993621955	14.1624667933728	13.0438433400594	12.5244684148832	13.9355241842877	14.2359479494897	13.9773045494605	14.1296241997302	12.8931165378453	14.0707527418854	14.5859619926108	14.561300410038	11.9914646890593	13.2501203020615	14.1298680613345	13.6474548324666	13.7760359811093	13.4514518369466	14.2688079186083	14.3101470854742	13.1233207974674	14.1557795828869	14.3361802695126	12.9498101575502	13.8014703674314	13.8642926720115	14.0700812253066	14.3246213116992	13.6469073214745	13.5678706241473	12.7545346356851	13.9684072726765	14.2337727830125	14.0595223418668	13.8308425323181	13.2877125004057
M235.9998T326.88	13.522455843699	12.3695533671445	12.2236920425021	13.1298559490925	13.6997365393259	13.6516948296168	12.5969543337834	13.381487437846	13.5908358668055	13.5539999208806	13.1183573503193	12.2279302066658	14.1604255681451	13.6343495588108	13.5846939411947	13.5047541109831	13.9993428431539	13.3423788821717	14.2860273743693	13.7640576603848	12.4346817613732	13.3740853949876	13.2017294164402	12.4161008703092	12.744452582603	13.2584229460076	13.0074428903979	13.8669974998489	13.3270486465452	13.608017005286	13.8258767700828	13.9730661323996	13.9986012201047	13.3918704571489	13.4794907470644	13.5942054152408	13.6136449124346	13.3313619155451	13.7790077139102	13.7806025638556	13.4102567899472	13.5390493623
M236.0564T321.09	16.1463694061939	15.0741449498017	15.1765443483081	14.5073383203942	15.8182072038641	16.1034739495693	14.1795143973213	15.6393979751483	16.028149454925	16.1359311089669	15.1150843512285	14.5848444663631	16.309191875496	15.7466373811905	15.9680472121677	16.2297273314939	15.955925377543	16.1732048129774	15.7019597807735	15.6933496516578	13.8858702855412	14.9542174735096	14.945785233688	14.2181278347876	14.5603529334989	14.5693596655897	15.9638574272981	15.9645045140264	15.052683383027	14.9209874933757	16.0696447656147	14.7229096937745	14.7591151179022	14.8985679472016	15.0539777444891	16.2653213215406	16.0495089387334	15.2111006644168	15.2296197049082	15.8600040627462	15.3915334021254	16.2369633114246
M236.2019T561.41	14.9742444864377	14.5639727128331	14.2162853104192	15.1563353811062	14.3703572010033	14.310405190199	14.8545627673176	15.1330953015381	14.4468190277764	14.5508599844672	14.5491773251782	14.5672288974402	13.7518250716155	14.8784349199531	14.5947926174743	14.7179100755586	14.5578914629215	14.9483228325189	14.4910293692042	15.049201266471	15.0398805086758	14.9768193848856	15.5343895480597	13.9411757935191	15.0589453002988	15.337815606663	15.030423490889	14.8910109278724	14.9135646188616	14.1926374430227	14.9141305073392	15.0959977084492	15.0002560896667	14.8403535291261	14.7715044020875	15.3602153617344	14.8096491077246	15.4710452674773	14.936396622003	14.7948004052908	14.6803150270905	15.6348279880279
M236.9989T60.59	15.8032188073784	16.2970465357687	16.4864318517412	16.4079290261333	16.4712249045871	16.5709218817099	16.2208721308483	15.9813019374723	16.2984514468605	16.1472469573311	16.2976549166116	16.2276396156374	15.9620618432747	15.9777839911208	16.0230027729378	16.1505841094084	16.3361587218041	16.1174090397903	15.9874245212037	16.1584878930211	15.9738389748714	16.0617881037767	16.110095726256	15.5255095495128	16.6896313968091	16.8806939277133	16.2165910665677	16.1523498752841	16.3950913964874	14.2273495355493	16.6104260852887	16.8098171580073	16.0575661578194	16.4497032447289	16.4858515699416	16.4435549118079	16.3230805849813	16.2341163041975	16.6205441863701	16.9950938841914	16.4200136321532	16.205092659424
M237.0882T329.31	12.9183326262583	12.4955138783598	12.8628748418135	12.5845854462232	12.8322885474718	12.6633741584168	12.8185799586796	13.2138259332299	12.5499695650015	13.5928724861582	12.9652505630389	13.1129487105635	11.9195003765649	13.048853630758	12.6291046656719	12.8192607133242	12.4872730342881	0	12.1471273638651	13.0289742655515	11.3114981388374	11.6849922748349	12.5863445036193	12.7492773829145	13.8944914014375	13.5491135536652	12.8347629304667	13.0464686125199	12.3798115260427	11.8483328882368	12.8063886795004	12.2508545248726	12.6155099684036	12.2837847286743	12.4811418141795	12.9495856187286	12.9254877303632	12.4523001947762	13.2341487420054	12.6701118014346	11.8873627588642	12.3958772458042
M237.1345T255.29	12.8324174909748	13.0810046581468	12.9668982199763	13.9799740102313	12.3444634531735	12.164504902852	13.1919398625712	13.2338130384755	13.4475015132264	12.6372846398829	12.4673380500172	11.8811713679042	12.6375443278389	11.5365888825194	11.9449320530468	11.9519290164335	13.1151440530522	12.4492862827008	12.6110232750804	12.445443117964	12.5528702647279	13.0703418132912	12.4144708844983	12.3479282052835	12.3870082514739	12.448838297565	13.0336089580082	12.3538435623428	13.2207534015645	12.2981409629708	12.736356840579	13.0791713705584	12.5940448846522	13.0862298899096	12.950606124631	12.5489698966351	12.4979751778886	12.8138330503618	12.2679631977731	12.6356245243746	12.3827007760194	12.3289628054207
M237.1496T516.11	14.9574384945687	14.5141143532297	14.1926785516025	14.5310139395771	15.3238498269261	15.5647538632813	13.992516959425	13.5360151087442	15.5032340161322	14.6483633869901	15.6618937470086	15.6995832356653	15.5732944555377	14.9215229268068	15.1234632083985	15.2633174785364	15.3181852844808	16.5404072344216	14.8998335383062	15.0563415023534	14.1703596966512	14.3431803033299	14.6884865851521	14.0209385415415	13.9509084875778	14.8080795291986	15.1983110258832	14.7612767749997	14.5453525776351	14.9406177202974	15.2866041541729	14.2733539098455	14.6274716612669	14.9070836963847	14.0027983065887	16.7340967823355	15.3012636857307	14.2473717494809	15.2790338378927	15.530004668801	15.510732464593	16.5014389886406
M237.1858T538.03	15.1846984680051	13.4830624692756	11.7461382236865	11.2576693909108	15.7983759321477	15.8423690840048	10.5911454133349	15.1796042691033	15.1512865017981	15.5528519155113	14.4605684583529	16.7879217606631	15.6329394492568	14.886834188267	15.3035217835167	15.5096928864604	15.6086475192142	15.6024708441312	15.6154269545017	15.7202074229676	11.9120929033201	14.3147884410463	13.648328428958	11.0814078708523	13.3867792466186	13.7979010280024	16.2164888197006	15.2788569610671	12.566177038867	14.7798479237886	15.4809267541492	11.7943445483467	13.4585601120025	12.7098834656245	11.6927601350125	15.9081664674693	14.6218884422224	13.299740263373	14.274221522906	15.5659311193185	14.7376839490904	15.7598759411883
M238.0145T26.42	20.0263348455908	20.7297453551318	20.2864744330262	20.490435005697	19.8215679777846	19.8204870243748	19.7213801533503	20.8327833922403	18.8450151051939	18.6700130012563	20.9388515535344	18.758409941555	19.0731706843885	19.4809573735069	20.0490431558444	19.5236162000675	19.700923083874	19.7942976924714	19.999674206046	19.9499628118264	20.2264908820209	19.4378030279911	19.4297482825245	19.9226447787144	19.9895436653744	19.7917162612789	19.6211967922525	19.9184409260891	19.8438719102335	20.1700317814836	19.8882675350929	20.0033794943729	20.9617295837859	15.6107033124135	19.5008072840211	19.8875631453195	14.9540123508591	19.9062014318524	19.9500202565666	19.7142536239283	20.7019583129896	13.7733864517329
M238.094T63.16	15.3973421912283	14.4226311559713	14.3977764292524	14.5883051741436	14.5638984435682	14.6396788281727	14.4034069949725	15.9432857944273	14.3986960859072	14.4933031071107	14.1533045979693	15.0450695833168	14.5209718577281	13.918555717035	13.9270354411357	13.8248386793872	14.7770270650455	13.9874158303299	14.6248434765785	15.5113175982982	15.5986245109319	14.4995832129602	15.7883833780185	13.9351042954424	14.5778398062738	15.8241195435371	15.1277171596991	15.9040713118958	14.766353876329	14.1944222252376	14.4021560302252	14.8319567984654	14.4434678231601	14.2270041924821	14.0293219428646	14.4452397050585	14.4366426373111	14.8655119019121	14.5676437400458	14.5700589880685	16.5560543010641	15.0865331177242
M238.1063T333.59	10.5545903946628	11.294634253846	10.8188253776361	11.5495527860071	10.8580945479396	11.0548025005236	11.1091307610002	10.7485071104212	11.2656162212715	10.7251192960952	11.6295528628933	12.0915955064626	10.820373198393	10.1693991359161	11.4281645817168	11.1549007109899	11.0151054001213	0	8.77716401582344	11.02144357267	11.6996947555179	11.5324868767484	11.2554962182821	10.9653189164698	11.3723420642775	10.7957453364749	11.0284360013278	11.4777911031468	11.1972710483494	10.532896980047	11.3561253576246	12.1863905507728	11.1582513920851	11.3622508445892	11.5951340388497	10.5833978820282	11.8064871509909	10.346392468509	10.9133779923967	11.262533571887	10.8260480836734	11.2665027754833
M238.1214T441.59	12.3463439048731	11.4346189585803	10.8209044558596	13.083440468428	12.3966746973437	11.7187192515031	12.0972217980368	11.7730057564117	11.985551358614	13.5030326315968	7.86196278666686	8.87688658719326	10.1997739947816	12.0830062688225	12.0724713120673	11.5573933531638	11.9079142538147	0	12.7576038618741	12.155309572772	11.1519110296266	13.1625565289792	12.2039505752683	11.5199719690195	12.8299714328667	12.5708869549476	11.493156545567	11.9182753477525	11.9396932855498	10.7763834246626	12.0635313804377	12.2072910355309	11.7584741541838	12.6431614428793	11.6767171640385	0	13.2731963075795	12.3774485483127	10.7311509859259	11.4950532189575	9.43277938827097	10.3423914392658
M238.1447T516.49	12.2555241534007	12.5957009985307	12.7108356105888	10.7815987784105	12.8186579324558	12.6309198159803	8.88528502071803	11.4201628220293	12.3798709323203	12.3734248184541	13.6326054522554	13.1771377010136	12.7853571095459	12.4322854857124	11.7401960881069	13.0788925139141	13.0210077138431	13.6847704626156	12.8120983058627	12.7171904964053	12.6066559389473	12.4402297795014	12.0975904892754	10.3106908701002	10.6799217404236	11.6415489817346	13.2408057606829	12.6210868115534	12.6621357901858	12.7368566953332	13.0699606907133	12.641901858133	12.5523236358228	12.5116395880176	12.7120876119372	14.226436409411	12.2616420844105	12.6982181929733	13.2059912404162	12.7207443236113	13.0716630526163	14.0545617819738
M238.5993T123.14	11.2306238566502	12.3641282463812	11.6984686701159	12.445134938184	11.8926398353133	11.8224960765766	12.6188268030888	11.4060746036175	11.6173226495874	10.8468743479313	12.9899177477844	10.9544344086483	11.7169896746335	11.9467989486481	12.0380586579515	12.4549471669043	11.418553580862	11.6849906188403	8.39636905921806	11.1934864015279	10.4181245096001	10.683256434895	11.8803508558874	12.0593245018797	12.0050230777082	12.464691979868	11.2213964038448	11.4545673742614	11.2317474119624	10.0081885001526	12.2860785069136	12.1817650648547	11.2148016462979	12.2835048251774	11.4749750226616	10.9598511677821	11.7339586923121	12.3169742029713	12.4107743844264	13.0545014159758	11.9637208680233	11.451996196435
M239.1038T310.17	15.0828406282934	11.6314540448573	13.4474425278374	13.8863963850962	10.9994003975919	13.8030207567494	14.7434219162356	15.6677968197557	13.0987343471367	15.2625791508379	12.250607969302	14.4842328191605	14.0155139571542	11.9214747458402	11.0538454488378	12.0989430928846	8.20033933956691	0	13.698953019785	14.208430446598	13.0280213875998	11.2740542521183	13.7256018682084	12.2972727089616	13.1179323434651	12.4559761976372	14.6523235866812	15.6005341716729	13.3428763811051	12.0012682214308	13.9291543394929	12.8084297807152	12.5056819123423	12.556291819738	12.2683070324491	8.08103634767566	11.3328177429117	13.9053128634978	12.7027500404021	11.9445913863383	9.6812819945396	12.1137407000083
M239.1071T83.57	12.7291704377868	13.3004175447616	13.3586091176094	13.4133918010794	12.5837263218873	12.4309247882491	13.1701181580328	12.6440288073406	12.7214835089163	12.8356053200996	12.5115877201323	12.5461158648067	12.0055688636122	12.5611439540563	13.2272089028477	13.3097092261527	12.1677842819274	12.3836231943547	12.8444011285611	13.0330565733949	12.6824734161263	11.957466526881	12.3384162122729	12.4766824123904	13.2432683204984	13.2936578487942	13.1332034912899	12.5772605911412	13.2172342354141	12.527205188758	13.2630881427359	13.4710158628201	12.6192423571461	12.6670123308901	12.4176924759903	12.0313276138874	13.2063867637274	12.7394550188252	12.7946671690565	12.2883198462385	12.1085315358018	12.8617242106197
M239.165T655.26	14.3673251701858	14.7219242913474	14.7967675883154	15.4402207070071	15.2278947569631	15.7128305865969	15.2767174593045	0	15.2337626115125	14.5384758834067	15.9746246436323	15.91023837879	14.9553232973077	15.0811007490154	14.6719757742084	15.1308438498872	14.6482892716329	15.8872818551898	14.411028913382	13.7029602522952	11.9569738471518	14.4057640907188	13.6156359657967	14.5046920798492	15.3772750617419	15.0485846169409	15.2398147746778	14.0743332558288	15.3031551920179	14.3483553346748	14.9080135610174	15.2284604354099	15.632147577873	15.7507300795074	14.8603942736152	16.5410446575661	14.525621234505	15.5378082428677	15.6868714187698	15.6553386986796	15.9913455953193	16.5929316051321
M239.1651T527.9	15.2091842486637	15.8491582062515	15.2252555694852	15.5254516144814	16.0718454197339	16.1422361164253	15.4708428903904	15.9486174289458	15.6910761258747	15.7120096141439	16.1908834229626	16.0431030345507	15.7253635253497	15.8941805016406	15.4154831649673	15.8450792918339	16.0137260574595	16.7955956570554	15.8573016956411	16.250778598071	15.2994043584185	15.7199483605554	15.792402838871	15.3069453069605	15.4933077771657	15.7443368524164	16.2002636780512	15.5054233175995	16.1117932917249	15.3794013655046	15.8867383896384	15.3127289102131	15.4631248999141	15.4635273028648	15.3061362173621	16.9179940682697	15.2541273529507	16.0658174648672	16.4396282135787	15.8727892090661	16.2326484797962	16.6728843554975
M240.0358T187.4	11.5205051593687	13.0453320562776	13.0753259592386	13.6011067729292	11.7248533966783	11.3491184351306	13.1997779261261	11.6746625355102	10.9255332227782	10.9235244226844	13.2957356559105	13.2201680723636	11.2102300991783	10.8075811726413	11.5171710288369	11.6336405573117	11.3263120635813	11.4865922310779	12.042010359017	11.5532280548966	12.8631951600154	12.8186430702177	12.8622071368972	13.1631427044931	13.3394068521275	13.33312515986	11.6198670521215	11.0892568750598	13.3545703835839	11.6986735938193	12.0361030898412	13.9895081216924	13.1757584844127	13.4676652152191	13.3813101886377	11.7608541551977	12.2592352964654	13.3280912699608	13.2094935608456	11.8345491049443	13.0733169256498	12.4433771313522
M240.0369T89.81	13.4019783812594	16.6819604810033	15.756845660697	15.6629270393529	14.1410289680109	13.7959981765466	15.1052118393717	14.2637965189272	14.8318717514522	14.5854646414599	15.4716048647428	14.4712485384214	14.7646022322817	13.7876066993791	13.6426114263804	14.223553210922	15.4607593204306	14.178748232092	14.4204336264209	13.9735596849078	16.602458852502	17.364712610861	17.0245718422008	14.7532653801917	15.9659436086277	15.7916653191523	15.2384530631237	14.7008845455195	16.0700064953175	14.8192839136197	14.9632498162685	16.2876276719473	15.5820470367832	16.3729710785387	15.7885300634919	14.4870890851836	14.7898030455343	15.7791171772516	16.0571425077713	14.9648708620019	15.664581276654	13.2920994007212
M240.0701T371.81	10.4750262147411	12.7576086604502	9.79596364517061	13.7962878479326	12.62060108041	12.8270164068981	15.9277061556564	11.1610308943957	13.3726825585507	0	10.6158172534765	0	13.4568027857272	11.8003510950098	11.7984886345002	12.7286383729167	13.1366122712519	11.6572311443943	12.0114418343887	11.2040632547952	8.45448137060282	11.220296956719	8.32726257648324	11.5875329457305	11.7844799576894	10.4895654437024	10.5147569131195	10.9320468010833	12.3647069573511	9.24389843281139	10.5850485001246	10.7879243741963	13.2222605119328	13.3076307239999	14.3250630040638	11.2806737274096	12.7021809339635	12.4648748970092	11.2400946304755	13.1231747265669	11.6056397569083	11.2499203324782
M240.0879T392.11	13.6786456164337	12.7893147601748	13.3611314068352	13.5731350818376	12.7797759240866	13.3962546619992	13.9935623876751	13.5218633545142	13.5614339847572	13.0867551889792	12.4882024741283	12.8804343376157	12.1569086559128	13.1092097531425	13.2292465032663	13.6216107092637	12.3696780250675	0	12.3483948668895	12.2473833479462	9.15679488113285	12.1655707803728	12.3787084670904	12.6365960301351	12.7022487450721	12.651563489017	13.0946410220658	13.1941518525467	12.6481022711154	12.9826167078346	13.9497465891577	12.6373710027254	12.8468873080439	12.9821475247234	13.5365163743256	12.3980151145803	13.5736874492506	13.4883280470562	12.9174072613548	13.0309443601689	11.6781754245078	13.0933116246296
M240.0992T120.55	12.3732577269904	11.4289625714727	12.8914550434624	12.7805594832235	12.2350235240871	11.1777783670329	13.7285182211067	11.8502309757483	12.1104994462996	12.8056199666059	13.9898929159741	15.3038677638943	11.7170415007925	12.0608929416809	12.616047709951	12.3874687278234	11.2291713553073	12.9068213498133	7.40572279082681	12.0383291513326	11.5705829094156	11.3582896958228	11.8637682803368	13.2520196003413	13.5552807369433	13.1481972832049	11.8616955584615	12.1405730718035	11.7203682426775	11.963654272309	12.1196021035916	12.4783880982421	12.4085563060041	12.0930615286771	11.8852190635151	13.7532355497383	11.8564716956079	12.5584406404168	15.0216713125942	12.047963065481	13.0315504920776	14.5593330717853
M240.1098T61.69	14.7962792191596	16.0590654151205	16.3055777985276	15.9800778673368	15.818001546691	15.5252681628837	15.9249310861742	13.0058277296491	16.2856292480449	15.037219167429	15.8186987154096	14.9530919735446	15.9575337386937	16.5962208835029	16.2670080965466	16.2249969078884	15.9597290624048	15.4901741688164	14.5083430276892	13.6482737137212	12.8427986373403	14.6045895005155	12.9887256372056	15.3020391614417	15.6968393199426	14.64561234648	15.4025596272092	14.1860904604139	15.4070587299117	15.791111935402	16.5831036941141	16.4120936538978	15.8552583927506	15.6876053603055	16.1389515162786	15.5716456823829	16.092598856108	15.639545152489	15.8778858192135	16.4785005045328	15.1697281754202	15.3929184307591
M240.1506T369.74	14.079544675693	15.1271131391224	12.5642410744354	14.6439866258647	6.69401556215293	12.6809753324735	12.6516839978255	13.4314810533579	12.2437348757088	0	12.4583308255156	13.5093966567342	16.11747869267	14.3895667549853	12.2226529236884	10.564027673147	13.8280213491521	12.9111575851803	13.1367006073374	17.2591176657198	13.2584188153351	15.1494209929123	13.188198650761	0	13.1634247899083	13.3196919784263	14.0036229938629	11.990732494761	12.8081777223409	13.5936285811244	13.5921274447109	12.5970083950633	13.0520747756918	12.4897220677798	13.0376679229535	15.908852742373	12.3596564426636	10.700639838361	11.1324882937284	12.5979997429501	13.9817939594439	14.2238248211664
M240.1534T239.73	12.338659744475	12.6636375720088	12.5269249669386	11.9981325761344	12.1702059218623	11.6333882118456	11.7683864342838	11.8994358042801	12.2695563571909	12.5274708643428	12.123945676824	12.7113477603711	12.2451960892123	11.9019197690508	11.9647841878949	11.943857913381	12.5313655232696	11.7750040508819	11.7486378691042	11.825399647131	12.4632382794433	12.862361312981	11.8283963195966	12.306196644035	12.2182296136869	12.4837071116689	11.9821119489157	12.2231797044136	12.5792419171564	12.6053072916176	12.0810859286315	12.0790366096722	12.0008781483832	12.3218456352862	11.7698361000913	12.6304050663796	12.1637921613572	11.7240525350041	12.6655151368145	11.8417075578961	12.1598360433779	12.6505646180545
M240.1603T512.21	12.1056981383355	15.9475145839587	14.6543148286484	14.0636716430818	12.6905120138571	13.0651227248184	14.0073827717699	12.1855761062463	12.2035686547133	8.38641897334712	0	16.1192523769612	12.3267995529844	11.1899093829842	12.8466549990421	13.0028455972416	13.2456161260671	0	12.9100608853144	13.0232181215306	15.7869026485749	16.0389796967874	15.2523385599253	14.7628955459039	14.0723308630672	15.4917554592163	12.9576513658917	12.88434631128	14.6321072555356	11.7042624066914	12.9080018450561	14.9624181164225	16.2185512148142	15.8259187367721	15.8968837958327	12.4378441572687	12.9809135685207	15.6001139408716	16.6253045537718	13.07447548282	17.4948209980091	11.4835299599055
M240.1684T527.76_1	12.1230604732908	12.1489204224165	12.185770824202	12.5097229866147	12.3550429805599	12.1214438460686	11.0027896259586	12.3043776981118	12.3764948560526	12.242584470807	12.5766137418545	11.7568633660544	12.1819382522335	12.8802677262122	12.2726283345775	12.2991454173994	12.3906674956342	13.3188234481934	12.4916773252351	12.4567577728438	11.9148871217211	12.4659629818904	12.0951211772531	11.5083851500678	10.6503002249215	12.2137473474137	12.5236076798823	12.3176899800077	12.6463677815476	11.9866380291204	13.088806497135	11.8655069695126	12.0160916689748	12.0730208204849	11.9691117050477	13.4700337976797	11.9866790202662	13.0383608350671	12.6606827444239	12.6202534552394	12.6612404397526	13.6441329601266
M240.233T725.75	16.6039864441861	16.2292598334662	15.3249647599604	15.9190105236982	15.6647839448593	16.6465432417018	15.5008811938733	16.6947903735856	16.0380494147742	16.4876269627116	16.0385523380029	15.8639646171886	15.0966341582983	14.9367473053502	14.8042606676742	15.4852874759118	15.5223843266444	15.8062050283423	17.1323627910055	16.884041763916	17.2090215395652	16.997873284943	17.6766256373696	14.4775029952145	15.5254653021384	16.9036219840288	16.9109442856538	17.4315331461715	16.5774406892029	14.2472769859702	15.7438269366725	16.0178972834279	16.3648398152098	16.4778998663798	15.8658564763893	16.8790258259099	15.2393661907469	16.8398781191803	16.0497288930988	16.2030207885796	16.3938886728161	16.4699827721193
M240.9071T95.11	13.2502938618019	14.0625197207333	13.2393994396877	14.1012557404152	13.6431179066877	14.0361750198061	14.2012299551189	13.1228717737191	13.8296045032111	13.2673834955993	12.4697939421168	13.8888657805374	13.9403139457839	14.1497391346149	14.4048391811868	14.0123415415831	13.2711330929228	13.474098898568	14.0489798725883	13.5453765030873	13.08869658304	13.731754234864	14.0801700848248	13.388381654181	14.4079962502893	14.5258110064284	12.1621478575769	13.416762869055	13.5090599426762	13.5747719795961	13.9964209439709	14.2624959071434	13.2512147357008	14.2341370828786	14.0513529298909	13.6695655355306	14.1967197897842	14.1517162305678	14.4213921064395	10.2818100152332	13.3826525581036	14.5216912780173
M241.0942T100.66	12.9531601118411	12.2359711156943	13.5147123257457	12.9430058663177	12.3326838907239	11.9953061341233	12.0816978634707	12.6565808344787	12.1106422782833	11.8741226522168	11.9582203666339	11.6761967588517	11.6874093935911	12.9618247153928	12.3681738586217	12.4026462260962	12.0244124008194	12.1033607217668	12.1272897664154	12.189475338233	11.9143130079708	12.2946120269031	11.7331206303627	12.2415396181256	11.9638314031778	12.0604383858467	12.612361713107	11.9223184313731	12.4683749554164	11.9694792267959	12.4734667493844	13.0185893189485	12.2776198640619	12.0984006186066	11.9868183656838	12.4733402093493	13.0155214149443	12.8498365694789	11.493414669397	12.2021131676413	11.9704918878631	12.2190213842769
M241.1195T284.15	13.640885028365	14.4281881066438	14.1676602513094	13.6607688083319	13.5223762506487	13.3428355228198	13.0103831041252	13.7028152984395	15.14547327791	14.4801970798076	12.889450168188	12.2400629863141	14.4727035971879	13.6617814806669	13.641662067523	14.3784731388417	14.2796563071501	13.4655469327498	13.7939880122009	13.5746005585894	13.6865107166468	13.8642826716375	13.4434355962937	13.2519663337413	13.6114954545334	13.5666628448301	14.367126202933	13.9865138756752	13.9632882751643	14.0477779876529	14.4774351844189	13.7104104418925	13.6453710205011	14.4353053919432	13.7914352495698	14.0891047718294	13.2348597481867	13.1464448293111	13.1073745680986	14.0292751698028	12.4722417656631	13.3592939342777
M241.1553T62.51_2	16.7256562936859	16.3217484118246	16.8905487569223	16.8618012498776	16.3665530268491	16.3728642252351	16.6506080113291	16.190873855093	16.605313178048	16.4982075682762	16.509874416931	16.8274281044279	16.4235549905444	16.2231273253551	16.2344250715892	16.4748847723403	16.3967975928951	15.7630181530865	16.1642590496951	16.6769634737285	16.2706774807044	16.417153359625	16.2086852910993	16.343064794754	16.5971081689342	16.309019792483	16.2456631769736	16.5288118047547	16.3453798280123	16.333694921907	17.0258192705551	16.4858523696867	16.7001195647157	16.1950186692752	16.4415818456063	16.3507063819627	16.5947880208273	16.6070696267417	16.5681661320347	16.2621273830017	16.3949535907286	16.6533012557021
M241.1809T435.76	12.5664726565796	14.5868558179184	14.133642392143	13.3800756642821	12.8158613281428	12.6678149739486	14.042472196609	12.0673934493923	11.8644794906566	12.1423486474736	15.6979129072013	17.2483144564774	12.4253113910559	12.1147609712866	13.1234195666383	13.2304134814571	12.8820347106319	13.613844627995	12.925215447152	13.0384350836328	14.4170112660982	15.9764551285815	14.1563547570658	13.0490476247532	13.6195441034349	14.4824999258058	12.4439069441886	12.5250332845746	13.7564209292444	12.7401163425475	13.1976554514851	14.221820723019	14.7327409490053	14.2796209981585	14.1860300335395	14.0363633949936	13.2309095573886	15.1236817152197	16.2182567136717	13.3466634730563	16.5142401711387	13.6628682200831
M241.2365T726.8	13.5392800857891	13.1407898258145	12.2315920306621	12.8299346545571	12.9445751149641	13.259879334145	12.4716667854611	13.6935887523009	13.2221668704612	12.4889404872512	13.0194911943724	12.851484419969	12.0310167954749	12.878931614213	10.9421480387555	12.7448425764391	12.2254572080788	12.7840218116775	13.3003534317328	13.6960639857591	14.2022471287191	13.9168438534628	14.1903892273783	10.046259468322	12.5239842157702	13.890216789217	13.3750892687592	13.9968188841966	13.3844243979965	11.8782073622284	12.6640600328511	13.0433406913259	13.2972329084526	13.3406610416921	12.8568967502732	13.1239229513415	11.9295554813496	13.9993341953287	13.0368894857107	13.3201462894158	13.2949614996733	13.4672665636858
M242.0616T260.68	14.234997685367	14.5949837399421	14.3064697582611	14.8868181818495	14.6750391740619	14.8157478387719	14.7820746239887	13.6087890488503	14.1573986174222	14.9699657087691	14.791873163832	14.2054864905474	13.8442715530215	13.9853651165156	14.2078428926378	14.6385100705284	14.3254879012314	14.6851684796427	14.5539604664177	14.6730158410803	13.7359054820531	14.4467986187979	14.9481487959706	14.6924238847585	14.8084644462169	14.748637722683	14.2012432156961	14.3900974130185	14.98295919985	13.8546736400875	14.9436500819821	15.0412380410995	14.6104034912172	14.8993944188771	14.6984184877286	14.3945736660362	15.0001194175173	14.3581108157509	14.3300646601049	14.9192951765869	14.6076051213503	14.858855299629
M242.0616T289.11	13.7714657120697	13.9953412861665	13.8584887734839	14.3369512582746	13.8999081091998	13.9769053815838	14.3441669996929	13.1408393631804	13.8311097652162	14.5956653783209	13.9391099756961	13.931235018204	13.6488120827188	13.2979806916608	13.4172298376032	13.744277289149	13.0706279230377	0	13.6344269266347	13.9322717275956	12.7443315092642	13.3079665954976	14.154451503998	14.3335831799985	14.3206743237192	13.9298655018487	13.5941927302547	13.6076153295289	14.3048487858017	13.525380764011	14.5369429325157	14.1215780942598	13.8577744083299	13.8607765406588	14.027903020924	10.8362810579425	14.1700807967862	13.3381239056253	13.6140179002784	14.1529463301106	13.7812611265572	14.383097538855
M242.1761T548.76	14.810390839668	12.5820915164267	12.3475483829645	11.7772562399158	15.3046675225283	15.3632673652583	12.0512349236251	14.8668365137532	14.2209461901923	13.9577983223229	13.1201725529219	10.9109896096095	14.8820091279036	14.3176773414327	15.7449153913153	15.4311877999592	15.3958738864525	14.4449692533089	15.3611016263431	15.5339703500685	12.8032716276181	11.5191093854491	13.3130099406989	11.6310555798102	12.3534150086846	12.3715108592982	15.5764764569338	15.3998496642243	12.5937492228314	14.4935780374053	15.2950697050769	13.0478447001146	12.81990730172	12.8021813924565	12.5894877304272	15.5574226960281	15.0393924986419	12.5489776510179	12.112849775701	15.6909962481699	12.3323367359371	15.6282553046407
M242.2124T563.7	14.5940638483025	13.8770337459794	13.9689700052425	15.4931991011793	14.1078912653707	14.0562596297119	13.1131893420417	14.5633124515191	14.2002593931954	15.0561701260347	12.8735210317275	16.4244143767018	13.8097563248654	14.9240039165166	14.4526016246941	14.0351885088265	13.526894257806	9.74918985452425	14.7687005678064	14.4180548278892	14.5890833781864	14.6240854838189	14.5841487364724	14.9150911118526	15.6551236495518	15.0082094851521	14.4035059888407	14.3302865729932	14.0616214194017	13.3704094442037	15.6913611270346	14.3298658842069	15.8660219132848	14.8191429427145	14.0560593358713	14.7437739747681	14.5073276768266	15.2960803331262	14.4449111422334	13.5337326848075	14.3663149121936	14.8793846490321
M242.9561T90.58	15.1028680528567	14.2952220946432	14.3667514943521	14.6820114842476	14.6108406561012	14.418371706363	15.0682044723597	14.9596748404325	14.8904400304524	15.0037623752277	14.3176239296464	15.4144241746453	14.8484942964906	15.1844399790337	14.6816963274819	15.0032280213441	14.3036641840198	14.9813661386669	14.2644538270326	14.46133070749	14.3254025423265	14.4965897656291	14.5136686268645	15.2138225262955	15.3517209787904	15.1619482465414	13.9498906626251	15.0510849330794	14.7095593273918	14.7995421064145	14.8439240177158	14.8409383900239	14.8798715153179	14.6214153642333	14.8446148308083	14.7765819637762	14.6321530184673	14.9444507142261	15.2872482991176	14.9668867572639	15.2005585520702	14.8377557789104
M242.9833T63.48_1	17.4968545288395	17.76747601607	17.9089646822312	17.8878540356968	17.7490844769938	17.6279118553749	17.4801059878364	17.5211844554064	17.6048377375558	17.5264791471586	17.8197104470406	17.676545719692	17.5836482829839	17.3380566689657	17.6611385949388	17.6549736495664	17.7535956968167	17.8697532880579	17.7233060987448	17.4755011348295	17.7159780523548	17.6359295149456	16.3537121463073	17.2580108423185	17.8843824562121	17.8785840793693	17.7079731712655	17.6869883727218	17.9459250619942	17.6764117753528	17.8119577252918	18.0479941287612	17.974349607474	17.9041875480543	17.8955335078153	17.9651550046679	17.6671255882692	17.6014839260371	17.7507210471216	17.920641116877	17.7901530515627	17.8368190844741
M243.1019T54.28	13.852546033892	15.4110143883453	15.2813591876649	14.9337494396187	14.4194337390273	14.4520015058474	14.0489865379831	13.915981949783	14.6274450883196	14.3219862689153	14.2015629004617	13.5284070136101	13.8364952487123	13.8620933384097	13.9225136966659	14.1539696827143	13.5952788416009	13.4541989118659	14.2010131707702	14.6617227310029	14.0016016461764	13.3935937542256	14.0252690594215	13.8693853282338	14.280233550021	13.9044049550533	14.7071028693255	14.1609664142869	14.7801291910851	14.394860467118	14.9590146586535	14.5816457786087	14.2696989929564	14.6280456988704	14.0307259803722	13.601894996697	14.4278321318075	13.977930092128	14.2340186624703	14.1861963980406	13.5946560634985	13.787953708641
M243.1141T339.07	13.5437805662015	14.3381964132436	14.1518109105738	13.8390666126802	12.7280209994561	12.615103146108	13.8996972303631	13.3179069233444	14.1160546592464	13.2456126939738	13.6271630040031	12.6489706858871	13.5395764564566	13.4552233352116	13.3631756546456	13.4835038809647	13.4706112676498	13.0417980967037	13.608523504464	13.5633062588556	14.0031676560487	13.3586362159289	14.2545534348538	12.4203510550257	13.9378924514632	14.1872311691084	14.3853291499316	13.8063515011866	14.7840292295503	13.6605768808902	14.1868367440364	15.0415482089474	14.4149854690794	13.8546773405555	14.0877813834823	13.617401267393	12.6512340445974	13.9727193910541	13.6991295087214	13.6906417896934	13.0179312438432	12.5030410325972
M243.1351T139.6	10.8922218152884	13.2687156474691	13.6724661343569	12.2212233610597	8.94259514646244	8.88390069013561	10.7303015686202	12.2640082670909	13.0895844302417	12.5544971302561	11.0386849832052	11.1898441687434	11.4256840552297	11.965421227426	11.2083541225829	10.9345914520784	11.4710800214615	9.39319878544362	10.9896060473886	9.98810658727328	11.8140807960066	12.2588762560142	11.4394781753515	11.3719038785275	10.7821912011254	11.4547097445728	11.6459804694177	11.4384282599593	12.5804000989076	11.0704644823813	11.889533563085	12.5448862558536	11.8594034586024	12.0175631306531	12.1761196649273	10.2893786218037	10.8788099001523	11.7977801251584	11.6865625196899	10.6728851753808	11.0918864081968	8.60669756378635
M243.1464T119.54	10.2231895856763	12.3790090254881	12.5127993232507	12.5021289248884	9.15756290287875	12.1907675284136	11.6315085819761	11.2264298018123	11.8841179047714	0	11.2556686490953	10.8249647132655	11.1135372777818	11.0395975407206	11.4345508801251	11.6739940340204	12.2464873179996	11.930488057919	11.2040413466122	11.7455584554746	12.0212722902473	13.0134975819626	13.0008122740368	11.8151822680417	11.3836252132101	11.10823419659	12.6107148655245	12.8243514085441	12.5513260997901	10.5369865823341	11.2036789979886	12.9546962866114	12.151587290564	12.2409357463001	12.2818185420566	11.8406600035286	10.9260004380994	11.9685333626119	11.2903711637297	12.0806104825369	11.672514512607	11.3821060117216
M243.2522T763.24	14.3430661132505	14.0356488297817	13.4940225705022	13.6119969252802	13.8144141997196	13.844559978563	13.0746604337618	14.5567561220372	14.2059136300145	13.6835200258405	13.9941527678144	13.8328974046908	12.9758491716408	13.3921102936622	12.5626424263528	13.0406116097912	13.4422874311131	13.5554364968188	14.264827052852	14.6798232361126	15.3012501243928	14.6043234537754	14.9120886964426	12.2883577676755	13.1824509410577	14.6925569948341	14.5022187823584	14.6809117989335	14.5899350746433	12.2040701368587	13.357350598283	13.723938984854	14.3414553734825	14.2566723815636	13.5466250194263	13.9327620929804	13.0231972770012	14.7198724098203	14.0556133087248	13.9365304546342	13.9933128216129	14.1381154855063
M243.364T198.55	13.9289450559116	13.8468498888	13.2704713419256	14.0245550839305	14.1264773063199	13.6200356981043	14.6603864372546	14.0478883491584	14.033130043462	14.1751601563419	14.1063858907997	13.9282040783427	14.0584768441007	14.6881678705159	13.9293055719475	14.5268119439678	13.901766846834	14.2429907525761	14.037115216696	14.0791195451498	14.1193243632981	13.9991879338399	14.7493302403915	14.0465023798183	14.4109809453851	13.9787069166774	12.5762764028784	14.1592579997629	14.5205106645054	13.6843570752595	13.3011773690974	14.1360364296483	14.2312195580668	14.0884075976849	14.1847595929841	13.1369072825592	14.1063469106539	13.7969528040377	13.9788107019987	13.7623822905993	13.3135264525024	14.0240293040825
M243.364T75.23	15.7016006917794	16.2788023438821	15.9938391326536	15.5806183735049	15.8732363783535	15.8604559148496	15.4819583199488	15.7111490191461	15.6860679254699	16.0183431703128	15.5569334846098	15.3797247810738	15.757502949698	15.830915763187	15.7691628062766	16.2162304719536	16.0903688404847	15.696066376609	16.0058777931587	15.6944145744275	15.6532732251198	15.730176057027	15.5030711107224	15.3526812539286	15.5627072782921	15.6478361114503	16.2243578217908	15.9150922362103	15.7153739404549	15.3518295935328	16.0040098761382	15.8677361707015	15.9930502624259	15.8533114400992	15.9245206283298	15.9596452834275	15.8574966632279	15.4878007312404	15.7698621598445	15.9648601356803	15.5025920814953	15.2305699692399
M243.3646T697.42	16.0926852478625	16.2055780365069	15.7772947132951	15.7872979575924	15.8967013800073	16.2512807480326	15.6769711164251	16.3016492324353	16.291559206035	16.2826282831055	16.38010278106	16.261664840838	16.5134734108695	15.6826705727323	15.1611740392046	15.3378335142709	15.594131879343	16.3290844402164	16.1177381732896	16.4223321337713	16.5661543884001	16.3157430254684	16.4340618469772	15.8987921262161	15.8311103139824	16.7571992407762	16.2193824020043	16.3267261445078	16.4830070411135	16.0063508090488	15.4310799467249	16.1475248793984	16.0026835288434	16.2647279879921	15.6720172612323	15.9050597827677	15.5014512027844	16.6472198416836	15.7211677332199	16.0262765115518	16.1600291151952	16.150574966125
M243.3647T662.16	15.5457895682566	15.64666096155	15.4156308884962	15.3827554818871	15.31716853127	15.8354289510729	16.1706992863012	16.4352190827426	15.7052135669926	16.2331737734188	16.102975621233	16.0050842128553	16.3894567080034	16.0022176718149	15.5450662812685	16.1964883319132	15.5136414781865	15.8088953617669	16.1553340815913	16.1591236722485	16.3707612716139	15.7272947357782	16.8906403685904	15.4727075121882	15.6629050812674	17.0181438953746	16.5010350203398	16.5694638903762	16.6134630620518	15.1397301801255	15.5398207776525	15.9314380271695	16.237973136574	15.8038143791309	15.521100131047	16.0462932234666	15.0500953365772	16.1126167582935	16.0124250831509	16.5256850201228	15.9603016744229	16.3907855260548
M244.1017T110.58	13.3771886518257	12.6352099093771	12.7030085157664	12.2310132829804	13.3235159419245	13.269137885851	12.6368352035944	13.3852756646835	12.4828980844746	12.9199093772208	13.2909993081858	12.9664615434939	12.419910969635	13.3754797472013	12.7773431301041	12.7258314991759	12.5756027626445	12.1685787001956	12.5449675889813	12.8111575087643	12.3960653182126	12.3968006974063	11.5114541630031	13.1441736594585	12.7549162652696	11.6248501351231	11.59818062327	12.8573362048384	11.5081866634518	12.4411841710448	13.2466404301564	11.9776808653007	12.6602031402934	12.2923225192412	11.5795824081283	13.5042072053484	13.2151882191974	12.6470698903415	13.0139265171815	12.4118912343629	13.0433552373976	13.7651893309154
M244.1555T438.09	13.4027562417924	13.240080340657	12.8320228269223	13.3451395982663	14.0579998383313	14.2938482775488	12.6362953082707	13.6794311986512	14.047962325129	12.3288275470012	13.9168121976846	13.3981769894562	14.1424578942915	12.6998863035798	14.1387104609383	13.3409299222801	14.3008486828552	14.9212220616998	13.9640502349152	14.1498056389074	13.5686795155838	13.2777747810985	12.7508149774286	12.5435219881532	12.0525427313659	13.2865639647194	14.1760292226441	13.3234185001023	13.5079743099693	13.8172568019503	14.3145073692336	13.8721504018826	13.0602120518375	13.4789167560838	13.4944746098367	15.802310299475	14.3498829539124	12.7782569669922	12.8856862769484	14.4787444491724	13.3020007083386	14.8068544411341
M244.1556T264.37	13.1032963056683	13.2992649863879	13.0885909063425	13.4323237167624	12.6844272082404	12.41853533348	13.4067292227352	13.3752415779945	13.2601663659064	12.7409811383774	14.1775373656225	12.8220711563717	13.1000709111678	12.9038957891954	13.6297402549647	13.6293811781568	12.5972662756248	13.292693325548	12.3411121742826	12.3929215395142	13.0298951328134	13.369230352645	13.6772492869278	12.702993909558	12.8415808619351	12.7319334640175	13.6449280701207	13.3667712656472	13.8572632516327	13.3674984463939	13.799981548059	12.0465159268753	12.6877884178474	12.724910859539	12.7432767025687	13.7122750119655	12.4939313471323	13.7470041555546	14.4516169121546	13.2020918682586	13.420076676542	13.9212746532397
M244.9865T417.64	12.3464974072231	13.1640525814562	12.3840989851743	11.5191434454096	11.9996788068338	10.9161720324023	8.31039504184042	12.5201196345226	13.4623304964459	13.1344837856899	11.2147698724611	10.9848141356002	13.0936791612835	12.5478501738037	12.9608618020804	12.6390664481801	13.1072223473081	12.4105349072377	12.5942291744405	12.3102110530822	11.3918033199376	13.0640609185913	11.6851873619507	12.0626195209209	11.9098960026377	12.0709027159122	12.8880774080045	12.9978663610626	12.563293951051	11.7751958208339	12.9766703863056	12.6622697824236	12.4749052569971	12.3431171291161	12.4569943108418	12.2167854765221	11.7894343584298	12.8667385305175	11.8408208520628	12.3477798278474	11.6729185380964	11.1720350697122
M245.0384T49.45_1	14.1943952982305	13.3472195368815	12.8245439677092	12.9087573537138	14.1490844027206	13.9169863566017	13.6612373608463	13.5026923907973	14.0512209327128	13.2667902293798	14.1839096903164	13.2281667990164	14.075197264444	13.8671660288622	14.2359966610666	14.0712336602317	13.9994167978505	13.9767243156435	14.4329845858969	14.2949357132986	13.7281829348639	13.8357594351884	13.2298273051649	13.8603915436574	14.1759574084153	14.3127916609156	13.3110419106215	14.1978512295626	13.252204593592	13.8323841791992	14.1054428124286	13.2081958176476	13.6797322258728	13.7552254809399	14.1629058545967	13.0875070859138	13.4805086117412	14.0976527055419	13.2636042791816	13.1528024101799	13.8464939421719	13.1451245824252
M245.0959T115.53	14.1036298515974	15.7171713706898	15.6970922695027	14.5104438037877	13.2764528522674	12.9399332300628	12.8805045484598	15.0430270853759	15.3101260032189	15.3326959709632	14.5381094367831	14.3025697204383	15.1466999363509	13.6976262789104	14.3416345798777	14.148629274498	14.423089806398	14.1541845606054	14.2431216001788	14.1684023581048	15.260153943643	14.9268658440431	14.4894769514019	13.2212598803053	13.8404053226437	13.8722890113137	14.6344118925464	15.0245636428218	15.831687680718	14.1887055097744	14.8890381956583	15.1358295345359	14.4718322294488	14.6052303769792	15.1148433772466	14.987183728116	14.0190229504853	14.3426273107117	13.7869677154716	14.5968202844487	14.3981986346947	14.7220541144466
M245.0967T242.35	13.3420161220429	16.0468500380185	15.5241370164554	14.3892729716962	12.7748970315524	12.2741954596818	13.0244258366772	14.1125905226736	15.0044492901767	15.0424742734736	14.6918644866868	13.6444918353054	14.3462279474315	14.687715142021	13.6416568525174	14.2778539791387	14.275646162245	13.4267233533241	13.3180330528765	12.2995353456935	13.5875379160864	14.7577413100545	13.7611787137009	13.5788801112277	13.2174309560364	12.9168337308586	14.6322026069064	13.7106507678704	15.2873923378761	13.5086441340867	14.2857367107617	14.9361586434916	14.0808853522712	15.1552744129828	14.8128217300801	13.9954876975822	13.1505275055086	13.5480043879763	14.2251844209166	14.0012217492284	14.1680899657151	12.6779569289079
M245.1137T75.64	14.0166041765148	15.6983022669405	15.6068100209941	15.8351325712846	12.7840662648669	13.7118754031809	15.0253840642594	15.2698909082351	15.666731409106	15.0000372392126	14.3711401867237	14.270107160785	15.1855046817109	14.1930115229316	15.1351905132091	14.2312421232699	15.2986789219904	14.9765307484375	15.0574577704545	15.3266217122287	14.4668245838421	15.5583553767093	15.67120044507	14.6970671620689	14.2310719219317	15.3661833262953	15.6109863178497	15.3533371595491	15.9608331859134	15.1122165175757	15.8077493764167	15.8726543958297	10.3197872974995	15.5098358192574	15.9020550357881	15.6758353120452	13.7439001883488	15.981676394288	13.8751975021408	15.4494131019368	14.3071332271572	14.5407735740846
M245.1507T210.44	9.47025706410806	12.7135621724688	11.9640395859582	12.0215117143835	10.6475733159014	7.79143179366027	11.5597200582832	10.8003357079986	11.063624622796	10.590257862651	12.3202907332261	10.9460298716222	10.5384730628401	10.3794704239832	10.3745999140095	11.6189745785966	11.8788369215559	10.982243121763	10.770359630945	10.5730483186943	10.7443406536407	11.259254341897	11.7778248703668	11.153370360411	9.27920847185447	12.2565107394441	11.9193119895589	10.563194760891	12.2690523340947	9.19282377289702	10.3047296126765	12.3869744860015	9.74200675903453	12.6648174282042	11.503226524154	10.5793574424093	10.4124038637027	11.3096980523639	12.1830783175031	11.5158977758042	12.6137089577264	8.24956947882949
M245.1508T94.61	16.9040334231259	18.1279703249463	18.0160627744518	17.4484227258841	17.0290058141234	16.7752041132499	17.5658270064838	17.1353002812649	16.8088873207857	17.4263849357706	17.3159781372641	17.6333897222322	17.0847152844854	17.5539420124921	16.8865237562498	17.2988895382334	16.3501360389852	16.4675486591581	16.9180393742622	17.3236999810163	17.6020383039271	16.8522122342007	17.9956216016288	17.7337024402306	18.0432383771401	17.789368799794	16.8360750508148	16.8117078231805	17.7574164898411	16.7030030430522	16.7842323390266	17.4294156730894	17.6629714237785	17.0841376152035	17.2048605464638	16.8117906983456	16.0756445010337	17.3191100379528	17.7479968988032	16.475421904504	17.5754638781629	17.0022231293209
M245.1618T64.56	13.2149401204749	14.0860189135024	14.2999144114096	14.2249289855474	12.8846272459606	11.7291793332052	14.1410748765666	13.1102791089234	12.6926265383499	12.6565435026768	13.9293231534268	14.6362223473139	12.4270066078636	12.6537698073094	12.8742217390896	12.5982260464616	12.3764842254289	12.4783558534344	9.35727429068437	13.1777712267816	14.1371832541064	13.6961018747294	14.1605358684488	14.106811181294	14.3080794572136	14.3448657063843	12.1301239004575	13.1518264989779	14.3781243095713	12.5908693926539	11.4851152583339	14.3124709694137	14.2713584668749	13.6509829493548	13.9144605728477	12.0651972367404	13.1712256961204	13.5934474928299	14.2561216790346	10.8194132917088	14.2127473092113	13.6616844034898
M246.0207T349.73	13.0402385487871	13.6686986455891	14.0174965592801	13.8113925038816	12.0178108461052	12.1339352259582	13.6001396966982	12.7168182312361	13.2406099197198	12.855975976249	13.9411309107307	13.1419057830175	13.3170311025405	12.3485597478201	11.652341206327	12.3310323066227	0	0	0	0	12.3493247168361	11.7888340980902	0	0	12.3557885283882	11.4353994317418	0	0	13.1014788794052	13.0138327759973	13.1506846009661	13.8860915895526	13.7633250791581	14.3828520264685	12.6515627043259	13.3194611968847	8.56432126711585	13.3375526448021	13.6381949926338	13.1761499237377	13.9680315640628	0
M246.0538T400.57	14.1679859873769	13.3231607121237	12.4670472239072	12.8694763303402	13.518433887798	13.5757292897939	12.8168059520572	13.3906888291472	14.4026614885902	13.6724917191361	13.3877905877941	13.4652351348994	13.7812851715258	12.6111373605724	12.3033967465929	12.5127130488026	13.1527740187835	13.5005047922113	13.4875006677036	13.1042515160713	12.0900417525597	13.787762395532	13.6229584888831	12.9062366061041	13.2987118499288	13.9058769466548	13.0805032456231	14.5273830437355	13.3924235549117	12.2422390761074	12.20037807985	13.7530463426116	13.6383426671399	13.9697557659136	13.2235043779471	13.7875389487676	12.8790017884641	14.0068641388048	13.5656647394034	13.2899772597747	13.7176249548483	13.4696838116253
M246.0916T52.36	13.3902043771252	14.421209561854	15.28744430378	14.268766388092	13.421531027581	13.8616596276274	15.0913317869498	11.6428973046651	13.5997049435482	12.8127281622406	14.3841847325128	13.4778222940794	12.7943166256734	14.1481822753857	13.6662609183001	14.113078555142	13.1272432827825	13.1585081130604	11.0533180878377	12.3498198902597	0	12.639277987152	11.2851088315977	14.0324685955312	14.0285140698669	13.7225878363915	13.354661791712	12.0627346327934	14.4878806966865	13.4176129500772	14.2960750916874	14.6553618476086	13.6718430206981	13.5796138322781	13.6004770814304	13.77995422823	14.0281975571762	14.4737217279149	14.4207390910952	13.6905717372993	13.4720169721539	13.444762192537
M246.1344T364.89	13.2749315973314	13.8450367082152	13.4268881265545	13.3302580740168	13.1318229347109	13.0894253779504	13.6389007606441	12.8894534209668	13.2225271971962	13.0547905431289	13.6826070410172	13.5535123869189	13.1267471591623	13.6121691779543	12.9506245052568	13.0642527662942	12.9049329801713	12.8959597377071	12.8169873727116	13.5274104865913	12.9550171061453	13.2013222313899	13.6190682009511	13.2467024584972	13.5593355440138	13.720846873582	12.8512961784026	12.7990687957609	13.4430867570644	12.1933813816775	12.650598669142	13.9271106005372	13.5088556027987	13.3784787383315	13.253845926587	13.5268145538433	13.2368532567472	13.1211188600673	13.358416072066	12.5179109144961	12.9170477091126	13.7505900474674
M246.1461T127.19	14.1310310790764	14.2287992325649	14.0411883099157	14.197842338194	14.8653374161928	14.4668008163759	14.1950568486675	14.6696439663932	14.924827803798	14.4317850143115	13.4025499176562	9.95793365240215	14.6524212959856	14.236049727625	14.5237715263782	15.2279884448425	14.5343499751321	13.6587757293843	14.1900275054094	14.5429895845262	13.6525780375354	13.9788956324543	13.7743653347201	13.2091954962281	13.1729920185385	14.1399782187659	14.1371866746996	14.4785782537262	14.3862583615269	13.7070063799515	14.4050498658548	13.8358625323979	13.2808957050193	13.6755411787686	13.9005561520903	13.9480550081405	12.9541711696177	13.6894791186503	13.3755472967674	14.7262250441435	12.7270430348467	13.9118767180272
M246.1528T491.39	13.8532318755376	13.3226524645417	13.7510264974945	15.9744748689635	13.9532297446957	14.5920299844847	13.8301397088171	12.8945927660346	13.6797864432972	15.4273537268918	13.6945405470205	15.1091583816875	14.6557602762292	15.4553340637923	14.5993237095759	13.3482661088912	13.9275195857545	13.6343304759774	14.9289988203045	13.2422764756	12.4357316443251	12.0502421971673	10.4762145871204	15.7761430584856	15.9359085634234	14.8405147104434	13.3487092304338	12.5886884326103	13.4065606529481	13.0461966544189	16.3100020621291	13.8135731501835	16.6876646936079	15.3998722288348	14.4024588416052	15.1132551655239	13.7751488297245	15.8734212214565	13.9302519702048	13.9976188077248	13.2817338203488	14.0558934675332
M246.1591T661.99	14.7736880676215	15.3099973935547	15.7152052417443	15.3386200567869	15.1433411417729	16.0107563061361	14.8262889352303	16.1565824156737	15.6561203840922	15.165792077672	15.5448097192358	15.443841802397	15.8057698903423	15.2462117511868	15.0687718006216	15.2687656302825	15.4115855624893	15.9833822289869	15.4998304145635	16.583370908012	14.76281057376	16.0624652685495	15.8357469403881	15.6803033271424	15.345029612466	16.2851376978926	16.138787064241	16.1030452856506	16.3274218852438	14.7672062852523	15.0251933148041	15.9416438465344	15.4354626877166	15.8416044247365	15.2098741428182	15.7082475983601	14.4845866657865	15.5201553640946	15.49327933578	15.5359632067066	15.6811785301798	15.5838411885498
M246.1711T472.61	13.2799025197717	12.0594781733915	11.949627567193	12.8565972020449	14.1263950686646	14.7658719636259	13.8270550796748	12.7457207836372	11.8226223820219	0	14.0178427460986	14.6734333919885	13.0277720073721	12.2412625527518	13.6448185944986	13.7863387269404	13.1099041224238	13.1496416143434	13.5235786754626	13.6902740700054	12.5906650534019	12.4261022390867	13.2773079228326	13.2269459928205	12.8674283743321	13.5135952198148	12.4107402921321	13.6346778974785	13.4608117728933	12.7472826412822	13.6628545726267	12.7323645471222	13.3641928708899	13.2781385343792	13.6942370887305	12.8056410572422	14.8738005427989	11.8126914391262	12.241322408636	14.4269452261473	12.4939027947837	14.1063068156106
M246.1713T284.95	18.6449915068554	18.7950842917528	18.3299268737675	18.8851384199672	18.1164547907358	17.7815418361973	18.4133270577805	18.69814422748	18.4493232971893	19.3487786328059	19.2602308056699	18.6187333336207	17.8428658465349	18.6717610168182	18.3238597456054	18.5266918992683	17.8162142260867	0	17.9948470952694	18.0942569046468	17.6051830008136	17.6081195466704	18.4021904615397	18.6257304852257	18.4375752271005	18.1512602294027	18.4396857649949	18.1068982713395	18.4768610002153	18.0297648477418	18.323891153122	18.3144555942668	17.7572306756705	18.0541658568893	17.2385525710305	19.1605301773429	18.1934179022063	17.971661927312	19.5498462818379	18.1393033804195	19.0176480697665	19.4706263029321
M246.2066T75.81	16.764088618152	16.4800646999377	16.4880323417796	17.5521645938698	16.575199632223	16.7128793892236	17.651358351816	16.9246826448674	16.9793032798037	17.0144859068608	17.5496952508392	17.6955046537703	16.450853615145	17.4080124137849	17.4668240464714	17.403709521194	16.5525250150931	17.728465025768	16.689663517028	17.0013058262756	16.6267527451759	17.6127641303145	17.8283689798488	17.8479305805696	17.7315416724183	18.101236637646	16.0283873520931	16.840015806002	17.268712821349	17.4263872601432	17.5164956867088	16.5715277622685	17.0782100121728	16.6793678235092	17.2736072712255	17.2455435811888	16.4082652580974	17.9347142932055	17.3028949045922	17.1310137379121	17.3915829880734	17.2929669951428
M247.0104T55.83_1	13.8124286446733	13.3685315549194	14.0040830288633	13.6842915280092	12.805663410094	13.2759157776648	14.2645728189619	14.1032449770834	13.2209075402337	13.4948422000185	13.0877887238705	13.501852545175	12.6798540923072	13.7704197947539	13.5054368865828	13.5189377277232	11.7924693119743	13.3009238527545	12.9135037385278	13.6928553009194	13.2459019787168	12.9992973264969	13.7696623145307	13.7930121334869	14.192290023425	13.5925100695634	13.3028194610981	13.4797507495849	13.400763968151	12.4187550885819	14.1120989680273	13.5250687761951	13.8208195940738	13.3030769953858	13.3381368002324	13.2946629186141	12.9348702224309	13.9427096183706	13.7989102986258	12.167067311694	13.0604620051011	13.3212721804981
M247.0758T100.84	12.2968856984835	12.883120435483	12.4412929955891	11.8455985184575	12.6676288684806	12.0763633388958	9.42417656250652	12.1757359326338	13.4985969991222	12.8259533761184	11.4526220130851	0	13.1568547794012	12.6145234300706	12.4016612189201	12.8354559338887	13.1166907664095	12.438948304387	12.1728643353336	12.4310312210998	11.2840538500395	12.6350171157413	10.9731733200376	11.5069376122776	10.3623036846691	11.1716901713327	12.8895634292576	12.4012548841315	12.8614928941018	11.8327394619365	12.3683684040388	12.0054344931678	12.168834508163	12.7305335591546	12.5220360209813	12.5320973672899	11.3770379364595	11.3488133483929	11.5355683550525	11.7475692486059	11.4564179830025	12.1975093839432
M247.0773T260.39	12.2822015207548	12.5679309430515	12.5659859176709	12.7922439051535	12.590848554885	13.001541276963	12.5886884831511	11.8669137019147	12.19573848743	13.0262002834628	12.8732582158489	12.4293695540354	12.3940978664873	12.2608989521159	12.4806164064113	13.0558130763195	12.5298458693224	12.5975510510072	12.53918502839	12.6803852574713	11.9267205354318	12.4362145637231	12.8656743351139	12.69862622706	12.8431528058668	12.6647525726165	12.4263563103431	12.4631995655221	12.9371320296317	11.9374325196945	13.1161223448758	12.9846485842195	12.7724698765008	12.8278316750874	12.743958765722	12.9551544932183	13.0212103240599	12.400790824177	12.9415667725392	13.2246959904001	12.8188156428372	13.0901917407756
M247.0935T56.01_2	14.5129025564134	13.6197834711959	13.3711910134464	14.3648962344522	14.552165724012	14.3913531404423	14.3041528512003	14.097181722097	13.9749434219137	12.2785861501397	13.8651489279439	14.0400706225962	13.5341315653274	13.112913997281	14.0173178172029	13.1940032522977	13.8445124200958	12.5807778248972	14.0360794061061	15.4615276067111	13.4883410700387	13.0587902416383	18.0796040725697	14.3091474438251	14.0103006136661	13.3384152981899	13.3934287845922	14.0650256109228	13.9035798758469	13.3485121820486	13.533232962014	14.1159666445114	13.5939331918394	14.4713721715886	13.758790962639	14.0333534082783	12.8994553474009	13.8270567171317	14.3143029101162	14.3927229325642	15.0168712370989	14.4010238113657
M247.1089T287.23	12.9738929639752	12.9422390696779	12.5991585355244	12.1589243632449	13.7949731667712	14.3478750896583	11.8610361856166	12.4797348307265	14.1015661115259	13.3196300860172	11.9381455551279	10.6878863007531	13.6854935176116	12.883239627194	12.8511941287381	13.9720166406167	13.9593813653443	12.9067367147779	12.8275148540343	12.6990375019852	11.5417226616382	12.8342659258914	11.4082563503606	11.3140333447216	11.8388628279435	11.6689482081523	13.3298886091013	13.7154581688725	12.6656501248668	12.4242466262439	14.2089195991236	12.1729414765348	12.2137593956591	12.6946036932155	12.8253340945287	13.3112352384659	14.2069811318562	11.8669320047344	12.1594215837171	14.2123676104923	11.8957664311668	12.9156289473984
M247.1292T229.13	14.5619836567376	16.2754981745303	15.5714717344066	15.4638583064455	14.6290708115547	14.5140103116608	15.0881144779419	15.6238557223591	16.2351818901536	15.9648923004532	15.0737285229654	14.8686577759109	15.6290569829834	14.2279171495575	15.915133302612	16.0421987272864	16.360141548724	15.6872624712755	15.4686806140437	16.5773236577116	15.4135971578452	16.4491590510736	16.2153230483987	14.6516200004166	15.0007302452308	15.9359828581857	16.2536933577171	15.7818489041209	17.2128564575469	15.3775232466972	16.0619583621231	15.9519423548794	16.0827047411373	15.5042609466008	16.0051588045754	16.1015876892889	15.3546309786976	15.5166478194376	11.8279634602674	15.2331266599229	14.7782588935309	16.055129903564
M247.1409T54.84	14.7577211713661	15.5335572958862	15.130161780126	14.7930267978221	15.3095296261183	15.5494892767406	14.371709017328	14.2136548843039	15.5638405975955	15.000566928522	14.157307154239	12.677787787308	15.0885897573655	14.9931743272169	15.0852198953487	15.8654133232197	15.3967894513531	14.3285459147024	14.6303212036111	14.6160597131505	15.6219611121121	15.5661420461005	15.2039986915813	14.2944853772025	14.4783929953096	15.4950954550908	15.22506655059	15.0409742449753	15.6869681340566	14.7350125581273	16.0625200870185	15.4875090541037	15.2431543649841	15.589529143073	15.8652627117448	14.5581207202252	15.3665239310553	14.9685134394643	14.625448577847	15.3081367563547	14.853046263121	14.3347640550341
M247.1774T52.94	12.2848915429042	13.9739663578237	14.4320298656446	13.0939584495646	12.0766244750388	13.0936383712724	11.5360973094476	13.6292114468974	13.914850317011	14.5486940080729	11.0679085268524	13.5080209553592	13.2846249235734	13.4304734604822	13.0443249116998	13.9377071822417	13.806957568739	0	13.7355568216717	12.916240807363	13.1417163888467	13.8765774207277	12.5038446813123	12.9040349746792	14.051483191652	13.5715523813153	14.302283046618	14.2401020803159	13.8782496045517	12.9179796388046	13.9484697178347	14.0260149840807	13.1075955263776	13.0253736827329	13.8973793019968	14.8014748757242	12.4154621912971	13.4628883033185	13.7224273991392	13.1709752809561	12.9021336670781	13.8527816608654
M247.2107T83.87	12.8873849595815	13.0764300369333	13.1789042714404	12.9865184779729	12.6855863003121	13.0734400003842	13.3267276368026	13.3315748089179	13.9134454374418	12.9261662067837	14.4904794247737	14.1404652512536	12.7235992990898	13.3898113715668	13.3084641047337	13.0304683052252	12.9595011474059	13.597977982449	13.0623421904032	13.6334522297162	13.4298922633331	13.5546742782139	12.6792312106949	13.3668479858214	13.98012568227	13.4297716954928	12.8818930594092	13.1902969485401	12.8646683720207	12.9826520293431	13.7828709388636	12.8807712226034	13.341786352175	13.0193449778698	12.9824432076498	12.6908843015477	12.6751796965029	13.6638658926508	13.6592096076865	13.32687698931	12.9633878010944	13.5161614329724
M248.0775T63.66	12.1476135325128	13.4333665063012	11.6406750659362	12.2908696149754	12.3905982742287	12.5991740616062	13.5140331757008	10.3538473122223	14.434787356966	10.7174923093386	14.0240410249754	9.705880433395	12.9045765279065	13.8933255172229	9.07765537495761	10.372752989289	9.028689455728	0	8.65623838042296	11.2446757886568	11.8237353842153	11.9935684330698	10.8684701873309	12.5290224054872	12.3546139692011	14.1124987744061	9.53114981432767	11.3864780576408	13.4476760159478	13.3244295065271	13.6534996863284	12.4684716362973	12.5434340804942	12.0266955726076	12.1878425920375	13.1753595798073	12.0260572551345	12.1669593272593	13.1278295501227	13.3545529838617	13.8210644113778	12.806793535826
M248.0913T326.23	12.5710152299278	11.1890154971147	12.3123700066096	11.9883459116811	12.7492596778656	12.9774606055457	11.0077453479344	13.7482236066425	13.9619270517486	14.7787051886132	13.2062648708655	0	13.8907661066754	13.2376173446976	12.5876774745976	13.4617526151943	13.3722865673823	13.5435412403683	13.6553849577517	13.5439443516639	8.79353469666276	12.120171267926	11.6219481017283	9.19207586008552	11.0089581973553	11.9021236685491	14.2310713411882	13.6798217609377	12.8482821112105	14.0816414961442	14.0164165293045	13.3679214979832	11.9476973478469	13.3627050802639	12.3897193265257	13.8005435042978	13.2875472419989	12.3166657608701	12.1398793590731	12.8074031034285	12.9631872230418	13.2496895557196
M248.0963T191.55	15.1560282695419	12.601856481978	12.5710526105633	13.1563119625717	14.9331535879991	14.2094359489633	15.4886813857375	14.2978957404718	13.4049082964668	13.1369639466445	14.9608799233431	15.4464321469021	14.3746149097959	15.0080435956993	14.8798670997849	14.598472075596	11.9981083190425	11.7731094423568	13.0127034360815	14.0177002382273	13.5378246631457	12.0199576918292	13.5157189826104	14.5935158190076	14.844436569959	14.6308334450996	11.9023077669955	14.8046130525908	12.4797545252608	13.2183083773493	13.7157852257873	13.6146713218307	13.6895797232506	14.339480703822	13.1227310450216	13.3424030451736	15.3392547185636	13.3698117042515	15.174874305269	13.8569862526798	15.4671871050201	14.687110134177
M248.1123T373.42	15.1511700300919	15.3908060761368	15.8100496029842	15.3008587128156	15.2373692458043	15.7720978601472	15.8672677200394	15.0512141470759	16.0025008898466	15.1128683353047	14.9706271744642	15.0678130282894	15.5030577219431	15.166175614457	15.0034287642699	15.9442157166323	16.0648739581778	15.0675505731578	14.9049383207108	15.8822235946108	14.4405357324654	14.8863207506868	15.4225382059898	14.5484278643179	15.191001533738	15.7136975075187	15.4160288805473	15.4061706500194	15.439827298668	15.0077889917057	15.7390642687708	15.3988369322987	16.1558676825781	15.3446583105017	16.2743978374339	15.5819075324856	15.8120256209241	14.7482397825718	16.429492370034	16.2857821492095	15.332742958214	15.8815829116416
M248.114T103.52	13.1635443088901	14.204864851528	14.096306231007	14.4360101923575	14.0784958755909	13.7977011811118	14.1182492349864	13.3110032490632	13.8406251876278	13.080040451568	14.4857166890724	14.5413285879098	13.8132817855184	13.2170438200955	13.6590638279176	13.4483852597265	13.4494837837402	11.6075342276448	13.2532832739924	13.7722150935957	14.3315675306013	13.7769958480644	13.9713477072067	13.7275689908392	14.0634169308828	14.2371031493364	13.0609597009243	13.403769206581	14.1738493604387	13.3552609367495	13.2721464100317	14.7128505859818	14.2158701720143	14.2381874115585	14.3148526150363	13.8341964871889	14.1335710835694	13.8530305210706	14.3538364110312	13.2066915111484	13.87780956079	13.8296580209034
M248.1141T252.92	12.3808700880162	13.6154915048576	13.9477281428211	14.0242874070548	11.7254292640853	11.7065494553926	13.6462157089138	12.2371937195824	11.7014111369162	11.1743672269859	13.4682206451202	13.7446245590967	11.5332768533796	11.4893953890529	11.8241347391815	11.9984363832314	12.1939540420346	11.3944702481788	12.3781853455338	12.6677393440691	13.0589368961694	12.7528716677595	13.5459535122346	12.931634276838	13.8181273494148	13.6721112838118	11.3458812497865	11.6428926092375	13.8106885562177	11.9631645475003	11.9940477856257	14.3963461985663	13.5242537247201	13.6733717261629	13.4118687600119	11.6100635073692	12.8868547061252	13.5243729136033	13.3622836239735	12.1154514832943	12.8657282092305	12.5767842702919
M248.1328T376.47	13.115669243241	12.4713478519846	13.3282305795887	13.2481865745793	13.2109628033795	14.9181271936288	13.8565019583018	13.6434108275893	13.9958655896652	12.9224231908098	12.6802760928185	12.1980680181452	12.6956993116053	12.5717218718621	13.5925941849583	13.5670797242149	13.3677192515616	0	11.9353335580585	12.0179760858614	10.1202394232578	10.990722864377	11.656763345869	12.6164546594653	12.4247800501281	12.3985668581719	13.3989317742442	13.44518920092	11.1561136714449	13.4338016042605	15.4475721740049	12.2350135114186	13.0629410361357	12.4755666481901	13.5755267542528	11.4044135439145	14.9601186474801	13.649194575025	11.8915060198338	14.2585714015851	11.5052750990618	13.5801058583016
M248.1687T444.96	17.9246037646388	13.3077952783627	14.2011270144302	14.8367415206762	17.4862505454808	17.527471304837	16.5760738909002	16.5016991106028	14.2174032243796	15.2963122491179	16.3397764731066	16.7077901181316	16.3817647735893	16.0245554283506	17.0889670864183	16.9634566959429	15.4678352113213	15.2059480148882	16.7426906055975	17.5773208048101	15.9299671454849	14.8488070700242	16.2189491451092	14.29230723137	16.3903075380211	16.9836842980937	15.9233788281214	17.4103553890167	14.5885323680698	16.0022008583196	16.5370434502671	16.0021254058727	16.4629166169645	15.5504651960697	14.7172284990233	17.0071707457436	17.3193528944472	15.4676859717432	14.7235243362823	17.0270599417384	16.1178398983534	17.9886405135211
M249.0916T106.96_1	11.5832002447773	14.1357678148697	12.3698858425136	13.5148551204658	12.5533018549558	12.2085523932425	12.8253515277896	13.1284350690773	12.6760275010721	12.2156145668242	13.3997924908818	12.5753827139722	12.427891275605	11.7954849120141	12.1319125234211	12.7366794624559	12.1877994995484	11.7402122699271	12.3597328013584	11.6029994160697	11.5741148735296	12.2094673521032	12.4712133407582	11.733211111831	11.8530409766492	13.5680364645469	13.7427737789859	12.8356782683016	13.5533680756932	12.0266979316414	13.3546384702105	14.2242607794978	11.7064471158564	13.8109593847454	13.3257010798296	13.583739287878	12.1438497974332	13.2928284212115	12.7562051421683	13.6991609270997	12.0644105954676	12.3743449306809
M249.1091T52.3	14.1078802964353	14.811199855075	14.480644932939	14.4476052896806	14.2355569493211	14.3887951248998	14.1043971965133	14.3878372410359	14.1131640939182	14.0076480246317	14.015380276949	11.7782035732371	14.326398707008	14.364108894058	14.6032397767986	14.8541618551406	14.3729379018671	12.2235874745818	14.1477427275114	14.0463775315152	14.0965740566087	14.7248677305711	14.7613321475139	13.9808741612715	14.4378240961532	14.1646016034416	14.2588850925538	14.1836148678741	14.6888520684203	14.3997530297163	14.5719164068485	14.557745632905	14.1501458384446	14.5938715826379	14.4695062278708	13.7232372085023	14.1529667935931	14.1103037491097	14.1670700388947	15.035944044158	13.8315451205517	13.4145892947717
M249.1245T89.23	12.0256661149348	11.0667757177405	13.5257308448656	13.3889871167881	10.1952529388742	10.7775665184296	12.6445104418576	10.5651236592211	13.2194985862885	11.341953351996	9.1679032193064	11.3378756276095	12.6960149082784	11.0851722760435	12.5016847597153	12.178280614954	6.72631846740573	0	7.6876234142609	11.490669374023	10.7410494114168	7.1405348185025	11.5321248458556	12.281582410815	12.0855731843437	0	12.6890363575422	13.1412534796148	12.1086455452475	13.3307424784829	13.5370636253171	12.902040130444	12.283938412565	12.8803524299832	13.2890122217515	6.95003577011929	13.4469789087085	11.9705104288108	10.5203260376262	11.896307997581	0	12.2246390081511
M249.1337T107.5_2	10.9540970252282	12.0618373406465	12.08791476061	11.9993014300373	11.5646402903192	11.5084570806533	11.8860977475221	11.4447392720582	11.2309248812999	11.1665187445966	11.5207812916925	11.1184526000037	11.0582420226136	11.8726912084128	11.6814728711257	12.3865798795036	11.4827519776131	10.5984435511889	11.2652835877136	11.3399772922901	11.5018134384947	11.8014356239699	12.4376680015773	11.4538950639732	11.3423212284689	11.8056219416997	11.088466948254	10.9051719609407	11.7631314358349	10.6529911190867	11.5700106400955	11.940325837837	11.8202136275318	11.9003375599491	11.6957995368219	11.3109100635666	11.8622115972574	11.4794893873988	11.9521843883069	12.0576889968323	11.8858063814865	11.4664269115829
M249.9839T48.79	14.0933030737109	14.0108256258684	14.7577810214705	15.0105402366595	14.0202745161131	14.8144047730313	15.0023181542432	14.2255233512989	13.8845978410759	14.1508348773922	14.6719989814967	14.7281980718162	13.5734367500139	13.7010587681672	14.3098676745686	14.3526789582592	14.1028926702149	14.4521219667013	13.5630120148498	14.0787978885228	13.7098319843231	13.6856210502911	14.9122343952712	14.6192694453359	14.6824551570004	14.5039099367453	14.0307561031097	14.1694284452321	14.6219408926084	14.4124345802689	14.9438839107437	14.7519658820346	14.7207572878863	14.2679392367081	14.8730926215441	14.549253341757	14.6065152359548	14.7732425435309	14.9080241420182	14.5720460458422	14.1672030312882	15.1401916269854
M250.0387T63.11	14.9227832422161	14.8309258549872	14.7783222654906	15.2341449034394	15.253590991033	15.4187276468132	15.1630652284802	14.2395042223213	15.1575725616985	14.068514973171	15.41358320227	15.1730969983085	14.7089549973053	14.5515621637776	14.7350706796288	14.7894219822504	15.0596876985517	14.5859183528606	14.4601475744714	14.924607150822	14.7959467258822	14.3897506088327	14.8409751696787	14.3901877946523	14.6621364666276	15.015730454952	14.5587812784391	14.9492609545026	14.735535451115	15.1903748237897	15.4068181360262	15.3255685637207	14.6555125394548	15.1609695959643	15.1619760955844	15.1379928964373	15.8126317686342	14.6918403981963	15.2353474857351	15.4577694480626	15.6683879804787	15.8154083255061
M250.0393T268.49	12.2518543507896	11.4762096978189	11.2013739855312	12.1058217014121	12.8025892916365	13.2302016639243	12.8812814715626	11.7714711790261	12.7314049579037	12.0093718058221	11.6137653095379	10.2599547540265	12.6214735306783	11.8767852962034	11.3876653692171	12.8258181883538	12.2014402139247	12.4644702044104	12.7450411687285	12.0581145679021	9.93361626734818	10.4498500066738	12.5764391335794	10.57187038597	9.04892794255762	11.9068490838586	12.0083792768846	11.748554520988	12.0080629856182	11.8413828384909	12.8884311674288	12.5381484283513	10.4875491194626	12.5719305820934	12.7598071487257	12.8504208429354	13.7775292906297	10.2240773751351	12.5100538212395	13.4196731533379	11.3583557352534	12.1808617478742
M250.0756T103.03	13.3795577313275	15.3294837523924	14.2321470867917	13.5158476258737	12.8066730905655	12.2635269530244	10.3159558752045	14.0524566397454	15.0806363080436	14.9134623016164	13.6741785588337	11.6099760780153	14.4200257776514	14.1589271680496	13.6549770827887	14.2067360173613	13.5198096030122	13.5238081149992	12.983871950642	12.3226955026987	12.8743658516174	13.5118804986588	12.6240024404199	13.1345871363416	12.6927458476106	11.4224313207298	14.2035740177032	13.248954792744	14.3563855101324	13.0762446061632	13.4187668286457	13.3291244870365	13.2251509077956	14.0382554902194	13.9103076635601	13.2938183917959	12.0948001882155	13.1652813612678	13.2795084529521	12.7621520786297	12.9666158417674	12.3224123396883
M250.0757T269.09	11.7670904592001	11.6830655326222	11.2183156016077	11.5237351354274	11.932697570805	12.0337932738696	12.0282357935775	10.9444694142827	11.85205018334	10.9750424617396	12.1330177654712	11.7321615680919	11.7221872772772	11.2842992325241	11.4621374188623	11.6933559946349	11.5795808262862	11.404896626165	11.5739080489273	11.5708174014079	12.2277148494039	12.2350789997323	11.459890929452	10.9787924534609	11.5830076162153	11.8221572913004	11.460438773079	11.63333748446	12.0866006973709	11.1663618689557	11.4869695590385	12.1054226113998	11.6900104030986	12.5766749983026	12.3741408078244	11.1131135862191	12.6406391882438	11.2733948801431	12.2000488356144	11.8050429824794	12.0385403029357	11.8393376075483
M250.0808T52.64	14.6815360904989	14.3538841900571	14.3071451192981	13.8377691932002	14.7608049378364	14.6602602143101	13.5615708972985	13.9283616927457	14.2861582911741	14.2995746765969	14.4379584700499	13.4887020010409	14.2041838711328	14.6173847698056	14.3105586329975	14.6319871824222	14.4174977222431	13.0965751280322	14.6453996488343	13.8450684850066	14.2923075922293	14.3951869032147	13.9833371369483	13.9419069008577	14.1554839022977	14.6705551025524	13.7017883225755	14.4152116241085	13.9982899218505	13.7661237535781	14.3642488499881	14.3919207667139	14.7315867085955	14.7030570264677	14.3722265301436	13.6476316598434	14.6626997130598	14.4970967658904	13.9475853745911	14.5134899334524	14.7124522041777	13.7113922137053
M250.0945T100.98	13.1798201207672	13.9743954814721	15.2810003785295	14.7308318972476	12.9479273432786	13.6777504166888	14.3883735205169	13.2306183316438	13.5695249143273	13.6862125629558	13.9376891331514	13.0879680160395	13.7826271698015	12.1220484091217	12.8853095782956	13.0299718685415	11.8196931144871	11.9744115682221	11.8204682342907	13.3164511703902	11.9384550663599	12.0608981070848	13.5765274136685	13.6537513980338	13.6426883867449	13.3307361905372	13.4346594786934	13.2718370270786	14.1427015125683	13.5268872444944	14.4211889573762	14.0333075947139	13.3920258347218	13.829955560971	14.1230650050479	12.7392465730598	13.7391048906034	14.281427884975	13.3829587825435	13.2872333006292	12.1908864160632	13.9322680551732
M250.1121T289	11.4670549841986	14.2619405844739	12.9290491492861	13.6003916514175	11.960302202607	11.8545044015988	13.8041482323475	11.4596977483761	11.478981521269	9.25399647724559	12.889647345384	12.9149382269092	11.7325905649035	11.5298156487813	10.6887552782489	11.5231258242275	11.5543002708801	0	9.74471468986413	11.3373034187241	14.6739571828705	14.4733580348432	14.1379869540422	12.76037361807	13.7714903295122	13.754614961359	11.7893301287616	12.1290966926278	14.3656035545166	10.649447163044	11.6328028354771	13.8864169600995	14.2571671577731	14.9673998977181	14.8380504499623	10.7688848842665	13.0962535660737	13.0368322523083	13.5486728823782	11.7516078987494	13.461834046573	10.671571823673
M250.1294T58.53	14.5800822953219	15.4739849316592	15.8987067373097	14.8410172589515	14.7209248921287	14.6397982595198	13.6424426730241	13.4895674467238	14.7928979428877	15.2571469385287	14.4677077632782	12.9756265952588	15.51968133611	15.0276400915169	15.5525469411078	16.6573904233751	14.4465510942568	14.7028568472447	15.554607884424	15.2563553360562	14.9697781170849	16.4590998824829	15.9043884880553	14.2574055750426	15.1187434319044	15.4616793725338	15.8580354049616	16.1100814542359	15.8367972591683	15.3658172824778	16.3616972791236	16.0306571675564	16.0372076338186	15.5510627835495	15.5228540244976	15.4112514477465	14.2857846211188	14.9690251866088	14.1084212608161	14.6640339302536	13.2018735375477	14.9808979946578
M250.1485T365.19	13.2234018109718	13.287390446148	13.5245051130825	13.4006880825871	13.2286515731243	12.4089398061825	13.0068741579728	13.0800346699347	14.3653127921415	14.496946136593	12.7369087153726	11.9396935820937	13.6030638560736	12.9489798282791	12.8016391930228	13.2794766876428	13.2574479071617	13.3278643567531	13.192619931036	13.2281470964045	12.4030687066649	13.2991573413209	12.5875639815788	13.0915128364364	11.9758488353664	13.3503197330361	13.795040181203	13.3627900175955	14.2745020283732	12.7160721082446	12.8935990928343	12.9907251003275	12.9592920947555	13.0695771273968	12.4805766119956	13.2990141281314	13.1805870036144	13.807385154709	11.8350597882793	13.2798635100896	11.6869251555652	12.3877681633181
M250.9925T94.54	13.9147364398447	14.5186855955025	13.4830904342144	14.689682887105	13.8175647811414	13.5985147505209	13.2663204813926	14.8120720174877	14.5674015593643	13.8832865074842	14.5082694055374	15.0772957824362	14.5170782041841	13.7911858062926	13.948687995662	14.3046410026056	14.5252924088996	14.0440051923488	13.4728759022565	13.9164982921079	13.5681295242755	13.8742830336659	14.3745651002653	14.0185518269221	13.5060212662416	14.7115540727672	14.2801780856161	14.5378140201631	13.6353238401215	14.6977011189354	14.4386997093191	14.0970082949467	13.5638271209804	14.0860138363179	14.3134591394706	14.3824170325602	13.3962821598822	13.182459791416	14.8440192697921	14.3070515452876	14.0635894878575	13.7584585870344
M251.0788T131.47	11.2134405892682	12.0280705204563	12.3194851838878	12.0678587969984	10.449839565908	11.2733902472996	11.1426953207814	10.4881877649816	9.93536168552432	8.10535882999906	11.9079638927608	10.635566285678	9.02774453529403	9.75669868545715	10.6919218762458	11.8798847416544	10.5568594743561	0	10.0690375773092	10.9511216116657	10.4400511001103	10.4515880678162	11.653404285771	9.7784588111494	9.02886832720212	10.8517710518502	11.5246032595255	11.0095082049536	11.3264286845536	11.5978963617424	12.4231855688347	11.6746435695501	11.0397541315106	12.1687451997101	11.4911302432652	10.910658726803	11.3864873855324	12.5664959856248	12.4890259119739	11.9892462118342	10.1903537673993	11.2716013096348
M251.129T565.34	14.4461593667597	12.4879191210648	11.1993928826019	11.706246368482	14.06871575807	14.4740629782765	11.7579420920398	14.6657086212117	14.2313965447245	14.6011920165984	12.6634076011411	12.6029952266294	14.4762626146591	13.8254085335484	13.1777623513517	13.7005329193779	13.9290797671244	0	14.6197033220844	14.8296605290137	12.5737064247151	12.8086790650994	12.8315221300914	11.5598478728089	11.2530641055348	12.8854065276017	14.6431724659404	14.9278118027649	12.9090647861475	12.6189565505497	13.7770958045803	12.103900629507	12.2881299716644	12.6146196718106	11.5251579424364	15.2835698180986	13.7481132602399	13.3583395191424	13.2747858669417	14.4434916131926	13.5947473772767	15.4363803107223
M252.0359T260.29	11.3520917570305	11.5434585847985	11.3705882729629	11.9485588223485	11.6333930084774	11.6559068946925	12.0744021602765	10.6346561717869	10.1397732947962	11.9063832285963	12.0904194327107	11.4394493952952	11.0107870746375	11.26603003955	11.1352562339615	12.0949277361336	11.4195020025296	11.6054628936525	11.5753768921996	11.5128663962383	11.0982570797584	11.3784158873641	12.2428212072754	11.6278328812635	11.9789666021132	12.25255582897	11.6317877440555	11.6181436652664	11.9538398419271	10.9184694748253	12.4002497966951	12.1404327919785	11.6479859820425	11.9707618189584	12.169750403939	11.6691020029256	12.0119384004221	11.2930664272178	11.6643199213743	12.4029676350871	11.5522708233069	11.9304275587685
M252.0516T75.1	16.2171668840067	16.3955034782968	15.5729681813178	15.7435765490194	16.0622082307335	16.2097062408771	16.0054763083296	16.1488229301929	16.3845120770405	15.9075836176442	15.838723462149	16.123533665061	15.8205487263583	15.9190568587212	16.1555413138627	16.4867792255001	15.6976713602765	15.9050190053833	16.0460184173742	16.1033924623527	15.9489850762598	15.9956500420038	15.798191095996	15.834601633775	16.42022303912	16.365269991665	15.4608898046944	16.1445684532812	15.9205873534011	15.8939999222237	16.3082735993433	16.1450603209328	16.3429750095484	16.0814634592333	16.2303835389369	16.4563286732638	16.3171451274117	15.8181562302821	16.4228169656961	16.2768717603906	16.1819468404265	16.3663770865242
M252.091T63.5	13.7776415256378	14.3190461419296	13.8445595977	13.2454755601513	13.7850978728091	13.4870631536652	13.306087261537	13.4732483385916	14.1220918373008	14.377492483703	13.6176313271445	13.1584536614449	14.1636670659265	13.9324905275733	13.582100865221	14.206572311646	13.8209976816143	13.0777368339614	13.7363541193954	13.8005729285774	13.1849179192924	13.87865735806	13.1870276541107	13.8511642742856	13.472207033893	13.8096692790448	13.6259772529716	13.8749595462632	13.7039267349509	13.6726606561	13.963143541186	13.4582819158859	13.6747920140272	13.5064787484992	13.8006154853991	13.8626338559962	14.1753617293048	13.4963935346147	13.4395937853378	14.1179482285339	13.7530481517913	13.4891573398727
M252.0912T93.29	11.6943310266924	12.8528019784778	12.6032678754192	11.7729204611952	11.7463147632628	11.095727887322	10.9850090997912	11.5615680806986	12.6620941533216	12.4029915623945	11.4131626412506	11.5709810151373	12.331929514581	11.8126902538238	11.5046916695404	12.3293853159945	11.892712750958	10.9724728216076	12.0308399290863	11.9890949595324	12.1427833068997	12.4473047718864	12.0934707135713	10.6814053492971	9.75563838322656	11.2761726946405	12.4614698352325	12.0121561868394	12.5021549879901	11.6855904297495	12.1178144856986	12.3252313489652	12.0277141517661	12.3068756676556	12.1498518002798	11.5100471166573	11.3585142234158	11.9804109032322	11.2888146613434	11.6499289145592	10.742087543554	12.0807367422413
M252.1072T339.66	14.8931237510441	14.1742917684168	14.1907843099425	13.4952718203541	14.7261183250304	15.4060537142188	13.5939968819761	14.7220153130565	15.1452833343953	14.40334899485	14.0820552354951	13.6848657156344	14.6209179789265	14.1143282388131	15.321195706724	14.9551369721574	15.3836804327366	14.6971841603248	14.5166349519575	14.8986843483366	14.2550517952302	13.9575047687034	13.6679521626444	13.1606464784177	13.5300315171184	13.8557540590962	14.6474793141193	15.4801069524257	14.1174699494601	14.5675194176248	15.6211406948929	13.8646557909493	14.3164383812508	14.2378803487203	14.8425662181285	14.9976025945442	15.625529855032	13.8650726358025	14.5249471554251	15.9068559666077	14.5579899705248	15.3208138061789
M252.137T484.93	13.7738126369837	13.2114780827163	12.5763912847572	14.7730324148165	12.8103348034518	12.6844689121241	12.9472811431945	13.3932287771296	13.0860180035611	13.8044475144533	11.5246215247239	10.2053669217833	12.0926313259052	13.7737615322432	13.5564985563298	12.7215989724515	12.8708017770862	12.1632020094875	13.4447701099458	13.5428469762432	13.5873067775309	13.8073853967634	13.2154333233136	13.6725571913042	14.8498154552853	13.8072576448482	12.9049618067115	13.2956926955246	13.4068342863984	12.3853211979072	13.7526603114998	13.7820573258028	14.7244215461214	13.8807429165024	13.056616377684	11.1147088374282	13.8387609239121	13.8637440861679	11.3433332566341	12.5295488372215	8.20065063483763	12.1733452207103
M253.0266T326.9	14.3248472703732	13.6964602985763	12.9845868210593	14.1016163461024	14.6105066157858	14.1048683766326	13.3904496591941	14.2350445288586	14.5992920372459	14.7129160105287	13.8595450978674	13.2683969847403	14.2104994926842	14.4194530998137	14.3828099897798	14.2772619602577	14.7173577337015	14.8065244579606	15.1480020754226	14.6105113824147	13.2292279908126	14.2910031221753	13.8895989160802	13.5134030239861	13.6733968957665	13.9943200975506	13.9665912493787	14.214743645568	14.0973494001023	14.2894001567238	14.7767193669718	14.2975064306629	13.6400054334757	14.1879854992138	14.1047973594947	14.5889575553812	14.4939930772098	14.1638990923533	14.1113608693823	14.5855891126661	14.3134616980317	14.6045626456137
M253.0777T38.14	15.3695180924281	15.4764586255096	15.6361365778253	15.0530665448313	14.9040622889283	15.5159351155314	15.2035702290035	15.4931740960524	15.5356225551592	14.8174380943045	15.8802234405378	15.3672281505044	15.4395303292187	15.3571193566334	15.3140205215719	15.7729497804934	15.5512577235808	15.3293171190672	15.4726786540847	15.2134622756432	15.609489650351	15.6219997652654	14.8413748636392	14.3645999205794	15.4895715215377	15.6775905008858	15.624262079246	15.5945496965528	15.5166695096712	14.9160164628901	15.5505377168132	15.3941168490444	15.8254777014472	15.4521897650584	15.636874622342	14.8167041248913	14.5381093096746	15.4181763155174	15.2978878727004	15.7056383380571	15.6442362178434	15.1719244158059
M253.117T122.85	11.6865927043825	12.3221375005005	12.6613844493999	12.0590286968306	11.3719682763335	11.9590995259541	10.9040085444807	11.5868078123199	12.5010011693082	11.829327289406	11.8424670844154	10.5378972891963	12.024290644114	11.5483640127291	11.0191174334921	12.5069577064059	12.30611552634	11.8603620338489	11.8900501940079	11.2841911046961	11.4842509389281	12.1088373188483	11.9040221504174	9.26920960403732	10.8989830775839	11.8338064553949	12.5932609318213	11.805574147116	12.5852822728149	10.8562494276321	12.4851475054904	12.4898091861173	11.4735710614921	12.2011306586791	12.2147372830137	11.4212576134115	11.2374815299442	11.873232458735	12.0979132835629	12.4596549128347	11.63411421425	11.0906282368794
M253.1196T189.73	11.883560282405	12.7787445491685	12.3620346874683	12.7484940349488	11.4651914169529	11.7065909172121	12.2155487689266	12.0323118959118	12.5958542428311	12.3102289621811	11.2547051645574	11.4654548589998	12.1814311206811	11.3670667051889	11.9446184406294	12.4938685006711	12.489705940385	10.6704369088907	12.3869336458221	12.1505528242051	12.3856243113875	13.0676797943575	12.7559913527766	11.8101476559428	12.3649734175936	12.5265706677083	12.0924671448192	12.1142832459603	12.7364788436582	11.8100731194612	12.8049574240234	12.878592979075	12.1416486322048	12.7416936977912	12.5087133667869	11.6540874970303	11.6229742411303	12.318088943855	11.11613435235	12.0909535924694	11.1586116838719	11.4844984568982
M253.1412T199.78	13.1378771527593	13.5918823297347	13.4597025478208	13.2386593945816	13.8276541245543	12.3285407310643	13.8330849688953	12.9771989611136	13.5205620934224	13.2493970193634	13.0301751067693	13.963144661038	13.3991253146436	13.7828692952051	13.9131230061632	13.4856441096549	13.2059182385926	13.2878505605675	13.2150657297495	13.1940510873868	13.5182078716384	12.9430149794649	13.5022876340704	13.4747034133672	13.7304975635163	13.0994609968404	12.5092171591998	13.1618591494189	13.5959993925991	11.1782940373491	13.2602329277115	13.3834791734629	13.5897775418853	13.5871099647241	13.5618364403478	12.6318381291982	13.2141851130058	13.1898929567237	13.5895405194398	13.253590552055	13.5149532194877	13.0259932816497
M253.9707T49.58	13.6399635917955	14.3225292438489	13.9488330742911	13.0974101901093	13.7634190991245	13.3291217327322	10.3496758691166	13.4618631084292	14.2900773589042	14.6568703711733	13.5551466027388	13.0335083741028	14.1677175701577	14.1724399999269	13.1528739230673	14.0342375010283	13.8481618404962	13.8184150670226	13.6345776859332	13.3463546635765	13.3407870698317	13.7394740957289	13.0916574505238	13.2792650328349	13.3229767916731	12.7277422235125	13.5838905659633	13.4078773777511	14.0864206967987	12.4445880005679	13.3895093195008	13.2498294184162	13.3318995581092	13.9402404003382	13.9595062643854	13.8895588453177	13.0372181133137	13.3837379683623	13.8738835125186	13.3609199992334	13.4655070230103	13.3716315229756
M254.1036T284.32	14.3113319639976	15.5474169325755	14.7582565063206	13.7153466191599	15.1993587324667	14.9373978987186	12.3672557592259	13.8339783630117	16.1796933759041	15.5823409398561	15.2160487138409	12.5424902428789	15.4990040052745	14.8302453700916	13.9399424225718	15.7202615897823	15.1292835808045	14.1138706147466	14.2855532540348	13.5397297970386	14.098613981558	14.5445937523561	12.6575527383569	12.7908061649078	12.6704463715447	13.6024345156558	15.4421520214007	15.0085480214329	14.9701990802034	13.7198329230688	15.6696922432859	14.4163684106722	14.0892719775144	15.2481697139709	15.4074083328066	14.9532907853504	15.3399775171081	13.3879091986417	15.0863465725302	15.9254208616492	15.3871580874808	14.5805520263401
M254.1453T476.89	10.9549690158435	10.9880268567388	11.1451326373224	10.6467747968455	11.6882466129261	11.0759419641409	0	11.4586213418652	11.173973428527	12.2553410536028	12.1619250955527	11.4389865628488	11.6494473264303	11.5098471678344	11.6064376157401	12.0635369969202	11.5228788371926	11.9284929310671	11.6143843313368	11.1263932540469	10.5636511796148	9.90806125689093	9.99786131165917	10.0194444142104	10.08128007927	10.3682681160782	12.3612377793113	11.4405806095183	10.9815815169653	11.3578171351585	11.5801046943497	10.8741691693787	10.8177325689838	10.697371621449	10.7185991452644	12.9093602716782	10.7703765093756	10.3230087991365	11.1108794809752	11.6129027165966	11.9195509825042	12.2227907565244
M254.1735T484.71	15.0507585326647	14.686191902721	14.2712870129043	16.1284711504908	14.8534460775069	14.8327751055151	14.4007982443697	15.0823911853271	14.7593618134454	15.3566553045844	14.0770985580558	14.0449494237047	14.1421186563685	15.2359970970596	14.9715162377081	14.3382222071018	14.856600691809	13.9153990810648	14.8802640313258	15.1406161814578	15.2039395050953	15.192870697984	14.8141612148931	15.183760969359	16.3337418415678	15.5695716573749	14.9180493256963	14.7530334818646	15.0280212025721	13.9053127567989	15.5774446718205	15.013148332036	16.2818533420311	15.4925211526154	14.3059627800542	13.8548071646569	15.219313822156	15.5929246982974	14.1903170114602	14.6975630372162	13.2071882438358	14.2778147457203
M255.0356T187.42	11.0916745784444	12.599950056285	12.7595538007547	13.0720822398871	11.3437163345675	10.5676488761186	12.7432891027484	11.1490279338032	11.1331994166959	9.93411314733155	12.7999388231453	12.7862479220503	10.9491616456003	10.4652166776599	10.8977862882935	11.310024455171	11.0722360465073	10.7188946591733	11.5848075845131	11.3403504928678	12.3780316991663	12.3468012471649	12.4774991974294	12.7318508381568	12.7559347260307	12.8040915429247	11.0900045537971	10.3155963737882	12.8240763981011	10.8163644605882	11.5404504279692	13.3557994852486	12.6418392805818	13.07015124894	12.872229600777	11.1333775804816	11.9428753382421	12.7472044384377	12.717164094306	11.2653007659887	12.7840552397196	11.7499650721603
M255.0662T419.99	11.8270737583285	14.5680573141228	14.3329621212507	12.997827918022	7.39031549937011	8.1030601500811	0	12.8533033822924	13.2670310850782	14.9619373576252	13.8709777170164	12.0826932170106	13.0350541923548	13.0817299356464	11.7349396873242	13.0813227624	11.7186060258718	13.3725306298435	0	12.2275334518486	11.9813745242132	12.3335204196438	12.3778731714478	13.0280406251731	11.2492184428974	11.7285171886404	12.8197593390161	12.7083410914414	13.3481765653885	10.5437744139881	11.2006516676408	12.2378076171898	11.970442336756	10.1817940283036	12.3791055206012	12.7052892361682	9.09434363296781	12.5214254403128	12.8692481735643	10.9392810220877	12.6742794843818	12.4499949275858
M255.1213T349.96	11.7527107665948	12.7809180897965	12.1824697306117	11.7908744672797	11.5101209224645	12.1809405756073	11.3854336358169	12.8654558243291	12.3805581982504	12.2238117433533	11.7422502658748	12.1892488802491	11.1372883279491	9.83986944999448	10.2875653176581	8.35554631048827	12.2208763258831	8.68756080093028	11.0555274006882	12.2792951031514	10.6452534379025	13.2997306067163	12.7564601085532	9.79220624259362	8.23387036212396	12.5676545348137	13.6629930188729	12.6590126027036	12.4733887197573	10.9961394540644	12.4532110286563	12.967518775886	11.8551412485877	12.7230038055993	12.7019174701061	11.6966344378686	12.6230658171375	13.3171393126671	11.8820116544686	12.9751396836446	11.8994443907857	10.9423211570093
M255.6465T792.51	13.5994913209176	14.7452942396339	14.2634447516054	13.6074825264898	14.0777413448781	14.7728826443309	13.3007085318987	14.4021854343642	14.4751036177825	13.6571921721278	13.8132382587202	14.3683735375759	13.918944463826	12.9582756136783	11.5321095292798	12.7973342570162	14.8167040140112	13.8105561748978	14.4315579552162	14.0907065883874	14.6837902171188	15.6872257918944	14.6429062876912	12.3566255880535	12.3507298462326	14.4639616026908	15.2714475619621	14.8912284959118	14.7566605696986	13.406217786129	14.4112263804788	14.3127059029325	13.9959488433567	15.1596851200653	14.8777951504137	14.2001252139339	14.3485221048568	14.7759640041721	13.5150623177318	15.3583337730309	14.4810445922858	14.0784485097895
M255.9865T53.76	13.6077331965922	14.1174325327568	14.3814688256935	14.2368535224626	14.1369969132565	13.8724610337261	13.8255589094787	14.2438093583663	13.8742915486018	14.4610960532001	13.6385574853005	14.0506052916719	13.7576702667899	13.7889351735333	13.3322630143454	13.9989590861099	14.231813770098	14.3449200571349	14.0693760046994	14.1469616757132	13.9328047603995	14.0119653985239	13.7778928671397	14.0575982232721	14.0379207883938	14.0161725533189	14.1260443612802	13.5504565774509	13.8314991416793	12.677967057039	13.9975177191912	14.4112407262517	13.859073205547	13.983811434146	13.5491863041422	14.5065789104901	13.9361634872815	13.5293858127331	14.3877094088658	14.2248266998222	14.0085923227857	14.0691628762363
M256.0041T251.06	9.20209575823961	12.0280476702231	12.5967998546795	12.0759364996038	11.4749409357794	8.16468166939486	10.0519459958902	11.2051078083541	12.3186084724801	12.6529032780499	11.9910958034015	8.82365530726605	11.4672603722993	9.19072971927595	10.9158241843953	11.2829310201624	12.1741566562582	12.2654173255549	12.6730182975607	12.3248133909997	11.8732196390193	12.6119166504879	12.6169094512658	7.2502282122861	11.6209973840899	12.0377444061956	11.9888448124584	11.6050683326397	12.6301920489207	12.0030820562966	12.4317884126663	12.5349256981155	12.335430415151	12.6936711836248	12.1291014301889	11.5971748030173	9.41789329920379	12.0030454400736	10.9264977283825	11.3623707069989	10.4640923013407	10.7165382968626
M256.1299T227.61	13.8221918160536	16.0792694217763	14.699900971981	11.4971803807612	13.4084377226654	14.0233767900584	0	11.3665418177007	13.101795457704	15.5375415437008	13.5742952501274	12.030119391326	14.8735863920968	14.5406110919812	14.3524888859674	15.5801861155744	15.0419499796795	14.2663889668351	13.8339637145487	13.2212276096777	13.547831743581	14.8987603628112	13.3847220122277	13.4789156815513	12.2738284013942	12.7491189820621	15.2175801297862	13.7209656190946	15.4953614234708	13.6922468306887	14.7796795744439	14.2683879867656	13.8791301881753	14.8951445058359	14.9803714800345	14.3705321242447	12.8693536119546	13.2684849364454	12.6113767268763	14.2221292998485	12.941298806566	13.1668036236486
M256.2362T670.93	12.8761406180313	14.0754016645113	13.8239603539852	13.746896805201	12.8492498007637	13.0931655456286	13.1531442871566	13.9586305643468	14.3836720381508	13.4713034567557	12.6780958167568	13.9599359332123	13.7992066235553	11.8858371787152	10.4134368025605	12.7254266018199	14.2664847942738	0	13.9616519827637	13.7750188200849	14.3964223109801	15.6300176645176	14.3835855433242	12.4201080000547	12.4405747037839	14.1689561426786	15.4023170606607	14.7249948310738	14.7801589952977	13.1749464484452	14.7063317901883	14.4747168706489	13.4839663626176	13.9295025453462	14.2887131985066	13.0644670919719	12.4926609321523	14.9469351455267	13.2803875878444	15.2202643967533	13.235605015849	14.5637235090694
M256.5834T587.82_1	14.8913163096197	15.1492616504903	15.0926760508971	14.752469375805	14.6952539315419	14.8904105567101	14.5565698894209	14.448444431753	14.5582293582584	14.9954366843016	14.6781801478947	15.2171156911726	15.1363668293903	14.1968093895972	14.3223008824595	14.3261782110254	14.8031755599411	14.9110659737812	15.1436774643611	15.1116472593186	15.3604192041818	15.0972272714071	14.6849573790202	15.0373339297198	14.7265234124521	14.475110242608	14.8318007674362	14.9553422452968	14.8674906206977	14.3452694070249	14.0957633613224	15.1571568564262	14.9942208431163	15.0679733548646	14.4693718981709	14.6626050985888	15.0433559380642	14.804734436477	15.0881401467486	14.0936522225547	14.9930484155796	14.8977105865538
M256.6442T792.35	12.4442819690819	13.2737282419234	13.0505396135888	10.7725060866806	12.6911865709083	13.0674517965295	11.8651202819428	12.7459470898548	13.037738932618	11.2178335568031	12.1746816963032	11.7420428171262	12.0024671451757	11.3763272514438	8.42563735264317	11.5719515441768	13.2161805960203	9.48824033399231	12.746636230586	12.4317532685595	13.0043638726746	13.8184742722734	13.0433769622472	10.3250375941587	10.9851166666525	12.8132527399497	13.7720530025005	13.1676421112907	13.7094886097635	11.7574442878651	12.7667221747766	12.7440404145635	8.88500681170037	13.2944589917054	13.1202495794154	11.8884165420655	12.529307775395	13.5133264154327	12.2697577630935	13.9008969085895	12.9480152184186	12.2062281766716
M256.9992T119.79	10.7758515396071	11.7710275082438	12.3045787914889	12.0255490792943	10.8807878885231	12.0415189881796	12.5575286259726	10.2719720683459	9.81551488641148	11.7144419964061	11.9106428142366	12.3542476671577	10.7485428010064	10.334986550839	10.3673806886552	11.2288645899775	10.5960012718892	12.3601342666885	11.4909957040936	11.3951068072453	10.7610640697968	11.5381520313156	11.640830333533	12.0566936887033	11.9488084770924	11.9394977188641	10.9616932654134	10.0984150080608	12.0353816115515	11.3500654124711	11.8771533305049	12.5785924716642	12.1775131081301	11.3375083170601	11.3296776924687	12.2999765246554	10.9077339659763	11.9200864283225	10.8856298064387	11.6252078806223	11.4449449281935	13.0270175197287
M257.0753T50.93	15.5731423252942	14.7704937194481	16.3919470515873	16.2681139613118	15.4456507218133	14.4793339007229	15.1972134998732	15.1406362682485	13.9811966826277	13.5835658800325	16.1781342139224	15.923375319368	12.9637972114919	14.9651454193624	12.4891674591406	13.0254170975439	12.7872502182522	10.9188490307984	13.5728479832746	12.664804868293	14.0031591382861	13.3346422887456	14.562989440928	13.2935062902103	13.6831981773154	13.9035543510414	12.3025326655218	13.0194861834521	14.7608989140633	14.17582162937	14.9801398691569	16.1188053378919	14.4217999951035	13.8756287592339	14.7812164923509	15.1644265244265	16.0533401676539	16.0331062999082	13.5284767448612	12.7973957238592	15.4714543741448	12.2212995965225
M257.1134T72.91	16.438898611557	16.4755235806871	16.1067422924856	16.3828200284674	16.2823273484502	16.3213436499477	17.1267208676323	16.3504444741217	16.7799733469263	15.9142780757628	15.8927938679423	16.2094349556051	16.0932958500841	16.632041411344	16.7986879285997	17.1014359950148	16.3046861249448	15.8904743079679	16.4144944697093	16.383273229698	15.9429628118684	16.3628572716324	16.9522475201386	16.3952010634164	16.8315935788668	16.4695192184023	15.9304626362432	16.4616359673451	16.3719776136599	16.0138886852854	16.2442885143676	16.8248297078899	16.3020420784086	16.4646457505298	16.4616247223048	16.0927778902764	16.4838781389935	16.6580997232483	15.9303944629622	16.5295318568471	16.0663088306498	16.1089247240718
M257.1621T251.14	9.93756339480254	12.4564411560155	11.9315996337968	12.4932870718631	0	11.7339452432491	11.4048882387935	11.2402002065728	11.8877219704222	11.4003767060611	11.4015592936844	10.8840961231169	11.0873858006664	10.1772519599116	11.4206150678019	11.6672710356757	12.0502598885462	11.5704444574993	11.5427689756423	11.8474469297334	12.2646133864155	12.8248529993619	12.6815387893477	11.5219094267702	11.7550478604621	11.134709757065	12.4212968663907	12.3897202101994	12.2487297073747	10.5735095951527	11.5269238403187	12.5921723777282	11.821865743846	11.8273893180013	12.0366022799054	11.716097198183	11.3684073996726	11.5289509171573	11.2487507594839	11.1442273458796	11.3116548130729	9.52093754431428
M257.2314T601.1	12.1683294013809	11.2886886357539	10.7301155202247	13.424680373817	11.3753113073861	11.2100747359825	0	12.0548301638258	10.6243324129912	12.7456632085019	11.2977152721285	12.7798718318574	11.3161918010146	13.3362447301398	11.4715368066922	9.92404196361727	10.8365751145546	12.1406947394631	12.594624087297	12.0061377124393	12.9992728765949	11.5526221194449	12.1230643592119	12.3400516140733	13.7250892566218	12.932420796172	10.5344976369454	12.1829067094142	12.0322382892543	10.3838174926508	13.3826686119201	12.1331272604282	14.5301968797673	12.3718519808832	8.64823692677314	12.5205940843301	11.3905061926051	13.6071247289419	11.5707614428041	10.0223053008042	11.9082157392096	12.6182613018814
M257.5812T587.72	13.4043442866707	13.3857811945277	13.4860686707592	13.3262702578554	13.4149408631924	13.4845400661452	12.936474617546	12.9552685815943	13.1843744991302	13.50836010958	13.273909069464	13.4760353381435	13.3746863200628	12.5814328228096	12.7654457537666	12.9122887314132	13.4760562308261	13.0937135032911	13.706110345077	13.3747836911618	13.706498894174	13.492794934341	13.1342872362712	13.3630766473302	12.9710809097657	12.7401150523622	13.1893080837731	13.4028884322986	13.2231977818909	12.8825118173833	12.719750265881	13.4156410093266	13.3119268698679	13.3780046907266	12.9673901389389	12.7601561352108	13.6234274377844	13.0283953396043	13.2921150840998	12.5485027785268	13.5391453217963	13.4399246395904
M257.9337T100.21	14.4359384518674	14.6514956815072	14.6578668530738	14.7041579272368	14.8668085464441	14.8218882371838	14.7000685459083	14.5787697551435	14.3511318037023	14.5515482601444	14.3997814179788	15.0580255648126	14.7936307669971	13.8970207608841	14.2929998906227	14.8920169521226	14.5409116961155	14.6181199908529	14.482538960219	15.6078323483879	15.2676508021969	14.6258765116895	14.9626743336515	14.6229823511695	14.329302959667	15.3527954476949	14.4321371515906	14.9778503206239	15.3451121036345	14.0004110583044	14.9309283865169	15.0814517273116	14.7432566862102	14.7659693519853	14.8509352154265	14.6831060880398	14.7909375091187	14.9787880984994	12.0516746756856	14.9911133848774	14.8613968445914	15.0275824256388
M257.9819T326.9	16.7695126221355	15.9457443268327	14.9690937428463	16.274125100641	16.7428438445274	16.3375140559477	15.7344717172592	16.4551765401608	16.9595863405638	16.55899603172	16.3535001703838	15.4628502845422	16.209837871575	16.71623611309	16.6982804791272	16.5116434283886	16.7591453024828	16.5820389159698	16.6741364163289	16.6479228574901	15.4608991340114	16.5535004333668	16.1977589106445	15.7625465174001	16.1013191919611	16.3773933196273	16.1712932394194	16.4590427431854	16.3025518316788	16.0703397001823	16.9202036662879	16.8910891908102	16.0996655186889	16.5938613041297	16.3298227358767	16.5343591686166	16.6296658319465	16.53004707263	16.464286978087	16.8876426686899	16.4896758990507	16.5943503816181
M257.9834T53.71	13.2152559653096	13.3479823963886	13.8139571377913	13.2880496297801	13.1209705352009	13.1239410064417	13.1892871343025	13.5252520647285	13.0908693576613	13.779740959398	13.1705045379609	13.0398226233776	13.139903236286	13.5413686725172	13.1241918551699	13.4712414754869	13.4955676281381	13.7786033433156	13.4653517580368	13.3561080357735	13.2616234392073	13.2339650907722	13.089134151107	13.1184326336854	13.4408111212663	13.3630390078951	13.5254851540451	12.7988445228312	12.9638733519906	12.2639187628789	13.4422839589325	13.9127810373083	13.1043126160327	13.2388351676076	13.3612270288658	13.699968324735	13.016487637411	13.2552627389769	13.8464650712075	13.3650269244459	13.2913081791279	13.1835536066253
M258.0005T46.84	13.5719180059688	14.0139619980181	13.5381780925929	13.740495002278	12.6952744665728	13.8444875486268	12.5265854989237	13.6118664885181	14.1288538798297	13.6777813723511	13.7894007969953	13.7011534638317	13.4264401944713	13.2283920360109	13.3212434421942	14.0048489086854	14.0703867148159	14.5881764661253	13.5665417286508	13.556612435518	13.747388362376	14.0231921391103	13.4709494428836	13.7438574028897	13.3089509264691	12.7074977977031	14.0619211517928	13.6659947243374	12.9301687346194	12.8733612491968	13.43259996039	12.96574681747	12.0265224591371	13.9020001528201	13.7530748263907	14.3902669897299	13.2777991379553	13.6769008315087	14.246631025271	14.1461001992875	13.8845998458473	13.9739053582877
M258.1113T425.86	12.6204311212438	13.4148098904497	13.0913769949992	12.3756649047474	11.6370176520282	12.4162064998049	11.5203312328443	12.8413434453466	12.9029697622757	12.3861035169079	12.3418392003289	10.2219376161096	13.5717584214858	12.336073458492	11.8664890433659	12.3650936877173	12.9390230667212	11.8683223120729	9.39233532924658	11.5539395270616	13.8651149166776	13.7680804932471	12.4489180117437	10.6649234869521	11.1840799507179	12.8580422366551	13.0403992201084	12.5228450625091	13.108468747148	12.4231515038878	13.1587712948	12.9157565441264	13.0816142977264	13.4052652403435	13.2819587351868	12.6438480968446	12.5055451073939	12.7313991415365	11.9255364236527	13.0167743025902	12.244134659507	12.5294878658195
M258.1463T291.17	10.791931309631	12.8302211360624	12.8722241372336	6.99198258166657	10.1368275606394	9.69082751473524	7.04325680536722	6.87129556155342	8.99571284151513	12.3913224723881	11.6427640697145	7.66113281446257	12.6708921761841	11.8100008102063	10.6239670195678	10.891310639983	11.8367920698576	0	10.7761088094556	11.0636771779041	11.278003954485	12.3046430519118	11.8312659647333	11.5792899020108	9.79376576291772	11.9766364693143	12.5941252274281	11.7959917547405	12.7045937039889	11.0663914150094	11.930335202217	12.8438404494868	11.3722306567833	12.6426373911718	12.0417944452211	11.3544602931471	10.7021121629643	12.2858180964342	11.434591231461	11.405904493988	11.4087868860557	8.92310836195929
M258.815T662.09	15.5802938442598	15.047043021703	15.3960267100872	15.1633075271604	15.6537704058687	15.089445786711	15.0882867333872	14.9286744161044	14.8320131930432	15.862711005984	15.1712414007562	15.2252855720712	15.5299226993688	15.0391698673359	14.7058125298216	14.803453796269	15.5666419331439	15.3819731983157	15.3559127405591	15.9429966381579	15.3734773095205	15.8269114588232	15.3083788779471	15.5913214491148	15.4329881554975	15.5511375590245	15.3654081091791	15.355008081099	15.7195800818537	14.2970177707223	14.8268167086185	14.9486717849164	14.8713777844386	14.8879556268148	15.1886266717099	16.0117753387796	14.5061567224755	14.6688382838869	15.3667962776195	15.6680165188272	15.3781080882197	16.0345040060494
M259.1091T379.89	12.0690808718934	11.5005984317377	11.8307494413495	11.559308818921	11.8989673711452	11.6373776544621	11.7017274255959	11.8296461792465	11.7227429674502	12.1169306407524	11.9053187583734	0	11.6009128141096	12.0355871075369	11.9627720003054	11.8920488272865	11.2262083846549	11.4588217793326	0	11.944484597799	11.3383167766157	11.3379899431962	11.793352617575	11.6380936678731	12.4192022379226	12.2815759746536	11.8085052313609	12.1774082605873	11.6066180940055	10.9716307388312	11.7812690404761	11.7038802822875	0	11.3196611327672	11.4752341251117	11.890512096832	12.1397233769451	12.1295203859588	11.7237179913804	11.8030647918477	11.8490209723941	11.2123072228732
M259.1165T255.58	13.3280252797363	14.2664773075645	14.2289533690154	15.2241043947149	13.2704828650417	13.4018926740639	14.1464799407255	14.2247399231363	15.1081823402485	13.5211507450234	13.7394022204496	12.8029505566099	13.70425016724	13.3243023764733	13.5598772105175	13.5839569599923	13.7755538976591	13.3119544711779	13.5551642873303	13.6350128719286	14.0199511448299	14.1303540946799	14.1520601559207	12.9366398005356	13.5326625862491	13.827418838136	14.2876314673901	13.7157370983037	14.5155283504767	13.3095386874626	14.2169996107308	14.4899828826375	13.8725644640802	14.2925520386014	14.0606177772334	13.5992884033898	13.5565473936326	13.7859307353315	13.8010324299587	13.8039191562404	13.3630382616132	12.9698980261822
M259.1315T510.61	11.5200547159465	11.9175992636224	11.2179714319804	11.1057221098292	12.3562210264285	11.8996466170422	10.8691639659443	11.901842238026	11.6763706427482	12.1893177497831	12.0061419261285	12.0468259912804	11.6222519050631	12.1249696786314	11.6696285069477	12.5202296187008	12.026217297567	13.3121881948592	11.9729390724183	12.5346569558851	11.5480939664409	11.9995167323837	10.7342632943812	9.65286331708425	10.6474619347734	11.6593614165788	12.3122615088762	11.7397909832099	12.2082437369149	11.7948907977659	12.8328342605662	11.6334738393191	12.0764861135042	11.9510303339404	11.8821225520307	13.3464177863948	11.2831065636708	12.0315771053794	11.579959998378	12.5324139124785	11.8018396024588	13.0526001471825
M259.1538T119.4	12.9017293707213	13.4212502874571	14.2457461483311	14.2448383175045	14.3766898938497	13.5377688231049	13.891470310095	13.7530262093162	13.9086721169738	14.3493454292105	14.8040379752012	14.2960063482034	13.8450889262347	13.9330963283868	12.7330898617863	13.4800937606607	13.9071093337878	15.260107113097	14.8742123411171	14.2673007429535	13.0977658833122	13.2499308900946	12.7362640222767	14.1536660988184	14.7734352913187	14.6394529679193	13.6121443730827	13.8081523371384	13.712388678209	12.9748641721658	13.9835111057397	14.0959388528555	14.4112000237826	14.7981793143651	14.6313382494662	14.9602967366547	13.3866784570152	14.0019629203602	15.7682536658169	14.5165660089126	15.2333329012316	15.1409005207854
M259.1915T565.29	13.8209265773226	12.659717049967	12.2647911844089	13.1484017362445	13.2690716796267	12.1189971391824	13.2316799636218	13.7394667446176	13.4532235590615	13.4977302424287	13.3181451166288	14.413881071725	13.422717572739	12.8827778164992	12.6089162263722	12.9306774109014	13.6466752299614	15.4729387424585	7.92005168795566	14.3048466733912	12.0276415660775	13.1315526972813	13.1168629658552	12.9582742832364	12.382528481983	13.6436483449169	12.8849360027634	13.3374399122405	13.9888676479422	12.6840366707422	13.3489794959036	13.0476391375562	12.4133357997645	12.6315442728188	12.618344894777	15.1442080893799	12.5340977186713	13.8828986944158	13.3359702751501	14.6137518522813	13.548606591613	15.34826396799
M259.6557T119.78	11.3850391072704	10.1921347761082	10.908640912229	11.3622426181565	11.823188254083	11.2109135856341	10.5512987725146	11.4198345378713	10.9492074264708	12.2621463030912	12.2671485491219	11.939039269275	12.0943765481321	12.2845862581628	10.0075682395027	10.752164629091	10.1213497325321	12.7275313637538	12.1733693638577	11.7365341465353	9.44551508825556	10.6721544152415	8.43896943711754	11.5344471327996	12.9226723468356	12.8715049582182	11.5266001327888	10.9096457545684	11.4154122245627	10.810209479769	11.9520297727164	11.2358138426017	12.0320865403217	11.9771226755089	12.4713447054368	12.4515104611652	8.429616736335	11.8711977794574	13.6768801446676	12.8362102650979	12.7758337543936	12.3749433571603
M259.6668T542.14	12.5446511300762	13.5441602801665	15.0135154851716	14.701513167149	12.156063000731	13.027449838039	14.3501307381204	14.4356521905368	14.1785561234519	12.6740691542125	13.8424618548306	13.4135419954325	11.9793009987315	12.566673236653	12.2979225088524	12.9121847831063	13.1811177489406	0	12.4448574911738	12.7499643276002	12.6721056229346	13.4399745912874	13.8885087162888	13.9278967860752	13.9899102404979	13.695829620983	13.6438342712065	14.1222047228833	14.8628629378117	13.3796427004669	14.4424293697393	13.5711305422003	14.4466186567325	13.7479351500818	14.4057895768713	12.7723876731108	13.7871591914362	15.0280512807682	13.4878640153731	13.9697446182579	11.50598270248	13.4540907328233
M259.9658T46.59	14.7247117830651	14.8241314953078	14.6031505881338	14.3300274347232	15.1336444204603	15.6853984879752	12.5175791302591	14.4356161642945	15.25792019457	14.6138927531418	14.3732739236271	14.0920050835433	15.0211363374914	14.6901433448419	14.4681320169202	15.0798428168145	14.9843290740678	14.3640065686409	14.6940045002514	14.1736429258319	14.479079540916	15.0334207001745	14.2497617027322	14.3914352134371	14.2895862871532	14.3417155415964	14.4954908491279	15.1582698215651	14.7611381319673	14.0903416815565	15.1444639327007	14.7124241880207	14.6938818884138	15.0546041316427	15.2044142300514	14.6200659210564	14.7516349400906	13.6862322524558	14.5218819110663	15.5356752369613	14.4925440642885	14.1793852369482
M260.067T241.11	12.7305789969385	11.4275814850679	11.1769205409907	11.3385505798756	11.3852729418005	11.6334032851581	11.2542709127873	13.6264572184074	11.4998337662702	12.7508326664958	11.0827059233316	11.5368737327948	11.8302200872021	10.2322357145944	11.3917382429697	9.85572473110826	10.9130539636499	0	12.5239647862076	13.4223570771136	13.5263458971767	12.3709424901889	13.0350228987733	11.000279609574	11.0091224335129	12.2023066363701	12.1472542707952	13.3917061617005	11.9690277132803	10.5330409030015	10.7945982917101	11.1972841808205	0	11.3456099320057	11.1876883452906	11.1486464747771	11.7887928741626	11.8304060436002	11.2429194944751	10.6634610703307	11.1302858741594	11.5635891653773
M260.0685T43.38	14.342198901301	13.848968866287	13.791329373349	12.8534730392456	14.4284280615194	14.5725503680391	12.2166592447286	14.0123863181	13.9648166589316	14.3014084798243	13.2702761344913	10.7969459545016	14.0953367664965	14.2294761770976	14.2923047124254	14.5522942541959	14.290798822418	13.7252424306699	14.1911345611349	14.1772320296865	13.8176213613656	13.5554251847894	13.4453989687033	13.9665319088029	13.4830505226372	12.2267837619069	14.2683653415576	14.2570340506647	13.82482450547	13.2624795053815	14.3315494101956	13.7069496557983	13.4732079527144	13.7807232710969	13.0109837826975	13.5791950967663	13.6375486486477	13.0542050189323	13.8151399736602	14.508394513238	13.5082017153999	12.9240817386375
M260.1619T137.21	11.4742584330803	11.7440751029956	11.8763300863795	11.1916707854497	11.5096941911014	10.9535417537229	10.7979515066958	11.5210335915499	11.6916517441126	11.8700824299209	11.694491762197	10.874090742978	10.863514042055	11.7553931424416	11.4484671214495	11.8841030286688	11.0528529653538	12.1650241878326	11.7466024473169	12.1390740237806	12.7064918690001	14.1471388601292	12.0183325348777	11.0805674091432	12.2964268103852	12.6045310338848	11.6255643865453	11.4870835159593	12.1000484322844	11.1068891878099	11.7758623945728	12.201735737313	11.9226032410957	11.1175368258295	11.5051066227275	11.7925229032158	10.5668154914754	10.7335895972784	11.9481987889661	11.3695586537647	11.3725534324424	10.6649911034961
M260.9702T514.63	11.6985728093662	11.5699069240989	11.115387454201	11.2151070428427	11.5388107980451	10.7746925264274	11.2168051656507	8.96418029009544	11.2102398442893	10.9095476760566	0	10.990855598392	10.2050933549508	11.3608583682186	11.3390154261178	11.2295823318468	11.7433342431929	11.7565233809542	11.131363891331	11.7633905103358	10.6256005534174	10.5678958854407	11.3638335063067	11.3006726320174	11.4497075390357	11.4143723779222	10.8770769272839	11.3023554056707	10.9214719004007	9.75687964878928	11.484549182027	11.6925784371671	9.61715516105608	11.6166109031873	11.3560544930914	11.3958938497932	11.098648667968	11.3417903228613	11.4937212328389	10.9401520179768	11.2163457460621	11.4685152295587
M260.9754T50.13	15.2519510222377	15.4551097391268	14.9534780639396	15.3365660471106	15.0093391452269	15.1563120953194	15.3643043783582	14.8250339714103	14.8334020246113	15.0207606935333	15.0842969721781	15.5200589421586	14.997470681713	14.7848913555289	13.9611717299316	14.9763939434974	14.6638320007295	14.1073897923586	14.429261485556	14.3371831790909	14.7395291236163	14.1681969587924	14.7589468381132	14.7052541040162	14.9579230010475	14.8055259168542	14.4458815649485	14.5762792761311	14.9798510927129	12.4219014064241	14.6007869148168	15.5568655139714	14.4360894810689	15.358197919117	14.6140428798124	15.105585230416	14.9082236058669	15.439979124626	15.6015759781884	15.6280502873766	15.437796192056	14.9208114880844
M261.0918T251.68	11.0165964050997	11.7484898691267	11.5148208319198	10.4614831894147	8.99111113949755	9.79580983715049	10.8611558012875	10.6013348194092	11.5855872710568	11.7446844113763	8.4900109206469	0	10.0376329365652	11.3457268947288	11.3375758073655	11.5282345900276	11.2387136271172	10.9821908984906	10.8021321845946	11.1387188116783	9.31257057434563	11.4255606105271	10.5221828266119	11.2387914506728	10.9600547987674	11.0821833900074	11.4858726414725	10.6950497101883	11.3704597300278	9.71856091634926	11.4615979805324	10.8689629522858	10.9547580615625	10.6570152205205	10.6808164430574	11.6121022160037	9.85548017679339	11.1361003478645	11.3072207936422	10.3727891462319	10.9385551729037	10.5294534986726
M261.1091T63.69	13.4928789743761	13.2933639752018	13.0995096687844	13.3408918986699	13.3001543412575	13.2461388474827	12.8552639932983	13.2915944637467	13.3809913397759	12.7097916983464	13.3485198530003	13.2226750164393	12.7479175476226	12.9048533101745	13.3642886363242	12.8181837238905	13.0537196913567	13.4664837909315	12.7334227739911	13.5833219458263	12.9920291165175	13.1053746206	12.8934185074539	13.4949498881961	13.300549553639	13.2677770376336	13.2118361530074	13.4125864851632	13.2845602980659	13.2999984784806	12.8130904473128	13.098290254686	13.8973138787299	13.265790053796	13.2344718295181	13.6581572993922	13.2339475205674	13.2504137127545	13.002657813187	12.8747154034354	13.2535841624482	13.5680394323241
M261.1091T86.71	11.0382975535544	12.513282562513	11.9870411469658	11.3781992711043	10.4340739417084	10.876963926058	11.2696476152166	11.1139950360524	11.9574535666996	10.5641535857212	11.9804359517398	11.9618278051175	11.8701041107978	10.3736504690868	11.1403834938914	11.7068075215446	11.7209009018207	10.7335158968286	11.641476902946	11.4234394840231	12.3170507024753	12.8176893100401	12.3795626643687	11.0647218240997	11.3378612817064	12.1235170599334	11.9231685216932	11.6436732264613	12.6307667532181	11.6361972870865	11.767051354988	12.5487671986985	11.3040712020483	12.2503763072007	12.1991455376631	10.9823244629818	11.8574789767182	11.5682285965224	10.823138641496	11.1017169134806	10.9877874889882	11.3339602000538
M261.1319T239.64	15.2523790128875	15.8006446410086	15.5513569350101	15.1466249887909	14.8462443019556	14.6761890496431	14.5489969315589	14.703612971478	15.4091455933188	15.6782451414125	15.3825990614468	15.6715667968036	15.3996639078093	14.9296901436231	14.8155132160708	14.9022536276988	15.6017147529948	14.6782300213508	14.0065336389553	14.6222080539045	15.0944784109349	15.9012994181366	14.8756299788496	15.2454080809338	15.2107927352667	15.8286434478248	15.0834161766457	14.7992916193326	15.36039051522	15.5114174378292	15.3688358813347	15.4921240862661	15.4477774065509	15.1263066485675	15.1569805191629	15.3405554834614	15.5355785091885	15.0587496646125	15.6851051077729	14.9867878575494	14.9137981261189	15.4171609151727
M261.1454T65.35	15.5012226906956	16.1571741578334	15.866168260721	15.9276851628808	15.1829395906386	15.0880856160637	16.005994393981	14.4715929690136	15.6114974900929	14.8354611099924	14.890140432659	14.7144421610663	15.5819353538742	15.186872553848	15.4073975316902	15.3559653580776	14.7553650681855	13.6901318623526	15.149687690874	15.8069796435694	15.4334167665734	14.8294850754999	15.7389374118857	14.9656931941352	15.5573654171986	15.9198918039162	15.1238323960411	15.5645305477135	15.162359157352	15.3909130341142	15.7546109830332	15.5710561076107	15.4454965712079	14.9964415677111	15.4598241051459	15.0711247051621	15.5888806238759	15.8616114592379	15.2038710203953	15.0831124281786	14.0360273961308	15.0197473685952
M261.1471T527.68	15.2627672762965	15.5640940563274	15.4015603263247	15.4192417315238	15.274420405442	15.4657435767423	15.5093212154782	15.6566463854943	15.6295114038846	15.3487913492765	16.6170184853513	16.2353145964322	15.8548945431687	16.0462435479528	15.2913472378876	15.7391458683486	14.9995373987077	13.3986847642262	15.2770669779336	15.6543426836973	15.081614334239	15.2283219247132	15.3145437609088	14.5636944842435	15.369736536697	15.6765655237514	15.972112308134	15.2551324559719	15.7008166160302	15.2168795877609	15.8165386904958	15.2893798039226	15.0916761015917	15.2948734641132	15.3659985795092	17.1271300152073	14.8111161442997	16.0762794258065	16.6184033195044	15.7140786524791	16.2927279040876	16.57152932193
M262.0138T75.83	15.4858999663407	15.8138916052464	14.1098191297251	14.7830921045541	15.5240347797006	16.297748862407	12.2253280428695	14.7944289715552	16.1193356299451	13.2987379851506	15.1132692484683	16.2133992988186	15.5256916186601	14.2397823455407	16.1757495678079	15.9233850238599	15.2211753655549	15.8057072095448	15.2555351686209	15.9791036736857	15.9509878642133	16.0709286108274	14.4260403393435	12.2746865516485	14.8229441553119	14.6171060779881	16.1077320874392	15.9295687528582	15.1249337896043	16.5007073683594	16.0334368824582	15.7177909082087	15.6302277624644	15.2200759497498	16.3048996579759	16.1900750561009	16.4977844544171	15.3908513359259	13.6386308514111	16.2586319809352	13.1940217291881	16.1646123733616
M262.0386T78.09	15.5338867051243	14.4403591687037	14.8443075416705	15.7110844596777	13.8195537230805	13.7393459639905	15.0010605754341	14.9440260426231	15.3593454104749	15.1437479089203	13.8815909170085	15.1386243115989	14.4003093807708	14.7053191629633	14.5853083384576	14.4228248643114	13.6048251674299	12.3773352794388	12.8639561879048	14.2607245309804	13.7219133270796	12.8246437674141	14.8868720670022	14.8925400285483	15.2709834141032	13.8869443560128	15.0324674846494	15.0742510279688	14.9458736594075	15.1840927137462	15.606131987192	14.7829426411748	15.3535755836083	15.4355471522932	15.1769307986316	13.8248581285321	14.8551609319761	15.5741544062809	14.7906431306236	14.3197272991832	12.8340503405773	15.3449477768113
M262.1293T61.74	17.0117425395644	16.6065121671725	16.8316769293889	17.0006584787773	16.7856293507487	16.6375517924701	17.1728693295958	16.3177503219348	17.1533389818223	16.8833865379216	15.7997089531395	15.8938308239773	16.845367997303	16.3050378875023	16.4918092919685	17.0452477592627	16.9491587900835	15.4700727354394	16.7845655471055	16.7918589831823	15.9725348650172	16.0307142200558	16.6889556419404	15.9257745810308	16.7962032195898	16.494445936946	17.1156863700508	17.0355747866357	16.624802650052	16.4677799917272	17.4992152358413	16.7538706189455	16.5150983993227	16.5088132795828	16.7310616618431	15.7928336252808	17.0302711254767	16.9200048725332	16.2073834864326	16.8988810309517	15.993811031227	16.6694107834205
M262.1505T527.46	11.9918406433773	12.6604244047993	12.1248557818794	12.3206503910068	12.2494597193646	12.5106247107813	0	12.5735556845887	12.4498182821665	12.3386005957666	13.4675530851517	13.3166428386739	12.6794196338013	13.0723595552496	11.9493528879185	13.2322969528839	11.6854286395282	13.4325187390187	12.4640017162631	12.6146313639671	10.6747579731342	12.2967726484587	12.7448664047891	11.3754604984547	12.1185548136956	12.5318503246798	12.8567826519947	12.5882979548515	12.6196747353099	11.73200722902	12.7179119201727	12.0129037778701	12.1373669533847	12.5396196763434	12.1309584758862	13.9935760316093	11.7679278176857	12.975309141059	13.4487162943689	13.0685342584194	13.1670796684984	13.4277612163054
M262.1661T81.87	17.7326887587034	17.4142925174511	17.2971650158239	17.7549447996848	18.1050942705006	17.8179141450114	17.9529474941221	17.9621571502341	17.7060218037192	17.9503756386366	17.2689545319332	17.750688313429	17.562506512091	17.9308034426394	18.0678661734125	18.0326356081874	18.018252851755	18.0296861419167	18.2974450330253	18.3351245908848	17.5228334233868	17.390594791809	17.5799282511206	17.3805828380882	17.5075887762453	17.2590445176826	18.0094679837297	18.2063761508427	17.700761175449	17.4224392481499	18.1274651628742	17.4176859241022	17.1688763794641	17.2458893803509	17.2225945801381	17.8454660013757	17.7444203883253	16.905381611649	17.6529434855968	17.8901329301695	17.3681368779728	18.6180437146335
M262.9987T63.48	13.1667261910511	12.7718922026091	12.9849056038022	12.5521881475173	12.4872036163137	12.4044056002988	12.2250378036097	12.9646290515558	12.4811018897076	12.3592173380442	12.8911919614376	12.0429687520847	12.3914197114849	11.7809987421996	12.3646841315382	12.2004620993904	12.7548377827679	12.8872505942086	12.778926266176	13.2046445590868	12.6891125063342	12.3409233162621	12.9937704459217	11.9225499518181	12.9148132766546	13.1248417581984	12.6257937569167	12.9124120347689	12.7941076907686	12.9789913188159	12.4735051334759	12.984791360907	13.0481355379394	12.1948463570772	12.5690707591025	12.4587047048311	12.7429039308965	12.5663977575918	13.1368591928685	13.3684608147974	12.8412686157567	12.4684601863002
M263.0278T49.4_2	10.8986505803742	13.8397347800668	14.7117013396087	14.2664550925359	9.5473571850461	14.765288863556	14.484973643432	15.0569862645668	0	14.5330512016226	13.9200091921888	12.7571692391441	14.3946451160094	13.7156588389468	0	0	0	13.6287135362367	11.0901603473156	0	11.8458530972553	14.2302042398049	14.9763233158607	13.1121624729268	9.71578046676083	0	0	0	14.3887982507314	14.2412317240292	14.1770226920136	13.1001239244396	13.8260507416862	12.4249234391629	15.1314971977614	10.5363787363872	14.5277905170158	14.4185466822614	14.0265461796865	14.1453749019167	0	13.8219052315323
M263.0861T49.33_3	13.9496771595562	14.0174125324319	13.6115342354436	13.2094545720208	13.7519642033559	13.4630103888176	13.3203085684122	11.9287768413241	14.2155489969466	13.1267770171622	13.1084932730703	12.184673957838	14.0393934098024	14.1195879619431	14.1303715829512	13.9844977599758	13.937037138208	11.2375215771627	13.5038654987078	13.0246098901166	13.6474373490583	13.5077802215997	13.4742263127911	13.2133392707749	12.6760300353375	14.3290938292587	13.4421073960746	13.7886718108052	13.7368737385558	12.6790263642272	13.9441035943359	14.1409786999294	13.710651921683	13.7583873440908	13.7195769256118	12.3300555242371	13.5787304876458	13.6044458608506	12.8503601030206	13.3453514530788	13.4119594562867	12.7056264056509
M263.1039T284.32	15.1411516705724	15.293165236949	15.2676512464022	13.0178832234719	15.1450227394998	14.6349518742643	9.94985990382761	15.1499380651837	16.1428043000854	15.3994593688596	8.64724897443726	9.76556569736223	15.784404669941	15.3685937963494	15.3396769079523	15.9043808547129	15.9492031321726	15.1446963002882	0	15.3389052912062	15.0516456158264	15.6347937814927	14.3420300974169	11.6711703278673	13.4210537320889	13.9242807985804	15.6650303302654	15.3776103095772	15.4069070343319	14.7603698342684	15.4917081447642	14.203443811908	14.9806419038274	15.0375131320709	15.1447035541449	14.8755942785658	14.507754962608	13.9474877170469	14.4397110553405	14.5253762470691	13.8154099321725	14.5301970744055
M263.1073T348.23	0	14.7654976488959	14.6686791216676	14.4255729688548	0	0	14.0892265964555	0	0	0	15.27036433492	14.1957461178867	0	0	0	0	0	0	0	0	14.2109976562677	14.0401608026315	14.162459371427	13.941467958131	14.0940258952672	14.269616208233	0	0	14.5665879665017	0	0	14.4127629172646	14.470394102964	15.1993591745178	14.9169265035456	0	0	13.3970356066709	15.1175555400859	0	15.4916894269662	0
M263.1403T309.9	13.6565415393586	14.8855265674236	15.1130239043568	14.7547322616461	13.2640405482094	13.7846029909349	15.7285341559292	14.1803706588292	13.9710767294648	14.3691493905478	14.8898168273651	15.6192372609449	14.1910405016742	14.5265513287938	14.4961184718424	15.1322596057163	13.8311519238585	14.0429773397308	14.0241406847584	14.151146754307	15.202844811648	15.2158768133839	15.4668381744599	16.0274303458768	15.7092017053996	16.3114870590623	14.0677364055971	14.5056911940381	15.5756085758862	13.2357678435109	14.6139820441955	15.1335469991792	14.8843003640387	15.1254284117146	15.2916279898199	13.7868214026464	14.1644310077036	15.0474798494092	15.8977115291658	14.3882561243104	15.1873986308591	13.6576405785869
M263.1605T74.7_1	16.3820006043371	15.8880168728393	16.2415474580947	15.8647827541715	16.0030880751997	16.4998867906239	15.7915323661506	15.758930221683	16.4201340523757	15.5941270881744	15.4391589263858	14.6729966399171	16.1505376841369	15.9282707975867	15.66383037211	16.1856948344287	16.4398105741189	15.6268978240627	16.1636911415153	15.9141871629748	16.1776324394888	16.0617160643384	15.6874327515162	15.4615374411825	15.9921494014948	15.9183243938463	15.8268090795473	16.2440335953197	16.0747198979317	15.7535943894441	16.6424423240834	15.9529838880752	15.9343276016174	16.2396823569156	16.4252923224341	15.9528044585498	16.3250582570127	16.0205248680656	15.7142244445477	16.5022267089619	15.4343424896576	15.7665519147305
M263.1695T82.11_2	14.4414086381307	13.6206340568241	13.9283009026087	14.4232022712563	14.7466454509952	14.5434864203267	14.4508214382921	14.6446335455932	14.391036370827	14.3961228920236	7.44243506518679	14.4237370028676	14.2846929113608	14.6813586507344	14.8390922490361	14.665182768911	14.6476799560547	10.2489679803887	14.8873179949735	15.032135833924	14.012866840652	14.0370911303208	14.2032493104467	14.0862965523275	14.2210694723712	13.9229022760498	14.3857206531109	14.8767552660921	14.3621085942528	14.1301303894342	14.7394236293217	14.0857909617043	8.69549653481593	14.0153798285685	13.8892330285535	14.5114386669405	14.400457814421	13.6383721708996	14.3472537611785	14.4366377404952	14.0699534537366	15.2295515451697
M263.1968T75.43_2	18.7495295917275	19.3207709413118	18.7990342899045	18.2964529586918	19.0199228343012	18.891219256677	18.254786410638	18.5015304655155	19.0932911944288	18.8125905657228	18.3616185566828	17.9907739907973	18.6620571217107	18.8065448823044	19.183620061881	19.4358783868817	19.0513956205979	18.2668271151986	19.1370438058166	18.7276642193594	18.4304328281252	18.8523710540404	18.099179918988	18.2389432463668	18.9558414196672	18.707298009786	18.8912282557222	18.9980988309652	18.8261730152466	18.5165127855914	19.1259663042737	18.7977585388353	18.8847233417657	18.7897749468544	18.6534570549528	18.9786429202437	19.1838537306583	18.2228905491691	18.9308509002398	19.1285543075057	18.5744122697521	18.4694929059994
M264.0304T187.45	12.9875992303209	14.5493379857436	14.7070125178916	14.9558537077764	12.9062395051437	12.7736030310191	14.6504592902528	13.2777472314866	12.7506849809832	12.5488591907978	14.7734852488789	14.7178355146413	12.9142691438338	12.3933262083312	12.9415738287641	13.0767707250167	12.8836215033152	13.0784537760534	13.4058627184896	13.1648486152277	14.4471549742742	14.2849853019274	14.2849158490132	14.4264693277444	14.6573475267396	14.762300353033	13.0913842030637	12.4097301095474	14.9444199247074	13.22671104446	13.4438813977557	15.3132592124207	14.8086463802025	14.7397077722267	14.7538664766811	13.1233716347147	13.7210958602416	14.7642908335028	14.4960885282244	13.126772577497	14.4643028266742	13.7398047697412
M264.1073T284.46	12.190588648868	12.4399148150251	12.2216254683305	11.0489944957492	11.9889779535658	11.7014567340023	8.77960542744249	12.1685836436901	12.9795432739044	12.1645186563779	10.5769877094976	6.98963064998339	12.5173624159283	12.36351565058	12.2130305764096	13.0175351921902	12.9081732823665	0	12.1546237868503	12.4684848418344	12.017092857397	12.6337381991146	11.4626662114741	10.2981575844174	10.3155142585141	11.5595695356821	12.616098930841	12.4448552303392	12.5965532471537	11.6901704699381	12.381075556051	11.373318720409	11.7793960475587	12.273496619339	12.1514075084627	11.7449902614147	11.6499105949071	10.4600567812929	11.612417824865	11.7859449598688	11.4506314396609	11.6443230003762
M264.1277T158.15	10.4791198320964	13.2542789080989	11.9869463944666	12.7518684737259	10.9117097058189	0	12.3019652368529	12.3158972992479	12.1598079587124	12.97124578275	13.5704869805705	12.8403306063901	11.2119780113732	11.9617291902346	11.2208307601954	12.2417096550384	11.6224762373883	14.1663844739077	11.1102710971803	11.4012619018147	12.3299066426837	12.7411831540347	13.73777374306	12.9081356285516	12.4679843159671	12.9457496270362	12.2466723190634	11.2053552273181	12.2125899368553	12.0610075401363	11.7085537725848	13.0613648574366	12.1081148642461	11.6337451814093	11.1982700103042	13.5313262538671	11.1798272853567	12.0102942258529	14.1011153700435	12.1139635628398	12.9449352111777	13.9084190749578
M264.182T393.48	8.10357004952666	12.8913945047807	12.5860947076649	11.2195751110312	11.5621589316325	11.891004202556	10.5001566257915	12.0729076552604	12.0178149750799	11.8314952152434	11.2497327396203	10.9722163639515	11.6149142251482	8.26493038183663	8.26059981915826	9.16923870583979	12.882497536856	12.04476649963	11.7639584087421	11.4984191238769	11.7766265362523	12.3812098105074	12.1285988475841	9.07908968997543	8.11490123433595	12.2901863991478	13.0439079572445	12.2251590110767	12.3229257183065	11.2120542745757	12.1777259897265	11.9899646583444	11.7989282724669	12.4150993920811	12.8151748241378	11.8320242105938	12.5499869682807	12.857259294077	10.6954197526401	13.449768908589	11.4684852889938	11.1600171751193
M264.2002T75.58_2	15.2958076259178	15.746064846767	15.4917887045828	14.950549280503	15.5179717471716	15.5764288414578	14.8048956565973	15.1286233589496	15.4750280823026	15.3520449553755	15.2681511331265	14.7758394392068	15.2156184769062	15.5288786619651	15.733712139027	15.9975538830167	15.6849974396269	13.8065661124358	15.7117402749281	15.3587869590802	14.9571032948994	15.7451116617148	13.8499009948093	14.6533725738171	15.8474085997845	15.4693755734986	15.2197376776883	15.324002878549	14.9327647691548	15.0486254096422	15.8389801005519	15.4402155932662	15.1247393397766	15.1579299677842	15.0667829431826	15.5335818705595	15.9252042805692	14.5920926057125	15.6519708295607	15.6227451545995	15.0828301564632	14.8426258789543
M264.6124T343.6	9.8644100877033	10.7733128866786	11.5821368971789	11.6719906802843	10.8456608665139	10.8996042620671	11.3695166507234	11.6072133594618	10.3590149360833	10.9199857023447	11.9311802074526	11.6266430442501	11.1035291978955	10.746509908883	11.4477898460085	10.2801061078759	10.7980765742047	11.0256724953642	10.7578229488974	11.5550813996271	11.8784506461128	11.6754557367513	11.1662984417328	11.5315985897593	12.6392787867185	12.7006920010651	11.2507383391623	11.562729382783	11.9727455595075	10.52556022263	11.0514208420357	11.2552447268213	11.7026665439218	11.3412231415437	10.5079264863254	11.5588021045462	11.6329852117996	11.771709269906	11.5095342133848	11.2587922314641	10.7398321332499	11.5728785001125
M264.974T48.16	14.2973017390116	13.5112255056973	13.6985414158545	14.2132626281713	12.6754544822132	12.2742567558855	14.4364635461263	14.1507713844955	13.8037516048346	14.6075015879672	13.83976319126	14.0154197735015	12.7822411396814	14.0768404056658	13.6216542211721	14.2561815347171	13.4793394221255	14.2607743457849	13.2503802229335	14.1254550274088	13.2749623222082	13.3434126020901	14.2545696677517	14.1810532198067	14.2699081963023	13.8941156341818	13.576376354678	13.3970964585113	13.7149777730721	13.7920028788816	14.0079525357578	12.8796326445331	13.9479351527318	13.7336007155045	13.8209986125394	14.273739103304	13.5417867061996	12.2349890377344	14.1607756965659	13.6097180113336	13.7515445350779	14.3136447898101
M264.988T75.23	16.5765266703087	17.0700212341681	16.9716913272725	16.5855765489158	16.7558996606449	16.7430218951609	16.3287276834003	16.5764318026697	16.8852329795795	16.8921862973414	16.3987590490054	16.1557432632931	16.5835932909253	16.7752465845272	16.8330102403517	17.1192681809794	16.965336740524	16.5835318935144	17.008503073388	16.6527000394028	16.5695495981009	16.6462697544575	16.5019233230692	16.2927369074257	16.6313091813695	16.5761951098557	16.8800673686815	16.8530851331338	16.7630613514951	16.3998018190902	17.0038252876147	16.7530019450149	16.7997463285911	16.722133487598	16.7334531521049	16.7401679271197	16.8264276730903	16.4368184403672	16.7880727705176	16.9249200458773	16.431238014194	16.3620488859164
M264.9887T697.26	16.8958785641588	17.0956145233583	16.6409287773245	16.6489329856161	16.6248785943201	17.0065995510004	16.6188304468087	17.1352516098335	17.2471839440859	17.2287958646538	16.7841287461615	17.0968509229824	17.2869344128157	16.5866522519299	17.1711958561053	16.2781224424614	16.4950165178145	16.5761123976966	16.9825688190607	17.2663087992128	17.351236200128	17.1684018695093	17.3305396735954	16.6715562559604	16.6605084598954	17.7673455864899	17.090537832453	17.1671739978232	17.3745338280438	16.0339265911484	16.2957905610633	17.0234295438984	16.8929097576647	17.1136189240799	16.5567847213452	16.8045687097925	16.351630175244	17.3015138816294	16.6658503522086	16.9324437128533	16.9959646066835	16.9231387433298
M265.0167T40.03	14.1799489978887	15.2213406268936	15.1546896101323	15.2016666599094	14.2218133962138	13.9955452474932	13.7994148089794	12.611260026316	14.7869166561466	13.319788941021	15.090502187901	10.5258577621903	13.630232043792	12.5812628156024	14.3547455980299	14.9296716367997	14.3634086216082	14.5426667908373	13.9171925732344	14.6582875437514	15.1352590387801	14.6384935068486	15.4822090084794	12.0445591254004	14.2542353208644	15.1943500382434	13.3852978775139	14.0768731678786	15.3030434862847	14.2348666351411	14.4490295131942	15.5256090187088	14.3988501294282	15.1212821139721	15.127958310998	15.3304963898968	14.3650776351925	13.7841305313228	14.7080747850177	14.4546208104473	15.1513391077171	14.9611770235028
M265.0803T110.81	13.2806782112078	12.8660282275159	13.2086056716969	12.8566423233202	13.550861838687	13.4066441098399	12.7534989035803	13.2829125790966	12.831736949983	13.0460325054985	13.16540816237	13.3242088895601	12.1606233781072	14.0348726849038	12.6311334074528	12.905846655899	13.058515800579	12.6074048558883	12.5634486442038	13.1615804532047	12.8003733425825	12.6247038696392	12.4279448987761	13.6278116755057	13.2042396621862	12.9192747123893	12.597471980215	13.6244081455813	12.3700760362471	12.0366356851738	13.6073421682698	12.2186116869127	11.7957430446064	12.3460307067814	12.512555719182	13.8818671362447	13.2246841819347	13.080518066784	12.9759513155713	13.0711740018382	13.0725065071456	13.8734931634943
M265.0866T89.71	12.9239391868499	14.3209738151965	14.1367316895149	13.2178457191779	12.8372439428846	12.5878925605811	12.6239595674505	13.1576523592581	14.4719420911686	13.8752327002207	12.9435067232203	12.4127175525629	13.6306794266368	12.7741040158055	13.9009439526995	13.9863747545901	14.4320186494145	13.9359053894573	13.6022061820778	14.1536115344177	12.9844577091618	14.0454360353927	13.5449641313835	12.4556479441766	12.4875768778785	13.3479443021786	14.4690894312767	13.9487645515357	14.1018480765176	13.4298967064501	14.1420143197837	13.9201192757364	14.1460345559715	13.4223947239005	14.1080132862632	14.2549791543418	13.4489674637637	13.039482534113	12.5932463596249	13.2592634786032	12.7021140152619	13.9898447470368
M265.1196T213.1	12.0689647999976	12.0844530002429	11.9091876897571	11.8576074165447	11.9309036055672	11.1063924295661	12.2700668678156	11.4380109487674	12.4397030698976	11.9629502254678	11.5792572854534	11.20881215447	11.1484664555451	11.7959280224668	12.2944511038652	12.496987615789	11.9664764502509	10.0491324305659	11.5460999518589	11.9720082829605	10.0463442141704	11.3396502649037	11.8674506530601	11.6420038710833	11.6604572036122	11.6838931336689	12.0026137495292	12.2231944805116	11.4472561883337	11.3705297379854	12.4935419908457	11.5209985801031	11.8604454008984	11.6114953685491	12.11701601105	11.5184438032289	12.7553796182644	11.794337059281	11.2913655777377	11.723029572984	10.3824136919973	12.1062483589957
M265.1561T268.97	12.0180206358504	12.2640049900222	11.997255551664	11.668125599871	11.1843564393974	11.4181466887564	11.5565314535295	12.6169091084235	12.4717500709662	13.6521543055342	12.6778100369528	8.44882247950528	12.4748127863381	12.8873475670787	12.4279946525894	12.7721324111538	11.48934567727	12.7785746254227	12.9034695648954	13.072666791629	11.3759437509292	11.7103616743244	12.4121425859288	13.3304281387955	12.7077274584609	13.0688965149466	11.9298677852886	10.8411010440793	12.4126675136886	10.2748342466807	7.51511528890674	11.5573569935801	11.584839500871	11.7277524721275	10.7358182658431	12.4312646974025	11.4524554061836	11.0543117366515	12.4443839201663	11.1682297440671	12.2255451782487	12.8119685096517
M265.1659T362.82	11.9993931818281	13.1187227173672	13.2750326734017	12.5200001353887	12.1205895111325	12.1399510103332	11.5300125188767	11.9662164382111	12.7772410015965	12.7053411049814	12.3163462776476	11.9278848623819	12.6787452755017	12.0973649287336	11.9568370137829	12.6324108053291	13.3552107778908	12.7403936922223	12.7993106142865	12.4490596067759	13.0575263949702	13.0489342594873	12.4930565917861	11.9958744394013	11.5142945777685	12.5055896187183	13.1542571995741	12.495335853205	13.117293617326	12.229730942602	13.1482677910566	13.0582127561557	12.6324031109087	13.0220748623639	13.1065654258645	12.8818621416551	12.2048477374521	12.4363356708551	12.620487628105	12.9416359481766	12.2274217603281	11.7661110008227
M265.6514T327.27_1	14.5029964136719	14.1653358355249	13.8560377744368	14.087068027722	14.4290518200374	14.4420018381251	13.7055564231381	14.0198452300105	14.2165206626285	14.3148377670495	13.4203557386632	13.3646668742863	13.7067414078869	14.2259652554281	14.4294184048819	15.0782895496116	14.4291955940164	14.1020906524813	14.1356837037384	14.5733413342477	13.6608922772277	14.3509057563744	14.0465404655825	13.0325351017966	13.7568908290143	14.5097149141217	14.6633149801866	15.1655747117712	14.4077249451736	14.7215984769422	15.5570887918468	15.1284128057646	13.9165541455147	14.6483717620369	15.1378821330415	14.8451800897517	14.5748465637326	14.8441281675228	14.0802899434274	14.9964254609942	13.26659870649	14.5581888784539
M265.818T85.03_1	12.0354438070557	14.5168759226444	14.9129803940927	14.9333872790866	13.6134840061853	12.3708319004591	13.8200897092022	13.3239618078998	12.3162178477398	13.6763381241251	15.0758293733225	14.100395750899	13.5317538385989	13.6909586640356	12.5585742816121	13.1046119723292	13.4362816936642	14.4549036153189	14.4159729135628	13.4336709036161	15.5511396262979	15.3249184500927	14.2613359910013	14.1799943351844	14.7525617938741	15.3016672934101	13.4777828101774	13.833979667182	15.4287887743695	12.5316774791238	13.1941167080634	15.0934024169811	15.1423093005143	14.6130595002182	14.7945101536436	13.7728977059012	13.0523014229118	14.9991374248986	15.544471929023	13.2182687742056	15.2040215524341	13.4591142421979
M265.9321T47.67	12.9556517069137	13.991431961468	13.7137097078373	13.4821426523291	13.9176183869722	14.2583558003657	11.8502361118691	14.1056978970665	14.3822015950263	14.1666488048111	13.8495972675433	13.8929838140192	13.8195011458832	13.9606754672923	13.7744252248734	14.1910109928661	14.1449352693859	14.4828784289949	13.8307528871325	13.4327592670715	13.5520815109574	13.9388027748178	13.8834446141245	14.2513270001781	14.0501942806651	13.505729986985	13.9791289117436	13.9074879418558	14.0968033266596	13.6463002746504	14.0613827730599	13.4700954129693	13.5416693726041	12.6816057211842	13.7472863691347	14.5991139682645	13.3464262523021	13.8224048369644	14.3350134126809	14.1135993344725	14.0476391735679	13.9558004822166
M266.107T646.1	14.6315255245861	16.1857091892361	15.8944317386328	15.468616611607	14.8321153845118	15.0276186004854	15.0733927861466	15.4373681371795	15.6364435602377	15.5139877887906	15.3421766180932	15.6883400579597	15.2405908718781	14.5502514212971	13.8040212262299	14.4712885119178	15.0106145224622	15.6142361231754	15.6143037952166	15.6450899482713	16.1415199683956	16.8379144320553	16.2865299263374	14.7345670851466	14.9705754304329	16.1827639526146	15.9466042851236	15.6256211674258	16.5153238809437	13.9189130692371	15.1894787698035	16.1265488121839	15.0771861676195	16.5331892830324	15.6944073643106	16.0881613747034	15.1872349677353	16.3105508362916	15.7767925755555	15.780468989617	15.955452623827	15.6971253427621
M266.1512T136.46	10.9183264364693	13.0185540359668	11.859816621473	11.1617809563539	10.9636767174378	10.6096553147848	7.54816007104965	12.2021905699894	13.0280960701155	12.7344414215292	11.1798475498419	7.48005308099386	12.2147502679595	11.8797616659636	11.1637418570991	12.0677349476637	11.6510262765505	11.0102008445069	11.2839733988415	10.8860601499663	11.0854527119441	12.1253283833204	10.041587323504	10.533476713634	7.68816566256215	9.16672138170203	11.5162626527049	10.84778926731	12.164130455009	10.9169294263525	11.4869841540938	11.3666618589635	11.3676908568645	12.1415716343296	12.1366994427371	11.4963334824968	10.279987030919	10.7797241908771	10.6794355088907	11.2430300824105	10.1229116265323	10.5333571514285
M266.1526T85.35_2	11.2085829563169	12.9994600027454	13.4663438769915	13.3097883382648	12.4524718249179	11.3922491574388	11.9863080716981	12.4826338521647	11.2600827959452	12.0110798003227	13.556336481873	12.8085917109352	12.1932825739414	12.3172819681421	11.5152094882065	11.6947211098995	11.8663016970168	13.2721643361601	12.7963555274287	11.685923628807	13.9875837425484	13.9990299869696	12.5299719335937	12.753321152815	13.477040220097	13.558816625257	11.8285847090339	12.4359105567013	13.7689581860349	10.918012917174	12.2806089314751	13.6128131601659	13.550931580688	13.212656772463	13.3288305677013	12.1946940608096	11.506275062971	13.5331746168768	13.9524383460576	12.0375361815892	13.5914763760962	11.4145261751088
M266.2489T733.11	14.5589992708313	13.5999953994425	12.4056989925922	13.4678473389759	13.2212243061103	13.8023339021316	12.6118492567884	13.9289891806934	13.5930710604265	13.044639520075	13.904585192407	12.9838474787951	12.1800744119622	13.1778418027657	11.0685360284834	12.576721073358	12.5368847584654	13.008392277565	13.9302678141359	14.1364055550864	15.1737766858198	14.8483225650887	14.9106706964384	8.88542479917857	13.0372931767471	14.0157633893315	14.3428863027934	14.6559852549404	14.4377803209906	11.6642665852481	13.1813331592149	13.3164836809511	13.9978478444259	14.069993443438	12.9223005165576	13.7228692175707	12.9052815351465	14.2799589589898	13.4729089263328	13.4664012022048	13.3479783217777	13.5964463870744
M267.0597T54.07	15.6064667317681	15.016659773128	15.105147691627	15.0913106506257	15.5699396161459	15.2687065933688	15.2976626117392	15.2064996890211	15.0195729358133	15.0610086350644	14.9513589828758	15.4818734064686	15.005707189629	15.286901872019	15.3326015435176	15.2943084077088	15.3614975409629	14.7906658159388	15.4507389883682	15.3074337456487	15.2356725872401	14.8629236684632	14.8552388072202	15.0151598482751	15.3359795739329	15.2457899456386	15.0515987187504	15.1608970528571	15.0931771340866	14.7060442846345	15.2664799024568	15.2179810034477	15.1214508888403	15.3871898062845	14.9531899470991	15.1767079244912	15.8723971907053	15.0649720037673	15.368988945746	15.4651195519927	15.4519275257314	15.3328908698225
M267.0986T109.06	15.0648947658404	15.737507664718	14.7209476772749	16.310982920406	15.0182685396123	14.7995731129228	16.1427841374658	15.1127026244165	14.4470788178222	14.1914797014932	16.2924686722344	14.303605586346	14.896443211239	14.9820164471661	14.9487348279303	15.3786499811237	14.6150368578106	14.7504978394976	14.1653801974563	14.8618290666789	14.228007568282	14.1536959858907	15.4645713495895	15.451299518142	15.1166108610284	15.7221174582546	14.7286167141574	14.758124154675	14.9093143071862	14.4857918916794	15.2453621648682	15.7961016148904	13.9842549223759	15.9230472198263	14.6519833664	14.5916028699504	15.1014886371188	16.1872178463337	16.0443594651214	16.3815632402897	15.6951374822824	14.2292857748887
M268.1194T122.65	13.0749321690851	13.5507812619036	12.9450123351754	12.1001501784817	12.827553166518	12.3900187328297	12.6776152835416	13.2440154329226	13.4010861112145	13.9060932218708	12.7989025596616	12.1722315011306	13.4470980568513	13.5046717093168	12.376076517266	13.6347010927989	12.7793977085216	0	12.8935250053864	13.5978846580495	12.8083854313312	12.6708074331238	13.1009320758709	13.1701308381757	12.6372418537792	12.9161784208749	13.0858421682965	13.1783407498658	12.7781431070418	12.2383120894525	13.4222524136448	12.4287652451637	12.6893858276568	12.570454370173	12.6800935122523	13.1422736481924	13.930802465127	11.4408359346543	12.9949334660618	13.5815459248836	13.2649001849963	12.5896562278612
M268.1556T388.58	13.6427123241741	12.4526490835658	12.7230928791242	12.8148555992955	13.5411889971972	13.224321487166	11.8217488486532	13.1238850972556	13.083524853569	12.5244488394918	13.5257348200938	13.9541877303904	13.3752367421929	14.1419476111166	13.420286714124	13.8149920197202	12.7543388013444	11.5824628391727	12.897100688813	12.9160803039993	12.3773134346333	12.502014143364	12.4201607187783	13.2354877799568	13.3551284006879	13.0271744128485	12.9011498912725	13.9434424111143	12.52039695419	13.0327196584229	13.6007506653697	12.5820238990128	13.0606210883921	12.6488793816702	13.1081332607168	12.6430594060376	13.167290514818	13.1337621748493	12.6765079942231	13.7497122473834	13.1379100206321	13.3758967260276
M268.2282T594.13	14.2155737446254	14.0461444211234	13.7795455642195	14.2978704033923	13.7539531018593	13.7088697250491	13.8221349683517	14.4182152821805	14.004392514342	13.9049087137235	12.7999709484339	14.4143319095754	12.5699250811218	14.1365091942371	13.6776205257029	14.1106950859389	13.7301633547006	14.3442953884869	14.4112204502262	14.362868897636	14.9811392939308	14.7222453112162	15.0369889842516	11.6407690929558	14.5558872169541	14.4503780947458	14.4816353427492	14.6188932287721	14.1120229508878	13.5901821021018	14.3441344840177	14.0819919550215	14.8227695140795	14.3738227944884	14.2037655679099	14.1278821188271	13.6826974034022	14.4247490368052	14.0937754150595	14.330451965513	13.8790883779276	14.5808561932826
M268.6187T688.71	12.3583352398311	14.0031082349368	13.3543251820392	12.9764063373793	12.9784564704502	13.1880355933042	13.1180123095246	13.4875792559835	13.2822833376768	13.1595165862903	12.2032523815247	14.2992621199684	13.1484763057081	10.8465501361419	0	12.3787717153168	12.7304972871712	13.1829440526817	12.8525399542927	13.613264374115	13.7866903869051	14.1942500395882	13.4688196470173	13.2924543933943	12.8539447693207	13.9037004562276	13.8991575832481	13.6687265836906	14.4484169705688	11.2864505407026	12.8667246724518	13.1810351579678	0	13.8874918040056	13.845969165358	14.2336925884684	11.7797770812497	14.0832142504485	14.007090752028	13.5962981948598	14.4593485066227	13.5941052985693
M269.0441T260.9	11.8566265234762	12.0936423717388	12.1512162196649	12.703080040416	12.3021520479322	12.3635405228119	12.5393659359758	11.3880386946648	11.9986742600978	12.2225690399716	12.569121534291	11.5487432460466	11.7085695692767	11.9405062185309	12.1886391323475	12.4600273710848	11.9041705785727	12.7003309965616	12.1835268054449	12.3509608539979	11.8114834993943	11.7075666587865	12.575478743094	12.1464515552029	12.589419871698	12.3706834523021	11.6404838825702	11.9441935775684	12.6804716253459	11.6066640305735	12.7717979329078	12.8198322302648	12.6261521271597	12.5225305115496	11.9642177797659	12.1788413606354	12.5854004966536	12.0041742364403	11.8307949543845	12.692616603071	12.1163068336841	12.2687136077137
M269.1102T646.49_2	12.2247912494322	14.1472319743869	13.1064515558804	12.4216742704295	11.8566302122065	13.064617220289	12.3775564526326	13.3414750936764	12.7167586014435	11.9484850113759	13.4773393244637	12.235366280402	12.6716797209336	11.0327930953035	11.2226634490362	12.0223888437976	12.4723925758315	13.2907893656535	12.9624059379418	12.8274106900754	14.1293027440153	14.0000011832509	13.6188278613436	12.4812978862892	12.1082597040236	13.1475290391305	13.4000422190382	13.1800937710222	14.3125772555613	11.9768652828116	12.5052158080646	13.1879872258251	13.3661768836279	13.3205271625612	13.2653517922416	13.6716158629506	12.3114011494929	13.6120914416758	13.3311960274254	13.6910849993282	13.7919487871289	13.2235362809341
M269.1118T107.47	11.9725851071662	12.6972782365421	12.458349520322	12.5956471987224	11.7869698994004	12.1607235664551	12.5139347301123	11.9584360455021	11.7767140919503	11.6975010036101	12.1801839576749	12.0223141060628	11.7300620065016	12.3475158132958	12.3498425396202	12.7681111092095	11.9247348542938	10.8874572446021	11.8967076827491	11.819530290086	12.0525588643682	12.4713711965644	12.6588177417289	12.0208920872577	12.4019279437019	12.7419445248461	11.6304993926192	12.1716937718198	12.7221464040208	11.1927648756913	12.5560961340175	12.67162612958	11.8735243246025	12.4964627168483	12.618427087639	11.8565306710091	12.2473284971033	12.5765682859399	12.6610910747605	12.5755703506914	12.528478019765	11.8767191019745
M269.1358T198.39	13.6353235399066	13.7421896932476	13.0821824816631	13.6619729836282	14.2101952804608	13.3695578199359	14.3844784267879	13.5884025110836	13.7999130888928	13.3323888628441	11.1891111553963	13.5346927038109	13.1145098916991	14.0113187680214	14.4285995789991	14.186072791332	13.6772098861371	9.44629420981214	13.7307741871752	13.621755136478	13.9499729215424	13.6263008245567	13.4470231704782	13.7307687704263	13.2892563531884	13.9802077297414	12.9732481414595	13.902175163464	13.6002526009715	11.9717270963371	13.3203332164241	13.8184914226858	13.9857940520405	13.9011361854196	14.0597561249685	12.9892305034807	13.1611333614057	13.2199388125461	14.1094165435998	14.2465321459763	13.5959834283258	13.9250352666706
M269.2274T782.38	15.6540725533894	17.4168811694283	16.6723375156974	16.410759683807	16.2640366911418	16.5206118377935	16.4724129473101	14.8709843013742	16.7418390678649	16.4066945007353	15.7218213880827	16.2971663770841	16.7727091189211	16.4539113787442	15.1321207227069	15.8239993698107	15.9390676858953	15.2456539962871	16.50756122981	15.8724424195147	17.2446371946899	17.3860927185609	16.3136145523877	16.0858402901557	15.9992121194132	16.9132907860502	16.5539276702115	15.8586134363653	17.3629712705442	14.9473426953947	16.5755803435775	16.9807996334465	16.935690067222	17.158987921298	16.7955279079769	15.3429621578754	16.2704365054411	17.1535491648582	16.0740070736268	17.2118519097167	16.3201473432612	16.0466949568774
M269.232T697.57	15.2159995061804	15.2588169739018	15.5128978752836	14.9851525379489	15.2094319300633	15.3839788793512	14.9577770191575	15.3063646242347	14.4606616909512	15.8147470323399	15.2219083739197	14.9056524320468	15.5300174829868	14.9991935459412	14.097233700335	14.8746553194125	15.1403987754482	15.0548846290745	15.6556062183758	15.2977067910377	15.4754530572795	15.6169125075349	15.2914183188084	15.75754607159	14.8163540529878	15.9227345738719	15.5980658143379	15.8684327131487	15.904863898646	14.1607200754557	14.4984345485436	15.295868000212	15.232939515334	15.6926925055781	14.4218557294244	15.0202373152524	15.1634129319302	14.8784711039407	14.99096588478	15.7509010715681	15.2034510761583	15.310025759721
M270.0645T418.19	12.1045310803396	10.7340114457847	11.5986524387103	10.9819002705908	11.9076597207258	11.5359813136642	11.4083096090676	12.042381935524	11.1492577045613	11.8236661536626	11.1159791893728	10.4330376240233	11.7280853190863	9.72214812824049	10.9251062203528	11.359285511442	12.0185031713908	11.3499094173077	11.4933726660796	11.3788282251342	11.1625182215924	12.1104059815102	11.1473615181886	10.7059931734948	12.4214626951975	13.2457860144577	12.6908798513177	12.578433753377	10.5657978920857	11.5433749257832	12.533863310495	11.7728616153606	11.3033345758711	11.5544489905671	11.6107292912205	11.3637260286049	13.0761181439858	12.4763355382911	10.1666372759593	12.2873515434608	10.2330173306443	11.2649174227441
M270.1473T502.25	12.3660651929082	12.352538539904	11.9608695439417	12.3084544568031	12.1735705960239	11.9478614500691	12.154017461545	12.1591479654509	12.1117005441241	0	12.5316695240949	11.6623728525887	12.5250681348366	12.5019934648457	12.6412257318539	12.3192259629448	12.4040446966877	12.474849902021	11.9303181839089	12.6101751291856	12.5791300211464	12.6241113044713	8.25476641539902	10.7987175543979	12.9740683383344	12.7146353103709	12.2656447744258	12.1304529153042	12.5245718488398	11.4068793137484	12.3425306653491	12.5701171819668	12.6915491709728	12.3015101012296	12.270235134587	11.9919858322453	9.42809067387349	12.6271087579199	12.0929449272478	12.1083607541346	12.0581322050001	12.4148941712904
M270.1713T397.48	13.4797640634573	15.144460879599	15.4342956383652	15.0348427491501	11.631774864956	13.2113591781477	14.3118289798732	14.1666499358064	14.6753051643001	14.4945777179833	13.9125732983841	12.8110826280252	13.6882990991966	13.2607074525957	13.1810750014493	13.8665000807858	14.0658446787831	13.6043745881176	14.2403725058444	14.409731788812	14.7187236920536	14.6273960022081	15.1531122531056	13.6334463721598	14.3938618739333	14.7094246579163	14.1123713794706	13.7764196711726	15.3952565294459	14.3688975527164	14.4802258671518	15.5104079776415	14.4990438698635	15.2176771519876	14.7939570813603	13.2846262533692	13.766085592197	14.8526294802142	13.5680920671749	14.0183312762517	12.7605270655924	13.4034162420819
M270.2077T429.39	11.3773376974526	12.0442670446	11.2374301517483	12.1364649018254	10.8752435495004	10.4489400729813	12.1956434645017	11.3921279629272	11.874387834939	9.34047276494644	12.1601849322858	11.3630112828643	10.9352064265082	12.2023621965547	12.0615814769659	11.5984794501018	11.1052092948426	11.4286961899355	10.824989718881	11.6973826007497	12.0083345482888	11.9092907712294	11.2736922632833	10.4228676061445	12.181059389813	11.6602407833619	10.2759230294182	11.2009651792354	11.0249834506454	10.0665005297704	10.8447817053048	11.0694702428044	7.09468020899207	10.9761699029155	10.836697749976	12.4370360614622	12.5936644057907	12.2243763188015	11.3829358240456	11.4010873860854	10.828011241397	12.2461604995809
M270.6245T645.09	14.1384385278	14.9526672204599	13.7840387980997	13.9474929408391	14.4926695428373	14.6593745626991	14.23937766341	14.031026377942	14.0322671922104	14.6707932029356	13.2334148704237	14.6332058033594	14.2348675375001	13.8738544337614	12.8113509865811	13.7846637983356	14.2307769956028	14.6669679414472	14.6486963430355	14.934745539004	14.6819841229075	14.5959175970506	14.6275430793214	14.2944607700903	14.0909264571959	15.2213516549702	13.9936571679982	14.9207899986585	15.2260233750257	13.0507170146258	14.1608142182589	14.3190654567809	13.8896459436055	14.5639916088107	14.0030365824006	14.6044289360217	14.0152859262266	15.2874269662994	14.7347636319718	14.8612753045111	14.7492352890944	14.4817661039522
M270.6437T213.05	12.4771164660083	12.6418823120957	13.3414804714425	13.502164846341	12.8129042363367	11.2599318687462	13.4142587791755	12.4712744259978	11.2569389475136	13.3485015210093	12.7223294010965	12.8562551516307	12.7956539081648	13.0982739366487	13.1095642868219	13.9531169422728	12.3492457363052	14.6305918111198	13.9679095118098	13.9280135873028	14.1627590150375	14.5190376357468	13.3976768871709	12.4641376591993	14.1684048533424	14.686288818193	12.7241810729569	13.1073215962356	14.2379215295017	12.2179596404301	13.1910150743801	14.9215313860932	14.0820786951183	13.5538665465335	13.5129865094994	14.2871853315798	12.8396558402689	14.2205110551164	14.0856965581018	11.9602553390719	13.5062489451551	14.0820144884464
M270.9787T42.91	13.4038033963732	13.1023031037497	12.827744189216	12.8040242068829	13.0487702274314	13.0038619254416	13.2831966688314	13.8090580034869	12.904916043991	13.1552032428898	13.4108762875698	13.2438650571737	13.8029152688739	13.4919349756768	13.7076238981504	12.6137326434171	12.7348131018979	10.8320466418025	13.5394360143077	13.1492603159136	13.1995016585846	13.086312874479	13.1064083365831	13.4417009950039	13.2866563794535	13.5226703629629	13.754707849523	12.8243903039421	12.4137005501746	13.0546453843009	13.6324392069477	13.5221891555594	13.2040602760428	13.5034721671799	13.8758311261393	12.4130086613278	12.7579875114176	13.560805479121	13.6600318840225	13.7434295798026	13.2883919550132	12.9226714168891
M271.0151T289.15	13.4046975517165	13.6517285394966	13.6351025351431	14.0324001107435	13.6991602205242	13.3794070579375	14.0658618362127	13.0442488393248	13.5494139304063	14.3651692912071	13.8251120689258	13.7241339785999	13.3260432872756	13.2854996116808	13.1913253372105	13.6297564220671	12.9980753959937	13.5198132223473	13.5190946945865	13.5636576586892	12.5458284557649	13.0098731389152	13.8229445142631	13.9059240256298	13.9693539139978	13.5370856364245	13.2534167917901	13.160013945928	13.9416478361532	13.1882311193769	14.202084734486	13.9192811277712	13.7752882915641	13.6577354740407	13.6845449235641	13.5062842007697	14.0717333870396	13.2402756073636	13.3576105529122	13.7721366357076	13.4450368765027	14.0950088786275
M271.0406T352.17	9.46253802250971	11.6968920217583	11.8597939151021	11.9898279978672	10.2325183085959	8.62800964669258	9.39241165077264	11.0952876358735	10.8783881861707	7.56485178370459	11.4280593318099	11.2095556519207	10.5630077269995	11.1048470794375	10.1977140070279	9.03426009956123	10.7443001761308	11.3687997342721	10.6354831140914	10.9026768533367	11.4109798917904	11.8949610681173	11.5390488257133	11.2198454676337	11.3476101466133	11.5646333017872	11.2961947800275	9.93716495819864	11.7022656134231	10.6460187908478	10.7751289715891	11.3673719952616	11.9197978842835	11.4278173391178	11.6847539749933	10.7108156076948	9.48058112753676	11.8621801511378	11.4610670212181	9.96576520891013	11.3044206468604	10.8444433982502
M271.0911T51.97	12.2790342610042	12.7689174072525	11.4195876915887	12.4577912197252	12.2486443792082	12.5344473654878	12.5632200914434	10.5445184744552	11.3362641649319	12.4506794317644	11.9275493516985	12.7316936999049	11.9765527659658	12.2656844544659	12.643066428514	12.6184366910865	12.5859348824848	0	11.4359099774455	11.5742500031716	11.9982659527584	12.4147602352112	13.4193796398064	11.8603666453179	11.9490848037677	13.868007694253	12.3991313179601	11.4889188271446	12.6292440098148	11.2317484035569	12.5708755983226	12.6379395282358	11.7071366959925	12.3409048869911	11.3540134972375	11.9009406155959	13.6020142995202	12.139257211118	12.6095066157565	12.840104927476	11.1233341927163	10.2077009994493
M271.13T102.94	13.6018396521669	13.4769519745425	13.6280412627475	13.3762759737857	13.4478952105953	13.4469542698042	13.6391841100466	13.3704334681738	13.6342378015672	13.3975700794674	13.3415718725868	13.4435995726691	13.65712069604	13.546611787839	13.7364135982273	13.6725211986054	13.5166965956308	13.3336034815611	13.4985102805377	13.497996690996	13.5211809404598	13.4360271401063	13.6004524832954	13.4133317173586	13.4990781059246	13.4111490607055	13.4343927406444	13.6064310193648	13.5297704022461	13.1735513157657	13.7357009907077	13.566403912735	13.4702104584597	13.5362329989195	13.6076388292792	13.3867147396386	13.5883278246059	13.5890341142197	13.4856596581908	13.8145567476541	13.4492536711872	13.4873548952556
M271.2835T828.9	13.586990932644	13.3776210528608	12.3074353433047	12.3444053525727	13.1279550102697	13.989560386313	11.944834392102	13.8364559292044	13.5679897119803	12.2655055443734	13.1975420115965	12.8276856282893	13.1035554565197	11.844952665461	11.1951218155253	11.8348609896308	12.0740323922156	0	13.5022748246511	13.4701668027572	14.6651336774001	13.7933334838775	14.3866338453755	11.2603928201284	12.3670860181736	14.4611698857734	14.2036958127921	14.3727913855075	13.6414348602602	11.3467482749873	12.9839247794309	12.8817677802924	13.7385101618754	14.1139704279351	12.6686812686289	13.5785620564052	12.45877326812	14.7376660821889	12.6302843460522	13.3160095748547	13.0718013927583	13.7053386721645
M271.6669T563.06	13.6686505748841	11.781585754779	13.5741418172308	13.6915798074747	12.5988572608812	13.9409682959834	14.3747019459511	14.3543951574501	14.2263965438183	13.4735800385998	14.5059574959099	14.1153328002456	13.0344700220977	13.1597816156739	12.9144692878285	13.6863813432395	12.9565217078	0	12.5543167163353	12.8099984867697	11.7763837015099	12.1619894013302	13.4065138545637	14.0224799925389	13.6849358987746	13.2276528135299	13.5831455477768	14.9281952589233	13.8404667419031	13.5535453068094	14.5201570407836	12.5878791914436	13.8377496755874	13.6392072062726	13.4629886562048	12.4377673385464	14.294531925595	14.3290440502292	14.0390971873293	14.4333095848322	12.4440338522754	14.7402340088752
M271.9658T48.39	14.3454352066687	14.2557092135905	14.5989867868679	14.8713660578656	13.4936840408314	14.7006912815753	14.6946613088052	14.2420964873323	14.251692384413	13.9992032025579	14.692015629349	14.5132209242017	13.1969765906123	13.1115096512086	14.047118811072	13.7635221972804	13.8805281081632	14.4522854895355	13.460036731205	14.0681703417232	12.9057552987466	14.1976976050686	14.5058019519534	14.4793135825136	14.6902314134921	14.3624574946086	14.2106855072179	13.9697315399963	14.4453629797389	14.2079173213509	14.7617604898403	14.4953378384447	14.1734043818236	14.0084551859964	14.7691248136507	14.5623174251763	14.5374899030686	14.6086792755083	14.9186030851965	14.3234221760616	14.1541241407782	15.0822355968225
M272.0341T326.93	12.6662175071482	11.9289086290619	11.6167552319263	12.2836859488174	12.9706843262035	13.077205140932	11.4698050356119	13.217187904625	13.2949932177244	13.9769162116005	12.6855829568586	0	13.0450395109523	13.1080090622795	12.6181177026488	12.8965488711016	13.5596511824653	13.6802145388658	14.0613095669571	13.1766143652393	11.2647043816272	12.2243335270277	12.4188226385747	9.9294392200429	11.515035047033	12.306771567432	13.4539763331649	13.1327813307015	12.6312834930201	13.2393006359551	13.5392193307896	12.9359914939415	12.5321598242352	12.9834678269893	12.1505060907905	13.1457157773064	12.7969322562071	12.5732959768934	12.5378450096962	13.5380704739023	12.8206681006993	12.7945398402602
M272.0354T418.07	12.4610964289784	12.0790615426051	11.6954326391114	11.8881672276957	12.3028569236381	12.3388191154797	11.8319011949474	12.2356235991204	11.0720668271571	12.3149378217699	11.3394700576705	12.1822141112538	11.6217576927179	10.3784845102961	11.9942481890963	12.1517395825745	12.44986612527	12.0965106011065	11.7971258649077	12.3040485929975	12.0169517709973	12.4416648505887	12.4102522875211	11.5149293196713	12.5524453012195	13.8157658439921	12.8359308055182	12.8441572601785	12.5157565665813	11.5548088178757	12.9416422956852	12.501242796428	12.1583076169073	12.1280807348868	12.1786026470146	12.1401457943543	13.3579442326107	12.9747006645589	11.6883104769469	12.5634442090337	11.4647726547356	11.8444071821885
M272.1254T181.6	11.3165264406453	13.4961196566048	11.8775595968227	11.7173034005212	10.4418639397929	9.91149599005657	0	11.7660577795006	13.0681325095636	11.876188236789	11.0157756593543	0	12.2793354460008	11.2188069593805	11.3434043513529	12.2507691417815	11.8309968702195	10.5053780848471	10.99060921852	10.48479610344	10.763999505104	11.6040478728079	10.4950956796457	11.2979695586565	10.1493677382799	10.1486981178587	11.7776382231538	11.1492481622241	13.1359467874543	11.2649650483315	11.8342600323422	11.6410214984647	11.4968200395608	12.5829788610798	12.647598031464	11.3942174885645	9.36325567201604	11.4118291324358	9.95459936220987	11.4258320970436	10.5675043980242	10.1234835460692
M272.1366T94.78	11.8909376868999	12.2470864978356	12.986591255442	12.6020237871871	12.7032048697922	12.098769515452	12.3170780037	11.4518619892544	11.6775806696003	13.2583070574996	11.3831976872778	11.9092309812976	11.7733038568755	12.2505838092985	12.4087688485007	13.203384303472	12.2837068810777	11.6132015833245	13.5033651627595	12.4840051398711	11.0093794731933	12.9903992302744	11.9265577345544	11.3591808432081	12.834724048638	12.1691924441789	12.6980610282525	12.7150276631734	12.6353127494705	11.4284739328473	12.9291092344201	12.5867718303839	12.5439796048349	12.9573843064805	12.5991843218271	12.0749796338784	12.324937237697	12.2164747301806	12.1803919997772	12.0404255452685	10.7345285648651	11.3123609728715
M272.1367T190.64	10.9594872927675	11.6479856199413	12.2344757290828	12.1591716463538	11.4473358267171	11.3058752183992	12.10614968111	10.3762468089623	11.17176147403	11.850617600361	8.91967852820644	7.31906846866769	11.2867964694065	11.4378576929905	11.6466210383126	12.5592461667199	11.6787127791493	10.7994706330504	12.3290104109066	11.7677771334259	8.48555348693035	11.9605081858713	11.5709750933605	10.5733155250165	12.143275750448	11.5987958841468	12.011407473515	11.8679556926159	12.0330511112599	10.9467097575336	12.2939225900154	12.1588741125845	12.0215988741861	12.1936360375568	12.1403834560484	11.6348254757355	11.4158370633222	11.439926605142	10.9646334726708	11.2537424637547	8.97427105058046	10.9103191482686
M272.1618T339.49	11.3328600499497	13.7046059090484	13.2517934202646	0	10.3677769229491	9.7628829415021	6.74218331426201	0	7.32581681265138	12.8968207780277	12.0661706919937	8.58196556880214	12.7386228612647	12.1052375492108	11.7546307590669	11.645212098545	11.5320585496859	10.8958126013456	10.6951221974343	10.8467059096786	11.6534953742224	12.1222168523161	12.3563363380465	11.1527032169941	10.3799205776079	12.1674285669329	13.046932257717	11.6746153660748	13.4519961517675	11.5063960628599	12.2000253551472	13.5946620435608	10.9933959606464	12.5158155382659	12.4013455640471	11.4758387454889	9.91179396834546	12.5658186877065	12.2060996193064	11.685776042068	11.8883137924952	7.03795575599793
M273.0307T313.8	11.4919667394872	13.4905886365857	13.3962772778165	14.0329871161772	11.6721466379589	11.5410588005257	13.9636122718309	11.3425532858675	12.0247411566189	10.9771493075142	13.8363290988125	13.8287589527051	11.2421912410192	11.090826537264	11.2665199580887	11.800073763211	11.6606479203407	13.0334673847199	12.2616269077032	12.344751370442	13.1194872334077	13.129728785275	13.6728152843341	13.6587561840521	13.8959690801488	13.935348026096	12.2168088908707	10.8078331741322	13.7998501269833	12.0944436046954	12.1911441438474	14.3984432260746	13.9277579257215	14.0568876638223	13.8102077028363	12.5307983364101	11.5083440463823	13.7772874146149	13.8470010097871	12.1544829537865	13.5018648933281	12.4253946527628
M273.0857T386.09	15.9333547235603	15.0787667475129	15.3499971214313	15.5940955435852	15.4557207542836	15.0115027355188	15.3381440461439	15.4375876192068	14.7532527364371	15.8745733906219	15.505100448128	16.0854503302716	14.087932254721	15.9874291100636	13.8263441494069	14.9596313156634	14.5862922805959	13.1723244285606	14.7132360325198	15.1236325313689	9.45136500652373	13.6115065036312	14.2183018950933	15.451641228636	16.2799967183235	16.0013822942428	15.2982642583323	15.0977320149009	14.9476059108221	14.3717925097026	15.4345264821865	15.1536294036667	15.2165896153392	15.3875422480312	15.0707502962116	15.3353637224085	13.9199483444437	15.6500584622152	16.1711437117475	15.288176739604	14.6634265513201	14.3430280955079
M273.086T339.49	12.8547498123497	12.6358404346336	12.6543433591071	11.9542882497129	13.0736311195515	13.8812980931958	10.9529945701183	12.9602864412473	13.6585109570831	12.7074578615706	12.683250527207	0	12.9591557903782	12.8226147218584	13.6123693729316	13.4687862958283	13.7324250436788	12.8835532305264	13.0206859435977	13.2365402871144	12.5994593941102	12.5550106950725	12.1046879019174	9.51510393533821	12.1869453333667	12.32585986483	13.1625861669909	14.0576482959544	12.4786347371774	12.8215042095811	14.2286048929534	12.4055199395521	12.6159898242521	12.8454517920955	13.2808970996328	13.4542997218441	14.2078415664815	11.540666831266	12.8927089966989	14.3929526364491	13.1063982380722	13.7293191300444
M273.098T82.89	11.706904939474	12.0759521055689	12.0947515314535	11.7276028643156	11.7462880531018	10.1087085721168	11.2107324642143	11.5926240477112	11.5826012830878	11.1928615979021	12.07413628009	11.7078571919605	11.3587095313969	12.1592543538025	12.007532878599	11.7227654985945	12.0185983048237	11.7303794070941	11.9116604854884	11.7291869752245	11.8220679821941	11.8486405458374	11.6676214576342	11.4766867185089	11.7093527008276	12.0624749606344	11.6416648125383	11.719281779053	11.6616792989284	11.3223794736362	11.5222325243964	11.5740569345803	11.919869321319	11.5315506096329	11.6481875284744	12.1274176847092	11.5313414163101	11.8520957524729	11.9588633704077	12.2352128343841	11.8701894563521	12.4137252075005
M273.1279T171.88	11.9188814046964	14.5824811087152	14.2419860336973	14.4249636853452	11.9842583174737	11.6818800871553	14.0688031811081	12.5949510328545	11.9389396842121	12.477571149605	13.3308511556606	13.4126581954775	11.3580634348276	11.1065778214128	11.2835556654947	11.4007825608428	10.0659724141472	7.01149595517487	11.6057759773827	9.88583260945297	13.3656507157878	13.7964047843502	13.7659157991242	13.4274887999298	13.2051778238217	14.1405648226124	11.5774455483989	11.4367083764049	14.8075608976814	11.4222360336733	12.0391191654165	14.5375550927769	14.166654102027	14.3487750600187	14.2527441957265	11.2457964633745	11.2018264516861	14.0636360776375	12.0075028283992	11.9733765869251	12.55048382613	10.5513546846897
M273.2042T50.67	11.3193506633259	14.1366178178288	14.1107198275565	14.636251533806	12.729327675981	12.2883931267419	14.7362547785188	13.1472201400047	13.2537223740008	13.3916789728909	13.4605834256086	14.1560957568559	11.9565267683689	12.272128857731	11.5092974384761	11.4473178980476	12.4684675351907	12.9386102208775	10.4388938446657	13.0447203067243	12.9355469229493	13.2180198184644	12.9710413700893	13.8974740260896	13.9287570247473	13.2915389996764	10.1668252707959	9.1348954168957	14.2462829632424	11.0855337718424	0	14.3040264052765	13.2110137983769	13.7632993715575	12.9647889436746	13.021818945675	12.3126880794969	13.5533021579243	13.9679526994864	12.7573250900327	13.5820779287792	13.5431432231219
M273.2187T400.54	12.6309323180683	13.0933515897931	12.8711630759666	13.026003850099	13.0529040175162	12.1675492143196	13.0592662780829	12.7761531391179	11.596244511762	11.8899912285897	12.3755359494719	12.2271007802864	11.1545614654436	12.8176128932652	12.8677219787556	13.1789741735315	13.0598268026949	13.2406827077834	12.9396883655229	13.1652919762152	13.9676227912427	13.019889789459	13.0654819037627	11.9363514039555	13.7656748104935	13.7271458486436	12.6665279476713	12.7071058273522	12.8691440019763	12.7683670436909	13.1984853156391	12.7694408850022	13.0635618477074	12.6896538534995	12.4333469964331	12.5022496782998	12.5967605758651	12.9302542402188	12.8971912864007	12.4726082266871	12.21635971796	12.0033209780894
M273.5658T697.53	15.5095406176732	15.1812344548554	15.2767360530597	14.7532015311423	15.2043445519856	15.1885809720824	15.188293963556	15.9397057371635	15.0833599027899	15.5504791162674	15.4217575855475	15.353531373408	15.7473965081448	14.9910841312399	13.9240463445342	14.7124134828416	14.7391270570754	14.3838054403338	16.1879332305029	15.6008029543095	15.9506795756534	15.486603863769	16.0251055262037	15.0521591663147	15.1159560418947	16.3471034230314	15.5269208114057	15.8468058249355	16.1542308979778	14.5093737752277	14.8400213673387	15.17269675438	15.5332528067761	15.3801834357476	14.3726991306839	15.3357570712408	14.5664686423513	15.7690564975015	15.1346654464149	15.3878978508426	15.0866787969779	15.3689141799605
M273.5659T662.07	15.2719634066939	15.6353891311479	14.8829430233509	15.6358656599789	15.3090354173798	15.238116444884	14.4093288195175	15.3143664801805	15.3083389884945	15.1676375358793	14.3078628697555	14.7348642888497	15.370607882155	14.7720518532059	14.1939889688839	15.7578764647805	15.3235482565259	14.7876718220695	15.3304986717457	15.1319051000124	14.6493145130019	14.5600801619557	15.0938662618372	15.005342476797	14.2060659790226	15.9067012473446	15.7530939329476	15.906246718696	15.7219157830828	13.956625009221	15.3365901719663	14.1713208037712	15.3628913946944	15.5044294881335	14.8744972168646	15.3607693762224	14.2273694887182	15.2661340574711	15.6321791550765	15.498663898449	15.8716934618816	15.0480422388092
M274.1662T137.82	11.9720560629571	12.3234539054729	11.5046345272743	12.4736438018693	12.6413172336466	12.2995440881586	11.7931863028973	12.1353555236513	13.2295929337584	12.5848162852128	12.8787200307277	13.2483664155496	12.1846005867915	10.9591692286653	12.9888894399863	12.6114852033128	12.8886800332468	13.5370173339375	12.952220303219	12.3030082046038	12.7501210897162	12.5730499324878	11.7423540487589	11.9294297783214	11.7765759754468	11.947374418334	12.8993630635397	12.6120251629917	12.0575519070355	12.484716204452	13.356263819305	12.2936787725782	11.9597236075985	12.6736750698941	12.4901834490663	13.9035552092422	12.6060688887709	11.9177121309478	13.6995622610516	14.1402339597763	12.7809943442097	13.9493215375716
M274.9731T62.49_1	14.6344784258367	14.7531180868416	14.2910584594672	14.3262280134692	14.2827533985052	15.5259947653106	14.884959007435	14.6280084682054	15.0522022946994	14.9601221749959	13.4909624275509	14.6263864361092	14.8549263759	14.6305114228896	13.7260194510785	14.3518706271764	14.0410968724108	12.190100855606	13.8730419592437	12.894127601053	14.3496125405093	13.683523493959	13.3183655334232	15.214655791563	14.1513574950454	14.6086587884411	14.0738491908073	14.2218993119584	13.5187721620874	13.2243460842448	14.3712523555095	13.7109696993063	13.7725167309084	12.6804868837865	14.4014603618221	12.3891906723071	15.3310845661942	14.6625792016988	13.5595703426315	15.0082867167756	13.4632929598259	13.3338322570986
M275.0518T260.41	12.8083753144676	12.9782887579169	12.9330761572021	13.3836266572332	13.1811409817118	13.2146424670731	13.3006197729647	12.2129802391136	12.7342874595488	13.4378445171006	13.2500589945826	12.6997874207519	12.435585458446	12.6215203441271	12.8404190967153	12.9756027728098	12.6015101279485	13.1114876986819	12.7523022403638	12.9834463985059	12.3583377817704	12.981810317509	13.246816315147	13.1961725520551	13.3775381835483	13.3057842395698	12.8557993439616	12.8782670327272	13.3913053808872	12.4694170426276	13.5218362618434	13.6194938923361	13.1605330404728	13.1473984772449	13.1811990667948	12.8489970351352	13.558354984792	12.9364004343943	12.876444284333	13.5537649544236	13.0206681241684	13.3531172551521
M275.1039T154.03	12.2535882734653	12.4851503125875	12.6584517098217	12.1444742629564	12.3512790639379	11.4138755886719	12.3159676006246	11.5123739139508	12.4186029204855	12.8452022485282	13.104317851576	11.604187252939	12.1009730231502	12.9326684811809	11.982476902376	12.1393008691155	11.4467750462236	11.8283988174147	11.9663523457878	12.3179557988566	11.8356745597542	10.9622201499126	12.3682292154438	12.611558281362	12.7092358114642	13.3545245250661	11.6658137036568	12.0682535158066	12.4597549960086	11.354975414297	12.2714521620042	12.7131320356508	13.0113008153601	12.4191446567074	12.0572647471578	12.338616071235	11.302524571414	12.4054284509717	12.757470929754	11.8608908707407	12.599356686606	12.8458750733674
M275.1039T337.44	12.0129142503669	12.0885647009918	11.9707884065025	11.2393407837456	11.8005299943439	10.5446210258352	10.1500156649707	10.7379941901373	12.4474453361684	12.3867206880055	12.2430850333633	0	11.9501254173192	12.1832862701871	11.9425253578071	11.6955042768956	11.7928244677224	0	11.6161143305597	11.6201821442466	10.4367690156204	10.8328088265982	11.6303506107975	11.3800993502283	11.5344223786703	12.3503617291408	11.8182593495422	11.8488345050528	11.8669616057384	11.6372677221988	12.4187220583315	11.7997955368458	12.2695686035944	11.3745276549706	12.0519968444991	12.1195437871302	11.6018936198657	11.3694998206656	11.774875563244	11.7618901854803	11.4420531943813	12.1898112471936
M275.1072T319.77	14.635842289597	14.5173419336729	14.7813857705873	14.4730909864311	14.8660514348693	14.5840543774464	14.398549513931	13.9427767966604	14.8565953565681	14.746670091838	14.8065577970861	14.2704770804235	14.8315240479335	14.4155900907646	14.5785845650626	14.7473056749712	14.7761641641452	14.2987866564547	14.7575816321198	13.7389652962665	14.5137792880906	14.5626591216106	14.3909011857285	14.1537318996155	14.1702259865944	14.6610164877986	14.4244025884775	14.6237102370767	14.5723221952489	14.0630189831656	15.0947002465415	14.8233937095175	14.6238889993379	14.9644008149182	14.7761997398951	14.3552043230076	15.0958979114568	14.7003479497886	14.4753038269165	14.8983868067522	14.6268693497767	14.4215594269525
M275.1114T245.91	12.21769767217	13.11746436606	13.489865512191	12.3498617354223	12.1648706746703	11.8087273954273	11.7525261092118	12.390577414797	12.9720989461398	13.1898611814672	12.176110025129	12.2083924474501	13.0122089905192	12.4724001975087	12.4655964706848	12.4577237288827	13.4913963657292	12.1862431057545	12.1624978474227	11.949689951257	12.6750266538038	13.6170453932237	12.4159388511775	12.6635520669689	12.4280199030979	13.0630592709696	12.527891523569	12.490748229835	12.9992735167428	12.8541558584242	13.0630247783187	12.9324725011352	12.5078430882754	12.8782016222182	12.6330567824086	12.4507794890094	13.1394253040589	12.2501966473856	12.7650599983494	12.3981276217939	12.0781832684766	12.375155744892
M275.1164T626.15	11.763834503153	13.9688019672112	13.7945958060216	13.1617300046347	11.9760763606596	12.1881469078854	13.0916310911093	12.7560332393624	12.3805927087252	11.99413396568	13.4680497936741	13.8961552214788	12.3791845151557	9.82640225106139	9.66779732815608	9.5199873872579	11.9038270675483	13.0406331304148	12.3261668205179	13.2243894296987	14.3184011973816	14.2051451041387	13.7081853824165	12.5073699539779	12.9003391443418	14.726486632464	12.8055220028374	12.1020249936369	14.5068251215011	10.4914585966749	10.8211151083147	13.2782683951185	14.0047068698113	13.9547024851677	13.1918705247685	12.9650643926168	10.5868044749424	14.4158564830261	13.5854875180949	12.8085468474761	13.8280425499492	12.8808868166507
M275.1248T119.6	11.9120605429964	13.274230019454	12.8613235428022	12.0426052987342	12.167444728704	9.66352912633916	14.1103382788685	11.6722396840425	12.506658583314	11.5583773301196	12.9751533044318	13.2412230289923	12.875291239695	12.2602122486528	11.9185795774852	11.6134089715233	12.0619475559793	0	11.0983769195678	12.1211952474406	13.4207693191626	12.2992139011536	13.0319263177729	13.4286842952147	13.7752420468961	14.3267545069251	7.15181131088464	12.0496936058041	12.4464929729844	12.1828930849344	12.0651377927064	14.0791234149882	12.6870655984376	12.07286512724	13.3203478416936	11.5936658912292	13.3109571429084	12.0473517449498	12.8349476574633	12.5994887919948	12.2086152706238	11.4096852787773
M275.4958T800.82	15.661287737587	15.4678296434396	14.7783947659907	15.302856030642	14.817132434283	14.3480168484083	15.0903528039621	15.1372935290143	15.8979399545011	15.7073491787232	14.5891473483882	15.2643842336851	14.8517375033011	15.076738762952	13.2129263521011	15.2243485652069	14.8469011108041	13.816136307746	15.7781501307256	15.64566063464	16.039892002754	15.3346957770759	16.1847329080936	14.0208536768686	15.2234297294356	15.3068508941861	15.6049428822348	16.0382856462337	16.0931202081015	14.4926460629028	15.3919872457364	15.5803802705802	15.7184811433775	15.3384097478172	15.4187682962483	15.2614408623489	14.2940462160408	15.9235202188411	15.3778742406644	15.6105596537433	15.3702374110253	15.489375742772
M275.9611T46.53	12.8011248988328	13.3534954877716	13.4900863077732	12.8945350874714	13.811618254712	13.7965076117169	11.3521251036309	13.4311092808373	14.1042859711233	13.2056537403473	13.3467424467973	13.0427367977815	13.5570851372011	13.7148029268023	13.3576944827564	14.0115626962646	13.5463798965557	13.8499564596509	13.4022079393978	12.0920206778122	13.766829962084	12.931923168557	13.4728666372261	13.5145644879984	13.7481262573408	11.3110345396501	13.1591250181903	13.4802083464861	13.7341714573902	13.109110542353	14.0135766210335	13.4405875470095	11.6152542095549	12.5685045994064	13.7109676587021	13.8841796109829	12.8890035872621	13.0437675328145	13.6300931170589	13.5452911501624	13.293553310787	13.4598424543303
M276.0304T260.78	13.8243152662582	13.9713032456072	14.0473206181134	14.4936015724059	14.1954980646558	14.1872774794377	14.4513586932272	13.5508012976576	13.675944338856	14.5981975162918	14.5549102339876	14.0401062206483	13.6517148946618	13.6408385393729	13.8660308387456	14.3347994072321	13.9170913850243	14.1317158789637	14.0866356367135	14.1144390583385	13.6316965032997	14.0103607565225	14.591586407689	14.2026237483229	14.424431984399	14.3648291251967	13.9272932086642	14.0055719118301	14.3726351348195	13.7868259461428	14.4861075151441	14.6598602077386	14.5324491682015	14.4724348531803	14.2166529816729	13.9835744520874	14.5639471698457	13.9138017889246	13.8201975404401	14.5046702538656	14.1294246307883	14.4984419569796
M276.124T121.79	12.5177390040733	12.1695326766764	12.3328677584024	12.3135706173057	12.0348662299529	12.2144445843986	11.8925865518902	12.5027087334928	12.9389153843741	12.5693761667665	11.4588361846565	8.84597331761945	12.2436446846259	12.5254630716066	12.3048756475172	13.1345254926916	12.7767909334875	11.903034686376	12.2137374368783	11.6740572772027	11.3314253522958	12.3022886487727	12.1214724874901	12.0356658870843	11.0021141723696	11.5899619000634	13.1415930136345	12.108810939504	12.7504171533985	12.6095572056374	13.3764019028526	12.0281731388851	11.5073619441545	12.524961297986	11.7104531955774	12.4292562203279	12.1113045945412	12.5717160273937	12.4639869788846	12.9387991687889	11.8982961784303	12.6749672896059
M276.1278T345.98	12.0639267344509	12.2633242632213	10.9730888546033	12.0794933569866	12.4017255737949	13.3032434958503	11.9958481860111	12.3146171510954	12.9490150265348	12.1402887805149	12.3169631085307	0	12.198466100552	12.1236543023288	12.3396069811489	12.7767165941115	12.372163596414	11.8347460981033	0	11.6485671433853	11.6108081604018	11.3862787736421	10.7899167470894	10.888258413212	12.0331918957902	13.4113644724614	12.8994374911947	12.4809049372701	9.93866739961811	12.2483536022754	13.7061313210909	11.9010849163417	12.0192744278966	11.8264787306132	13.1443636501624	13.6585779931504	13.1302536961094	13.5313320612142	12.8351085140822	12.9243719884804	10.5647291225175	12.9112188180602
M276.1279T314.71	15.0830462508257	12.7217065547081	12.5271308638919	13.4033884465257	14.9131472446606	14.4638893765633	15.4230225387866	13.878893215326	12.1581794266048	0	14.4753342261759	15.1240832943173	14.0689708632726	14.6135880521358	15.138121862881	14.7803425554264	12.6347034786757	0	12.935472914536	13.8288366780842	14.3257824453759	12.3027481981672	13.6405113053085	14.2931718857074	15.2359224201806	14.6878561950644	12.2488374730166	14.4965272377143	12.3194787958333	13.1221074822543	13.504492052522	13.4972945416258	13.9720268187674	14.5814678009683	13.0067670296512	13.4653480296063	15.5306524214676	13.8016783100864	14.770500790263	13.7276399290007	14.764966168554	14.5082821079246
M276.1819T206.75	13.3075010280243	12.2025978773536	12.4543746890422	13.3389846895727	13.6131154861944	13.4471014203023	13.9100955347531	12.9578932331016	12.3661474725057	12.2431248684561	13.1550639096346	13.7381102999958	12.2740047447438	12.5956245740701	13.8585696662461	13.292660409527	12.496392565518	12.8304645424907	12.8495734422667	13.6268441927579	13.2253488765848	12.4209154483586	13.1398346692012	13.0015382023358	13.7847308517271	13.8087640855716	12.3544894037406	13.4698952556353	12.9334607984863	13.1924170042348	13.610503992643	13.0792636709786	12.8818663672618	12.8840084056689	12.6218410694934	13.6756785282843	14.0620709922262	12.0833495276383	12.8246519889058	13.1862942367697	12.9589397961669	14.4423261183464
M277.1193T224.92	14.8646287915294	14.1953612205208	15.1773225645831	15.5239625521732	13.3238116914756	12.8886418901861	14.7399843759012	13.7588340820488	14.7732822196654	14.3124766164356	13.7672277872198	13.1706126116432	13.0260600673443	14.3687089821889	15.7241734417197	15.921593467424	13.1746844030265	12.6038777660114	13.5886656272865	14.6956538390021	13.5817445173629	14.490688982456	15.281881481235	13.988470187821	14.9922029996933	14.320030963883	14.8447416183888	15.6030095416865	15.0422328336433	15.1866636636714	15.9884466929999	15.3836886906466	15.5142283511279	14.5521158662573	15.1007930408348	13.7261216933714	15.0136422653762	15.0265658460274	13.5830709485224	14.1386662789806	11.7283825952009	15.1005042735849
M277.2132T52.38	13.5590044661232	13.6273343485486	13.2315432015686	14.5283997135326	13.2104976719003	13.661099680144	13.7440831451254	14.1072490157175	14.1986619599787	14.9279213799953	13.8468433427062	14.591655051378	13.9193910230683	13.9467864903343	13.6953156867086	14.2255005730105	13.9304421699206	14.9184252049204	13.8139994248354	14.1148380036652	13.4089220565077	13.6197337189546	13.8790520443542	14.8878585498965	13.6387552006821	13.4540749854571	14.0999065953815	13.8890501451046	14.1492262914209	13.5646635748794	13.858931177444	13.1139511542259	0	13.0252284322614	13.3821037534697	15.7471083110945	13.3893179919591	13.4855335292636	15.4617051699359	14.1977168951725	13.4343681675587	15.1686486409178
M278.0171T75.16_1	16.4482196913071	16.8963595566798	16.7968518798653	16.4133620666697	16.6130747704599	16.568811377992	16.1735811241898	16.4410470745374	16.6789309226704	16.8103108760342	16.221433780043	15.9346204014926	16.457200275353	16.565388891374	16.6404708565828	16.885308397432	16.7691132149159	16.4631257855832	16.8902094019706	16.4848913352893	16.4125182526587	16.4463737862265	16.3076681070876	16.1460816541288	16.5174195055097	16.4690616486637	16.7450323370321	16.7295481453771	16.6030236298871	16.220498118148	16.830943957984	16.5484922460161	16.7036349491626	16.5522735600845	16.5070285586978	16.5482715873494	16.6716763638537	16.2788223171753	16.6785258085266	16.7402512125957	16.1934609677712	16.2462357573663
M278.0178T697.27	16.7135455507993	16.8788084417466	16.4588596112116	16.4162210948731	16.5078057657517	16.8707124002611	16.4573089024076	16.9325146878551	17.0640783030756	17.0448896897537	16.6309577352293	16.922100089846	17.0854370227615	16.5122573199981	15.9500635919507	16.1906144613772	16.3085460506989	16.3672301830396	16.9007891998685	17.0650557363018	17.2049119883826	16.9636598106507	17.1568558154512	16.5407469056381	16.5059102771114	17.4299846991844	16.9593438583373	17.0211831394131	17.1972246515086	15.8208039271201	16.154410559378	16.8164802290937	16.7491565891062	16.9409380373858	16.3848218234261	16.595847723874	16.1936960782568	17.1098626165986	16.4460092409836	16.8131438570272	16.8687818406915	16.7684451939434
M278.0179T662.12	16.18563605273	17.0532279755338	16.4624764726471	16.3459480083929	16.7511570292266	16.8049777063368	16.6108405675532	16.703697469658	16.1172242616761	16.5361204857925	16.6398895533333	16.7491473146947	16.5429085090476	16.4955858429386	15.627784398692	16.5689199570101	16.785547702117	16.6848570649503	16.9568079349154	17.5164745733264	17.1435690170607	16.6554528112497	17.2655220421263	16.3367780075238	16.1391903215483	17.3534168037323	16.7681173804881	17.0626225167353	17.0688991335921	16.0787927714259	15.9211845417035	16.4273951621318	17.0189488830522	17.078112607683	15.8937080207494	16.9741186607464	15.7719962402424	16.5434336807082	16.7264828401809	16.9457874694372	16.9356691172019	16.9096670145722
M278.0461T291.68	12.255900377359	9.4012689912427	9.9220679912658	9.1065152645532	13.4578043498786	12.8778758442039	10.2956840594101	12.3541991734323	10.9141953433772	0	0	0	11.6494849585868	11.528754889828	13.2902716537375	13.1018742140643	11.9129457674445	12.5426844676902	12.0918155142004	12.5778188946989	11.4762138282123	8.80964174924084	9.94870513354091	8.39294719291035	10.4822055515583	11.190952239335	11.9376889555101	12.4217683932868	9.29061223669917	12.627395487941	12.7085583742225	10.5871479930144	11.3180835058502	10.3313082402138	9.56204545630856	13.1976156802436	13.1870381616621	9.93984601359345	10.8698708009012	12.9714482194786	10.0988782103684	12.9830584182735
M278.0462T313.8	10.9419215827311	12.7382546649974	12.8537370435032	13.5690872587739	10.2304697729889	11.6366310632349	13.3751361183128	10.9985215931703	11.2379948026378	8.31916026773855	13.4313471784595	13.434667232357	10.9101135725644	10.1785843107125	10.750877656623	11.4391884812491	11.209459737388	12.5006609334389	7.60268099612478	11.9802827559794	12.7115980022959	12.5494223686925	13.1304097807058	13.0960046128609	13.3912050281828	13.4353523950913	11.6317333595856	9.89226689779273	13.2381920764616	11.9481527850355	11.321331370866	13.8460843309702	13.5065294369734	13.5735662335454	13.2717325458985	12.0222257982423	10.4962330591126	13.3289724324291	13.2060043405516	11.5773541801704	12.9830394439289	11.8581453006587
M278.1251T61.25	14.3464623079193	14.6056523800605	14.2945153296814	15.0202583901507	14.4129457831075	14.6941253461435	14.3518931699672	14.3589906205902	14.9066716709867	14.2034621076761	14.0139300251854	12.5714181958166	14.8497049802885	14.838106409974	14.5328637528397	15.0572578131747	14.6210290459637	12.9960923371055	13.6921217408715	13.4082341820123	12.2314386925547	13.1370636102455	14.0034876524938	13.7122418564008	13.760043988998	14.3342291706055	14.6722638628529	14.5437636675375	14.2276134843281	13.9570931412736	14.8771903585009	14.7655352838862	14.337079641952	14.7279803910385	14.4258400748179	13.4081381262692	14.2503984877367	14.7307878975759	14.3471419907981	15.3657925027237	13.780800164042	14.0820924979734
M278.1715T75.08_2	16.3601167507407	15.9843864450248	14.639248603251	14.8934220536105	16.1018772296949	16.2211016796176	13.9222052931847	15.7021584191735	15.0366724888001	16.1858640032433	17.1941090116157	15.5120517302454	15.7869511026599	16.3149017872712	15.6978060094315	16.6630959387041	15.7248253493665	16.0310769158689	15.5653790718274	14.3624015417154	14.2594219542762	14.4320541707173	14.8158926159356	14.2520328019591	14.0047904598191	14.5544079283722	16.2415414433196	16.2407869168709	14.8925136459945	14.8962109492907	15.3724595441115	15.1611761516656	11.3732625655497	15.2449546240019	14.2657802288797	16.0332966518165	15.8515204720895	15.7897682428834	16.7707658146393	15.9709941934947	15.4741603817042	15.2786999213659
M278.249T610.3	17.2973482060986	16.6693531247011	16.9227893875787	17.1473883420303	16.1735907677084	17.3863417819898	16.2857025732402	17.4022674080572	16.6704717997452	15.8658918611351	16.6672935296541	16.1380225103421	15.5191798164273	16.472435815411	15.7911484197583	16.42305803091	15.9813412292841	16.2095721269341	15.8798989042311	16.2787877281	16.761214320692	17.0766100487052	17.2279211605002	16.7965468808569	16.1559363280184	17.1826742473261	17.2897413939098	17.2372757069949	17.37020722191	17.1388827822128	17.1902412638453	16.5567612784861	17.1889492374818	16.4977819874549	16.7112648305996	16.725098053955	17.2554670918109	17.8142775928013	16.5867282917488	16.4805193780894	15.9399415866337	16.5533888743615
M278.6033T613.38	13.0659809978821	14.7239791236214	14.0171516133519	13.7795113921862	13.4472529245492	13.3987509652937	13.5119480116891	13.7835108247689	13.2678552415039	13.213319400329	13.1121900735185	13.1963187521777	13.3062452927546	12.2945599321789	11.1740511661778	12.4832768862012	12.8837042293121	12.7902129803459	13.629251058343	13.6665428155186	14.9010612378128	14.6883797059403	14.4632580364418	12.8867557352156	13.6908639997993	15.3755895588163	13.9752758630442	13.5835114651964	14.9490386563756	11.8056422050502	12.5619418424435	14.1238023325032	14.4890599303589	14.6454723415188	13.5558259243953	13.304870276475	12.6492880798297	14.9789205123674	13.3000218007129	13.9775857055856	13.3124897198485	12.9566262247378
M278.8765T46.37	15.3616529253638	15.2831837057389	15.2834494219935	15.4666354622799	15.1716542904374	15.2440742141405	15.3037663115898	15.4021319486825	15.4107751592042	15.425278234025	15.39388336918	15.6357753247847	15.4850504255184	15.306420448908	14.9972274998759	15.2184184478342	15.4074181970947	15.6487224185815	15.2574070136999	15.3057669478466	15.601724603952	15.4227072682706	15.5724475699686	15.4775819935935	15.5809790552721	15.6423759905346	15.1170478324408	15.3103566831232	15.3511069319962	14.835481243756	15.3915537016929	15.4624920806397	15.4507681677105	15.5417086219763	15.4730800890954	15.6611296863607	15.184045626933	15.5956928679093	15.8078378337073	15.5512928358701	15.4649353673613	15.5326965358065
M279.0893T343.68	12.0918935974455	12.3735848974424	12.7496770426464	12.8256102749052	12.2185865980494	12.3602505961474	12.8391042593565	13.1809326997886	12.2535241172347	12.5681996231443	13.5310716759209	12.9486309384635	12.3237265831565	12.639901172849	12.8074717476011	12.3832957978288	12.2300694092186	12.9177864261221	12.0083252932039	12.7888695099527	13.2200747830297	12.9304583123913	12.7498650416457	12.8458091107213	13.9653047930502	14.0581499287538	12.8582265762125	12.9355463769511	12.9959494744195	12.1779741981434	12.1256863366905	12.6062928754725	13.0751990631461	12.4951684581416	12.3782096519304	13.0181213714771	13.0859669357205	13.2958183549512	13.092767199204	12.5436451854105	12.6620200806136	12.7883305546137
M279.1352T324.34	15.5560761497914	17.8654900103833	17.6701802712817	16.056002832533	15.4208554748288	14.7590221824126	13.3400395955511	16.4174832397773	17.7204100978624	17.0410041335521	16.4149734710617	13.3629280403236	16.6180325485835	16.3485284119077	15.6810430085702	16.5519159824464	15.8890980170664	16.1341265637164	15.4413876416064	14.9875070032536	15.6871014982667	16.645202938368	15.373742884973	15.5900515762082	14.3076383532494	14.7066969328124	16.083095806693	15.3389416083384	17.2557190201054	15.6554433298432	16.55720269375	16.5588826911756	16.1100493527715	16.9685456762894	17.0025115689332	15.6793285963705	13.6763788979735	15.6162660000098	16.0237239156982	15.5524020906753	15.3071892943172	14.8057194975015
M279.1924T49.62	14.2663778538062	14.8847876345064	14.7853862782382	14.8845105982657	13.9869365646943	13.9019946654759	15.5014009369692	14.7658340650724	15.4217814814462	15.9842559093969	15.5912404920807	16.2123836202089	14.5415574001998	14.8359542631486	14.3350740715562	14.9550716459929	14.3349605252103	16.1458032169657	14.7081925010527	14.9218493008844	14.1160151090559	14.3999479700167	15.359814121743	15.8228443124824	14.8546428538431	14.0015370236331	15.1718190206021	14.8550398622979	15.3888072599717	14.4342715536464	14.857089924549	14.4067574182349	11.9855181244194	13.5234092262006	14.2848568432754	15.9118703565741	13.7124204502866	13.6248318251908	15.9937557367224	15.1507200292478	15.0625275957816	15.8269070450792
M279.2329T588.54	13.1832831276859	13.9783996737086	14.9536895156731	13.5461514338025	12.3458707059734	13.3272264129465	12.4225764237572	13.6010399609872	14.9185068756948	14.0936332469926	13.7974459457703	14.3546449006723	14.2873368878868	12.0402701128854	12.0100802462903	13.4725244753141	14.5927245446027	14.9819663212117	14.2237918955929	13.4669902214873	14.6823682798801	16.4731686724169	14.5659829585438	13.0459816491304	12.1736141905318	13.7846578301904	16.2286821050408	15.4723937413	15.0329539799138	13.9784653049138	15.2619328564108	14.4194737674193	13.7568444976488	13.9099408904729	14.2924485748814	14.91912005075	12.6237476664705	15.0647029627408	14.4141475121469	14.6651929500217	14.1153225614216	14.8326975028414
M279.2335T755.45	15.0612504456013	15.4590702157493	14.0029855849279	14.1577627357266	14.6390712376274	15.1559996572023	13.8979958327838	14.3460106656877	15.3357703259527	15.3165091620039	0	14.5466832867087	14.9081738780781	13.4859629250326	12.0702016753565	14.2431263351777	15.1426815545529	14.7127506608574	15.4704003185798	15.4608463675167	15.1435145082938	16.2212564520945	15.6827720177096	13.1782556503994	13.4976852577145	15.9011059023774	15.7366029543486	15.9949098202233	15.9116529162082	13.3281196915123	15.3975709248142	15.1895848048304	13.6240284838317	15.3835120543818	15.1544114481123	15.1911333045179	14.4802082242342	15.9570048889	14.2846680993705	15.5585577660236	14.7767672057159	14.3515283352403
M279.2521T729.17	16.7193550255938	16.0291122636011	16.237959502359	16.656511798482	16.7193968466279	17.1578897695512	16.3934172751526	17.4267861192874	16.9021314485383	16.5801345093153	16.9200090991911	15.8655128214469	16.012510402975	16.7082353933761	15.6640303101702	16.7280078726069	16.3932426367157	15.9059611176838	17.1093475662567	16.6838829194356	18.0273045147304	17.7458840111307	18.268686106581	14.2560987335808	15.6487191614226	17.8570674810829	17.4768918398945	17.5499793684363	17.4946216939926	15.7708998574678	16.641526462042	17.0019406372264	17.3014699204078	16.5503432427235	16.8017617375447	16.6746563617262	16.346392308726	17.7525598273718	16.8696214904333	17.3291403679003	16.9673926991649	17.372373933118
M279.2523T610.22	14.8046056740413	13.8355192772929	14.2591761638033	14.548006277903	13.4423188402379	15.4633512884266	13.8636881208928	14.7620002315747	14.6747486717519	12.8753258422575	13.933810738033	13.907251000318	12.7561340337385	13.7108244922819	13.4121055076496	13.5910034302464	13.3578699754265	13.0931765918101	13.2589413513568	13.785963247327	14.5896217981601	14.4319614266706	15.0187706446603	13.5083740299216	13.7182321700282	14.9677274623254	14.1468851822002	15.1191543082278	14.7147650428555	14.0038683160871	14.9389772870464	13.8797288211971	14.4809081266114	13.9597821074635	14.7243719912659	14.3692584785584	14.7099709105214	15.3210564577098	14.0725030614711	14.2615179465368	13.14026137009	13.9455867401208
M279.6481T663.49	16.8774722564478	17.627181227101	17.2568589027767	17.412068376489	17.2778504977136	17.3872170432926	17.3912115174901	16.9360787348817	17.2361211795389	17.4571671980293	17.1696702384896	17.3797742897433	17.5530629496874	17.2562389957812	16.6043063716425	17.1699074426182	17.3997852075173	17.8011591641523	17.4173853181104	17.7128331054579	17.6612061216838	17.5780563320196	17.3794499169119	17.3402197043677	17.2252369497107	17.6324564009319	17.1768478697716	17.6560838474342	18.0039112527158	16.8861319007643	17.2596522419236	17.0056658730949	16.9332812710862	17.6628184602244	17.403068827486	17.9427084004089	16.990612049826	17.4351571154256	17.4083756254892	17.225656434196	17.4123353279951	17.5317591763896
M279.9476T48.64	14.3578063672561	15.0485700218304	14.4970257036182	14.4603580731408	14.6708720238081	14.9179246748419	14.4215665758267	14.404181912769	15.0406730892954	14.9860305185648	14.2826807418018	14.1286975868614	14.4549831497669	14.7957506334318	14.3951894102911	15.2131638966337	14.7223040239204	14.5212459286031	14.4260723275427	14.5933549626731	14.164358406433	14.9769245629826	14.3539675879959	14.5359554084565	14.3294539193662	14.4890362438633	14.3761756088262	14.5809392248465	14.6353088819287	14.4479218233977	15.2714722310791	14.4294682072209	14.4824891233951	14.5619602701579	14.5688735590836	14.7461297894314	14.3226506542092	14.4802660360842	14.7250225749065	15.1695459780917	14.2309072146664	14.3823239131534
M280.176T72.79	14.3705070378292	14.4946471850093	14.5544036485216	13.7372405581708	13.8971764310569	13.3360458455614	13.8153439679961	14.6221132228897	12.5134473285096	12.9809191391419	15.0032338336177	13.830378451813	13.6299319738196	13.6529697403026	13.4741108384146	13.9706991004729	13.9523280234889	14.2695881355451	12.1949025718335	14.312677044245	13.6851841084843	14.1575545015123	14.3249592994312	12.8809111170507	14.6877153088948	14.5582233625795	13.7286688439256	14.2650361483271	14.5883394683639	13.7001982558971	13.2745277659224	14.6838532724243	14.5156802089069	14.4669618654751	14.1346590634872	14.6138098000054	13.4562840189894	14.1391890965332	14.4731977563364	13.5411145053994	13.6460014766486	14.3576603622019
M280.1894T515.75	13.7555474263482	14.1437027930736	13.2287994456958	13.7423084327701	13.5563276383614	13.6105168703207	13.7178075991615	13.5716976930612	13.779171292989	13.5765557219356	13.7797756157311	14.5579974158498	13.761346856243	13.7437089466377	13.7284108586633	13.6389470574613	13.6178176890906	13.8478724296603	13.2046144301671	13.5523974279998	13.794700974802	13.9181353928222	13.4962955378423	13.694499453925	14.0408468495791	13.8773917342028	13.4113964341124	13.5169001608916	13.6601883911134	13.3519336598078	14.1419196127973	13.8273700023168	13.794485307567	13.3948494096777	13.5688333232136	13.5606911779104	13.3818197903647	13.8148168605433	13.7891015994396	13.5847121707805	13.7396900957154	13.5003536230645
M280.2646T631.16	18.9839278874559	17.9976123548882	17.9195903639399	18.101580494727	18.1690283563641	0	17.3685863887045	13.1110237223054	18.4963100593746	17.4069910428771	17.9147277772547	17.9604302590512	17.9529204223067	17.5530701148671	17.2723175384671	17.3582003995761	17.4158107210224	17.4887974275439	17.4220571450892	17.8346875261166	18.6233774460392	0	18.647483870052	18.099024330756	17.2920390354359	18.7514597887165	18.5256729182111	18.7322897165503	17.9866673212828	18.1591158324633	18.1917641247257	17.5404167903565	18.1916293008091	17.8308641562762	18.3351417035641	18.6560216916028	18.6291925774349	18.7250318394713	18.1427533704944	17.7063817950974	17.7796029812566	17.4351671924085
M280.8276T46.76	15.5535105774181	15.5681648195861	15.6891050801255	16.0932789268974	15.3131690366124	15.3520457062001	16.428881339487	15.7141772331713	15.528726403399	15.6521094530789	15.6976318669781	15.940574902934	15.3782648086918	15.7013632222082	15.5506664253847	15.906181751562	0	15.5960193815796	12.2556220339264	15.6961219980944	15.4762679534366	15.5233914559478	16.3353403612408	15.9475992300972	16.0473630096005	16.1070482855886	12.166086451924	15.7054934064977	15.6822608908059	12.4283996357578	15.926171861346	15.9352980537314	15.840109890528	15.6326597841663	15.8922511592229	15.8941520038303	15.3387349948637	16.1076092115664	15.9373453710929	15.7290573416417	15.6355190949248	15.9339770360314
M281.1081T130.8	12.4169073236618	12.375840947868	12.1103210310709	12.5704285324892	12.0253893163043	11.8160127065209	12.1966861256851	12.2119291680782	12.1568985080104	12.0678681351067	12.2206703398238	11.7199684785831	11.5266915180914	11.8147519079448	12.2751710028531	12.5368664893254	12.9228100849613	13.0265386876274	13.2510362889781	13.0386866183895	12.769769767065	12.1976732725459	12.5500575463569	11.0906042515495	12.3901056163026	13.0790939792084	12.4986146079279	11.9880216923034	12.6538401161401	12.4802365447778	13.0565345307648	13.1106828464762	12.5106880603141	12.4635060730872	12.3371762617395	12.8047873791592	12.3482858972763	12.6370932447311	11.7113282185193	12.5043574217536	11.4517754460415	12.7242429174864
M281.1103T645.12_2	14.6326906854751	15.0382784268197	14.6003709992087	14.4609439456573	14.7246573541703	15.0016728407875	14.5633479932976	15.1097171508643	14.7118345204411	14.9361697210158	14.6815531916794	15.1328001539871	14.5244766435409	14.4082345748707	13.5616655915464	14.3477568387583	14.636990846124	14.3723971225218	15.0206076134236	15.3351464293521	15.3336027911561	14.9757622313779	15.4666104176691	14.3280412308344	14.511167386322	15.5275197164337	14.849024661591	15.1030857298804	15.3166202514512	13.4779826747813	14.6177627993548	15.0016946864378	14.8220143775588	14.8922832679249	14.6304247526528	14.4842913989829	14.4387039974092	15.5635605978794	14.7846579282949	15.016953273526	15.2167772402614	14.6098297333611
M281.1146T258.34	14.3863584408835	14.8742245533816	15.0079274330533	15.2595430617703	9.17889187276043	10.7486483910258	9.901086308364	14.7295898995341	15.6509034419777	15.229144332112	14.3146678574333	0	14.9045013412904	14.4948031019393	15.575576222667	15.0866910266571	15.2774936356604	0	15.5655481915369	15.1899664524522	14.7907431842267	9.21212935492028	14.7089271990807	15.0611989213615	13.8233833455956	14.3018479786206	15.7201205591333	15.3400433328578	15.2094376758637	14.7075852972371	15.2953154082556	14.499007815903	15.0239741820675	14.2857236246095	15.0126070223403	15.2213517204993	14.6168553319245	14.1653859594542	14.5644534230193	14.2646062288081	13.6905163449379	15.7107561408081
M281.151T137.19	11.0345434226557	12.0469509634834	13.0785882079774	12.1434934627934	10.6821176553654	10.3302430200547	12.3489554352153	11.0057806397562	11.7079570864685	12.1530896341362	12.0175797434469	10.5800161551164	12.3701214445237	11.5453010066469	12.1471701988069	13.0391433873031	11.3969275947497	12.024201463777	12.0608936537831	11.5494044256447	10.2117366236977	10.930194964508	12.0205183804651	12.0161608991332	12.095275590496	11.7064215152386	11.9653343576468	11.1086825745069	12.9512808662136	11.5994466492607	12.0152299062029	11.9433465775234	9.05639516608257	12.015690347695	12.5404827877765	12.3454147484087	11.3139323828188	11.363139763719	12.4403851966325	12.0634747847429	11.4875198884371	12.1856741022385
M281.1736T435.88_2	13.1880238397997	15.7200004412082	15.2580712744364	14.3466718477235	13.9559315512252	13.3735715670455	14.7045675268434	13.1998617059314	12.2814680610883	12.6738845014853	16.7945831652372	18.2014125973908	13.3043341760398	12.4535096922963	13.6535624196581	13.6885350319966	13.4948475479043	14.1509071165166	13.1436740733555	13.6870904237745	15.4575506404078	17.1894000415386	14.6803914080299	14.1755163284819	14.111391939888	15.235008865624	13.4544686385021	13.2554704267232	14.7116799653885	13.4906509303694	13.9645109156241	15.164679879959	15.9826578220625	15.3767871486999	14.8405169111349	12.5139813051985	14.0886587246176	15.8898401601557	17.7507421180413	13.8461666037893	17.215366120549	13.6915738194646
M281.1759T628.45	12.3264309560682	11.628611955524	11.3325076508803	12.0591174843472	12.6238521389254	12.7685474333613	11.4601224869794	13.3566147210539	12.4908958619779	12.6377147718298	13.2430090743587	13.4274927157207	12.9130304224872	11.829303269988	10.7927017373853	12.4638027553539	12.4979242901426	10.1482313151657	13.1422291490815	13.3951674176256	12.6642559416534	11.0779395187015	12.1879944163597	11.3199948701945	11.8527045682828	12.784281375049	13.3991746478956	13.2551036105307	12.3267117980452	12.1015606901244	12.4871087855021	12.2045014266027	12.3735956304105	12.1081013304017	12.0441265977765	14.7085483230574	11.817802648023	12.5557658730167	12.6517400064522	12.822775348271	12.921555455184	14.7876187423647
M281.1759T607.1	11.3658462356788	13.0523312571185	12.7179715926447	11.9372006496054	11.8292680974927	12.0821480224138	11.1463841350207	12.0950675698729	11.7772936825917	12.5794556512379	13.7356117452705	13.5187197173226	12.9027377340726	10.7362424173016	11.9605143529606	12.0823211606236	12.577707986947	0	13.0053969224524	12.7705520508488	13.0100468567725	13.3781132763689	13.2322280732552	12.532626507097	12.4229194569959	13.2693568155241	13.48152851209	12.6251109005943	13.4162758689269	11.8465931048499	12.512149207957	13.1574726915283	12.97571572032	13.1766933752882	13.1475095022264	10.1828241521136	11.1009159120659	13.495370263409	13.778633516601	12.8174686325366	13.637246926801	14.2264334366167
M281.2679T631.23	16.4586931766402	15.0192027808562	15.2537352186137	15.4052712782908	15.555004762907	16.9008537981264	14.9532072582756	16.0859572651182	15.9353149565311	14.5436150544126	15.2917740038414	15.4715119285991	15.3614974700237	14.8185873533116	14.792603491318	14.8183829179681	14.6694847086428	15.2471034320929	14.875351363062	15.1842908296599	15.9081438848514	15.7543803635824	15.9605266528678	15.474948333736	14.8865588230076	16.2261117374197	15.6659303832043	16.1624289599602	15.3639861109793	15.5306896005416	15.6043084698635	15.0080536918134	15.6705248516329	15.1030394458136	15.6726976043855	15.7690115288423	15.9801290160088	16.2408596948239	15.6915447291138	15.1467199548098	15.2312039444315	14.7807281255067
M281.6071T644.95	13.4621243458408	13.3281216793473	13.3396527723325	11.367837893988	12.7159664529575	13.6456202232377	12.5825898736541	13.5267138406247	13.336715918446	11.3228062666085	13.4043226013966	13.361975387221	13.7430907836456	13.07274347516	12.0280339092883	13.19999579925	13.3370538334062	13.2801473758589	13.7316383309433	14.2122011700834	12.733589957944	13.7465119251615	13.5819626457084	13.1000117276522	13.1100327758381	13.2346915164121	13.9777271315433	14.2209013807242	13.9391536610698	11.6111849152131	13.2796455142259	13.9417415378368	13.556158615306	14.1117561526305	12.8904162976285	12.6815355553548	12.3139901065761	14.240722258657	13.2966122639525	14.0069129423567	13.9978238821436	13.2039197301657
M281.6282T623.57	13.9531680554274	14.4842594126434	13.6702852668181	14.1937789546363	13.8332793759665	14.1121365844128	13.6679053793834	14.3131199726723	13.9795586184349	14.3403422434989	14.3243976601522	14.5440161567064	14.4754439760759	13.2171962330568	12.4522864307588	12.892899270538	13.5336152431859	14.2399313343456	14.3503770030352	14.8989098568306	14.0776805227215	14.1612678099462	14.1804923546213	13.7043467470182	13.491322102684	14.8585687455528	14.1043945724512	14.1134172374697	14.7008662857728	12.4900929579168	12.8682820522341	13.9127102765938	14.4753378532747	14.5554426741083	13.438013601119	14.4652007264261	13.0987912999085	14.4427599241345	13.9420393231701	14.3420148319253	14.6840194889412	14.5395365167518
M281.9449T48.23	13.2788641187905	14.2990868980817	14.0558216218909	14.0680635881128	14.2141336040449	14.4922944471578	13.1185818143793	14.2617305600967	14.3384011003073	14.6581865320837	13.623132870051	12.5281372343553	14.1154741643933	14.2638104706278	14.0435564519743	14.3395103034847	14.5479760321192	13.7147187581601	13.8602937853616	13.6540864793227	12.4905507348159	14.1594616544877	13.5875459681774	14.0164776348489	14.0485363763256	13.9074573780578	14.0551891018547	14.234405703836	14.2232879347367	13.7315464008521	14.5178811280899	13.760916567151	10.2747228793414	14.2685860390721	13.5603028257109	13.9230613527801	13.6754810065612	14.1430259819426	13.7467801216014	14.7047434909211	13.9555475431015	13.183238856032
M282.0829T63.29	13.4715442611633	13.3580248283465	13.2036407687878	13.607453754595	14.3251362365204	14.7521003256198	13.0991062133414	12.9421686198879	13.9309688537705	12.8293807709784	13.6916705288814	12.5747152857288	13.4031766658373	13.2075274789544	13.6664994761265	13.8309495923508	13.9983470215452	13.5410755106118	13.5225540593918	13.4280736700026	13.7497010364117	13.8833983749682	0	12.3959020323135	13.4550771202654	13.6849133649092	13.2047345997445	13.8125667604881	13.5541684588767	13.5675852271367	14.5501785561247	13.6446182991719	13.5590384462166	13.8254888650227	14.3202364655397	13.5468534575565	14.2717464345019	13.0932097833273	13.6024034122497	14.9054117947018	13.9361942723832	13.5165524692307
M282.1015T64.75	14.4741264205241	15.6188408851861	15.8806480894573	14.7186122084278	14.3840908772253	14.4648598315497	14.0552767644098	13.7217147409702	15.245172351849	15.4097537650153	14.9414732036233	14.03895362875	15.788077878908	15.4205579599726	16.0117650869042	16.8683392662195	12.5093804756105	15.1162304036576	15.1197437444116	15.4042539842433	14.5956113337232	16.5313933709848	16.0209516855164	14.7834573950835	15.8084610299502	15.5111589954066	15.665218285018	16.4973988433904	15.9036785631053	15.6653635282268	16.4724184252253	15.7633286098476	16.1772023626703	15.7011498735725	15.7716640916514	15.6869572411424	14.3802091190913	14.8611699426131	14.6364445577857	14.934407238065	13.6612057330108	15.5874139050594
M282.1098T147.51	10.6111536284596	10.5907358688063	10.8820838051757	9.82545375921327	10.8454757453811	10.708958592309	10.8387660187528	9.81052899853848	10.3610118736554	11.2520826913095	10.2182016955754	9.77335784956194	10.8122955433043	10.4242933767511	10.548969825242	10.8611357475918	10.5160139784765	10.3720550465183	8.69379940760832	10.5619882760199	10.5355573363081	10.9242693435598	10.8109651765066	10.6469981852466	10.5805991129578	10.6508406207647	10.3055727107825	10.5684836820233	10.3185701249255	10.2952209322769	10.3859341233113	10.7909350592214	11.4056351172146	10.5205409896338	10.5496078129557	10.7333642584128	10.6865117472208	10.8506951828738	10.5573841196542	10.9906651581838	10.732319232761	10.4502152343253
M282.1207T52.72	14.1105338421766	13.9473216481979	14.3066458509439	13.5446599877679	14.2439851237189	14.5013119675509	14.0923321752288	14.1507716487631	13.8882390085523	13.8600534792938	13.5131903095642	13.58914836715	13.832668609135	13.6342293483554	13.9956417113653	13.9401167533861	13.7498137519591	13.5828443291273	13.7879801046693	13.742198667268	14.288770812643	13.5548199241898	13.3832020489674	13.711516160992	13.9533494379373	13.5420181573273	13.6716481815301	13.7924948862901	13.5183072382923	13.6321968012421	13.9433402156838	14.3633149467063	14.3302452950953	14.0527576780853	13.9032793804154	13.7326227165266	14.7819755643099	13.9508660378983	13.6008512622687	14.0742037291542	14.2562069527312	13.5632930614034
M282.1212T96.46	11.1131411076267	11.163889418418	11.8185837161806	11.4352672404517	10.7067410685351	11.3419855616246	12.0369864710287	11.0802848202468	11.3694066199154	0	10.8015958712408	11.7768375761577	10.9061835470947	10.9853208477765	10.7255805871582	10.9496567691591	10.783888200419	8.14452127865899	7.68221427502362	10.7158073245959	11.0466021221077	10.6328188114796	10.6367235128945	11.66532419853	11.5332383267701	11.382295663574	10.1060453196496	11.1182564578356	11.282529178685	10.1241740872026	11.4655314793413	11.7426811203183	11.175680257234	11.5894860650828	11.3720328804993	11.2065386155209	11.5450034614265	11.9781867218168	11.4762510842642	11.4428994390973	10.9885490877233	11.1713440009527
M282.6245T641.35	14.595652204242	15.7485728485608	14.5321220256761	14.5992788253794	14.7957162036847	14.6657278869339	14.2522759494663	14.5424253060538	14.6582207750636	14.5240823205578	13.8823118527174	15.160734065899	14.7329413823424	14.1122046813002	12.6852414607027	14.0633255234362	14.159820884403	14.504690231896	14.8048204790866	15.2338896586167	15.3001433341989	15.14874144713	15.5010962031344	14.4680264688423	14.2965129437748	15.4035408694541	14.526550169532	15.4594269862296	15.7571944272982	13.4863850169288	14.2116004379658	14.9014476894429	14.2722544765879	15.1755687211707	14.5001164431313	14.8153379955544	14.2901819462534	15.5987816424394	14.53520023393	15.1786806611688	15.2754017096434	14.4264021508176
M282.6344T676.09	13.0251119824604	13.9724089610477	13.3942393769653	13.2515317319146	13.429155026455	13.923993839081	13.7507985507394	14.335511029451	13.6441026133841	13.9263899890367	14.3885678994239	14.5646946128139	14.2187605697879	13.2950267155078	12.3060258430623	13.0306141515003	14.138698527089	13.9317850385618	14.6304588640386	14.7736288352014	14.7252044470831	14.3083621054182	14.1710506847265	13.7011710160797	13.7266815564622	15.0942094600593	13.9584620757823	13.8365933482392	14.6776737822504	11.8012326303151	13.2203663635131	13.9895896269109	14.377448025005	14.3971508179745	14.0649513189816	14.0415878746948	12.3509893207679	14.5928126715615	14.5515951629032	14.1318456114343	14.6477540811592	13.9838549640386
M282.8246T46.81	15.2887828559202	15.5328459137701	15.7889032148621	16.0450407635944	15.12180560414	13.9626997753542	16.4217014450713	15.8459677687414	15.5790221681816	15.6708665182777	15.6883115838788	15.7931505321307	15.4698478420807	15.7181117621856	15.7039757792951	15.9180655047469	15.4078490541897	15.6760823034439	15.2140209000844	15.7277025887522	15.4856093563569	14.5057936196183	16.1301322912026	15.9115378877591	16.2795053359118	16.2647036114562	15.3553756947401	15.722700635543	15.7345766814055	14.8295906171697	16.0198500592698	16.0411621824974	15.7514369303929	15.486320858627	15.9244909887253	15.8346042980577	15.4055661181717	16.1313349388403	16.1356989517299	15.6476567931439	15.6663831315527	15.8917408816699
M283.009T348.4	12.3343470812395	11.6007314421343	12.0529984718372	9.55909806222046	12.0072922250717	11.5707111823208	11.852175168663	11.8659892689894	11.9975942927248	13.103832653782	12.4190253208043	12.4297846350339	12.3461284744113	12.7458782821081	12.13779932668	12.020710410011	11.9080534819806	0	12.2092163758099	12.0956905063834	11.3649387566501	8.22754100225276	11.594882467479	12.6426940501044	12.3513877815647	12.2971169358588	12.1479927948731	12.1929676602975	11.6726631114835	11.4501205850246	11.5053310646493	11.7811262273202	12.1869794697057	12.1890758167696	11.4827069785884	12.0610566837267	12.3586740686596	11.907104649613	11.5037784822108	11.6836334183704	11.8166602747126	12.3000538158916
M283.0516T392.45	12.7955120795991	13.0725680821496	13.0711997495405	12.8737668819737	12.4846600829994	12.4560371193771	12.8490673318706	12.8915062031115	13.0894407297721	13.2069380046416	12.6461895229813	12.7968216595344	12.6009986352464	12.4774523902153	12.7234954506907	13.1436865981411	12.9514636436983	12.6104827127591	12.2351443646465	12.2204461445336	12.2482520750512	13.1999949821164	12.3002375907187	12.1448455326727	12.7598102722399	13.5153781503857	12.9065833559795	12.7352099817682	12.9645292655376	12.2791333687249	13.0277863939705	12.9538210509388	12.376940883577	12.3005941930533	13.0159875876421	13.0412391571883	13.3669861093592	13.4600060013901	12.6962469200184	13.1153606578947	12.1024907041316	12.7733376441191
M283.105T102.72	13.7932290214435	13.3232945113068	13.3648103024939	13.1928537167317	13.5600850061172	13.5601446071906	13.1343916911674	13.417761357177	13.6400560028884	13.3814583163104	13.4813088974178	13.2289232874724	13.089211913586	13.5014554587733	13.5857633512951	13.7003436100589	13.6164435438395	13.4396612565172	13.539714845768	13.4622505993417	13.4452714252916	13.1768291940362	12.867816236892	13.0605806272374	13.1076742673758	13.2139100198621	13.5654697420191	13.8032991709238	13.028453136442	13.0640564140695	13.6998805358793	13.0911718916069	13.4098418105244	13.1390574797008	13.3083768059498	13.6160465842796	14.0172155750651	13.2808789314261	13.7637221886005	13.5945041076234	13.5169083808491	13.76981650521
M283.1278T259.7	13.1754112285535	14.0337258946659	13.2027966892516	13.1887369535778	13.3480294128978	12.8474456725241	12.8142755509566	13.1029674885332	13.5600998088657	13.3748593422641	12.5478407747806	12.2278548000372	12.6681125185104	13.3721112667035	13.4772676932512	13.7329947482964	13.3182578509125	12.3345494508615	13.5253777615866	13.4650251265865	13.1197420534083	13.4848792683133	13.2975916617595	13.0875354851611	13.2848261821988	13.4265318856051	13.3964018846726	13.3044353470652	13.6750981867239	12.474516824334	13.5951686905709	13.7912273191465	13.0953828810516	13.6293969270949	13.1983305870543	12.988954259032	13.6849137969819	13.0481841470645	13.0156300925166	13.3741245185344	12.9903356199577	12.9772791677015
M283.1455T355.19	10.5090166678889	10.938637966103	10.6498441638102	11.1987500437339	11.5895744857993	11.5549717745288	12.0009711812225	11.1416322948034	12.1609224931128	8.51382393494118	11.699339363605	12.0088141413752	11.3299455569582	11.4606020910727	11.1248639449191	11.7841786848584	11.8010176380446	12.7442260428547	11.5460688338245	11.4687390432724	10.0571228833258	9.92066117219553	10.9090150345572	11.7518721281294	11.3920048298294	11.2596421024553	11.4779669516635	10.9482247745988	11.6535154209226	10.7906569861075	11.5498823527879	11.5898963240158	11.8365257359746	11.9627343697939	11.468784009522	12.168982322817	11.2859413045872	11.5043591431539	12.0314244476901	11.7314353421575	12.2345076604395	12.2380942127153
M283.1666T388.4	12.0574356631488	12.0703937367312	11.9573215353269	11.641880925544	11.5312614808711	11.7785675756345	12.0671610153119	12.2383121110444	12.0194879521064	12.0502845208687	11.7735425871214	11.7762462175959	11.821617158919	12.2631691765698	11.9827064251699	12.3483435677929	11.6552255656692	11.6893537166953	11.6036076810941	11.8952614385037	11.9225747097856	11.764557411949	12.0601476658289	11.679966335463	11.7784313604605	11.9459078713379	12.0771088533184	11.8584163793158	12.022321646483	11.2835116242329	12.0500873878082	11.9990455050726	11.7789001076104	11.8360625895691	12.0864705308026	11.7135163889413	11.8531863746359	12.0808398447954	12.0744810294422	11.8283339773843	11.9764142402407	12.0457497644493
M283.2745T762.24	14.5470185071753	15.0816764948388	13.5133202831531	14.5299632506658	14.2056368452743	14.6354109999799	12.8909670750268	15.7019425289069	14.8567727073422	0	10.6351803287919	10.5692012508427	13.2050909535794	13.8925016181682	12.3244054834419	13.8394304338951	13.0245409545056	13.486712249631	14.7725382019577	15.5387963952774	16.1291439509177	14.3616377960152	15.539958143788	12.1467340599625	14.044174007404	15.3668399371584	14.8995425655846	15.2694387487587	14.8642666029455	12.9264127387745	14.1772354786387	14.5845428116775	0	14.8348370377531	14.5007604841669	14.772617299835	14.0538864010263	15.4087394339439	14.0006838003531	14.6379818721513	13.5769650659309	14.9629150041949
M283.7491T800.78_1	15.586617803	15.2574255776249	14.6756861714754	14.725189500378	14.6856593949943	14.9638742162058	13.7336231382816	15.6002293167277	15.2055933627401	14.7718091958928	14.990841533662	15.0080472856228	14.2493535435122	14.8238535196658	13.826741408274	14.4811245866028	14.0540060456989	14.7115860270032	15.2911604352516	15.5443810683525	15.9231093218375	15.2345037654051	15.6661587476066	13.5872127595341	14.7565519422633	15.7292868203322	15.6970829033309	15.9855825042501	15.770219143066	14.5041691617502	14.857712687918	15.3320827145199	15.0034223209406	15.258929972772	15.16294760102	15.4220565946692	9.80476187848588	15.5782102140787	14.8487950415276	15.0700313906464	14.7221933416672	14.9911377989063
M284.0469T289.08	9.95320102819316	11.0139071872109	11.2545168842067	11.4323005853914	10.782841443381	10.9396022248402	11.6381922719452	10.0202299908796	10.9797419557029	9.64321194641127	8.89471365960133	11.0995875998004	10.8257783786395	10.4701695238476	9.55134401084402	11.0749825604661	8.95210269273696	11.308276863968	10.6298729711056	10.9119251615378	9.60450179517499	10.2275516154052	10.9737730226058	11.3147250320007	11.437929899178	11.2080133653458	10.2765353481718	10.4847406375255	11.5623706480121	10.0233129436303	11.5644647512719	11.1091994430074	11.0768871101125	11.0575522320124	11.0522011712519	10.298250834193	11.7230080026858	10.4941894568186	10.1775316784904	11.5411993530852	10.9547039032222	11.6366956980616
M284.047T260.45	10.8677261104822	11.089294284951	10.7055537701973	11.4755862510975	11.3068957803297	11.4806831147867	11.5001843581875	9.88558853814564	10.4748402606897	12.2280171161142	11.7461320274776	9.52605821508471	9.84779806152753	10.662611188479	11.0545264795111	12.0162547709778	10.5279929377339	11.6049359308856	9.70335990361504	11.1004677094513	10.6121397116189	11.3782727085096	11.8976875044236	10.653556524654	11.2053346436105	11.594215295826	10.2974799962028	11.1621079103104	11.7503669065849	10.6768731461746	12.0211915502801	11.9032757811121	11.2299005377685	11.6269431393508	11.732026003756	10.9779035860317	11.559527723793	11.3553550906823	11.1629206549981	11.857674222467	10.4780871633068	11.5648058510607
M284.1087T417.66	12.2477436992466	12.1392690554073	11.7776012663764	11.8290797700832	12.4556413882116	12.3119086191578	12.4783180131122	12.2591618883848	11.308012839795	12.2492681022213	10.676016159459	11.8258245988556	11.9656209051087	11.1623209464127	11.6774382305192	12.1259146604361	12.2551384931255	12.3864638460635	11.427552148153	12.4041573553336	12.0186196710812	12.4630583873121	11.4514713609926	11.3929005420089	12.8699139971837	13.8397921788267	12.9157907158885	13.0654721225884	12.4113720007828	11.5835097516051	13.2070959766697	12.4305257812714	12.1805812703192	12.0855008627572	11.3236275845899	12.2662002122895	13.5837747225457	12.9360267201197	10.6055332000424	12.8815765175717	11.3721307870126	11.9865666127649
M284.1134T67.51	13.1058198867989	13.4385298011995	12.9948067527829	12.6160392657183	13.8843902967893	13.7993160709475	13.0366135846598	13.4638290295312	13.5627303234361	14.4676911697049	9.63569684035155	13.5268916799739	14.0478937981397	14.3673733105526	13.56042692027	14.51244633565	13.4231666398637	13.1916088552717	13.1971526287348	13.4088202412744	13.0954288266583	12.9792869422882	12.9029717641236	13.5718020139103	12.941709028952	13.3340755107268	12.6310090112559	13.5016640883802	13.2595016438282	12.5644125642062	13.3473209250672	12.3737241971321	12.7596302773314	12.8715489373079	13.500554516313	13.9229719123739	13.9042482757526	12.9171534915532	13.4162105554347	13.9008321186883	13.5339851778758	13.4409345799252
M284.9113T45.92	19.426276050558	19.3579671309586	19.4894041345937	19.4983484536516	19.345087739422	19.283204712419	19.4437248169318	19.3805464569813	19.4983645507789	19.4062627746604	19.3945839691269	19.52642250826	19.4302273468378	19.3808218917334	19.3165998515587	19.2983912899341	19.3939579317579	19.6106326988928	19.368695676887	19.4371727160343	19.4198047169898	19.4529772327558	19.5200495258175	19.6070449640056	19.5572848787423	19.4983321520722	19.2479253903064	19.5017917407978	19.5058252710312	19.0937310585684	19.2379576724384	19.5233640176837	19.5170406887605	19.5050600413704	19.4680775291214	19.573268562504	19.1778259978124	19.6296915741384	19.4823194789536	19.4084760256651	19.6570466578901	19.5175016506368
M285.157T89.12	12.5185879924301	15.6661643010275	15.8216775436219	14.6265337929884	12.6184436049099	12.8385504696859	12.5220567015036	13.8537167176299	15.5918779516189	14.433525622916	14.0279183895759	12.252865563891	14.9655561183458	13.2730914315536	13.7511262483663	14.0949160835461	14.9589978348828	14.2863714987313	14.2685457089276	13.9069767324004	15.2398570367395	15.8596875011085	14.6489052985826	13.8525551364713	13.2425773654296	14.1396633613644	15.1684601140219	14.3060586505136	16.0478923194272	14.4355194931605	15.1915614638384	15.1987895118171	14.8615337127721	14.8283060604234	16.0172195904725	14.5317487472015	13.2917945211087	14.5639190158521	13.4926064516745	14.127535826116	13.1835867176952	12.7756569423916
M285.2907T800.88	16.6502559742195	17.101430452016	15.8428897785402	16.2945662245355	16.1214776725185	16.5271883824951	16.0165383327228	16.8836192126437	16.5524658336502	16.2842384003575	16.4180135334355	16.3560021337134	15.9567622441964	16.2658076656155	15.3811520350689	15.8595418976987	16.0353634126298	16.3382839195917	16.6292952873422	16.6975980577523	17.2050324161591	16.9058991550391	16.9205504619237	15.1135799105305	15.9780029281823	16.8440253146191	16.9428260010933	16.9263715860956	16.7402373895508	16.1464609226232	16.1897704596442	16.5409444095598	17.0422409835683	16.6308169050407	16.1691369686681	16.3299695677698	16.0098538210056	16.9854204415778	16.3540545341812	16.3549276776421	16.3372258444494	16.5082338336766
M286.0228T515.09	13.6715974571938	13.2045171536797	12.5451640004078	13.4880523132524	13.3917020971084	13.0948961929792	13.1986631113643	12.4735571001815	13.3720885648934	13.2178874414387	12.8386103905983	12.8483916595539	12.4955379433192	13.2042159664569	13.4522556825628	13.1941339404905	13.7217208974053	13.0709944601604	13.0246305022247	12.8471605488524	12.7872881180945	13.425201657156	13.1303165032707	13.3292390789153	13.4503011220382	13.1493674805028	12.4542600217955	13.4204001244395	13.1010766643067	12.733918002137	13.2954762295094	13.7238600082595	12.9306816614099	13.4261088494414	13.3110344650084	12.9807149759741	13.7622771939093	13.3709460844991	13.2740680078645	13.1427422664907	13.1346252471057	13.25897855374
M286.1041T116.06	16.1892675220765	15.3733546786032	15.5658586415897	15.4587639431869	16.1616491513686	16.1425351724123	15.570717560316	15.7155416950825	15.8204063594569	15.6213826484546	15.7169878626234	15.9562634434379	15.8613747913813	15.8071614623964	15.9824577408061	15.9370655248133	15.7155766184055	15.5213151745293	15.9175594504533	15.7962799020122	15.7106104966254	15.1064367556095	15.2541951694965	15.369188456364	15.5099829577803	15.5110302590662	14.8075144401539	16.0865284367602	15.2033082993042	14.977497773471	15.9010974926724	15.3727664138752	15.5647334737356	15.6811027170325	15.4547547687702	15.8907184933423	16.5720878978883	15.1973526009077	16.0537942233582	16.1294117323236	15.7818068496617	16.2765625914545
M286.1408T54.28	13.0183064110413	14.7168589527865	13.9587157748807	14.014626465634	13.5008973778323	13.074108305032	14.4222402489863	13.2030835750132	12.4894892374557	13.8815703359694	13.2534027849872	14.6549828780797	13.18199234808	13.8108244412847	12.9090709455869	13.5962559410716	12.2198052382169	11.8447988359065	13.9041329548418	13.5105972768446	13.7615648523472	14.207879542778	14.8086526536218	14.3788446420588	14.4129362124991	14.5955150593223	10.6691660831199	12.4623972615829	14.0806163795333	12.9981762349161	12.5028597423586	14.3242460683631	13.9193149150883	13.8997660014755	13.88823792218	12.3918981600713	12.6972669002791	14.3418122589951	13.7505982060281	11.1657211869657	14.1342853580282	13.231139408327
M286.1413T265.45	18.9589696046395	18.9684926611463	18.9821445332167	18.9333805951721	19.0213774277344	18.7530601386647	18.8674251649544	19.0546013791648	19.1729403770629	19.0148723485269	18.9220161589401	18.930765379508	18.8626822485155	18.9593509973068	18.985273354546	19.1037315188347	19.0195461575177	18.9295086253747	18.9621613726312	18.9705957643975	18.9227412671185	18.9743336730868	18.9976639750311	18.9247485172839	18.8951610034331	18.8310583468373	18.8575872949435	18.8870794201662	19.0078186300874	18.64888058978	19.1177118496462	18.9678790430203	18.9697571353563	19.0352101034786	19.0438809473552	19.04874320451	18.9626078453534	18.9371226214782	18.810725410588	19.0021026645105	18.8795978293174	18.8795854034896
M286.2303T782.56	11.8102836295094	13.6991511339332	12.6568036499414	12.6382027551113	12.6367273532493	13.0593453194032	12.8258953439392	8.99527860537964	12.8103062771227	12.2057086681207	8.86665770107046	12.6457484538094	12.4225476010446	12.9672335429955	11.459710442525	12.4333706871423	12.5412046145366	0	10.1688656612374	11.9741305728369	13.3308171214075	13.6399810903078	12.548747112833	12.6184973900159	12.051300768086	12.8962937812403	9.81143805758569	12.075655388319	13.2749101282504	10.7976286744672	12.7715461254822	13.2031390802458	13.4307323178827	13.4998464738631	13.1597459479245	9.44044133372647	12.6280549788882	13.2446508318661	12.3073480951044	13.3018252519117	11.7472495134225	11.1179731418042
M286.2753T558	13.6415567543505	12.6515539236019	12.0660351953916	13.0121431864064	11.8533788953737	12.76937413847	12.1502573462274	12.645574220253	12.9114639598559	12.4376224298668	0	13.481471454466	11.3708308862143	11.3549283742375	10.1683530560175	11.729954859346	12.1302711980379	0	12.2625830994726	12.6901176042276	13.0902855007876	12.5671720948679	14.2332615250666	10.7963477795887	11.1956483549433	12.7904472560203	13.2794048293725	13.1667151188394	13.2321138828602	8.43657409397153	13.1393706013165	11.65721718095	12.3738444868011	12.5294219521511	12.7801756257616	12.5725440269287	12.4986066575846	13.7020766276895	12.730151530141	12.8614074463904	12.2238199022128	13.512799055519
M286.9083T45.83	17.4683162177705	17.5238068339211	17.5564360719127	17.5955290691517	17.5455808998443	17.3777230384319	17.6316387343162	17.5484172314378	17.5551108282262	17.5362162438449	17.4968048779483	17.7169711698582	17.5990080080856	17.4392179984018	17.4808229412221	17.4015311112469	17.5378324207392	17.7214733181367	17.5966240605976	17.6690040810418	17.5436066594027	17.6270537035448	17.6175607613771	17.6769406695927	17.7079237169266	17.587674013925	17.1853679671257	17.5867540050626	17.679051167359	17.313304827077	17.412486035901	17.669537810945	17.6900404834049	17.7274407520313	17.6000361565273	17.7423249925367	17.3678071284912	17.7739440580835	17.6913013765122	17.5921690798332	17.7662013489263	17.6703476249374
M287.0804T326.89	14.622662483794	13.5694059332385	13.6742179660049	13.1136382514867	15.1378514428359	14.1443509990194	13.5514223969111	14.7098391348544	14.9788618392361	15.0777293808046	14.8420890962475	8.77110269981375	14.8006706878526	14.8420634971925	14.7074184869187	14.8897722457595	15.3064370458621	14.9683455756502	15.1385943629801	14.7955424249052	13.6496981378978	14.8076469335143	14.1189269778638	13.1223304481239	13.5646704950424	14.4813663220166	14.7915335691417	14.651916335012	14.3052136170139	14.8154638990428	14.9860176956483	14.9978707771807	14.1336111870332	14.5089290912718	14.4294986755473	14.8107966125822	15.0880691496622	14.5456566377241	14.3593783970686	14.9332714168894	14.5292579891669	14.82681206516
M287.1445T265.42	15.8624278983764	15.8137588731851	15.8881498139799	15.7615771456945	15.830880297034	15.6413543648003	15.7716161743776	15.9409152783467	16.0458935575625	15.8290440411763	15.7694751882693	15.7449622889363	15.6803881553315	15.8263546393587	15.7995284564737	15.9802933626575	15.8311430333926	15.7972054954635	15.7924866487415	15.7777839947698	15.7934712486458	15.8166869911806	15.9084356558288	15.7624756552013	15.6945785646144	15.6711341580734	15.7125650417999	15.6912367447656	10.4589938249068	15.3985800559082	15.9136802068597	15.8137905951398	15.8274113058793	15.8811173212295	15.9676112534991	15.911436880989	15.8310163603647	15.8038308836422	15.6256218755352	15.7787811510589	15.7110552643406	15.7024336820971
M287.1479T362.83	13.5438006247435	14.2089787954696	14.3951903695932	13.864249675475	13.4439384629187	12.3491505248413	12.9832803430603	13.4463527299432	14.3105233851919	14.0143210044573	13.5700023466704	13.0480103358876	13.902918277549	13.4303069319203	13.8624692225143	13.8559165058408	14.4511324195383	13.9522885749763	13.8039243867694	13.6487541578444	14.2021928335512	14.3626156828876	13.8051862784996	13.2431059694205	13.4194144607401	13.8414299885298	14.278310839285	13.8554399934244	14.3505640661916	13.5305542855799	14.423554756276	14.5694835783244	14.1532498368175	14.4101796227237	14.2709752397648	14.0415462493813	13.605532679896	13.9227219554788	14.0074030499323	14.0034244235366	13.6263257732617	13.6791682967336
M287.2229T626.47	12.826248597568	12.6477639258277	11.4735471992665	12.3574162634194	12.747866907691	12.7655587084258	12.573210894978	12.4484169540477	12.1333026825484	12.706539770144	12.7762712968045	14.5508289607519	12.5001429821719	11.2920046340198	11.5155454756711	12.3311481775949	12.3133318635348	14.1229590900146	12.6459930878359	13.7105969680184	12.4936797535845	12.9446717281884	12.981564870499	12.1082453760444	11.8550603811746	13.2391544134497	13.2281144528307	12.75004352482	13.0633924824692	11.0318042394113	12.6735943715997	12.3994121732924	8.88714542587745	13.058509672217	11.5848028205387	15.0463762158061	12.4561572065628	13.0434442861532	13.0275357325091	13.4741635983582	13.2137726693966	14.72525834067
M288.1198T67.18	14.3575355208519	15.2514730511719	15.1969427875502	15.3572843629754	14.6010019839563	14.0832559177348	14.4104592570833	14.8122942249017	14.8890326964162	14.755859266043	14.4552244405972	14.8157802273641	14.5365885285523	14.15241915843	14.6009714477504	14.8953875467522	14.9009536939483	15.2474971822702	15.2698246986141	15.1262039711943	14.6402454157914	14.9394354793544	15.1054553036385	14.2895814849201	15.1065513966692	15.2308162790274	14.9436256361217	15.147388830916	15.3394057395719	13.6966527339772	14.9671919772079	14.825673759336	15.0118131823865	14.7434751624395	14.7334620569946	15.0353383824022	14.5331925478108	14.3886115398916	13.6643333357804	14.2638605627183	14.3175538022959	15.1622184203098
M288.6344T650.46	18.9121272783603	19.2313864282525	19.0275460825866	18.9754564927602	18.7774449327364	18.7919039055728	18.6852484117304	19.3240046158016	19.2529982340624	19.1137409483367	19.194888215401	19.1548957138191	19.2508188683809	18.5441812555871	18.4276413974257	18.6475190624593	18.9828615054129	19.0929372727405	19.2625321116995	19.4256391752651	19.40948680708	19.4692723987937	19.2754255298185	18.7031120892555	18.9346527896938	19.6913473631611	19.4495893294959	19.3656850339333	19.7071919635723	18.3186474363449	18.9839695454773	19.1559567975614	19.1463034732465	19.2928865106704	18.9929821371554	19.4954056826886	18.5716260101318	19.6323862742431	19.3297942187082	19.2612971797138	19.320056212768	19.2348895308075
M288.9951T55.4	14.9386975860506	13.857038290423	14.3304559974737	14.1114570927315	14.6995596730112	14.4152776498327	14.6137258946075	15.0581151361369	14.8007436755409	14.6452927611302	14.1419100711616	15.2400147440996	14.6868680072146	15.0140008584874	14.6748477569144	14.5961011690313	14.8343319689609	14.9309745256503	14.8138690928168	14.8962289397306	14.6647361756981	14.5122674753608	14.4083649574806	14.9893411368667	14.950264395875	14.6138012072545	14.7608584968001	14.6848541731801	14.2676626223802	13.3759074534576	14.6470489252805	14.3891028971216	14.4763976014481	13.7810631258553	14.3987523162379	14.6012652662441	14.3614431121847	14.5341325125193	14.6834222211257	14.7391645359513	14.047042470926	14.2832148957114
M289.1164T489.84	0	7.26900213146111	0	0	8.46706163193868	10.4345375430214	0	0	9.38365308967105	0	14.2780191201581	14.9166371747357	0	0	0	11.4399061888747	11.4939844752148	15.2506848008991	8.30036037622969	0	0	0	0	0	0	0	7.53373635451605	7.89712131519331	0	0	11.5604317663962	0	0	6.8161078553044	0	15.3835094263927	7.72656676960218	0	15.5869434728211	11.2917470551344	15.4025264681592	14.9791140440154
M289.1231T259.57	11.3816095707164	13.4165400295786	12.4401372290163	13.3815967444192	12.0082330088197	11.6429568589847	13.2182617124036	11.5881047210938	12.1960189927041	12.3044315036893	13.4287568645927	13.0374980322483	11.438149461616	11.2011775371168	11.7103220998939	12.4707689843588	12.3867624459525	11.7129516882474	12.380559874627	11.945748430114	13.2026791308166	13.5298670275136	12.9464662952024	12.8482997592724	13.3711225387308	13.6597505717011	11.8113796817914	11.7736797135555	13.3211865405089	11.856645426891	12.6519342520525	13.1988191164631	13.4031376065106	13.8084554246175	13.6900927568921	12.4898059225078	0	12.9172487277432	12.2736223786722	12.4879928898215	12.4438104467547	12.0131141677632
M289.1235T418.32	13.5075340490947	12.987419746819	13.2804699078662	12.9785045314179	13.6827526578515	13.3878449860708	13.2555700044642	13.7222758380079	12.9998325756471	13.4134133490581	12.8842583092934	12.871426363037	13.4387448639756	12.4526326163852	13.2571664245453	13.1840925816102	13.7001090733166	13.2401678969975	13.1529679627629	13.5636157335793	13.5157675148105	13.6876400408476	13.5285498953326	12.8986209055038	13.8747705316813	14.7633034754356	14.12620964764	14.0806825059887	13.5709942277664	13.4428441701922	13.9876799205267	13.6118375245506	13.5008432039939	13.134558715439	13.3748480533744	13.4649439662042	14.3492533282998	14.0847166865415	12.7267841967318	13.9329108232447	12.2501868908452	13.1393974831979
M289.1408T149.61	9.81686992561155	13.0506697630168	12.8116688724811	12.5514546273091	10.5740473953326	10.1947627781297	12.8953793489364	10.5230995960238	10.8962118642505	8.86470742721684	13.5182063575178	13.2571916012591	10.8899029723652	8.08877978578292	10.5856329075465	10.9934589298066	11.5681431411086	11.123844108236	11.7391376163561	11.897821515278	14.1407816748788	14.2432121087168	13.1268310592469	12.4065237539735	13.477751819459	13.7169418864638	10.8147862009809	10.1141690431292	13.3051573061008	11.4124390058257	11.3927729647802	13.7429957828478	13.6649575928596	14.1007639034972	14.2325229608861	11.5076714277392	11.0262762965057	13.0457521411745	13.0035664110333	10.4584397977273	13.4112316249062	11.3960244300669
M289.1516T65.58	15.3600158305258	16.2797919031916	15.7900311856055	15.7006873699922	15.5727298088928	15.545719956314	15.3357927493495	15.2864425601092	15.3517156161803	15.3546532040843	15.6921101115173	15.3022708755805	15.0366693583439	15.1012687406475	15.3033240360123	15.6100695512763	15.5193311620098	15.1480745434543	15.6310714247326	15.8039710523727	14.9540079562437	15.3740148745139	15.6044518221274	14.2377353233057	15.6326386217367	15.9407561233446	15.3768332920512	15.2727472808498	16.3467167085682	15.3844150672648	15.6732123474966	16.1731766631201	15.6581722873151	15.8724284733765	16.0606440194395	15.6255641234579	15.1861593002831	15.5918437796857	15.2322676158166	15.4129363560167	15.2074859609262	16.0849810631175
M289.1694T276.1	11.724413359723	15.1284254430271	15.2090379385828	15.0559940647605	11.2454691551095	11.4648440964684	14.8111170972832	11.8363499139796	12.0589490290886	11.9987801492033	14.2372662025389	14.4436634857797	11.2940145744843	12.115828560243	11.4452341569291	11.5658660226021	11.4845333156903	0	9.35797364307188	11.3275243050678	14.8833177625471	14.3159606144614	14.3263305828616	14.5194168227864	14.8173539813319	15.1853141412171	10.4110183290877	11.3631153927642	15.0330274700461	11.8363564528936	12.2283883019396	14.7800787809225	14.8662652564066	14.7256286124391	14.6948626784255	10.5529057117014	12.5675407117162	15.261838242824	14.2309501049833	11.9466988507677	14.0913259875474	11.0314392093699
M289.3188T800.84	15.6531385956469	15.4877106197276	14.7077111996296	15.2040535950146	14.795923280595	15.4481300177941	15.0376099324967	15.9251722177079	15.8187034837633	15.6148205075742	15.0196535525966	15.3576757872532	14.9783749704586	14.9089329674	13.7530218673488	15.2463344623218	13.4531152260365	14.8271399480494	15.6183424082097	15.5381282406063	16.2740029303158	15.1399780776798	16.0995502893097	14.1417974690811	15.0555012180715	15.6415844357581	16.0958590336399	15.7266317657066	16.2394585704446	14.6350078427289	15.357371491837	15.5594392035938	15.9503547685288	15.3624817882038	14.8456625456057	15.4946557164943	14.3613096436313	16.0416108134129	15.331935480498	15.6377141721451	15.356368954329	15.4730484930125
M289.9999T352.48	10.7660437735476	11.3891782681084	11.8700166349986	11.6501657941511	9.16510524532323	9.71644682394774	11.7878815993251	10.6206091736193	10.7686305778113	10.2675029231047	11.5423372566391	11.0061096026262	10.6659801045688	10.8458632813971	9.90763951850934	11.3891671626907	11.0633682635746	11.3390542464035	10.6434906623589	10.1552773166419	11.2796788565294	11.7441923384257	11.7834231584547	10.5098634243662	11.2729493458522	11.8856257854453	10.8958239672765	9.69392494088415	11.4969428585087	9.60339363779202	10.5091752152712	11.7306740921775	12.1863755226324	11.6633628419617	11.7354262968709	10.9048636094686	7.50513529031594	12.1148633762578	11.2966773276112	10.1461279665185	11.1241654178743	9.66454704017807
M290.0491T496.17	12.7658343136735	13.4170354423557	13.2046721462065	13.0824133370134	12.6513227850419	12.8073115614923	13.2163325362237	12.7424384507913	12.4449770551858	11.2134405044685	13.0915664551422	11.7290473379448	12.7545629409968	12.8601626499586	11.945174199558	12.7785290041861	12.4315102623972	0	12.579435469635	12.0942603947795	11.6364306413761	12.1237522759498	12.6889596920991	12.806396359178	11.6853359361859	13.0872227159825	12.942499122851	11.7143912203629	13.153359016087	11.8998473694075	12.904176739502	13.7457110561112	12.6287338786065	13.8762499161869	12.1409580479488	12.7396243206003	12.9787080924797	13.7224898306482	13.6956228231345	13.627726034268	13.5394879295737	9.5546021334082
M290.1073T641.04	16.0971192836457	16.8297570076882	15.3269120307377	15.6238586079722	16.2054874443605	16.090100741506	15.6997020111167	16.2800516852109	15.6659441662123	15.8719156730465	15.8434293735219	15.3143837089232	16.1954514803336	15.4773905889646	14.7164033177441	14.8496478917808	15.4202353128773	14.9636774723079	16.4267396159985	16.219020883813	16.6746114331374	16.5280848378076	16.3281735709022	15.5677818864905	15.7177526489543	15.7996577967415	16.0108057135759	16.2643077669724	16.6367772576871	14.3362633015067	15.2891449175399	16.2934793488602	16.2610482079341	16.3569635817901	15.8536770232811	15.6722911793947	15.6180723222338	16.5437077587851	15.52426354135	16.0351969827416	16.1473405930538	15.3501488248873
M290.1394T743.43	13.7183726420727	13.8332942364255	12.9998659575358	12.306309106634	13.4431678462342	13.9970681033855	12.9959210784091	14.5593012078339	13.805540064195	14.2158596762532	12.7513164146797	13.052071970418	14.4698594978051	13.6684353676389	12.181825341592	12.868852663026	11.8650359117299	11.9092225273315	13.7360006577227	14.4257096770477	14.2891324373731	14.0780666190629	13.9874225193964	12.0631725993655	12.4424817117967	14.6133556221668	13.9102379490581	14.8688044487912	13.6260306953229	11.329840771915	13.0128334622785	13.4789684606636	12.6217766111857	13.4983829701908	13.3886107705763	13.4067443305967	12.0548192866385	14.272327292951	13.2060283754997	13.9322584653303	13.2805847101767	13.8328107560042
M290.1436T364.4	13.1884289913517	12.3477351146924	12.2070123323265	12.0626649879385	12.9459061735612	13.1723284510637	11.980882015339	12.8357012219611	13.2611671548303	13.1672472248124	12.7559577493442	12.8476163936469	13.5210996679906	13.4486929218106	12.9873170564991	13.2262676514513	13.532938328114	12.775674225492	13.0348806330226	12.5429634454773	12.7812226307295	12.6087526596175	12.165927506951	12.1685493743293	12.0208926530672	12.4642313576577	12.2700504867622	13.4000630547605	12.1669541772171	12.4691247815331	13.269991537988	12.3705523248429	12.829405602784	12.6502445044705	12.8150317113156	12.9627716007985	13.2031573744787	12.8820847139326	12.807528057542	13.792644288866	12.3395434168792	12.5766941226349
M290.1441T311.54	11.8220358108083	13.4960619619965	13.3910574865045	12.3643586864025	11.8028697893452	10.4901227223218	11.9780470370341	12.3704541473117	13.7146735445405	13.3069243974901	12.1363730262201	0	13.1124595614802	11.9947852467705	12.7583005463672	13.1352894107331	13.5377890873282	13.0053362258381	12.9162311813645	13.6355209217708	12.8231048827166	14.1861776560425	13.6796098187543	12.0205025918801	12.2461902828512	13.2411447715433	13.7627198870985	13.2578081587516	14.7774724143091	12.3440097457299	13.3411624275074	13.1169415269028	13.4497645554394	12.5271653860986	13.7080063387643	12.9067014679413	12.5370994240267	12.7639845449425	11.6904013259157	12.4668651448396	12.1533456783866	12.9998424275637
M290.2102T594.4	14.739850968283	14.094808467797	13.917334401809	14.7320749825744	14.2592411389458	12.6722042803428	13.7860553997127	13.8490410301467	14.5522305401929	13.6498332713878	13.7804677354148	14.2300049971479	12.5511819243863	14.277951584616	14.2349414530007	14.2676937100317	14.1110922588403	14.7626521332637	14.4060975693623	14.745641359831	14.9093152868169	14.9167651431104	15.2014649063059	12.0772587741375	14.7486584204858	15.1412846524002	14.5326117823446	15.0284889257222	14.4020970695787	13.0262743385529	14.5258682196389	14.545919390538	14.5070984189785	14.4057914680609	14.2214807608439	14.6094601815532	14.0468998706359	14.647131269758	14.6353859404482	14.6681146293192	14.0375129128384	14.6100969020587
M290.6306T663.61_1	17.1548529656132	17.1790086700392	17.3175566047599	17.2214669214522	17.166872160947	17.1874069763432	17.3366053706299	17.1130656667298	17.1306968533243	17.4143068665363	17.322964384667	17.44974672776	17.3473558682332	17.0209130650454	16.5574461501366	17.0412052750113	17.0766848509338	17.3696453310695	17.3716704699233	17.4078161438657	17.3579703890733	17.2850422871376	17.355170749736	17.2230135306281	17.0641910082376	17.7270207165323	17.1926400325522	17.4006441023458	17.655429857277	16.5287043535951	17.2503154775114	17.3232179509233	17.1975782610438	17.373686258586	17.1793968309773	17.6234619292837	16.7099135055388	17.714048239918	17.2694596182702	17.4903545598054	17.3760093996177	17.4277846350785
M290.6403T623.69	12.7766910525121	13.8642735075658	12.4596264448213	13.1562153535699	12.8633874549767	13.3192743935458	12.4615526997695	12.9723063229581	13.0901426683882	12.9581350693106	12.1285928992464	13.1856261095252	12.9563675584797	13.0001177272115	11.7931562739822	11.9512536785125	13.5146173352735	13.2280056218162	13.5544036536305	14.102611779007	13.1681961657171	13.5230819903799	13.0992882613162	12.5741223041207	12.4491898260165	13.7168588970247	12.9698751803488	12.8004101819249	13.9915380684416	12.0713184962531	14.8819978751342	12.2626335658078	12.8103747971496	13.8293811343351	12.276391564697	13.5180471719143	12.3719589292512	13.5903441677031	12.9544779951945	12.7922260383665	13.0492555208947	13.4040366945704
M290.9924T327.32	11.4909812681554	11.6910232218102	14.4407320898251	12.1234031910953	12.3367661955808	10.801161323287	11.3482983341334	11.0862940345115	13.2742779957693	14.9655797877298	10.8810820907205	0	12.2032483736794	11.0066133910032	11.476719348781	10.9162723716803	12.187361503778	9.90699718529038	8.77559769292687	0	11.2547155322708	12.7634387670625	11.3363362171274	9.20431352062585	10.71599932272	10.7113230309288	14.4973235380101	14.857052464723	12.3529486494114	11.5782189887965	12.3587124941853	11.4070176432083	11.6548627984411	12.1201924358181	11.3996142507261	13.0854702195971	13.2813394590647	11.5161092389965	10.6704280795195	13.479967383381	14.7027256174633	12.3804338043339
M291.0196T446.08	14.3705828702672	14.4259279532442	0	14.0453157284278	14.1413605708519	14.5021032070139	12.6156118106384	13.1104755810751	14.2517618163438	0	15.1511863757107	13.3700664239327	14.3020409881118	12.9029455142718	13.1669165201478	14.2975771627434	14.324524832935	14.7733679673733	14.3610435630816	14.0094704194736	14.6093633274862	14.8597284903445	14.1054330438413	11.1974030474311	12.9356695480893	14.372392828818	0	0	14.9215837721735	14.9885702517393	15.3127073354466	14.4639647226854	14.6387580089573	14.6060446855802	14.5009149100507	14.6991605249654	14.3436668450321	14.6754853615872	14.189985143983	14.5797598019477	0	14.9354525960299
M291.0834T62.99	13.1907522608228	12.5234807573281	12.3634618692868	12.9706246143684	12.376932170932	12.5755637041043	13.0260388937692	12.0269108301578	13.2602869531976	12.1050011208838	12.1256341023231	12.2730608561566	12.4344302563652	12.2072620464417	12.2376356849112	12.3376232749521	11.6807744117024	10.4825322216697	12.3365418033332	13.0372901642577	12.5912608432441	10.9656433421058	0	11.9152180871827	12.8155674735943	12.3505802183262	12.7406863954543	13.0209928684457	12.2171240038423	12.5970883503789	13.0194697290204	12.6464131635382	12.6415619968903	10.8955168954044	12.5611196433143	12.1868910976023	12.7593449065235	12.5642726133269	12.7198357176009	12.6111248201063	12.6945169116362	12.6467977853359
M291.0989T142.58	13.2334195222887	12.611089564334	12.8663640686619	12.9185386643076	12.1055448041635	14.3987824638452	13.4474017639127	12.6540769368716	13.9938715990659	13.6158307240809	12.4429146342148	12.2465882961729	12.0970570240738	12.8964896852495	11.5986304905579	12.9754163425991	11.4797151543072	11.5067254303733	10.9460063648985	12.2865015097266	10.610907207804	11.3560966014961	12.129676992412	12.76757720425	12.6178673077882	12.9566056584807	12.1624507073684	12.6948005313738	12.7860165952884	12.3127604613324	13.9839512630607	12.4382926427485	12.5362631834451	11.5005442491363	12.6761076079777	13.6905372839959	12.7595788993906	12.969842758112	13.0138918624231	13.1779924537977	11.735797114592	13.6276280296458
M291.1199T63.71	12.503341055664	12.190085989818	12.564633053074	13.7716570972477	13.43597921692	13.3551749894932	12.5221214621457	12.6653052020011	12.428429250701	11.292037234786	11.1368187264335	12.2120985863175	12.294951437748	13.1329814722111	13.8779867530741	13.1499652920706	12.9932259776454	12.1928426388277	12.7768969048572	11.4866968934908	13.0619169174443	13.403680998531	12.7210162878416	11.7530495761118	13.4923135716989	11.6182847334474	13.1738367644598	12.8776970936212	13.4686577772318	12.8986203596974	12.6160715832455	13.4161799018029	13.666133963077	13.8597556542066	12.6841044224716	12.647895042327	12.6710092409091	12.5539719698719	12.7348053651386	12.6094553908362	13.0792580499165	13.155344558845
M291.1324T664.07_2	14.6201018476496	15.7444146518969	15.4755625256746	16.0272687444821	14.8919216807042	14.0270991279351	13.655081844422	15.0108362292795	14.4136329511915	13.310621270646	15.6370110726984	15.8696699507541	14.1146421716875	13.8929597302037	14.6509377439099	13.7049821011532	15.440138465426	14.6896556627272	15.4395288203814	14.9376141827162	15.4010276450468	14.7316432048963	13.9782649226565	15.4821941249658	14.7455993928943	14.8107305221416	15.5667675059816	14.9376611068126	15.2300467668884	14.5218208702226	14.8518053910853	14.2991749213307	15.2599318567384	16.0551372131919	14.8791742083777	15.1802106621892	15.2727110024004	15.1960349694162	14.7353998461472	13.9236753579606	14.9072855740006	14.6118761174835
M291.1394T94	11.4805284610989	12.3770128645265	12.6937212453881	12.2103980329264	11.5669945673587	11.2160806669951	11.6141856111819	11.6675906344945	12.7351359539753	12.3824958248214	11.1640324284066	11.682978889793	12.1365057965204	11.4472062134317	12.0360424554529	12.3309409726011	12.5966679958184	11.849616923414	11.9303476186201	12.5517826625439	12.2556073248654	12.3847655954512	11.9434075043455	11.5821731074134	11.8739529800622	12.1407564915608	12.3372736656312	12.292713874431	12.635662167882	11.5116920439878	12.3213969938509	12.1595964222905	12.2675354335129	11.8342123904409	12.1157526194509	12.2676796798563	11.7965974066308	11.7790894302722	11.4243359010038	11.7938433696631	11.6184709839348	12.2559980596015
M291.1466T284.26	10.4647535206951	11.8657410814911	11.8732973051489	11.9984329878026	10.6885304416716	10.7038960976325	11.0101360065479	10.9229355300916	11.8584933644007	11.8363660549868	9.054541232749	11.4419876261822	10.9072361496082	9.66706097706621	10.8018497120066	11.353510332434	11.3291279166071	12.038414547053	9.8070495177132	11.0941364753236	11.3998081163209	12.5216936096041	12.3781282105937	11.6034409463254	11.3541432148119	10.6065838225752	12.0522158194516	12.1286099537991	12.1081786870236	10.2143708835908	10.8590386998009	12.2321859434457	11.7350507265569	11.738120145817	11.3894375890728	11.9983924144766	11.3503180079243	11.1851182378054	11.6723582759455	10.6794790665224	11.7440810943123	11.371537778938
M291.6382T714.46	15.8241233023023	15.6197813354431	15.8591799173324	14.5577824920271	15.7246579465062	16.0038323740799	15.5067675643079	15.3713426800191	15.7178984600243	13.0910681753373	16.0202210628935	15.7013715537072	16.0909753923744	15.2544804464998	15.1536719426763	15.2548796722311	15.3782995853952	15.0021180311568	12.6250105773298	15.8808649668369	16.014763461213	15.4727664599552	15.7974726640161	15.2582511872351	15.7189046257003	16.1587643899592	15.9389615957809	15.9797490467215	15.9962157165355	14.2006235688496	15.2960345103081	15.5797343809734	15.344542599035	15.4377210079243	15.4469921751918	16.4554885232134	14.6833824642426	16.342967456065	15.9786007654848	15.6614333089076	15.9214299032844	15.984777553619
M291.6481T657.97	15.8682792241829	15.6645543482748	14.9310428759221	15.4057218832102	16.0688854840963	16.1603756167024	15.1670543512724	15.4766585720295	15.954655339864	16.1423804310109	15.3941634326118	16.1582162940837	16.2490533995361	16.0660498037715	15.2656158915064	15.9010241907693	15.8548073737708	16.6129483063686	16.1404258002832	16.1463887432696	15.3233467840259	15.3491309662473	15.8909711936633	15.7332931839774	15.5094463621797	16.3358863654353	15.6188736345721	16.1467635740238	15.966719468818	15.0620414650578	15.713705350875	14.8447427350406	14.8355588293847	15.7305418499766	15.3364010881668	16.3556654595871	15.3641749093435	15.6158868592079	16.2556711662715	16.7295768642496	16.5288093059365	16.3061234594738
M291.9886T62.85	15.0335033098589	15.1716275924652	15.3131363478912	15.3424983519042	15.2404469747099	15.3841718473615	14.9903663534317	14.7140913229133	15.2841455353391	14.9835761037969	15.1070838565149	14.870990524485	14.9559594470025	15.0510045870952	14.8560203944321	15.3752851451511	15.0746559423301	15.2849400388043	15.0066098218827	14.6028722614267	15.1717096393349	15.0831003220581	14.0388923840389	14.7185340428513	15.2773584552583	15.3830826214584	15.1956114181057	15.177162506533	15.3079164253091	14.9932410437633	15.5532022048197	15.3252549434731	15.3877151352754	15.2822539891789	15.5665380100574	15.1513603409221	15.066314314217	15.0393817113565	15.3312931695338	15.675097819021	15.1313730313624	14.9070743841375
M292.098T555.13	13.026609385224	12.9481746107993	12.7802339571825	12.1807200155412	12.9238005194657	13.0898477015034	12.3289031520709	12.7587930343014	12.5386838404059	13.2635874956977	13.0342949757448	13.2304489776227	13.387949434983	13.1071795089434	12.4102833139258	13.378473812455	13.0097075384785	13.4937271944992	13.3295289222857	13.3164856318477	13.0810344372222	13.0820749585498	13.7613248089155	13.1100438981501	13.1288912681802	13.5577255879229	13.5016948413644	13.0984145248866	12.8430141843195	12.189126216456	13.1232226149774	12.9761386795131	12.3733859459174	12.6870277856108	12.6824314119056	13.2473083391647	12.4644301463364	13.1831170298793	12.893436630478	13.0340173239425	13.0862912967542	13.3181646832434
M292.1375T623.48	11.9993765477305	13.1506349846775	12.6668360592874	12.0849526523424	12.0374962457297	12.3815781620135	12.5501087637619	12.5966481922326	12.7380810182137	13.22482026373	12.8722343039601	13.3236692398274	12.9250603587935	12.428227616742	10.0121977720101	11.397712329986	12.1616853033268	12.7600283083902	13.242081539029	13.4364196520468	12.8665213385127	12.9144519281336	12.9442562274404	12.1792882096517	11.9320270443675	13.7168248746065	12.861445037935	12.6462050345834	13.4576814885498	9.32670271761798	11.5919192506085	12.5080992330398	12.8462369346328	13.0422261738507	12.409657101481	12.9194099454562	11.4310183582969	13.7318254039798	12.8371583509872	12.8548094153003	13.0003016418967	13.0512500897041
M292.1899T429.56	12.993207414858	12.8798734242653	12.4080819276004	13.2904189030886	12.1224269023785	13.5745542746871	12.4367455510145	13.0263772777418	12.744815456096	11.950937605731	12.7867282680322	12.0005703874026	11.6508962688274	12.7730859603338	13.0897644887505	12.10551921525	12.6273805526991	12.6982161607268	11.4348860032104	12.8149234406349	12.7289677671607	12.8489237254873	12.9083048186217	12.0557372532647	13.3129269521645	12.9746575168063	12.3534429917925	12.1249763763716	12.0487819406165	11.3013820875821	12.6330589822174	12.8878223902835	12.9777278650631	12.2134244933546	12.4115271958463	12.3562253606853	12.7013153425151	13.2142608402396	12.9400119690133	12.4123064931999	12.2374562129106	12.9790677675822
M292.199T47.75	16.7553850356167	17.5928822823528	17.3463055408185	16.8272980787489	17.0005168700555	17.2321863365952	16.0750375362582	17.1133627301367	17.6852831207221	17.9922406175974	16.3844302570046	16.081432770297	17.2934458277408	17.3398696661989	17.0280475778061	17.8917967990019	17.6873905430054	17.6033084724671	17.5066439373377	16.9410217008297	17.0168434363783	17.2830129287368	16.8279012834563	16.1354573198867	16.4062865889178	16.3836986396051	17.787379705821	17.4128560971322	17.5326807522563	16.7144194580548	17.6374776758419	16.9251563045098	16.4637859973075	16.8630677412081	17.1911895557426	17.9071706754448	16.2684981267639	16.0542739310278	17.0891442293577	17.5550071481344	16.6232165691384	17.1331773649822
M292.6187T674.64	12.4936241679055	13.3744229421107	12.220263195392	12.4479003040354	13.1898545544659	12.8247823144391	12.6453310003384	13.326425586678	12.7598913249175	13.0941206485294	14.192190634359	14.6047935119536	13.1253183960306	11.7975838501443	8.27344259247748	11.9483492555658	13.0025380253456	13.758561432171	13.9137850067717	14.0377629703131	13.7406735168819	13.7073890404323	13.2246585715118	13.3758800422096	12.7683953428018	14.2368533073806	13.4373255698592	12.4881015222795	13.446872779775	12.1433449013583	12.8104153764093	12.9181549764564	13.1246753842772	13.1251825441242	12.8603731227683	13.6612769818027	12.5430732115356	13.822163562197	13.9213717992533	13.2079593265238	14.1748730558281	13.4724560580916
M292.6561T687.48	13.3978644822029	13.9592207297725	12.5672421050714	13.8596908440646	13.8622435310373	14.4254670411038	15.5877490220959	13.8618872543383	13.9333766111424	14.0729136120784	13.8762377527954	14.5737949228766	13.7160864304284	14.8432864119488	12.835276461699	13.9130432248033	13.6074789773934	14.5835833247801	14.1725741906412	14.918104102879	14.4806308665052	14.4968768538747	14.7712719159826	14.2137113256286	14.2789178300337	15.9974591160037	13.0228068326281	14.3011672294888	14.9336644275364	11.7686336688084	12.9516869804414	13.7349201732998	13.7030803761014	14.4676194412193	15.3082559430638	14.4850085860772	13.3289354877293	14.7587027505834	14.5021159767899	15.8493191058002	14.3314682147428	14.2061125428454
M293.0827T260.68	12.4003540643508	12.5301858350425	12.4774614904212	13.1770259335468	12.9555229040172	12.5533066093392	12.7935937378411	11.8289757739675	12.2404182706743	13.2102387270181	13.0401125619485	12.5499269660183	11.9190711307195	12.1590942643743	12.2296721048201	12.8883454553237	12.5111000134559	12.7358700720285	12.6432856510558	12.77522551897	11.9854711222812	12.6292988151754	13.127378978335	12.8541458477218	12.9814522018217	12.6822709312479	12.3881349181334	12.2635863281302	13.0332712128127	12.1039680609726	13.0371172133941	12.9800267067568	12.7672210215664	13.1205318646166	12.6657946814715	12.5763284238746	13.0356014478675	12.4594932769822	12.2757746082828	13.0095278580178	12.9404989164424	13.0836906699935
M293.1146T260.03	12.5904581549498	12.3761207101217	12.2024551965846	12.262256965516	12.4525099792063	12.1244151540093	12.1989380483387	12.046080951303	11.8873309887089	12.6293910645584	12.2177064442292	12.3128037716225	11.5419366497706	12.0218632200818	12.4409538070492	12.5532276535082	12.3857151012897	11.9249141774447	12.530336023336	12.9107923634811	12.2148474997997	12.106669958046	12.2715162621103	11.8077048932602	12.5035320131996	12.4519883663184	12.2331187592504	12.4387201392078	12.2521505048158	12.0484992050996	12.577088304141	11.7743574107606	12.4584527123108	11.9569643086457	11.7283658771311	12.8339122313397	12.6674414062894	11.7939353376949	12.6857758842043	11.5397361346951	12.1027284387532	13.24059233091
M293.1624T262.89	11.7940114771393	13.0109328298902	12.9941033774264	12.0678386373728	11.456597388731	0	7.94392111071939	12.9760096405038	13.6377250063565	12.8965418413412	0	7.46284973415054	12.6026837349979	12.1678124870234	12.4846654778472	13.2242385601802	13.2741161429863	12.9692249874639	12.111981918905	12.867798347211	12.7179786287284	13.1295334603943	11.9421083552292	11.5241328205739	7.25524422413314	10.9468559431016	13.3585561753492	12.8934631928752	13.0080261986848	12.3450179000293	13.2086973921121	12.1519011391547	12.1579219259165	12.2021826524645	12.4247690959289	12.8798643514129	10.3510433940114	12.5581752635897	12.0799729450023	12.0334190781243	11.4588112512678	11.6525440066732
M293.2123T629.84	13.840967721155	13.6083641955214	13.6110690787318	12.991401075474	12.5671252219522	12.9370623264346	12.0158234297214	15.0723941172591	14.1328765458463	14.2703030037024	12.5377695122202	12.6721436191011	14.2073418816822	11.9071278475055	10.4224739243995	12.583983071306	13.8773169723836	9.69783317132727	14.2769100670347	14.9290078360656	14.7807652622653	15.5618833484724	15.7602923132646	11.1859370316108	11.3144498535457	14.7364608626121	15.2447234946291	15.3385530907701	14.4509407718976	12.9016427620822	14.0347205794527	13.6305289289267	13.3212174529896	13.8433047285537	13.8090983498781	14.1405250609052	13.1575083741622	14.7094698045014	13.4241120705671	14.3371693246442	13.1689294479582	14.1090044403505
M293.2446T51.51	15.4562238377866	14.7317620058678	14.8625444880264	16.7861072697721	14.2967967489882	15.3636133867368	16.4928298920715	14.4805813066912	15.0837666033968	14.5508239143706	14.7120825810419	15.0937542542965	14.4563388626877	15.2948623593324	18.0594419216981	15.4200741407813	16.8607415970158	13.0220329903136	14.7537724987646	15.7994331706255	18.9703244917877	15.9653971893458	17.5129495458675	16.0512799509078	15.0729195461909	14.9857189399442	14.3046579807742	14.0116505357452	16.7870143238115	17.7287124399201	15.4042293934643	14.8523078884455	14.4339829538443	13.9277291211352	15.3761396562024	14.7473709423298	15.872857547636	14.1576396868681	15.0595475972562	15.8039277978928	15.1211529630172	17.083946299108
M293.2451T661.91	15.020220966197	15.2109868615765	14.7198321048187	14.9096917383979	14.3573917391046	14.7754278950611	14.9415902916528	15.3536306498818	14.5223734425639	15.333753101834	14.9311321281982	14.9557202354074	15.5401435333318	14.7720123885973	14.6797602387565	14.116016196925	14.5376451434349	13.6900662733255	15.4166676108274	15.7870032195208	14.9336609250142	15.1189655659991	15.3189060725906	14.7848038822288	14.9822164468003	16.2615761198262	15.2396709890825	15.0670371805083	16.1339533592722	13.8327497560975	15.0594092159649	14.8327249724568	15.8525056365382	14.5832513130124	15.1355321157159	15.326289802145	13.8986649425854	15.8636640725623	14.7783163212111	15.0211071393065	15.4430172809923	15.3894005426302
M293.2851T574.66	12.1973301390653	14.0534929807558	14.10925839576	13.733681624631	12.4104275210063	12.2617266742811	12.0746815368381	12.4254012370322	13.9299948261624	14.0324644226352	14.4888179750228	13.631717347195	14.542985851358	12.1610768633296	12.4974090473497	13.0801124646798	12.9291864085423	14.8519432959116	12.8124233894253	13.0943743629976	12.5313464665221	14.1479852777076	14.0300054675887	12.504184148456	12.4692020941436	13.5992282041772	14.4612989559058	13.4490052057764	14.6358378368387	13.9449430161576	13.6053538874254	13.9165785976661	13.5155220016817	13.5407062225673	14.3131220837341	15.142581253966	11.8308280946792	14.3310033387248	14.4717318549461	13.8401098572077	14.3056329554523	14.4008672435747
M293.6071T641.35	13.7511048471879	14.6237862559543	13.7549005472565	11.4374543468364	13.7599776634782	14.0103905225463	13.3696534161316	14.2501928407633	13.2851993110361	13.3904387555973	13.4942044278162	13.8928728551601	14.0637958314068	12.8705893036076	12.3641411876412	12.5075840344686	13.2171816390416	0	13.6147490333656	13.9347977845533	14.8369531224694	13.8356855109424	14.0086097238211	13.4736401133133	13.78088202291	14.4929131898748	14.2474909482799	14.137086140522	14.369140230283	12.4597155919213	13.1890990680722	14.6597177647245	13.7006167831366	13.950853620051	13.1677440199959	13.6595122829327	13.0702006271018	14.4107781199392	13.6259219020387	13.6823638424001	14.0850931690435	13.5470849846257
M294.1687T522.54	13.756476232805	9.70068507713779	10.0345760063782	12.4349246173884	14.5580021282262	14.5587365980577	13.579851785131	13.8468688115521	13.3679698089111	11.9542628115792	13.6874189841981	14.4319981031447	13.7225482618379	13.510578134989	13.9592629023042	14.1017174927837	13.8036944127711	14.0385992829606	13.9486005648603	14.3619477703123	12.5917027376525	12.239188291246	13.2818179838868	13.082814371175	13.1154631971674	14.2041901728802	13.5431371885909	13.7133793087905	12.8420994113912	13.0404702533829	14.0959327333755	12.3614362530362	9.51976363467972	13.3268884361636	13.5628146462601	15.0670609655862	14.6416556825308	11.7585108735318	13.062108945676	14.5136444065631	12.1909826056775	15.0686292512169
M295.1188T587.72	14.4811307470854	14.7764047482735	14.6762500818735	14.5528508531494	14.4207537538565	14.5832169117256	13.8595048831547	14.0268643904708	14.0856004077534	14.7333674738161	14.3663470792051	14.8055250664909	14.6308803932031	13.8830796564528	13.9791142495578	13.6817191595648	14.424210309059	14.4709844478906	14.8799802994237	14.7802485469337	14.9364984151407	14.842610690803	14.094111531932	14.5745785601645	14.3871254377147	13.9003712705179	14.393291588269	14.4382488791148	14.3789100308344	13.9544306182582	13.8685105028812	14.8363137165516	14.6964277441397	14.5195671530687	14.1945971613436	14.3726327813259	14.4477499099063	14.3939267410825	14.6349441343424	13.7018195310044	14.7865374191572	14.6199585839867
M295.1318T473.78	12.0788413457812	15.0439425864689	12.2055148124911	11.5332304902986	13.8681900004417	12.4877563820874	8.50216234987456	11.3741027968105	11.2391249728463	12.2555575720202	15.1278890465608	13.6428041953785	11.9922179627658	11.2252365210774	12.7503496426413	12.9064274145758	12.0894443698367	13.1816873130817	13.0623228261411	12.3907383196697	8.14304011102321	10.8883265916724	12.0474194518411	11.3446363871535	10.2607338090765	10.4510613017526	13.3545572342301	14.3508597740352	9.53334033686285	11.2708308189309	12.2826380217302	11.1741727999697	9.29754451237042	10.6519377487697	10.2262321731725	12.4775714168131	11.1854450926324	10.9035784273166	11.273017036786	12.893309734051	11.7269830659141	11.958802917294
M295.173T243.45	10.3489727659074	10.6915853698143	11.4868273578179	10.8902855289433	11.6929978093504	11.0872470435138	11.9089420555505	11.6494328211847	11.1735592564408	11.7080147743903	11.9986256245255	11.4601398030265	11.5400345075167	10.9159675486831	11.3059398349302	10.1955359083374	11.867461939477	10.4503781817196	11.5612202559067	11.9535207561406	11.7733293416975	11.5999569161583	11.6303544970973	11.1352007722611	11.7695790863521	11.9681395085576	11.7389846281432	10.9515421210952	11.8348593259998	10.9470927338418	11.1575947327277	11.3383812044218	11.739575549999	11.4947222267087	11.7072798055875	11.8539310260184	10.6637726331541	11.6483385727261	11.6793187046058	11.7901398565699	12.3246337598545	11.8974740654233
M295.2131T367.49	11.4267051493753	11.3623043245559	10.9439090445391	11.4986286308262	11.2524411200036	11.0310591213454	11.3122708404385	11.6916783546521	11.8938795775417	11.7245302049942	9.89939076599928	11.1198328466518	11.5684798223098	11.5761460796071	11.516845031647	10.5425601992914	11.7864584060004	11.2824476934754	10.3827638615034	11.3100839885777	11.5602677007901	11.5343799999308	10.6387725282708	11.6589878399188	11.4608843019088	11.6918154029025	11.2365871268477	11.7426621840225	11.7023033188178	11.3400806503354	11.9434391832351	11.8747611902004	11.8275122724277	11.5246092125067	11.5498344590135	11.7419336322196	11.523800337698	11.6921839206152	11.7594849531506	11.2269493631212	11.4906000817344	11.638627817286
M296.0671T46.24	18.2726569886645	18.083859882749	18.5963824146414	18.6633723833153	18.3188696581771	18.0926444477547	18.9865098047148	18.2774712666666	18.0304568669571	18.3668374963422	17.4508235405775	17.3655690194023	18.2284747941635	18.6177335550522	18.7045801881305	18.5711036156496	17.6290483543403	16.6029806303448	18.1928648572057	18.7420693239185	18.119487291291	18.040030265048	18.5142943614511	18.4190849622248	19.153292851411	19.259479182492	17.8782904858238	18.4150135427517	18.6151377777149	17.6011628852489	18.7416344059424	18.7671945187327	18.7260733619577	18.6532230022277	18.6560618867279	16.510658584669	18.1745942923571	18.9130764065346	17.2360751377228	18.0761947763474	16.9990080125134	17.2202821176611
M296.1074T59.82	14.5443024323534	13.2812762954331	15.1369962740836	14.5712462669011	15.3348194513282	16.0811380111879	14.6767106741216	14.2404812234397	15.9166823858412	15.4705731250054	14.0306301325295	14.9328855566689	15.1394914031832	14.6181620629063	13.5996266287093	14.1643582114218	11.6676554860217	0	13.6653964467286	13.422623266433	9.23641243523876	0	14.9567606866741	15.2338713833116	15.3856825789943	11.3300070124743	14.8749964241268	14.5162222169483	13.5742016635854	14.0633380924315	15.1383548570154	14.4653623612171	14.1580268126171	15.6768265667468	15.065154993076	13.4418346165535	14.8196016988334	14.1457328728724	14.4812922260134	15.1088725236729	9.98926656767538	13.8444706158354
M296.1886T286.4	13.0224615941732	13.7282261280772	13.9509834690501	13.7440018243093	13.6296862516516	13.1223152652618	13.8208274628444	13.1399199517376	13.2873280970945	13.3026811136181	13.2203153053161	13.4411659737042	13.2095414909675	13.1415361044208	13.2182565495251	12.8408498909749	13.1344782244991	13.1337015702311	13.0755984000016	13.4888547276658	13.5267492015841	13.3215230410161	13.2732897332399	13.5869771668161	13.8184424175777	13.9055853175855	12.8986413578984	12.8843848270548	13.8407831161048	12.9345102735503	13.5536498708505	13.8245432452222	13.7729041929289	13.6999392209133	13.6446942572915	12.8837668800778	13.2224877129755	14.0592060458375	12.9807032350014	13.2870391933755	13.115327104283	13.0128605485077
M296.296T830.28	16.8007250982602	16.0844252600489	15.165905457458	15.5654284698664	15.4045496684048	16.126857387002	15.104643751462	16.4910126554298	16.494198996431	15.6429298539735	15.7275433653881	15.8300621600458	15.2464191197881	15.159630600568	14.3223012812458	16.0712369986626	15.859056541457	15.9574436673186	16.0802095693245	16.3964057638802	17.2778676360035	16.7125723450949	17.9016410919732	14.688012559288	15.2737655794965	17.0500644709286	16.9690958783391	17.3692666432893	16.4186381418823	15.4752756698409	16.2457588784514	16.1087744862714	16.8200997301846	16.8756051523318	16.2258408661419	15.8554667463467	15.1283235691221	16.9669534975439	15.6597363450202	16.7516182600561	15.7170988198041	16.1405886634776
M296.5232T286.37	11.650612005913	12.4006344166163	12.4710796041196	12.3562127331811	12.514256412462	12.0295859642349	12.5009575834687	11.7554640501101	12.3154208650304	11.9909670960555	11.7213811388383	12.2636910695798	11.8601245747224	11.4798725475386	11.8982743477108	11.591558900415	11.8046662330963	7.82310988743997	12.0610586671773	12.3026023929775	12.1096624491812	12.0592932864113	12.0874858388831	12.1048663815919	12.3292320904131	12.4561058403054	11.1992582744906	11.3561742809551	12.5689089183157	11.9062468045181	12.2090315761805	12.6352484952253	12.4097970451904	13.0277204195729	12.1241347749521	11.645152436822	11.6301296741232	12.621630606088	11.7279360029823	11.7651744369412	11.8351705518527	11.255480021154
M296.9613T81.45	15.0943169049651	14.8734938711654	13.7469236837	14.0164262725403	14.8751202020214	14.4792012360973	14.295339633603	14.4120398390808	14.2619175177443	13.9434352349405	15.111279355769	15.512377499941	14.174829321264	13.9739485619962	14.272263473375	14.6558405046519	13.8551160629407	13.3651184347944	14.4339590173629	13.8162994746075	14.4793713494495	14.9085634807926	13.8079747386605	14.3895333926546	14.8455711997093	14.8778357769453	13.8042887084081	13.597743710123	14.5678932541004	14.940298075446	13.739158125735	14.7833685543716	14.6397874195296	14.5641246526841	14.5347731838337	14.9060146682653	14.5495902782098	14.2274159197494	14.9430856291889	14.7977963318915	13.5128656366315	15.4444214824561
M297.1095T106.73	12.9775786254694	13.6157278591346	13.9726170279477	13.7753074464143	12.8932812201762	12.3210179980477	12.234226252008	13.2958440970872	14.7578823973706	14.333629316564	12.4637470221609	12.6260436855864	13.9349697170662	13.0978991442323	13.5902440882184	14.0865676711173	14.6971676300318	13.5426377203666	13.8145099097516	14.6132514955234	13.3264316757879	14.7036532983069	13.3753503102531	12.9044294782055	12.5181178402091	13.1742005564739	14.238194372929	14.4598311297383	15.0512702689297	13.7662027671933	14.0290081500858	13.4033052616181	14.1656836071906	13.3447566029122	14.2335652091142	14.2184436205959	13.3515373586115	13.1572864081941	12.4417110903885	13.8478655221505	12.5094796576558	13.9152094971812
M297.1477T697.83	21.4111383627291	21.7274921462939	21.2680783714048	21.2458173507826	21.1876548603909	21.5410434495797	21.4559331924333	21.6199050176231	21.3973533368246	21.5431638958285	21.3374625497024	21.4772382126714	21.6262377526438	21.4529498273915	20.7293153001415	21.116003600605	21.1081386490393	21.0348910298452	21.4843792353365	21.6298131481016	21.7203144044624	21.6474855192537	21.9151009105758	21.3443407717852	21.1740657182311	22.1206786400206	21.5295927224778	21.6949681454848	21.7619224675738	20.5553398334735	21.096383915681	21.3443011067051	21.4258119351072	21.4963051670047	21.4763512154114	21.3816692539204	20.9947980980888	21.6772946878175	21.1781154146512	21.5952155550072	21.5090496331479	21.4353508839345
M297.1704T493.21	12.9168991679894	13.5279133451839	13.5981260976732	12.7502709952809	13.6006903597807	13.6630824241629	12.6774499006576	12.7454624529848	13.098517640981	13.4877859544706	14.025763951856	13.788596533919	13.5901775586184	13.0696437433839	12.9156925912717	13.6001580157453	13.8352343186897	15.2368019244013	14.0358146977595	13.833248525757	13.071382607341	13.491119595546	13.2266416921501	13.1546045625818	13.5728200369696	13.6512935533901	13.8365447633961	13.1810311274464	13.0128568109011	13.0136082493852	13.7842296892375	13.7299559852966	13.5028942939433	13.8463862143607	13.4786288578756	15.2666226362734	12.9953237582525	13.7784650229869	14.5244587853359	13.3844450687489	13.9910212726959	14.6867707349406
M297.2994T830.61	14.4730652186662	14.0169033464267	13.4478742011665	13.7371793218722	13.0399638657036	14.2163929575139	13.1838516996478	14.566945196056	13.5206822391123	12.1352591486347	14.0937629110352	12.6070274538646	13.4312829062339	12.3178667836802	11.8088723909798	12.4673523481878	12.8494181060015	13.7822899253825	13.0814334717391	14.6948649524543	15.0301958309275	14.4995167008104	15.1008268697241	11.400033605205	12.5989815768213	14.5170710721968	15.1180461222756	14.7887362274306	13.9207968081843	13.1451603026352	13.5342815199058	13.9345055885826	14.0138632900426	13.6704705149932	12.8846387142831	14.3706278315264	11.9808306820007	14.8362021491403	13.7141745816765	13.945307027403	13.2224259752633	13.9292623736221
M297.6495T697.98_1	19.4632376603549	19.7637898077886	19.2800487208407	19.1786109950261	19.1999183228014	19.5216938033355	19.4838220539185	19.5494239930062	19.4536003148099	19.4660310851479	19.3531784079267	19.396183970087	19.6569194681709	19.5828342748648	18.5642023005436	19.391685636376	19.1228685171346	19.1801810858246	19.4920898198877	19.6646763269391	19.687611491227	19.5015098901563	19.4354793711479	19.24894693519	19.1599371907111	19.8693608363061	19.5065176179104	19.7367859288118	19.8519243926432	18.5129930839891	19.0190979368831	19.3850582771686	19.3634954082506	19.4368219107421	19.5185026450821	19.3141686447323	19.0819012487665	19.8082221189975	19.2122189752809	19.7619292571272	19.5646090339621	19.5028696313779
M298.0975T231.2	16.0852869896451	16.6276877988156	17.031707546134	16.7766073452208	16.6142670768221	16.3718171184386	17.0830809596829	16.5163897391888	16.3222349661384	16.0962068961808	16.7284138923055	16.9850426851663	16.2140166311674	15.9487492094535	15.8259938467082	15.8548734878881	16.2720134579687	16.0025445933184	16.1187816359036	16.2299177072757	16.471286035448	16.313034046092	16.6396306963826	16.7484791427283	16.5618319965028	16.3879960747765	15.5480965803975	15.4678426392221	16.6722771061737	15.8714271877994	15.8086307286126	17.0835550802092	16.6689217892605	17.1000683771857	16.8428276684739	16.3699749147556	16.5626549812166	16.463761134164	16.8857577754904	16.3157579095971	17.0333684992744	16.1393289288602
M298.1048T143.91	13.2483251392072	13.1166643838256	13.1055035684997	12.936835383019	13.229311555698	12.9700903649814	13.29740556464	13.1907224350046	13.334087455745	13.0356720513965	12.9580502352863	12.9701581612787	13.2179212098252	13.2605630750744	13.1342650135768	13.1883338286836	13.1236031872234	13.1890357741594	13.1612757700633	13.0482230410539	13.066882007137	13.1047428334332	13.0911206721777	13.1020645213214	13.0831399197813	13.2088688768192	12.8794301598275	13.2875057927582	13.1962814203064	12.7755998274513	13.2667699312885	13.1386608090519	13.1936678398566	13.2297706306848	13.270825684398	13.3076319680085	12.9616015006885	13.1741756636719	13.1809343847222	13.2273648342759	12.8209687600742	13.0094729783519
M298.1161T91.44	15.2268597211813	14.6594478675953	15.0195569513213	14.8484005182906	15.0400553465707	14.9060619893012	14.8218360142248	14.9762903487424	15.1785724000757	14.8901158888142	13.8607271900611	14.8237886764767	14.7658211592476	14.8235671277722	15.0656006811414	15.1427802594442	14.8903920257063	14.6929740955336	14.9812428941526	14.8890835750807	15.058667318793	14.5746775730322	14.552362742788	14.4826047363101	14.7008195604974	14.636592938597	14.2007843067287	15.1939544935794	14.4998104620099	14.5957374018858	15.2671784737831	14.7527315921511	14.722754560866	14.3342794118438	14.8376487004139	14.9955020748859	15.563464499989	14.7594805142861	14.7179678707253	15.2702300738841	13.7164781725568	15.114747375633
M298.1371T673.77_2	13.1841576974452	13.8799091401576	12.9987938021361	13.0183698793199	13.0685563571482	13.4505677027239	12.5243663065641	13.1575002147286	13.0990578410125	13.1961911890895	11.5259696658444	12.9651648736245	13.4283415403021	12.8372498577834	11.2851994581354	11.7438921707735	12.8007819019917	12.6970198785318	13.1701324191178	14.0486742270674	13.8282867365303	13.693609521313	12.8520922197414	11.6250966104502	12.3921541030973	13.7730461108883	13.6540998026987	13.6960339250177	13.2528535661139	11.3826293331677	12.0733013979551	13.0954797244013	13.308733390912	13.8096106688288	12.8974065299245	13.2235479534806	12.3129276435077	14.1697655785219	13.0390439603668	13.1873712584066	13.6475054428153	13.0827029566481
M298.1454T697.96_2	19.968672978766	20.2251873292076	19.7626410092573	19.7484897280504	19.8559419751694	20.0987212084678	19.8380582951541	20.0245959207122	19.8655006138775	20.1191232078843	19.8767430037096	20.0116670011354	20.5581824020045	19.8823816573527	19.3694440494705	19.5939553538443	19.6060925155389	19.5885027447879	20.038421275053	20.103699116242	20.2985993519997	20.0772271188484	19.6998366674496	19.8135366330801	19.6549565973957	20.7248170464117	19.9842879317491	20.196982853246	20.2786866233716	19.1499341783071	19.5902675512453	19.839058323567	20.046165323871	20.0880925420988	19.8325106115377	19.8155224140426	19.576268385775	20.2794975755066	19.7763630048843	20.0569309259644	19.9937003396097	19.9964335535876
M298.2753T550.07	16.3368119057148	14.8069734150467	14.3785082004901	15.5559419739918	14.3371040063116	15.1849415774982	14.2597326771001	14.8859478127005	15.0164311092854	11.6625032365222	13.978322444685	13.9658572464823	13.821742847008	13.7038180803186	13.1348976407133	13.960889105271	14.2281269268407	13.4903951771725	14.5565464107018	15.1137643081309	15.7069964974597	13.9876592422677	16.7903043028077	13.6776423874842	13.3734343691786	14.9708571447765	15.0847354796346	15.6236844569716	15.4368137424047	13.8150529224635	15.3147870276305	14.0366319873855	9.88727721644381	14.728353239131	15.1422257985458	14.0267938861291	14.8686110399205	15.4776673498539	14.3994142140639	15.3667530829955	13.8301765472632	14.9025324459096
M298.6471T698.17	18.1594208502192	18.3661429851371	18.0953079358785	17.8044520010064	18.0078766363328	18.246999352314	18.0596207498647	18.1003360507228	18.1274070323044	18.2425035628678	18.0718591302127	18.1123562629703	18.4697804849786	17.8717785845967	17.6592502255261	17.3123294662891	17.6204400612311	17.8552526291143	18.2150447600007	18.2989964480376	18.4556044002985	18.2673873305153	18.2928028232986	18.0254216795945	18.0522425838031	18.3042312487119	18.4293352658814	18.3903062936463	18.5212431627703	17.3380235945519	17.6547772210215	18.2663020390417	18.0287993124031	18.1746202480427	17.9503600334729	18.1534794810731	17.7432257652898	18.3668238355393	17.7743597321602	17.8582145390063	18.0740878995416	18.7421049601532
M299.0721T241.33	11.673457743453	11.8454852477707	11.9632224411997	12.0108545516987	11.7040235253813	12.2478126762778	11.4917135557495	11.3684766114289	12.1327557111	12.0310800646659	12.1057501145563	12.0008459734095	11.6424232889941	11.7214422033753	11.7029792674524	12.3799637731305	12.3045520890356	12.2483128055412	11.7211030847987	11.8217875214992	11.3344790308242	11.9712680768116	12.2148166615898	10.8066465676599	11.239978402086	11.4908878972438	11.4593922931703	11.9334894072624	11.8600337829165	11.6434065560335	12.6363777994089	11.8089976797597	11.4897153057063	12.2689568409955	12.1689032092363	12.5638024862034	12.4193724045168	11.5935210029036	12.4392889586339	12.7322128531061	12.2257649579002	12.3665276337723
M299.1104T62.12	16.4344818447855	16.4132086027374	16.3898541143226	17.0336116274544	16.5622050416815	16.3047681996346	16.3288988361619	16.3872019502301	16.5348211973143	16.3045288980945	16.8691472990102	15.5290235304111	16.3214019391329	16.6465819322068	16.0698099061592	16.7022045154858	16.1551126179932	15.7625727519505	15.9816496449816	15.8378231517512	15.6957460213963	16.0418351768568	16.1347766026552	16.062842334371	16.3974458099264	16.7770347380184	16.2351536341251	16.1634935584325	16.4257819837658	16.2440910822706	16.606366049671	17.3236577545869	16.8860504353221	17.4759422346759	16.35927580628	16.1495205055999	16.36812875015	17.3399180962796	17.0848107338215	17.2692712437187	16.3952567689749	15.8613465795982
M299.1192T91.16	11.5691530685926	10.9003667575971	11.6724936310416	10.910792928145	10.8340191889451	11.2037034980004	11.1202703334788	11.2654520428145	11.365056339136	10.3879114449733	10.4041092346353	10.6366471307092	10.7224936404743	10.984576522157	11.685873610906	10.766461925619	11.081526967839	0	11.3310780386689	11.3272857903693	11.4949935081183	10.9966655232543	10.9658494439232	10.8228262377979	10.5531320329049	10.2256211209457	10.4321852250006	11.5741475320059	10.1267688953827	10.973390327931	11.7132911088923	10.7368368504367	9.80119973992661	10.8110560761091	11.0937173596972	10.7034708470023	11.6663881712915	11.1165614713988	11.0029654387654	11.7198987328461	10.912655443075	11.260873042169
M299.1246T1195.16	13.1464327725933	13.9816587349239	13.1591278024891	13.2218518314204	13.4077608847509	14.2301574711819	13.6737957236179	14.6114454084163	13.4188081089743	13.8922662554811	13.9647013548937	14.2731637437883	14.882720340913	12.5315924246482	0	10.4048786033934	13.1811478625728	13.1820499282706	13.675261102969	14.2334495124867	15.4546947942629	14.4867722682142	14.7623385093824	13.1636094911249	12.310332425037	15.2357459635285	14.3145593266742	14.3463928156054	14.4623164185707	11.3992244300036	13.3924966702532	14.1857084708536	13.6045939447119	14.1881193421394	13.5197985769445	14.1808791938828	13.1826971072112	14.6042147759194	13.6581383607147	14.9138263677593	14.5340039169521	14.0270235785735
M299.1293T407.76	11.3019271525401	11.447445118857	11.2895487376039	11.9376577529966	8.94072011456089	11.9026320721553	11.591385572506	9.0243637489856	11.1660036449734	9.9910814592577	10.6119804435767	7.2577501642744	11.53632564665	7.90859833792804	7.06182698873046	11.0065934597897	11.5485187054944	11.4699349604373	10.9849594847964	10.9087658210837	10.4689920150594	10.8803597204356	8.89093123171876	8.08464902002652	7.50297519963968	8.90480836829875	9.83935325596653	8.21596628078058	11.8743404733067	10.3657378781749	10.7546202149955	11.481642826904	11.3208152804939	13.2248077339953	11.8982133048188	11.3790247843757	11.4764350847529	12.762303475493	12.4105780273275	12.142236695793	11.626243380875	10.2077557604207
M299.1437T698.7	16.7526103944291	16.8811304671306	16.7216883562872	16.7133237919222	16.3901646112628	17.1986854693954	16.8145968160606	16.7523586243011	16.8091630963428	17.0084859420841	16.7911651129337	16.6987956208497	17.4360726526886	16.4777024316201	16.1717166024328	16.5972212959709	16.4533787197371	16.5047080310366	14.909452937383	16.4919281756588	16.8668412184971	16.8206421645653	17.3402470108377	16.6259850596978	16.5393155088136	17.1602598590112	16.2500033877763	17.1666854510139	16.9617377822214	15.9528097533225	16.436959991584	16.7901313925907	17.0893815383482	16.736215704802	16.6163573443208	16.8639233989554	16.5259765413418	17.0709447480458	16.691131519544	16.7420969242208	16.9874779334709	16.8040842554666
M299.9942T353.01	12.5965712768525	13.7533608694065	14.0987837242789	13.8986981587804	12.7205624186505	12.2487652477056	13.1061786883933	13.4062199915112	13.0836429111368	12.8382421707635	13.7390439384345	13.33270035377	13.0314018874187	13.0846309138094	12.6490578256199	13.0526157354427	13.061632063927	13.4253730806202	12.8512835238155	12.7655020787001	13.6247187274231	13.8599113853266	13.4570393888767	13.0926156196473	13.5558442059201	13.7575591810122	13.4364982063982	12.8020496342429	13.805665248894	12.8807463198359	13.1372620764647	13.7462144777861	14.2068654611937	13.6147359868771	13.6767305078568	13.0770871482164	12.0888867950313	14.0098986418987	13.4891562797575	12.7170507348297	13.3490603576887	13.0475507348405
M300.115T377.98	10.5578021757721	11.1471761800454	11.123792202628	10.2236470558679	11.0432375616442	11.1372248030672	10.6416631331776	11.5549276419742	11.1639262161832	11.094576535312	11.3254199487301	11.0642440903417	11.4632183068887	11.6351881770479	11.0310388861448	11.4225585983501	10.8241568760532	10.6871637291369	8.63348935560137	10.6064846369846	11.0766157935836	10.8115299319255	10.7508596502007	11.0829635155257	10.8548662992647	10.9703585720613	10.9465203038181	11.0560011189819	11.0736014220137	11.3220247412017	11.1062692363368	11.2104074004717	11.8249916168377	11.6530634083338	11.2944614441451	11.0763248107575	11.5370578441315	11.2107195858434	11.131081696969	11.3225103610706	11.0483176888261	9.78182972978016
M300.1385T687.45	15.105777380521	14.288605750819	15.4142759479662	15.4054374110863	15.9012392517785	15.6461268900301	15.7947968858717	14.7020331323117	15.3583457331125	15.6362632295667	15.9752962191235	15.9350818164511	15.6335860848918	15.5961830268437	14.8265658298662	15.2778383924416	15.365661867497	15.6767516924898	16.0734739802096	16.4532361936519	16.1389980532067	16.0227788341435	15.5504665328264	15.5882184065499	15.9564521728582	16.8599456112891	13.4771405776016	15.7607174392197	16.1704760807133	14.5442154324724	15.1330187139683	15.739621863325	15.9807513184597	16.4471277704535	15.5746373116732	15.7251490296178	14.030914747095	16.5245230677042	16.2490809168015	16.0470849732015	16.0419519330971	15.9803091465318
M300.1568T305.65	16.0249799594868	15.9549281251196	16.0001499187175	16.0082971217231	16.0123167579495	15.6783175847827	15.9567517207161	16.0317024623506	16.1036060236642	16.0884892165259	15.9629089128503	15.9674664924002	15.9049381206157	16.0541982476912	15.971470273002	16.0233041829706	15.9563950097861	15.9418495686641	15.8815465228435	16.008278157633	16.0092153712834	15.9211005972672	16.1013006740135	16.0110055279348	16.0415891869498	16.0492620850067	15.8741226377133	15.9746495452898	15.9752548396971	15.6473398506536	16.0942712966434	16.1068050409361	15.9786192157469	16.0621616904228	15.9297640310933	16.0989268939184	16.0808295972978	15.9649147775279	16.0149095055801	16.033282088326	15.8616910592702	15.7454457550253
M300.626T645.06_1	13.9222952783894	14.7246503438278	14.133402009738	13.2541517525309	14.5924874487249	14.1590183689442	14.1129884128395	14.2368729124765	13.900876149796	15.0700133753263	14.1550996965382	14.9930040199972	14.5995364252719	13.8127053310478	12.8115687025342	13.5566829967419	14.2888483819845	14.4087378060588	15.2837118138446	15.0852681700603	14.8947119715225	15.2198715500065	14.8753455345136	13.8235936539596	14.2636013586364	15.3938575459403	14.6736022400442	14.8671961641764	14.9461154391509	12.6899181292111	13.8418445419795	14.2557385511817	14.7582280720927	15.1327644585641	14.4105054704529	14.2221435614247	14.4085028898163	15.0862599019796	14.5975184461284	14.8089390142693	14.9246867132658	14.4856503753325
M301.0167T55.85	12.8552102576217	13.6887963330605	14.3158484911605	14.4031590056718	11.9599685191586	12.0836616252142	14.0741392605797	12.2460504067432	13.3946119999805	13.1209006413847	14.1209493429394	13.274004850699	13.4279260146814	13.7329812686303	14.0056476829498	13.672164599835	0	14.0816022130435	11.3813438199961	13.8375125881055	13.8646027071937	13.631579825867	14.1623003903229	14.0510098031694	14.6855141655841	15.0797615906012	11.9691822291803	13.9070793871749	14.4501217564533	13.3844981682648	14.4620583756945	14.8241320607521	14.7910617954225	13.989463666191	14.563176258636	14.1345775805838	11.6644926251753	14.5712257871402	14.2652117476722	11.9852680275804	13.2880202828948	14.4507354496452
M301.8782T48.5	13.5311355144323	14.1200262093345	14.3573403521611	14.2731254033284	13.1728403071334	12.4807397538109	14.7239548163104	13.1057955981619	13.9758824282983	13.1974308897792	13.9905586731645	13.9076160366575	12.1972569901499	13.3721297486612	13.1058604756114	12.8680549564889	0	10.6103052640737	11.4875650050314	13.7233942390047	13.2631319338272	12.2241470950752	13.7590449220706	13.5062682293602	14.4584004530792	13.430292837711	12.6782663331963	13.6423751575038	13.7816838702782	13.8467473129761	14.3642307456933	14.0729775547522	11.523911211789	13.6668470905109	13.6046821747736	13.0831486697818	13.0506236675378	13.7849852589734	13.9832541970738	13.0933383618636	10.4539296917235	13.7308069562218
M301.992T326.97	13.0562425037344	12.2995368309889	12.1172309448311	12.3894448543695	13.330682830965	13.0306143075116	12.1952800016417	13.557583331187	13.7283780555107	13.7160358176253	13.1074838760421	8.44673715541043	13.2523721942026	13.2143284180948	13.0609172928358	13.2415564803342	13.8985565686564	13.6117370168142	13.152971690616	13.4318954636344	11.9316220918456	12.6086958692335	12.4995037890905	10.8236537044719	12.1273517160094	12.7664644793428	13.6097569954252	13.376270856102	13.0311289821915	13.4056774318077	13.6820963455749	13.0786211182175	13.0489936090178	12.7708681329527	12.4381583807451	13.3874323752887	12.8281260463002	13.0191274507431	12.6679619297318	13.8246787319119	12.6577075125631	13.4790821481842
M302.0778T139.3	11.3631328501532	12.0272830259908	12.7968493072616	13.7808403531588	8.38200467879022	9.44152383989095	12.9229464961605	11.1608569238651	10.2817305763532	11.3702668874678	10.1817247799894	10.7757907499541	10.2166053772593	11.8115990376353	12.1128112500416	11.9783265931003	0	7.82047809743766	10.9131673161101	11.7985847102025	11.6500364768052	12.0017274560648	13.1484769459671	11.9475623930907	12.5204602022247	11.6353431771463	10.7306733081494	11.7078909239688	13.1718023430748	9.37943219093122	9.59591914083301	13.8556594423884	12.9511545713054	12.8072759742912	12.1120060304791	0	9.52186863732485	12.4607932673241	10.2511704145626	6.98483231657502	9.34650672145709	11.5103999360063
M302.1152T315.06	12.4023125939277	14.5755891153213	14.8474676658824	14.1438051832901	12.4025413801058	12.5241245605294	12.6516718161455	13.0780806387336	14.1324793017548	13.8876483391345	13.5087877564923	12.3420278752321	13.9515884969455	13.0002485803094	13.0131284434591	13.4391550189396	14.4407234732276	14.0873165871627	13.8557116202238	13.2853484795283	14.0780102138016	14.6063115025719	13.8699388571742	13.599400819916	13.6958340717948	14.2301559219291	14.1172368235911	13.6405425355207	14.5974894783362	13.0679371684597	13.9001098153294	14.2620347462772	14.7504875705085	14.4236169882786	14.855414007835	13.5538952260963	13.0818361502582	14.4163550752992	13.4242084899748	13.376823868326	13.3030000449466	12.2091922203253
M302.1337T658.02_2	17.4934185701736	16.3666584235786	16.1446826305883	16.4702715203459	17.1617795845516	17.7332836210038	16.7405490046401	17.5491365417904	17.1680854039119	17.359247901898	17.11903372468	17.3422590264831	17.7352022821088	17.3662348580211	16.7584562895307	17.0947493784906	16.8506507829541	17.42622748425	17.0535369525104	17.5007328336842	16.7672969655789	16.5405157862994	16.6928263128254	16.843460653041	16.9746468135104	17.3558374118012	16.8630967264303	17.4092243364647	16.6290144552854	16.259075423817	16.8701062182136	16.4004537784655	16.6149266774018	16.891705330337	16.4672191569172	17.4275121061943	16.6501336270563	16.9640193295587	17.5194592351241	17.4267896708217	17.2138990410774	17.3673640764865
M302.1726T92.41	12.967380859276	14.3378080227511	13.7972607350932	13.2359695806648	13.7293119463963	13.0264658490702	13.5032665452151	13.5264885316735	12.9173974645831	14.2342400254838	12.405066009158	13.3177390347447	13.7149676663806	13.9753017103033	12.4812561099388	13.6115611970998	12.2279599662511	11.3623312457122	13.397175157091	13.4400550261355	13.7423669003205	12.3429220908677	13.5771361059151	13.500330560838	13.7754496211851	13.5976826836309	12.847352825243	12.8247471506952	13.273505684159	12.6776175321751	12.7177778422821	12.9183577381412	13.3237951698548	12.8616704504162	12.9058589203095	12.4765793042121	11.8207178479348	12.4863469457172	12.8379419790217	12.4777035928483	12.5183338622585	12.251527076885
M302.6501T736.66	15.2501284348799	15.2984462697926	15.171810313738	15.2049620619954	15.3650744908153	15.7745783950579	15.2691428729746	16.095605488502	15.2770724817677	15.6889355193143	16.0007960560435	16.0685859482411	15.7623515828995	15.2099482159271	13.9320993357043	14.3082160567508	15.2457889525824	15.7161485361968	15.6548484270878	16.3948660082816	16.3614371776988	15.5164041284472	15.1735187844373	15.4092148071934	15.2807299030637	16.7997891142109	15.5892190864506	15.8035016054451	16.3503377918592	14.1020844214036	14.9815471303156	15.6353185052064	15.8339858872611	16.1217947280064	15.5425587282822	16.0931365248465	13.7381946847252	16.3946723011755	15.9042898187654	15.8786669128909	16.1516540186577	16.0140157933455
M302.8825T45.81	14.8027393182218	14.9061091851772	15.0300679578685	15.1632202114545	11.6737427443945	13.715955884021	15.1219407072467	13.1999027414145	14.5911226223548	14.7088732346005	14.8358166082923	14.8823685894427	14.6468689715708	14.7696198990898	14.8504452847465	14.6342782073039	14.545377135908	14.6501348435228	14.5335591987004	14.6699071306462	14.5446640753331	14.6039809289159	15.1365299751393	14.9030271661632	15.2637396351122	14.8827354863813	14.6580301481248	14.9899808763522	15.1257235477362	14.5787607595124	14.7973746364462	15.1309376596176	15.1016449345312	15.069155804386	14.8740441152399	14.9621549786612	14.1381942561556	15.148685324806	15.0211450079585	14.4931295618125	14.6179567659716	15.0723853469876
M303.0715T114.58	17.4097009043576	19.9268379071503	18.3434422813176	17.4238962836068	15.3529940564248	14.4065125261714	14.2678991644491	18.1014022132324	19.2414697645564	19.2718129564152	17.2195725881935	14.6779609026635	18.5813344075152	18.3721963693165	17.3791707634411	17.5419799368894	16.9975234958505	15.8325405355456	15.4318751730691	15.6716784088734	17.0776491005947	18.0899666353812	16.9602282367436	17.0019102746374	16.1606574706911	15.5008703410706	17.5055684890385	16.4033105852434	18.3043076527714	16.2388142937312	16.8685101953854	17.8428962288874	16.7039159631337	17.7401426764506	18.039072959883	16.4642643333655	16.2337277834981	17.5451709615198	17.1055348110887	15.1268587741637	16.690529245318	13.8321058091954
M303.1198T62.82	13.025627421125	15.1179889030025	15.0447686995401	15.3858864084581	11.5809097834496	11.1095701287594	15.1749281808086	12.8718642533185	13.41460036422	12.9349306102724	14.4398157357203	14.5635831991264	13.0048609812717	11.8281940615357	13.0699056078339	13.3934569759253	13.3923277645309	13.3009816753094	13.538563472144	13.5299189274337	14.5402426591731	15.2414641129347	15.1124905215626	15.0019429530401	15.2451333670629	15.3899976795319	13.9639631401103	13.5342384844742	15.3264364265719	13.1749157615448	13.5776563922575	15.8458419940712	14.9355616591296	15.1840503253469	15.2804042311451	13.9695155868883	13.2876225275758	14.8622571638586	14.2466273426261	13.3892365675331	14.312156199156	13.8810322122867
M303.1564T327.47	11.2702510910499	13.9743967249969	14.3560223791116	13.6301308610539	11.9147207855867	11.7841959549852	13.2637027611329	12.2326773769338	12.1352784243837	12.2950717793314	13.573907825105	13.5158381020154	11.8198504693492	12.1588153208977	11.8362581100052	12.0607111263652	11.943762330273	11.0943790540143	8.04270070394282	12.6284289911397	13.9424384647485	13.9577581750095	13.9033821599456	13.6237779621184	13.4001544812313	14.1265331171014	12.174640020676	12.1800975061078	13.986455343023	11.9375342699885	12.2825282168821	14.4264216007712	13.9539133773072	14.1295963728187	13.7637267186518	11.5358619063002	12.5390064934769	13.5105066074026	13.2670885522315	12.2148817753387	13.7291252864741	11.6704110642431
M303.634T39.23	13.8926479526959	13.9592068764156	13.989415876008	13.7458144726169	13.0675098332433	13.3785989834173	10.9268336219684	12.3490448634286	14.2508330438412	12.8517169751591	13.2004198424198	12.4246639334243	13.8671767060691	11.796926607929	13.5662380471887	12.9905173926994	13.3174109626048	13.8551534824881	13.5006674031947	13.7262215460107	13.9767520786936	13.5840763895338	13.7471181481878	11.8660627456046	13.4984533700716	14.0179678897497	13.253381811309	13.6033779786634	14.0642534385262	13.9476874414723	13.4601689991112	14.3644396526059	13.8540544605264	13.647231344381	13.8213641065743	14.2040323006876	13.2534226870032	13.3781989664515	14.0208120407143	13.4042628416343	13.7243987759244	13.296412333322
M303.6384T687.48	13.9447476112373	14.0466308024009	13.8290758474764	13.7781946905304	14.4401745891923	14.1685182939498	13.8898215815287	13.9944649371212	13.766199412146	14.352136755028	14.1767060481449	14.5551548277108	14.6581834803071	13.8086063308871	12.9472512897998	13.3201134480753	13.6218326360592	14.275364588557	14.5369572757104	14.782225004451	14.8950899689979	14.5497863716029	14.1275350921601	13.8738408918543	14.2454448945945	14.819180996665	13.9368149526082	14.0140168517553	14.9476853783169	13.0812843659609	13.6211245571939	13.8115395063481	14.4489874952632	14.7185005478333	13.9556442631378	13.8544101891044	13.2185975198312	14.8878770448966	14.486346240785	14.4240621250548	14.5329829933769	13.4815990655399
M303.6455T623.64	14.119262675699	14.4240888853097	13.756752180453	14.0018258488221	14.0719461060173	14.0907999474956	14.2727646137831	14.5324458369963	14.3581578099414	14.4903692476237	14.4492766776022	14.7567112823601	14.6442131725342	14.167772337114	12.8152075847127	13.3422454125252	13.6347329414808	14.1854024821391	14.4264436468084	14.7661225112111	14.6258916281135	14.2326385817035	14.7844569386924	13.7823594789611	13.6861986657084	15.3406568828901	14.5986097415966	14.5724367042173	14.9354246960085	12.5894984660343	13.4767486462905	14.111124811785	14.7246694173449	14.6019895019143	14.0359561620209	14.4197860952059	13.3999448643707	14.8189995280551	14.5255896331152	14.6646731393186	14.6516937076893	14.3310678921939
M303.6479T737.43	13.2326837231955	12.7612056098614	12.1009453057838	13.3724453285029	13.8804090356356	13.8536855577134	13.9424672382169	13.8544730782354	13.6780120463397	14.1388103357245	13.8132694973153	14.4323167637592	13.3856593030604	13.7464000856001	10.969390378198	12.8573112741693	13.5872615572627	13.8736951899163	14.2705084774359	14.9738046772281	14.6945735971025	13.5156551087278	13.8730131149026	13.2756163992459	13.4901599288437	15.4864244756031	13.2960167245862	14.32195482312	14.53570860462	11.2501568401336	13.4390523478286	13.2666280610342	14.0857127750318	14.3185687931305	13.7159252564647	14.0575036392649	11.9814290831362	14.7393452866403	14.0996034055489	14.5448880410258	14.1884009292546	14.3908959981814
M303.648T653.54	16.0144101598462	15.7728140839607	15.3349431291337	15.7529968567204	16.1750482805386	16.4362792545934	14.8014766794363	15.8017078007881	15.946486208372	16.0959528289934	15.3833623793616	15.8298132614181	16.6083283332533	16.1940323690257	15.5107855863963	15.9328547278279	15.8632407596346	16.1772131105793	15.8313421267713	16.42185007734	16.0637290593811	15.7659349899478	15.9524750800002	15.7714189592635	15.8193614670962	16.1556833938363	15.2088077315821	16.6537259594891	16.3092005098543	15.1735598170105	15.7902346336564	15.6486480477132	15.1249380448905	16.0883665812714	15.8499465522813	16.1925845692943	15.2714363651477	16.4076470785636	15.8402205643374	16.2647750600215	16.165034257183	16.1788761180045
M304.062T364.33	12.5942297815209	12.0570704068985	12.0212298538127	12.0197970867579	11.986682119329	12.3027523055654	12.3579620392964	12.9537138035667	11.8389288279769	12.7102957377533	12.1211318149287	12.9372699009238	12.554379037776	11.7445089737571	11.9586467791361	11.9964761075149	11.7634942419446	11.3119211239058	12.1490779464088	12.6297412266342	11.778316711064	12.9476692353552	12.5347872029473	11.5436517910231	12.3439052111165	13.7263422997311	13.3808701043264	13.2389602471936	12.6724109071203	12.1631253881945	12.7074689110715	12.5800128247144	12.3564486382719	11.7895366312583	12.1315481621535	11.880616820469	12.8778046232303	13.1981093835444	11.7970243265939	12.2664338456547	11.2109090574593	12.0029432162031
M304.0645T677.26	13.9019404004872	12.6119403544242	13.3598051340332	13.1623726086947	13.0366161514994	13.7673018466193	13.3202608698428	14.1730645055645	13.7581653549877	13.5877745878826	12.7688910014493	13.2501424096979	11.9311901595531	12.4186453803384	11.350051998994	12.6290670761117	10.6905467917442	0	0	12.8353094484306	12.8866718218673	12.1552771893601	13.3519138361883	10.6102290839527	12.9155479344647	12.6473210371135	13.4438445511783	14.5726654879566	13.5395553561867	12.6661561958957	14.0315677563595	13.3362238388222	13.4175010148621	13.22292935541	13.1406699168843	10.4606999346037	13.7291696587555	13.8167239895658	12.391256980542	13.3370966984982	0	13.0558628728809
M304.1042T124.08	9.22306410598254	13.7669612359489	14.3042875177341	12.879343856699	11.4670485761987	9.62629259482468	10.3078273462249	7.11422287913393	11.6828461379506	11.6278397451051	12.0249195231847	10.0776385285855	13.0747630325611	7.34107937560937	9.65109888669842	12.2056906790618	11.8814509252754	13.7922571728499	12.007777740586	13.0431306258434	13.1211920817126	13.5286940799594	11.9106312991559	8.54137676164599	11.4937584302303	13.022232467376	10.0007087334187	11.5245728976801	14.2112853202166	13.2240515891725	13.8820434897772	10.7966277825801	11.6355529651562	12.3830358722162	12.0854602496171	12.177806012277	12.2439948783364	13.0107615140712	9.89824014469451	12.3136989443766	11.437156525408	11.9107828194323
M304.1308T280.22	12.2212261271546	11.4142814448365	11.5055304999088	10.9377621106659	12.8413800272077	12.9005940875331	7.55331161710549	11.9843079765779	13.0860103602319	12.7521059166308	9.98384238862639	10.4128843013664	12.5299161438818	11.7226823079495	12.4931936797326	13.2509115265933	12.9482826011237	12.9359322557759	11.9737926906354	12.3738905593184	11.3006217826363	11.8805352892088	11.0487371630275	7.88618544072334	10.7765147891759	11.3171044671816	12.8843391455549	12.6953058991405	11.5068662265973	12.1636045248147	13.8316009335484	11.391109033208	11.0728368409895	11.0586099843941	11.4937522748475	13.1844309254833	13.4199200613682	10.9145175811383	11.1471819110722	13.1177730246895	11.5181452542612	12.8859349064277
M304.1514T61.36	15.3074937678072	16.1849012415713	15.6617279161396	15.6242273374734	15.4039299801266	15.4430047399016	15.9306049901442	15.3865342655054	14.9144476285323	15.5889885792487	15.9487514477863	15.8665565895101	15.3404366165191	15.6522792729966	15.469707932206	15.4571381324256	14.6794313050441	15.2867427347744	15.3814445345625	15.6397846037663	15.0563976723153	15.246202074628	14.8444559795127	14.5425999466489	15.5618059957168	15.7296669437247	15.2469389303838	15.147949854386	16.0635518225366	15.1109127543173	14.664130728061	16.0037453899259	15.5570962797207	15.7976816940629	15.187316903879	15.4953147018884	15.3497713020305	15.147113097474	15.7570767438574	14.9207975828875	16.0369641213872	16.0880290879881
M304.1516T223.63	16.0723043993258	16.9060518757614	16.1676933976299	15.7217334284127	15.356602751194	15.5207833206764	15.9209300167051	15.796575722619	16.7475274798132	15.8772208271747	15.0682474862552	15.3913254628128	16.2155800063892	16.4610804072064	16.7814350396561	17.0200421221698	16.3494441111272	15.9336728380894	16.3958519978515	17.1387050292733	16.4044811295672	16.5646746412638	16.5530774296238	15.4317550623169	15.8885342530698	16.6192671885276	16.2708890808157	16.3578109321786	16.483984481491	15.5132429935411	16.1575212648852	16.4259719401423	16.2456216342439	15.947084689888	16.6693123728169	16.0874745655301	15.6851302749738	16.5728450023377	15.174909487599	15.926072141564	15.2098983689233	16.0839416839678
M304.1555T743.53	14.778287234806	15.0088647727747	13.3737294308978	13.5505618806775	14.2886367260248	15.3120535903868	13.1924762109682	15.339962439506	14.5673705460853	15.3363593152831	14.6469374380822	14.4768146363543	15.3683642887741	14.5469208156535	13.1591031075771	14.068965986942	14.1838517885357	14.0977017616044	15.6465010904106	15.9742695006333	15.2976274543459	14.0015276466556	15.8233722608418	14.057097181967	14.09146173273	15.2601030040434	15.1902454279952	15.3871099742439	15.5305485027445	12.0865945070088	13.9524473977324	14.3781710754251	13.1235696995067	14.4208095977717	14.1093024502968	14.8005840835547	13.1013478987678	15.1505307003887	14.705954166132	14.2758103691132	15.7150306818692	15.1028581214102
M304.1671T312.32	12.4551587262104	13.3669376663319	13.6484847804692	13.4501649722976	13.6665924877295	12.4659668877197	13.1137468619585	13.2968746439771	12.4762562676998	13.3529709966282	14.4643437693051	14.6746900216824	13.3641300073994	13.6127670377212	12.8270916312003	13.8691959823407	13.026112978034	15.226615958199	13.8546153627473	14.6962357468125	15.2678962334293	14.7179995124385	14.7318133154754	14.1513199375539	15.5890583538925	15.9920625339891	13.048611481724	12.7657845855229	14.4082924314587	12.9920781570884	12.4372781082751	14.0214226653566	13.9644562589569	14.2636925541884	13.2331518428054	14.7031945837154	11.7211882623362	13.4501438124351	14.795680612553	13.4212260527922	14.9787721974219	13.2929194847108
M304.177T247.59	13.5089360873076	16.197391243378	14.5724626052662	14.3168563168478	13.5504683467718	13.1505599412384	13.311011456328	13.3436765888207	13.7320187243433	12.6593973420245	14.6375803821545	15.1853824452579	13.2198341766834	12.3438055562109	13.7646018372815	13.5342506492579	13.4548618275357	13.1745389590482	13.7428026477023	13.499062148966	14.4203457077658	16.1735653284235	13.3771587653029	13.2183098040906	12.6613731736594	13.627967133806	14.2132986414917	13.6959579170473	14.2433488244814	13.2616416140314	13.4337749342654	14.7707871072725	14.3928971020779	14.5063144712735	14.6026846116312	13.906535920505	14.5599580855798	14.2565864796374	14.2496489733465	13.9185863549317	14.8383791694662	13.4668007509284
M304.2039T182.27	12.098980035465	12.1555759216271	12.4697754137099	12.3124119219893	12.0553842972902	12.0073375258649	12.4062896193828	12.5072481639433	12.3955593679551	12.2234948534937	12.4940188383076	12.0179839848346	11.7934945718029	12.3895030437001	12.1976717129739	12.2987614438389	11.9810739100475	12.5585203209311	12.3566817985983	12.6371403757029	12.2816043943371	12.413339239027	11.9793809153041	12.3437242745721	12.8257348582477	12.6861399776798	11.7730443743193	12.6770359334994	12.0593503222153	12.149046465492	12.7627803184737	12.2098457642239	12.125975796139	12.2395050897643	12.4219731169382	11.9772821523348	11.9681357019733	12.8068822758238	12.3727456555605	12.1971061299483	11.8869348908307	12.032747256013
M304.2619T800.82	17.3794272416989	17.0525391063596	12.6672603097018	16.1992056108613	14.6677569950608	16.9522056718902	16.0394143645883	17.6113473614088	16.9167179715144	13.9108883937648	16.0655908856977	14.4135646419118	0	16.5216563715295	13.2734126051769	16.1545334165907	14.7109029295575	15.079367689645	16.6253093447385	17.9075557889049	18.4191283318068	18.3561714891845	17.883706458193	0	15.7178549621809	17.6865264592452	17.6590860840993	17.6954550147161	17.7552808377595	12.8154674701709	16.516096256975	16.5834623670191	17.0809179576666	17.4656909119905	16.5517313911335	16.8277821693511	12.8256092288994	17.7497447127282	16.5879774674682	16.8989323716571	16.5840144822758	17.2664835363231
M304.6431T623.41	12.4488584065859	12.6076658449691	12.1710429166937	12.0861838263506	12.2803449864894	12.1783646582979	11.6344589617982	12.6912984343653	12.5730641538416	13.6088096186348	12.7154467001117	13.4480063910108	12.8678622653341	11.9472794168239	10.9086480874583	11.6366500665354	11.9180031722991	12.508278319411	13.3921642859487	13.0684355404653	12.9986433351227	13.1235785834436	13.4013107858025	12.1429582584063	11.7931483320348	13.7433811869864	12.471708129791	12.8803893798763	13.0876851133155	10.5164360418328	11.5614019335454	12.4243972990676	13.0745881127079	12.9000783813725	12.0522612425751	12.38719978315	11.7435853526603	13.1369082373124	12.4960501067495	12.6968879662832	12.7491388519073	12.6543732394911
M305.0581T42.02_2	13.9297850895293	14.1043395206276	13.8595863542504	13.5207918679086	13.9112915679135	14.3131610699459	13.0872963105233	13.608210134228	14.0882332329294	13.8332499690751	13.316382778627	10.671576889974	13.5557822943344	13.4526001749245	14.0925177623834	14.4680961928448	14.1184388722042	0	13.8526675548561	13.9746946954786	14.3034873636596	13.6174706878823	13.3333421896734	11.8839259897468	13.3256634983145	13.8510099020547	13.6251948205664	13.9422417717621	14.0605674744012	13.5018435255976	13.9341364653151	13.617670264762	13.5714869294993	13.9879157802623	13.7220804277703	13.6498083454851	13.5544754352283	12.9064964351933	13.7198443350802	14.0643711665081	13.4464881540758	13.6903568348437
M305.0986T70.19	16.7215587705858	14.5501933609261	16.6751778196417	16.9068327355275	16.1017494290694	15.9103411110175	16.2215690223373	15.5541008172124	15.8907098075558	15.7441470034682	15.6860491832628	15.7620768828744	15.7450802465088	15.4097834105235	16.7680439179698	15.995242639532	16.0477477258609	15.0130384176648	15.4692798631535	16.7416390639613	15.1766651986189	15.5054691152702	16.0125379275031	16.2172081906476	15.9807417615059	15.8701613905886	15.5538054008208	16.3315106715463	15.8307616532074	16.2941092896178	15.9463500998082	15.6429551407402	16.0801561884211	16.3000187971465	16.3814773581267	15.7660066737593	16.1460584767404	15.6890213399875	16.7004789105041	16.7042758376129	15.3770150676369	16.7440169326509
M305.1126T372.41	12.0451730892321	14.0523349251335	13.2259785451898	12.4497164124497	11.6630391370341	12.0372783989009	12.116385073686	12.8220403807275	14.3364455667391	13.3530128337669	12.6780151161621	13.5178702925771	13.9762960151898	13.0005671783969	11.6616834773017	13.4262240301839	13.0371525114863	11.9518603952772	11.9671407172318	10.9110306318245	12.0978729358062	13.4564363886799	12.7897862746712	12.124189489946	12.2871235064171	12.3751583012755	13.0371382793776	12.322982307099	13.2928985417473	11.9466563312221	12.9589479863902	12.8696862413577	12.9664414945876	14.0479578864214	14.2601449789771	12.2683100228832	11.0082859889416	13.0821043398807	13.5619537176941	12.9525509368868	12.1976019784059	12.6814701745995
M305.1191T392.56	12.7527130625522	13.3838161932	13.4366579667383	13.1113038706326	12.9948687649794	12.9622154591557	13.0337959565683	13.1950058828923	13.3277064730603	13.3937746171805	13.1507147420103	13.1292134752907	12.9357022613659	13.1497193138815	13.0702886516553	13.3131532202592	13.2480364213337	12.9423861686074	12.5884335323217	12.6395242381535	12.9482396360868	13.4891358070616	12.9793748893977	12.6930250586033	13.1102409881197	13.4640343582574	13.2537218654987	13.0135481707139	13.0810906028914	13.1228560983733	13.3884482623083	13.1448308287193	12.970477505714	12.7050038092083	13.4459288356335	13.2071776693606	13.3676730315378	13.6273461278704	12.8888075547812	13.2908750606351	12.7069847012015	13.0628864413696
M305.1357T109.02	12.526785117099	15.0447874816561	14.1926162602748	14.1394001834652	12.5381907503179	11.7828896370069	15.3634532114289	11.1898041370192	11.2827212613339	11.4916611678078	15.519939737534	15.6326695354347	11.3339088549439	11.3486933483813	11.9201581911066	12.1569970558584	12.2147165861871	11.9742021254316	12.5129521091456	12.8231491298971	15.9552263666062	15.9202454320319	15.254914962217	14.2820223658365	15.9367733436172	16.3511018769547	11.8372748724948	11.6812416852921	15.2198850041939	11.9538874901714	12.3374016951505	15.8439446636532	15.6587267881911	16.1729587897765	16.1879412383799	12.4390570688404	12.7328826193516	15.3526463474122	15.1167684681879	11.8575621019713	15.5238883202438	12.9251847965795
M305.1453T631.06	13.3982702055108	13.0932161085941	12.0368813121574	12.5431267141019	13.2140574266722	13.5934471754485	12.562141845458	13.8011535164324	13.3006662637052	13.6800317218892	13.6936961635469	13.7235883516248	13.8276520517783	12.79035790622	11.687262359367	12.0818347386432	12.6015833918574	13.9122905809122	13.6899356150545	13.5191395642932	13.8541457604423	13.4606187804927	13.406728731597	12.4065566676565	12.0262231392515	13.7457992604104	13.2554912269829	13.8958611532363	13.8098681150104	11.3017499806391	12.7455322508287	12.7853486174177	13.1140080726097	13.5041024529474	12.4258318889363	14.3538242833083	12.6161191152335	13.0555197982634	13.8448146073334	13.5198581973444	14.3282684334286	14.2174969219576
M305.155T222.64	11.7315583836865	13.2013188889098	12.670582317544	12.5074302217208	12.0289774329555	11.5883310769349	11.4137036697701	12.8747826472707	13.3652119150601	12.7177147531013	11.0825055820521	12.3875097184623	12.9054263297583	11.9252321491595	12.5970269332589	13.5101581921668	13.6321056265193	11.9380686649107	13.0633833125968	13.4074880535761	12.9829823520369	13.5904290568374	12.7305487674792	11.9778710379488	12.1565878662791	12.6852696474076	13.1262592766666	13.0528889183575	12.9832119901422	12.1336230695256	12.6692277734903	12.7608007810756	12.8218182334789	12.6205571028711	13.153118308647	12.7154049832089	11.7526293630031	12.0369991635358	10.9362803043269	11.8525468917	11.3792145652131	12.2125899818064
M305.2487T691.54	16.0775345760272	14.7966708180492	16.4282452733558	15.5612286943839	14.6023583956461	15.777382003164	15.7925279108516	16.0238074938369	15.7080345803646	14.4995647472575	14.1863120166266	14.4528735513675	14.3751621088665	13.7745841893709	13.2366559457022	14.5920413137709	14.525897981815	10.8944603845961	14.3167599761942	15.1139956952672	14.9892337420721	15.1426058466421	15.9438694850131	14.824589730189	15.5921003978028	16.0056981824763	15.5878949426176	16.9808219724361	16.3116423532357	15.2240270309657	16.745890400642	15.1454003544224	15.84550294664	15.736236113216	15.8349578725741	13.1797606779217	16.600284930034	16.9355539268677	14.2240304913014	16.025100069037	12.9211591068623	14.8328914783747
M305.2488T707.29	15.3929507139948	13.7375721940819	14.9872405071796	14.5614714964211	14.3195655878382	15.3788360120675	14.7969199775627	15.7519782970672	15.8451117545773	14.6714174602116	14.2243959702447	14.4981882588367	14.4375658869525	13.7557116714655	13.0473049226921	14.4820675764821	14.3705844929978	12.16313207819	14.3427154697431	14.5325701672839	13.9202843726184	14.3186181963431	14.960032159215	14.416267551587	14.7107849214593	14.3095531766755	15.86695796375	16.2889733595124	15.4846141777887	15.2063355017697	16.3959047727006	14.3067624005698	15.3585886539769	14.9556409073086	15.3431551204602	13.730390640641	15.6638088243622	15.9053735355376	14.1744212915902	16.1175679430475	12.9725437357125	15.3444511927317
M306.1385T328.73	13.536063705191	13.3325547926589	12.589371908236	13.1573933576986	13.4646606767788	13.4036260022418	13.1273630515058	13.2678382482641	12.5785747123154	12.6480684159874	13.7653772682753	13.8526534513894	13.2830477514636	13.1955386673062	13.467777996245	13.1766327791601	13.0777578238377	12.389108886282	13.1371251446476	13.15026341063	14.221001069655	13.2041390026887	13.0527894081745	12.9742413153717	13.3938894562157	13.7912329681118	12.7581386794762	13.2209835984931	12.9471686648241	12.5171069647197	12.9147015208273	13.1548044524056	13.8112010492833	14.1663855908012	13.744906270886	12.7823898429619	13.5465277252412	13.4234012318411	13.5946552491952	13.2126079984066	13.607623133591	12.8221209000292
M306.1559T61.79	13.9277989434659	14.2468029157077	12.297526784293	13.1138556575584	13.3154850327493	13.8933989493396	12.6342186690599	13.0329092686402	14.1987136027289	13.1003513112518	13.2663867127732	12.4966859906848	14.518774046613	13.2369490762892	13.5311703850893	12.8502217499725	12.9002016413076	0	13.1865348012952	13.2065447982264	11.624012101863	10.634977222779	0	12.6999345982265	12.6130772547974	12.5410602840265	13.2513042332059	13.8549607829861	13.3006962427091	13.8341839522865	13.5070409894061	13.3670560764951	11.9341761990335	12.3857000741346	12.0052119003486	13.4951821556743	13.8124157868416	11.9336144108219	13.1312182619949	13.5159915800921	12.8169713270058	13.2715383890054
M306.5291T347.12_1	13.9855660480073	14.4209753107793	14.4188821134296	14.2537829520647	14.1885069197546	13.9738261763541	14.5766955891559	14.3781385969721	14.1109170423387	14.3094666814048	14.2317534016617	14.1991529536307	14.1769928156563	14.577648013132	14.1142695967101	14.1791166338012	14.1072170572148	13.7790156240465	14.0459010061075	13.9817780801993	14.6532607430616	14.707975177328	14.5476319824092	14.3610587627495	14.6393558469929	14.803204693453	13.9747094194643	14.2948628872441	14.4335594173608	13.6349448724236	14.3924455391303	14.4419485561158	14.4871376909275	14.4168748546578	14.396853959323	13.8278127296238	13.9065728949876	14.8718638238205	14.1375259194503	14.0762949475055	14.1123994175159	13.5831785957677
M306.8636T347.12_2	12.7498623798268	13.4731354602744	13.5172486138688	13.0422404864657	12.9457989681102	12.9677394525616	13.1919786406771	13.1046699791883	12.630545838864	13.0910496491455	13.0434624505932	12.902616061997	12.8412687741291	13.1050313551297	12.9108769627356	12.4783907930696	13.0314001164971	12.7148133734958	13.023567955195	12.9280062649592	13.4791788995946	13.5736156854466	12.8983140440731	13.292903845923	13.3961439145179	13.5857936744061	13.127414777637	12.8955391111361	13.5767187753894	12.696919815789	13.0530173817535	13.174187945531	13.4658539773137	13.3587962062839	12.9791510489516	12.6289994583769	12.9156371563678	13.4091370631567	12.8693245785139	12.7059932964986	12.9958380147235	12.4737935996503
M306.9589T48.1	16.7827976069924	16.2136961546596	16.2437862124039	16.1405596970017	16.5642578566798	16.3829723480031	16.4896650709703	16.7520478279461	16.6466296709287	16.9650845027698	16.6523568121815	16.6943472839486	16.4075826880936	16.8482366553668	16.7724588223758	16.7107654783109	16.5856631875745	16.9940437822796	16.5738016555176	16.7254894776348	16.7991538773436	16.5189779926142	16.6747204274017	16.6020941529063	16.6664110764512	16.5788977232903	16.5730295880291	16.5021231009149	16.353181489241	16.3267653221426	16.7647307666076	16.5229984583798	16.4692705798344	16.1290256245454	16.4380373070634	16.9020196919752	16.4783654811459	16.0633706927236	16.7447893909993	16.5780166424675	16.7563461062536	16.724233217679
M306.9953T47.01	14.9032217534412	14.2687819204077	14.3045619226988	13.7149858799502	15.2312642664197	15.0645212901219	14.1267949911988	14.5544368789856	14.6373177202631	14.833177756634	13.9050883695978	13.6213386378892	14.5229767365318	14.9063486110277	14.8068775075564	15.101782981104	15.0247242116859	14.0725898163363	14.8946131515324	14.5948768515617	14.5102669626099	14.5793199456816	14.3415660539389	14.2343487654845	14.4901772373737	14.439493491154	14.7207227255277	14.9276692498121	14.0881981264959	14.0359650818072	14.9589747369028	13.9351262414155	13.6724791517368	14.5784964929467	13.8421640255483	14.8401411439936	14.5091042894942	13.6470880001702	14.4128609265045	15.1189644828912	14.3420486829593	14.058100210602
M307.0251T63.26	15.2010500029062	15.4733979795173	15.3134983127494	15.3018558240039	15.4375081411335	15.5096037458761	14.8698740147601	15.068502695939	15.52230648125	15.2150536813009	15.2816393192411	14.8235581941426	15.1533939338712	15.07805254538	15.284543025773	15.4082362272053	15.4533835248547	15.6834722688306	15.3309237453355	15.5036265789721	15.2445471169528	15.3110302905302	15.6252571026553	14.8907473963832	15.4127033246296	15.3918587002151	15.3369194711133	15.5058753947546	15.5686162669196	15.2667936560495	15.5413632214015	15.4924210858148	15.4938713163452	15.5464863258061	15.6616252732491	15.4367116196332	15.3964784303806	15.3265759694659	15.3756641707542	15.7987849434543	15.3128154092025	15.2057811821464
M307.0974T120.6	10.0258876223575	12.3041411452732	11.8076557805245	11.4181114639241	10.5269991300459	10.3797591154738	12.7585107434117	10.89297268091	9.14508013051369	9.52000373772433	10.3219706638951	10.6890192747601	10.8096919365406	9.3500801951341	10.0409871253679	10.1410664892322	10.2690430609498	8.15899728698774	11.0511423655093	10.9200778527502	11.6443591257348	11.715297604689	12.3024805500994	11.1580699342745	11.6406331731821	12.2462548339357	9.24038682514148	9.04349140083636	11.8534282359795	10.9183469485926	10.4828187235129	12.4036362441198	11.5109239900353	12.1890623924403	12.015440537456	10.1768223684435	11.3413286743697	11.3717339439867	11.5246132923089	10.6028059867545	11.0247263575416	11.0817742007352
M307.1418T137.42	10.4145883481281	12.2721873284039	11.7635508221494	11.8283895563918	10.2327018399579	11.6436726070312	11.3985897398458	10.9371358660071	11.8200701198973	11.2134138114955	11.8109631087119	11.1302982923597	11.1468323162838	11.0885576149578	10.4830801393941	11.5253358051181	11.2420182616951	11.9813376803762	10.6089130608688	11.5542651238932	11.5372053735742	12.4901509615828	12.6276253371678	11.5808998842695	11.3849536939605	10.9768067700943	11.8950647495089	12.0678880505861	12.0028281155412	8.19001520703243	10.5643532649591	12.0972714581319	11.9462281159654	11.6245023845071	11.7905287331708	12.0917665061143	10.5929826515221	11.1911451944744	11.7321511616234	11.1407722969629	11.7548739319383	11.7214071061291
M307.1868T71.36	14.2568151245363	16.0371342714655	14.6522743751795	14.4789404800852	11.5539648179367	13.9345308191224	14.3552076772939	15.3088742311101	14.9996157574707	13.8732221645664	13.7597393836019	12.2163856571659	14.5539830206168	13.6763812931536	13.7773783878295	15.5899470558953	14.9043028841842	15.2897079201815	15.4327907220718	14.2655046632929	13.5044723649406	13.5718358016228	13.8310440195981	12.8531313862793	13.6451213994443	14.8591402650652	14.3902116780867	13.5652449514082	15.1887190006488	13.9855208303297	15.8953737864724	15.6299188018783	11.0649150461447	14.7497431307385	15.3323804979892	14.3404875164653	14.6985263266601	13.6830871032108	14.8817533593326	15.1105463766256	10.5766653408456	14.9634593361022
M307.896T47.41	14.2035201188573	14.3026927803758	13.8788293310429	13.6528653333892	14.4476341393603	14.9679219626771	12.8823456622332	13.9199052826155	14.9996237409941	14.1192203196745	14.0800778185134	12.7959218823211	14.4525435932186	13.8122628768274	14.0037718000129	14.1969142663044	14.6063617806275	14.2703061039322	12.6924444760692	14.1281716340709	14.1596802592201	14.2925212213952	13.4079873309684	13.980809925352	13.5815534908941	13.7159819739074	14.3494016121452	14.3483104481341	14.300899631372	13.4187363993838	14.7141562600968	13.9093847911246	14.292986324619	14.1347503896649	14.4985687379342	14.5440016685447	13.9663585670502	13.784647445034	13.9082679156066	15.217901522119	14.1234479435696	13.8715187199383
M308.0893T522.82	14.5499778646006	13.7409031668432	14.5194295067476	13.7051319755319	12.1095220924043	13.8770924932608	11.1034029657473	13.9714037163133	13.7576780578933	14.7244985449727	14.202655627526	14.5841728796336	13.6225400061527	13.6709636594142	12.1911550879854	13.4387804144989	11.7906271939793	0	13.559832234935	13.2785761139739	0	13.3966051901946	14.6282370617765	13.3573720950653	15.0647270141089	14.8504700068895	14.0604049543764	13.3311187511554	13.6291728248009	13.2333673661143	12.7951857753922	14.4928041562739	14.4468784329304	13.7244801127364	14.2427411510363	12.3198066842853	13.3548062951105	12.9599391499277	14.8123233035265	12.7316929076058	12.6269060437338	13.7722031886117
M308.0927T286.1	13.3858108725358	12.3968922622034	12.2638026442757	10.8902813431815	12.199885027032	12.5103371071613	10.708010417086	12.736156242136	13.1764043152551	12.9388167136334	11.9456388314033	11.6206453516413	13.3251553616364	13.3816592637529	12.438554125173	13.524597249004	12.2285754002607	12.6748145430344	11.7398570567662	12.9501568464331	12.3884127927317	0	10.0345999559934	10.8760350457048	10.2796386322676	10.3737905882441	12.7296007176736	12.5008192656805	11.3497306465911	12.0955325069273	13.0555575448425	10.4321782530604	11.5735729167698	10.9130081179967	11.962628241908	12.8636889950779	11.9856919096348	12.0287051509915	12.6009616762789	13.3044778469703	12.0621810945143	13.2609513862087
M308.1234T265.56	11.5829891502731	11.875512596083	11.2323598243835	11.3810581951919	8.99869881356629	11.350216423245	10.6231325803156	11.2104114107288	12.0187960986832	11.8360736140371	0	11.8486676177926	11.5552530438622	11.6247728048461	11.4603967092952	12.0115667242541	11.7133231307349	0	11.5488874494005	11.5912813823261	11.6325156292912	11.8070996225922	11.3620864514747	11.3735394545454	11.6791997654084	11.793743876007	10.868568200752	11.4141004736419	11.5931453377769	10.6265477169414	11.9358089411447	11.7970828326275	8.04452796541726	11.8230245915155	11.885957134818	11.6407652214083	11.6424726312902	11.6898481604366	11.7263345092168	11.8347016486068	11.7494708308833	11.5977255189556
M308.1355T90.32	11.0010296336711	12.8950004129869	11.9555683723155	10.2994899016215	12.2976002141654	12.7782573832983	9.32729795623866	11.3243194121656	12.1243868494152	12.0740880620163	10.0445449664469	9.48587934754319	12.4474097203087	11.008756263509	11.6856480565417	12.9191127171118	12.769902330273	8.84429249182693	12.8397708359248	12.4990792850983	11.5422851841118	12.3359407750814	11.2514081346085	9.33006552524832	10.6885389540223	11.7275907613484	12.4586243012298	12.8495244778511	12.4694733272024	10.6232907519486	12.5192052240388	12.0520075703326	11.2462484364949	11.7955206891354	12.025339584082	11.2809143913756	12.6528333267462	10.4586676180017	9.96259025079596	12.4293552130946	10.0595928622964	10.7588363970975
M308.9558T47.97	16.0853255667813	15.6536201628647	15.6042935021473	15.4849784815577	15.9434032118219	15.6703184368534	15.8409587097417	15.9159511952841	15.9824410364547	16.2534805636917	16.0632533874324	16.0051551231678	15.8169708796549	15.9606212282224	16.1520699023461	16.0247474938338	15.9701884575991	16.4161739964523	15.803604296737	16.2928044753133	15.9660011961596	15.8692879219364	15.8291140118007	15.9762141139653	16.1225033193283	15.9367261660668	15.7906281803632	15.8234791345431	15.918555327733	15.6242360629376	15.9790965708833	15.7974497880841	15.7369641635015	15.6801141488468	15.9180313194717	16.2094596759864	15.6443361728462	15.4613255663099	16.0671902717245	15.9760122030614	16.101444035549	16.214203391422
M308.9921T47.01	14.2673096606371	13.4701518300617	13.6663161459687	13.1175507012073	14.2472140605606	13.9127233415021	12.4788170286932	13.6636890480021	13.3828030153142	14.3014099956579	11.0068578523734	13.3287926257349	13.8119487475267	14.0485412014751	14.0341868612624	14.2888359070183	13.9358483647432	11.088032308095	14.0680447207846	13.7213307370807	13.1471004865491	11.472026723032	13.2813529110764	13.5008640462818	13.9336820132598	13.8357289224835	14.0300830938886	14.4719145197765	13.7437998590409	13.2319527767539	14.3020521973339	12.8685142200804	13.2163824263382	13.2651571828486	12.8331964407281	13.3468988103327	13.685848759836	12.7687833155016	13.5632005175515	14.4039245550779	13.477819331981	13.4923011666099
M309.0596T124.04	8.39678428483365	12.8600257234316	13.6445414556914	12.038027594003	10.6929664421485	8.28098193486268	7.08078361967943	9.25853577288126	10.5276772728611	10.9121588366209	11.1877177022302	0	12.1551661061	0	8.2564580840161	11.2979414344976	11.0788674865448	12.9458827999331	11.3301224072775	12.4716775676869	12.3623228868073	12.7788336687274	11.3890358270036	7.26903365536289	9.65890024580872	12.5522985074874	7.40605376003604	10.9375491963629	13.5031187677638	12.2385732153504	13.4877638410689	9.81808201499289	11.529631853247	11.5146297525399	11.8823610287498	11.1343295022298	11.2271939294567	12.4665519104509	7.18404389674572	11.426732623039	10.360578255304	11.0279233793403
M309.1313T159.05	10.3658419230049	11.6642625169352	12.8801679903419	13.4325250613178	12.1931779599492	11.343841183866	12.5279511564915	12.1864353817407	11.5039226484684	12.2924958246388	12.4514298920569	8.84340959089585	11.5213499917092	11.732936796028	9.60535679259002	11.5577588989943	9.54525246410205	11.7332666283558	12.8079605850665	12.236770534262	11.5718950373646	11.6427213491813	11.1507685537527	12.6546569732344	13.1451986494649	13.3445353430236	10.5036860057949	11.9079468043915	12.1241558746717	11.1139239649438	12.9049194065439	12.7972757233402	12.4505763823332	11.9050666744809	12.9674808972421	12.0043191725604	11.9712705452106	13.2105982697061	13.2434283904875	11.9348007637941	12.323414185247	12.0115706528881
M309.1478T663.17	17.2170881517724	17.958622540418	17.5911338647809	17.5954177883909	17.2824324134842	17.3102846910181	17.5391780833426	17.6623266253737	17.5260761968707	17.3890212034414	17.7726645251457	17.0293673432151	17.6805942166171	17.2144879694229	16.6416700777465	17.0942313876429	17.4747749624901	18.0453178579114	17.5692690883276	17.7824922414705	17.9180114496382	18.1567700231449	17.6414780654915	17.2197470786044	17.482940404905	17.9178302667568	18.0469087340676	17.843493174256	17.9729339880705	16.946039039209	17.6711555523689	17.586708993281	17.9337939878872	17.6521284311498	17.493664614117	17.9093182402112	16.8692531358006	17.8396643139576	17.617322269444	17.9290133230608	17.589756481496	17.8931953623375
M309.6453T688.64	13.4795110147958	14.4679896256439	14.2502291441702	13.6862522655376	13.6941357034157	13.5547446489495	13.7817935869831	13.8156536393678	13.9807102873548	11.7511105749531	14.3852562998224	14.5120032345308	14.1185007253155	13.3549736023291	12.3715965160156	13.043657920892	13.5420515127289	14.1847490625714	14.1098265011963	13.914223987493	14.9712594706491	14.9067261382287	14.1542705750647	13.1966088597258	13.4777369206541	14.5474985351777	14.2440110143014	13.8029974603287	14.9728405525779	12.7740707938208	13.1514154291061	14.1135125674146	14.3739620211662	14.6473341632079	14.3810855194317	14.0925872544659	13.2201040746213	15.0354803331136	14.7268599449434	14.3492055035209	14.7293715663189	13.763621810163
M309.8929T47.45	14.0858964643408	14.0775890186409	13.3879421165764	13.4795798731747	14.3123292812764	14.8948528877262	13.7161722845823	13.8087240178008	14.5460138061621	12.6723369895565	13.6667811424418	13.486958558851	14.4898239279689	13.6502297563425	13.9427258008974	14.2659230446326	14.562144794223	14.2971231691315	12.9994879935133	13.6908538285423	14.358277462888	14.0855498576987	13.7948886573587	13.9525156298098	13.6241942594719	13.9136219195258	13.5843628136904	14.3619723065758	13.9286010526453	13.0156309467508	14.4736331180082	13.2654183229971	13.932482606168	13.9237842560294	14.3553047878981	14.1761865806709	14.0959810038466	12.8350830752575	14.4099376515591	15.1250512714555	13.9389775636492	13.6248808419144
M310.0933T203.32	10.7247170952064	11.6925771715989	12.9054264157718	12.1803151937269	12.9951941250963	12.9028223235919	8.5731387111316	10.9236017355277	14.1325883179628	11.931953045039	13.296555315478	7.02610823172687	15.5129814899838	10.1089511092466	12.6815307476445	13.5188346984588	14.0884041632696	12.5452733523191	12.5554149210965	12.1829167862924	12.4442832354229	12.5594665338244	11.4976806299071	0	11.797281289906	12.2528293134167	13.8758805873703	13.7211580508825	12.4695144958879	13.6282862170023	14.5974193033155	13.7902350182254	13.413845729606	13.8453192133735	14.685283748284	12.9807040964803	14.0785153695774	14.5935690327954	13.2226365500701	14.7145560139512	13.4271571504246	12.0737627343523
M310.1228T561.09	12.482484390546	11.9336843346484	13.7816564252103	13.6822594136835	11.4970376249499	13.2227109822406	13.2568305749727	13.8254811014025	13.1365931231998	12.5494930977538	13.7958343695141	13.4094477652946	12.4917282157283	11.6133955818087	11.6984700439725	12.3863742275037	12.3332373822664	7.62242606248305	10.7683152203686	12.1068604104636	11.3029585532855	12.0303551247845	12.4736748501232	13.0179385168445	12.9294009346844	12.401255275226	12.8049945981782	13.3835251567555	13.4399494629667	12.6496810205107	13.540121080477	12.766159076535	13.5490909897954	13.4963116785675	12.8348320868461	8.86590407780399	13.6446141204665	13.6078217297016	12.9950156587939	13.5411497979041	11.4781183461715	14.0639667945022
M310.1454T663.59_2	15.829080951576	15.6115988999184	16.2298602080087	15.8990780377379	15.9984759565588	15.861175471711	15.8161035418492	15.3136908859714	16.1221529621369	14.0793998549036	16.1456125541565	16.3824201471846	16.158729829872	15.5897115379766	15.2351192257216	15.1200029990575	15.713349164394	16.3050830755642	15.424276393037	16.0454948539686	16.2290382072469	16.3518192932455	16.1922168728333	15.5637141521471	15.9528962444639	16.6749388862597	16.0533428484348	15.9191446326436	16.1182747634296	15.3863635739368	15.7957107616871	16.2345978103193	16.2496210417291	16.5715133015515	15.885628442828	15.970444611253	15.1858419311678	16.1600727530325	15.9939568193462	16.0579184745242	15.672968729746	15.7443502954189
M310.1772T78.79	14.8303946819367	13.3270753214679	14.762279809453	15.6899457579159	13.8031897221189	13.0352833280035	15.1623647797056	14.3258332800672	14.42996551807	14.4532150776881	12.6127483048608	13.6026708535706	12.5077083464859	14.7606092797737	14.1761121740973	14.9139614265635	14.1553697098314	12.0371589870192	13.98200912051	14.3670892444508	14.488412952485	13.2479993314793	15.2897823572403	14.3084442766422	14.0448275878638	14.2437868216332	14.0012789544832	14.4731171215505	14.4078947019239	14.0867620844658	14.9784889956057	14.5727663702563	14.8467229360069	14.5267856993722	14.8946763195094	12.8079463447657	15.1282487815999	14.7220006582222	13.6141300983448	14.5095812496716	13.1120352727727	13.8667380706692
M310.9681T57.32	15.4768194051637	15.4648542968672	15.6122309128015	15.4818582585863	14.674534563373	14.6957362550831	15.6789391556612	14.8224844284306	15.1567931148377	14.8861452290146	15.7955264497944	15.7577592116483	15.1421446685881	15.48485074453	15.9289684785674	15.8196986144065	14.1823693869035	15.6854107069992	14.6198416004982	15.5789533022779	15.4865724989875	16.1191313348454	15.7144071491049	15.6120889322421	16.3268594397169	15.9718896558182	15.0165791421561	15.6284791074134	15.8204242680338	15.4940065368656	15.7430020847837	16.0510498306392	15.995031007209	15.668110938466	15.8592295337003	16.0826016298176	15.17965066875	15.7527909794725	16.0098784648818	14.8022863507152	15.7806004421787	16.653569506626
M311.0712T353.91	12.3731492603661	13.8992829667465	14.0937901803821	13.5756406961673	13.2244593311011	12.476881938952	12.9302288237197	13.4647075630062	13.7639013194174	12.5846957323789	13.4783420758809	13.3670043884473	12.901301955971	11.8664283416111	13.664235051819	13.3159711291525	13.156478654249	12.5709124386145	12.8420434687999	14.1267743249003	14.2074759453285	14.2658270005529	13.7176794083726	12.9433039893189	14.0837594455643	13.4292816486607	14.2201504641183	14.5360200671734	13.8293992400226	12.320633785079	12.6004976541737	14.1084646385607	13.680028794623	13.9092572933518	14.0867539691234	12.6328473913373	12.2361087332458	13.4668934845021	12.8069718445894	12.1339440102464	13.666471650057	13.6169196551482
M311.1228T311.61	12.0531380216127	13.5678670306944	13.1844439242438	12.479481666588	11.9707770199092	11.8172990197001	11.9429145472419	12.2364784544573	13.6753480715034	13.1263360983423	11.9564442693218	11.6494901950469	12.8120682299546	11.8869623888348	12.8427607695337	12.905164163111	13.6191004423228	12.9186026676189	12.96466066434	13.6268071090483	12.7288600259045	14.3248599748344	13.5873299675994	11.7106135259506	12.2458762341249	13.1288968316083	13.5946750922061	13.0488900940877	14.7946561132586	12.3411624464202	13.1323168039139	13.3854444629839	13.4124264222001	12.9155754140461	13.6611343062603	12.9318190471112	12.8043695044627	12.8333375652454	11.3407213657118	12.3904826093928	12.1597827767993	13.074895112192
M311.1247T66.87	16.7052345231848	16.8732724528747	16.7943626085262	16.6747453342678	16.2451237155504	15.904687372172	16.0031221571245	16.3458319179103	16.2359958123445	16.8387717701691	16.3465325157527	16.4278129761399	15.8252573935842	16.5721952573303	16.6609121261674	17.2313095656779	16.2247033797162	16.6475685267975	16.4207953655121	16.5992428833478	15.8472117714904	16.4300847276934	16.3814052061863	16.7560731485032	16.7255017923216	16.5180811160556	16.2458907333184	16.6611567787345	16.4256344792972	16.0013562139376	17.0701547108245	16.1597679561238	16.3640263437641	16.1194451463653	16.5521564369603	17.2521352729677	16.6362743325978	16.9310653071608	16.9232923298187	16.349081027335	16.0649287135732	17.230250513435
M311.1616T241.83	12.0152652778016	14.7014494701781	14.0495406736377	13.7095307253882	11.9133080028735	11.8793604046555	12.8839811203256	12.5319574112006	12.7118323531443	12.1740259475017	11.8970913701109	11.3935353154511	12.3134000882895	11.9767661084832	12.4916186726958	12.9767725473668	13.0673571223184	6.71465389644727	12.0423628349778	12.1017491719854	14.0631040956265	14.2720423374839	13.8452124894167	12.2036279616393	12.5969785249165	13.4913004531263	12.8999670673126	12.9607446985136	14.2625379264415	12.6994936884388	13.0140795692897	14.2866994851365	13.3899801535649	13.8586946000307	13.9057131520867	11.34835445167	12.8247647560119	13.343692474289	11.36005639277	12.9417589894979	12.4678304701689	10.7375933296868
M311.6268T628.19	12.8218795465079	12.5855496906949	12.1301321068876	12.6113310600659	12.1705505156319	13.1518309840034	12.7921165931076	13.2938885370292	12.8864611072628	13.2425565164485	12.5057643048483	13.0283922655158	13.3041463150528	12.245445229472	12.1078191163052	11.7718496818735	11.8634975770455	11.8840388236165	12.7009998557539	13.1318656715047	13.3019355628238	12.4128926948391	13.0243242339578	12.7230576329396	12.7194928579735	13.8022246301252	12.0912765794762	12.8683149034879	13.185091201021	8.33174518285874	12.0545349878702	13.062434769712	13.4152830544827	12.7777136356999	10.2017277119921	11.4311297624245	12.0316408535698	13.3117818433476	12.4445879687858	12.878683538091	12.2519494286746	12.6594409259351
M312.0226T514.92	14.2323866900286	14.2016652347385	14.2095049762274	14.225660955408	14.1448805201215	14.3185719226057	14.0354528833864	14.3210366168704	14.2983827625113	14.1522012316078	14.128000603295	14.2372938355675	14.2991748482457	14.0676790815619	14.1575907837857	14.1524378955169	14.2045884356538	14.2106205734667	14.1541737022575	14.2372896954446	14.3991783220702	14.2088153590079	14.0753865895678	14.2499642654011	14.1278582411099	14.3535996321682	14.2796842269862	13.9154685298505	14.4100949287821	14.1041469368129	14.0998330670566	14.1736346856389	14.2317109478056	14.3617339155972	14.0479962987837	14.3897128165752	14.0269702806952	14.2448585893285	14.2825925594905	14.1374855072399	14.2812480006504	14.1448502847174
M312.042T260.29	11.2871677529237	11.2841781476198	11.3594501186704	11.6982782221892	11.6864470674765	11.4627487261811	11.7678723981631	10.4890330981729	10.964620692777	10.1506883030139	11.6366835784004	10.6863395043874	10.4150220938987	11.1657305842649	11.1503704848098	12.0459493617876	10.7355147528499	11.8336364087749	11.4727842499738	11.5648215315648	10.9063489642334	11.5094056438374	12.2911675470123	11.6191791738145	11.8566578141249	11.9224987240338	10.8361809589224	11.3812395985873	11.6118635828379	11.0604306780436	12.1202066365452	12.0851510311054	11.8377441492766	11.9266577846077	11.9441463725561	11.3842769136338	11.9963436977169	11.5129313398208	10.5853231038112	12.0456046978464	11.6617389515606	11.3127008484745
M312.1243T641.4	15.4413487104539	16.0761058406589	15.2715641797945	15.1373682422516	15.5633850096428	15.3909449340779	15.2017118004109	15.8854401453974	15.0000949769412	15.430372203117	15.3114523895093	15.6205435438884	15.640543706862	14.4782253212046	13.7502228901594	14.2053649534525	14.6621287737085	15.1532553779838	15.7975558096072	15.730431829992	16.3485299234973	15.9923631347096	15.9054100061112	15.0389621679994	15.5158341376642	16.478720994606	15.6566625031155	15.687572168968	16.1673849724455	13.6446938309361	14.5340550073984	15.9974309055863	15.9822033048387	16.0469417229491	15.2009453680127	15.062921290185	14.712506803318	16.2357876208257	15.0653246997663	15.4345953547403	15.9018905052957	15.45896236763
M312.1277T66.78	13.664132497778	13.7573722236588	13.7289403338963	13.627476729139	13.3120671465996	13.1656417765758	13.011482463915	13.519784356138	13.5195344974044	14.2614916954288	13.6218200659666	13.6629226156055	13.1953352963984	14.0178119023608	13.545013503349	13.9862938753237	13.1479775095022	13.8345650464838	13.407690928948	13.5923008086686	12.9723264294855	13.3955865524631	13.6159673785131	13.6508474390625	13.7298878743139	13.3669133411451	13.4114854958366	13.4098317739933	13.5367732894473	12.9467842795675	13.890519156604	12.719283724252	13.4663741685744	13.1465782670841	13.5658597737168	14.3715099039682	13.878247689121	14.0527489291026	14.0299066158832	13.3943173904335	13.181016428364	14.261541631283
M312.1318T154.33	13.4832525401002	12.6186795638865	13.2132911476978	13.4507811939559	13.1445421758389	12.7425545103298	13.5327766250891	13.0283275363889	13.0366184850722	13.0050950159417	13.5044619818125	13.8700042517234	12.2562481059564	12.8735479710356	13.0428309552854	13.5581261287881	12.8237439658628	13.4591786184359	12.7412385807031	13.0430099270136	13.3417152193751	13.0656368717756	13.5636995026694	13.095182299964	13.466772763207	13.45057488855	12.9011358345652	13.2623407818018	13.0052556115691	12.6102984007258	13.4974957807871	13.2707794061986	13.2710225751788	12.8090707815694	13.1205403222609	13.7566886054569	13.6109792848882	13.1900643442379	13.8612674451212	13.1289269409335	13.2554713931392	13.8701290035069
M312.157T350.73	13.7387433459137	13.8710684640979	13.8165259871161	13.8683941516675	13.8821658596936	13.7442859362477	14.0538958016795	13.9741548999348	13.7950711867059	13.8286403670798	13.7709081518095	13.8367329052353	13.8448168066166	13.987274933216	13.7754968513677	13.7943008428905	13.8316023999027	13.9598089104499	13.8225355495195	13.8669409467398	13.8939668805037	13.7498960393173	14.0656764886953	14.0118238073484	13.9008377554858	13.6440677435914	13.8683758589835	13.7831469522821	13.7619165883611	13.444269126398	14.0015970950856	13.8400509001327	13.8683548552786	13.8149144761371	13.9079898045014	14.0128260412356	13.9724727908316	13.8697450567295	13.7645586087727	13.898187330577	13.7711453656407	13.7599657722882
M312.626T641.17_1	13.2438631547546	13.8915355158835	12.9907693312746	13.4787145665175	13.6872831006992	13.8071426040488	13.1760017829485	13.7898210140709	13.0732529370132	12.3373780123792	13.1417589317919	14.3283443906966	13.3620361633064	12.8685839640574	11.3268249744677	11.9331625321692	12.4406552757945	13.2865808642778	14.5300456061805	13.7586151143491	11.0381886572992	14.5835391024936	14.1689048308615	13.1216560253418	13.0838277746024	14.5054745507207	13.4893906036651	13.7232849643488	14.1373488392016	11.7376829558858	12.4520908178843	13.9487595869678	12.8094749943408	14.5305770242565	13.1973309893262	12.8288102425255	13.7860569635345	13.9934056117444	12.9122715669629	13.621643890619	13.8838378631634	13.5481420850134
M312.6595T104.08	11.2760751807699	11.8012157403977	11.5960816954543	11.4056610397383	11.6336552575967	11.1177276394764	12.2378277925866	11.2378019380225	9.72218227290495	11.2885208246674	10.9718283176893	11.8328392065509	11.3068421608371	11.9554455551847	11.2348310949076	11.7030914898596	9.36712427878846	0	11.0413246101455	11.5767638921201	11.5258924232575	10.3388980092091	12.6025898539058	12.0211151229051	12.0756532555104	12.112709966431	10.9160611149548	11.3336137073071	11.682136582406	10.9444145039822	10.8883288502039	11.2776398272347	11.8524386379013	11.030752247162	11.4892308855975	11.0151406936445	8.30683055682819	11.7814622066307	11.7819606315867	10.8077438610484	11.2975866914656	11.1674382705501
M312.9489T101.48	13.5260144180818	14.2315501508631	13.8924561826579	14.1793512159005	13.5543607651334	13.5757403475257	13.6366266214649	14.3705005420729	13.7801019002856	13.4494542456485	14.1023336551892	13.9379484993266	13.7222508008999	13.3272851119732	14.1536418450484	13.660496052278	14.187147686687	14.2234442645795	13.7542206570001	14.2488454281044	13.6568179877427	13.3848392041403	13.7239198927082	14.5421460378096	14.3316320911834	13.7244862443497	14.0066726204286	13.4191175138873	14.2302567362496	14.2872633476274	13.3799641032651	13.8640463185118	13.3738561789064	14.0980193097914	13.6722902718537	13.9049857307136	13.9420181116113	13.5402966054008	14.1229345436179	12.9022289183675	13.4218115396492	14.4200845049565
M312.9809T514.98	14.3127761502694	14.3060717702765	14.4280437809636	14.4858231328774	14.2906323016874	14.2623546008228	14.234497106689	14.4764820937436	14.2766867679585	14.3133920972138	14.4260390726465	14.3337014711081	14.3082838423758	14.2255037737865	14.2695212766836	14.4851629507438	14.3060297492148	14.463244778313	14.0430514044059	14.2788859424136	14.5345742963292	14.4431981123919	14.2755480881619	14.1171230349829	14.2311262443629	14.3566502742096	14.2987198017923	14.1018312648939	14.4340774943263	14.2194571198535	14.094696413879	14.4283512011602	14.6260867437427	14.4293079555886	14.0592530532995	14.4223258499075	14.0406413438285	14.3032401740484	14.4077396363264	14.4246126471557	14.1739207845621	14.1971865509958
M313.14T66.95	15.4270754492904	15.3613505851063	14.9737822734253	14.8813082141484	15.5613338211229	15.2608437390613	14.1014208145452	15.1788886285984	15.0921055775814	15.9761697625974	15.0823042982539	14.8079120374766	15.6164277448677	15.6439512838064	15.1168523753046	15.6463210294725	15.0757684941405	15.8312236669134	15.5069266980675	14.7806781334655	15.0577299914023	14.5638334395318	14.2847471959649	14.3430073501515	14.9510950290918	14.4725074155759	14.9175709479659	15.4167730926869	14.7193018038368	14.1380848709487	15.2297984245264	14.5302133754297	14.9104379315936	14.9805006332466	14.9518713150276	15.9135529434109	15.3591275800644	14.4654733757266	15.8642428433363	15.5323776252974	15.1770548807816	15.753056169386
M313.1764T70.48	13.9609849546361	15.3960020233885	15.230846295919	14.2324264640221	14.2780596323251	14.4591108617894	12.7971022397827	13.9950432544844	14.8633918880218	14.7259390885875	14.5415636637939	14.0659832985886	14.4148833771849	14.9490736676815	14.5402252642937	15.1178127730841	14.5827239228859	14.6037336800529	14.9678412264552	13.9553220586922	14.2919052450169	14.053841727764	14.015988223858	13.8198153474589	13.8225180234203	14.3938507834621	14.857604119202	14.7255916407077	13.8072536320217	13.59531120511	14.8021996978603	14.595137840433	14.6257369779352	14.5018844121551	14.6074085164111	15.2273312655994	13.4475888435577	13.9755167222626	15.2844725462447	14.865654926498	14.7291312262722	14.5422196840709
M313.2386T563.31	12.182851614699	13.1180801884521	13.9623781373479	12.7141337681681	11.9428780261193	12.1574332622553	11.6357883296454	13.2055018975477	14.0182453888313	13.3651316896829	13.8851042442345	13.4230903930844	13.4144185953189	11.4320972953122	9.40403885504212	12.5729465126611	13.5512408019549	14.8788369447668	11.9384281846078	12.4870811797793	13.9111399318443	15.3288851789733	13.6025920318929	12.552593871156	11.0382281100298	12.5664035302416	15.2194016513141	14.1272301888522	14.0751842067126	13.2109069884445	14.312026589722	13.4888460892634	12.9152209230876	12.8300839881221	13.5233772509219	14.8607362509805	12.4565697848298	14.3456825734892	13.7275204578623	13.7620725271349	13.4319964530255	14.4471585735029
M313.2749T672.97	15.7315440373015	15.4815839848273	14.4286037189616	14.1675696081686	14.4560426732866	14.6746423597566	14.0551290492977	15.0373820881247	14.5533604956727	15.1577182364108	14.3451222100012	14.6664754870101	14.6357048305188	13.7797383338984	12.8735408950577	13.2009501547301	14.1105358594673	14.0221499852027	15.1219417475329	15.2389933858965	15.4795218438123	15.089794639282	15.0083110742614	14.3783645016766	14.1596452203224	16.051056705209	15.0845103697815	15.148032555988	15.6443220311907	12.6466361049679	13.7947139990858	14.7866343813239	15.5662842696191	15.0865164419756	14.2125635829912	14.5200540230918	13.4381305574077	15.5377495675758	14.5947549447129	14.7006826937399	14.9339526351249	14.6610065153402
M313.6625T268.24	11.9222023368707	13.6637528949607	13.3181425939984	12.826567707284	12.8300859811941	12.0048040594656	12.5343135595829	12.5952630551337	11.520933252615	12.793484044132	12.4351644258393	13.0329356695269	12.3911377367659	12.7608699103179	12.3537158915795	12.5569783464336	11.8046355952814	11.8847720385012	12.8791901401945	13.3428658262899	13.4757948199763	12.7962385468878	13.5160896586069	13.3265483160188	13.7083254194055	13.5462077895156	12.1889086655992	12.0016422456949	13.4178140460209	12.3156201909944	12.0721045224789	12.9881811536501	13.319740973723	12.7489207659956	12.6327780963781	11.8826506701217	11.28456650354	12.3007693158217	13.1419318289484	11.600175541343	13.0911450585514	12.3285344050402
M314.0196T514.49	12.523346954308	12.4358967624513	12.5523938042352	12.396097599648	12.4236158308795	12.4273401482777	11.946314777337	12.3879975155916	12.1066509969281	12.1841303276616	12.2279107334497	12.2792520027582	12.4284274783264	12.2000861019072	12.3632448280181	12.1319041943098	12.4166587400112	12.5066611376845	12.1015784495868	12.5360769544869	12.5283530279691	12.3794659663879	11.3069454151916	12.3934768521709	12.3088854522757	12.4054849817657	12.4722918793723	11.785319152242	12.3268042332933	12.3211457070744	12.2148266050985	12.3190645331243	12.4532846011052	12.5917845278482	12.3019515837386	12.3570448333317	12.1933366567113	12.4759904045342	12.0888659146302	12.1915542155561	12.4718944885027	12.347280164098
M314.0887T264.99	11.2939767270804	12.4701159940121	11.832698794923	11.4649583915395	11.9774315306855	12.5985116872597	11.4251411317298	11.6650388165388	13.0528346544852	11.3935565730909	12.0041924370087	9.10836949629621	12.6582694963078	10.7853857880849	11.6500056542399	12.6003931105832	12.5211674708951	10.589513877963	11.3879844875134	11.3171987514891	12.1750763162892	12.5376957944574	12.2601686630813	8.89465341960051	11.3243046427445	11.9039975805974	12.5211907078324	12.8369143919283	12.2169723477619	11.5210155228608	12.7707341824136	11.9992972596408	11.6708647107726	12.520120425648	12.6616968297347	11.3484613535748	12.279782376473	12.3827487860803	11.8142062273103	13.07656159312	12.1632860012103	11.5051362137866
M314.1244T69.26	13.9348110110744	14.8317487148704	14.9537935167918	14.2463029534775	13.530072819372	13.9495710361545	13.5914973246514	12.8591736813887	14.2445149813229	15.4237889795561	14.28592921702	13.9727558321146	15.1475468136649	14.7576323759541	14.6686136341028	16.4228759349783	11.5312002978708	15.1110415544335	14.5576149630105	14.8520546330094	14.0467396241775	15.9239625652707	15.3410853459295	13.8738599716157	14.7102339384016	14.6839330513362	14.7235404029504	15.4919918979885	15.4985927421543	14.3244937090365	15.6745587842924	14.834068632631	15.5494683346378	14.8875258118308	14.9030248561498	15.8776788681467	12.0395385087182	13.5911903140461	13.8850455946222	12.2390236539107	13.016821173871	15.6525688367171
M314.6303T653.59	15.6304179120891	15.1735449017383	14.9772322855982	15.4995931053663	15.6782786149179	15.7632411094215	15.2278114810625	15.8477936474346	15.7167738097181	15.7101563770097	15.4905635765842	15.5142270995815	16.0380637897344	15.7398888247456	15.056149636627	15.253658281253	15.1379695187262	15.5639210528806	15.5118024176716	15.8294596442612	16.1370643187825	15.6424882526991	15.8663403792579	15.3719919135599	15.4784402942558	12.3147003618738	15.7718355589085	16.1042418869771	15.8727997509525	14.6455845702441	15.2877914578387	15.6486510343404	15.5784548493752	15.5657969954345	15.1314252619714	15.3510286593876	14.8244610888203	16.1506662054075	15.4990702015502	15.5106037058949	15.3976665455579	15.3168108187414
M314.64T690.71	13.5183207587799	13.1527593408014	12.3307638508551	13.3871102455622	14.280916168845	14.6231288621393	12.9003622079926	13.4136059371575	13.5206083386093	14.5137385637303	15.1772844630959	15.5822928265842	14.5515115823329	13.9162759509678	12.6347329831596	13.8144792276039	14.2836504050779	15.2998525661885	13.0974356540615	15.24005100084	13.7934386567363	13.4923588298923	13.7808896679069	14.2979158217281	13.7346506800879	14.7239413224807	14.0553812513936	13.8578336442783	13.5132126813111	12.7497817656982	13.6414633701033	12.1702595483869	13.8450756042439	13.9935751378737	12.7643446979657	15.0968003333704	13.134193854174	13.2276146114995	15.027749075309	15.0637782641143	14.972598557585	15.1321607492616
M314.978T514.43	12.6288632931626	12.3979519282506	12.750119863641	12.5201285705966	12.2812218449301	12.4483532448154	11.4818111029716	12.6149749106577	12.4494855761833	12.3905038381433	12.6137969447747	12.4800248415681	12.3362793867864	12.3422960092959	12.3769672207326	12.5956545272925	12.4715263898812	12.7466201652408	12.5619826272226	12.2688554271721	12.8295351912358	12.5498727800147	11.4873046346107	12.0974493987553	12.4398015677682	12.4920779704771	12.6012293229826	12.3482214465913	12.4946073368626	12.4494420392887	12.3117328656295	12.6328289073284	12.8353364146194	12.5442136041695	11.4580431555873	12.7496865097695	12.1843588952012	12.6488719315682	12.5597791885026	12.7902595172704	12.5172870531568	12.625239984647
M315.0199T62.63	17.0565145521236	17.244526059449	17.0431523366644	17.0587945473932	17.2553343535765	17.1961981239467	16.6137391458544	16.6497356495592	17.4483503105633	17.0372164123638	16.6798963607678	16.3589536969038	17.0837774611698	17.2475272482209	16.9608418736938	17.1530725383354	17.2224366944273	17.0074216912085	16.9147247272711	15.8335626907048	17.0175550759212	17.1655860609025	0	17.1421578980355	16.7544327355726	16.9379681834381	17.0561715051674	16.951415423864	17.1875427196862	16.8998931480224	17.3663428271785	17.0459752630054	17.2034080990691	17.2379159544183	17.4860906311071	16.5514872337129	17.063519866017	17.0267419447324	16.8056901660563	17.2604632245147	16.5574664246134	16.5466078802131
M315.1672T61.73	13.3028220338334	14.8991872223669	14.6587213761975	13.6466091672715	13.4465169511314	13.1401586619312	13.4476830568156	14.1215821545462	15.0359187499062	13.9079258732239	14.1045784718248	12.5751186639225	14.1992414805749	0	14.1689284414747	14.2767007591782	14.7598551373672	13.9480053530226	14.7098351963115	13.9487347155457	14.1478969513812	14.5053681182748	13.4780737061673	11.8381130936879	14.2430471545352	14.5363282441099	14.7867191345393	14.0782476371744	15.0183213116635	14.4995787956478	15.0071168277746	15.1587056667357	14.615616126447	14.5904422905152	14.9047689752761	14.0830730362192	13.2670112509523	14.533729679693	13.0618413582778	13.9470159896279	13.5048485245232	13.4292652021624
M316.0375T38.93	13.3765344171022	14.4935071365285	14.4639343759147	14.2997267225269	12.6027902250923	13.8166844211981	13.6253553650593	12.9268594124159	14.2739649590169	11.7054037446162	14.6485492571707	12.1154897206804	13.4940317131244	13.0969900593973	13.8940449968215	14.3082521453398	13.5908572804841	13.8588565633874	13.6940327128359	13.8307847655207	14.5024969511711	14.3480720854579	14.0068259298921	11.3461491685846	14.0255516424098	14.7032356611982	13.6588433854547	13.7239237471552	14.5789830357647	13.6045009430358	14.306998818322	14.5639440692867	13.9026993259638	14.278369476066	14.4611982497848	14.1872134804283	13.4812347458691	13.6472452557906	13.9218494186194	13.9322485626108	14.1856818931487	13.8548579350031
M316.1386T477.01	13.584709947619	12.6197635744649	12.586930088625	12.8640180539127	12.8292908537323	13.4131986568818	13.8685986049365	13.7768443816471	12.9776310926292	13.5177612943698	13.4332256173603	13.7020762007162	12.9891284279918	12.8616764576202	12.1033613678281	12.4181504277976	12.0985723416505	12.6333335352329	12.7912171871493	13.3745760300087	12.7169530781668	12.7297593274587	13.1784575457695	12.8222435019793	12.7068584597734	13.405566760135	13.363041883078	13.272208589128	13.0572064284212	12.095584889017	13.2603378436665	12.7767619193285	12.4733998310778	12.9327063659748	13.1274843603871	13.464502809302	12.5933682823566	13.3758548475523	12.8893462730492	12.8614309731352	12.8216698018831	12.2705183038404
M316.176T114.18	15.4902668758876	15.5588575915606	15.4685954894922	15.2682620304835	15.2630548160478	15.1776385765003	15.4572866825253	15.5463191208451	15.4026297158007	14.3580703919498	15.9652872116068	15.0465345913832	15.3495778515026	15.4514428607688	15.5389544486581	15.4835537695921	15.1601116104059	15.0231107165223	15.6066275448252	15.3960974229406	15.3654113182167	15.4667221447686	15.3441856672134	15.3567948211458	15.4531565683471	15.0715160806624	15.5718095727348	15.2817196519738	15.507318784416	15.2577970398875	15.2375346435663	15.5116731890871	15.7202156323905	15.4930588983799	15.2099452197829	15.3186622171492	15.4636089851601	14.9598401502888	15.7120136665834	15.2475445576074	15.4816641162308	15.6515466981592
M316.1771T289.26	14.2158689724715	12.7575173646819	12.2226282420759	12.4574177102787	14.8089562787613	14.5762309529554	12.6179022855894	13.7049983179008	13.631465375164	12.892994503351	13.4830576128284	12.990532134191	13.9189045187128	13.6040921396097	14.3510977178945	14.4539066994765	13.7175894159011	13.0077738213148	13.9952563557602	14.3969506888889	12.7487270498029	12.4098984365349	12.6912762497639	11.7827631275703	12.4181919204695	12.8755440839058	13.9879071551691	14.2395339054077	12.5985584151606	13.4932526206317	14.1374467387457	13.2430235015495	12.607834415956	13.0389412875498	12.660766405192	13.9513634812251	14.5227219002456	11.9075661257705	13.1218792203687	14.243372285492	13.0851855850585	14.3016108533758
M316.2135T344.46	12.7341790041756	14.8472700642969	13.7294473128107	13.3759506490074	12.937453904606	12.9808896415248	13.7734460583788	12.7249573783947	12.6356535630923	12.3670990363753	14.9880411762295	15.6507014345488	12.9752101157032	12.465926636237	12.7163997590627	12.9850005516856	12.9646475639603	12.8738772744196	13.4641098238765	12.8427926764876	14.2043455378472	15.7108891676168	13.5023425336222	13.1895552247411	13.2382186331731	13.7090013231294	12.7404138486962	13.3834355962985	12.6979593582083	12.4343530339738	13.0030736778019	14.1232273572813	14.5713821129719	13.9033260112398	13.7128020170632	12.7281621769807	13.2636269216131	13.799088137784	15.4131095623509	13.3801795498301	15.7453278077021	13.129726498293
M316.6566T490.72	0	8.77607225943628	0	7.27998793498386	9.95548926783435	11.147518594322	6.89528921119392	8.79550013829181	10.4485061479698	7.85757958598099	13.0702354712396	10.9593124062636	9.15153284906395	0	8.03374226043185	12.151382619458	11.71168393834	12.2621309462942	9.52414656392786	0	0	0	0	0	0	0	10.293311344777	9.46736199496866	0	0	12.0523199256027	0	7.93594787938088	7.85064912370396	0	12.2260145794306	0	0	12.6607713176839	11.392318099318	12.917767823852	12.6940773867346
M316.9878T46.62	15.2154719843543	14.7910558055965	14.8346658386512	14.9141268569869	15.090701759526	14.9800747536362	14.6334463673517	15.1907818319164	15.0117226228348	15.5504389907753	15.0564711387828	15.2920509000486	14.8260885691021	15.0546910408627	15.2518855710146	15.1747879113107	15.0950643181721	15.6612777156643	15.0800652322843	15.391031574328	15.0504695720352	15.0093594191847	15.0758638367777	15.2157458349243	15.2130218444118	15.0815588016082	15.1757930304721	14.6306968445142	15.1616504340281	14.8234114136674	14.9801647771157	15.2240275714374	15.2276571034093	15.1442146104194	14.8621158029847	15.4749700531171	14.8311486554173	14.2379459568641	15.5689526428405	14.8545278743295	15.4632921997182	15.1996644777993
M317.1124T283.66	12.7251810014762	13.5313685258362	13.1820399092073	12.770075174317	12.5248469981799	11.8072104786534	12.497378784733	12.8561659635973	13.0799557792856	13.0619246724593	13.5119430843344	12.4179619743828	11.8975897710368	13.0923755897722	12.9467799643274	12.7248537945663	12.369063210643	12.8523519623111	12.5786913216881	12.6354377616293	12.3236958340933	12.8332503810309	13.0594459910634	12.6084625933976	13.0525910750072	13.212779407358	13.1072203619125	13.044328969435	13.3276611525632	11.9360983365193	12.721379982051	13.4249298720015	12.8977412137946	13.0649761035285	12.6598791328334	13.5921900784707	12.6891985974089	12.6385139902381	13.877342411416	12.2827700994176	13.1705874786167	13.0755247913048
M317.195T367.65	12.0474236293275	12.0022463556801	11.7624103030176	12.5547838889695	12.2511586328113	11.6440870804103	11.9477817060162	11.8215409262486	12.204677085998	12.4576016542538	11.8443353944022	11.6315572455181	11.6114853221616	11.7147103105329	12.2149381233874	11.8861482316635	12.2399155384746	11.6641674015001	11.3581629313172	11.7618843417611	11.7891018305604	12.3733478481795	11.7135074595575	12.4235373039566	12.1374713600895	11.9740071367958	10.9734458687591	11.8404574996005	11.9597510871847	11.6149104630908	12.5290446748429	12.6105323984382	12.2103689970961	12.1831545590435	11.9065947191643	12.2011075748156	12.427112024826	12.1302789934948	12.4361152097609	12.0449110154109	12.1305625594785	12.4811830679233
M317.2088T311.23	13.2955306978441	15.2674667529912	12.9192333394704	13.3007131441338	13.0369458068735	13.2231555763581	13.510197842045	13.0648685404211	13.8344435097017	13.5586053864899	13.0992690388351	12.2856252292568	12.960904879926	13.5366675395757	14.0271131892505	13.2869829021359	14.1030083784369	14.3986582013824	13.2748432937912	13.1749785235919	15.193040281216	14.6307813889348	13.5397273588106	13.981668755447	13.9644687687385	14.1793045402711	13.2294027973661	14.20644835005	12.9327767383165	13.3500143088319	14.5068587004162	13.1785005291747	12.7421968427318	12.6513694553941	13.7140090576742	12.7944179613753	13.7119377970367	13.3068274863165	12.5623343371999	13.1042559857952	12.9873436680464	12.5513729972484
M317.2488T618.33	13.8418185270096	0	0	0	14.5249593755131	13.6014445954627	0	14.2057660402131	13.5926648157255	15.0695236137376	0	0	15.2361042862062	14.896351028074	14.6975147935729	14.6345662273507	13.7958500254638	15.1403823986369	14.8320136809475	14.7497483420841	0	9.26704680159631	0	0	0	0	14.8417230412848	15.0898185971465	0	14.5424886672799	13.967377045069	0	0	0	8.16976261751052	15.3857023720514	14.5432902133278	11.6198627498477	0	13.4323964247232	0	14.1357769776171
M317.6611T697.74_1	20.773921214022	20.9517282213975	20.5999375250477	20.5597823220777	20.5849052572727	20.7623681650578	20.8827792217372	20.8275255838985	20.7798748682754	21.1983698404381	20.7370364847154	20.6745720274955	20.9417970186201	20.9542206674453	20.0776760455776	20.8522508072606	20.4368271334632	20.4913328768851	20.8658052028925	20.8050915721444	20.9836798129253	20.9033164566118	20.6959617588309	20.6087345253486	20.5652035415957	20.3863510845306	20.787239450637	21.049309930259	20.9538834689232	19.9660078392628	20.5252034593107	20.6828047727447	20.8777810648757	20.861980609319	20.9611316646794	20.7140787348855	20.4126062662035	21.0049648956869	20.5959538800356	21.038803910042	20.7640509928921	20.7896811657333
M318.055T54.1	12.9783729780823	14.8668694099423	14.3609687044123	13.9203113267388	14.2274546439693	14.7673887457603	13.6507950623381	12.9500418065322	14.4412546323438	13.5323093827888	14.175673471173	12.7900465836456	13.8539503505205	13.5271489059866	12.1053813916548	14.0552590265686	14.5671281563103	13.8761456518454	13.7551676386602	13.6632543723424	13.7754601514548	13.7923976300753	12.0660025235668	12.6693892248231	12.3891823395415	13.8087363232262	14.4129795566286	13.1319575566507	14.5465569050039	12.5995508751852	14.8538286853945	13.8915505722649	13.3229742958469	14.3583368169467	14.5257527100665	14.6893781482247	14.3689921601808	13.3130922129058	14.5993981694344	15.5547615581466	14.6014595163734	13.7799959196138
M318.1628T698.11_2	18.8355174036636	19.0479688207399	18.7002699634332	18.8505841581389	18.6183131329541	18.8081601988536	19.260578756004	18.5851723501118	19.0502784651514	18.9762443369407	18.8893417821402	18.8863558391989	19.0075877409269	19.2569428201905	18.251418813197	19.2118158981166	18.6334942379428	18.7440516265676	18.9561927351016	19.2847362447571	18.6917133246148	18.9794660024873	19.8595569108104	18.8554678715635	18.6816777089179	19.3841529144206	18.7209983461932	19.3294262239137	19.147820851284	17.9902475207737	18.6037614964564	18.7535920724032	18.9588100858149	19.0172928281373	19.2946245381811	18.7945130051533	18.7397775527895	19.1724511426705	18.7839130696405	19.3918709447306	18.9530837756646	18.9310877422351
M318.1829T344.18	13.5930168575358	13.904045386647	13.6737828149608	13.6809612182811	13.23838431513	12.6009238831757	14.2399590347647	13.7896217456974	13.0795309693763	14.0089283124492	13.8953481317155	13.7282123071131	14.2920873592652	13.920516363154	13.7660682996774	14.2415878684218	13.1270551079591	14.290420105585	14.0621616600264	14.8072498551338	14.8308006627074	14.2005904721481	14.6492115641077	13.9590101557555	15.1170577621404	15.3860923924391	13.5177333530059	13.2343796693262	14.3694007195999	12.4201245926199	12.355039553934	14.4058806061763	13.8591345653071	13.5293638969506	13.3504400404853	13.9458619120597	13.2042553167929	14.0013154052191	13.8714103722976	12.960045386015	13.787310813257	13.7254775050387
M318.1918T302.16	15.4556782370137	14.9874983670284	14.5339299118845	15.470707624779	16.4198188830195	15.8520826576068	15.632998478331	15.1088636550202	14.9168093915381	14.7603591889195	15.8310526864198	15.7472487407902	14.8763575641031	15.0154761561294	15.9544467799319	16.2002495790206	15.3100573165736	15.0991780408024	15.4537987267164	15.687422911071	15.2233519434636	15.007728529106	15.1072648485478	14.477268658326	15.3045206004763	15.7286937056883	15.348507083706	15.5129967166055	15.1436319665157	15.1535468304743	16.1152084291732	15.7374142649835	15.3197204988069	15.5930666932823	15.1997935502082	16.4972729805861	16.2189914721241	14.6148894378647	15.3075633647226	16.2811513042656	15.4742622132387	16.709438848835
M318.1928T152.74	12.1100353686678	10.9518006095643	10.9090124768228	11.058832147085	12.5215629117973	12.3810909114225	11.3016665033176	12.8071763626426	13.0637389247617	13.0696484273211	10.9875464329629	11.6644896472328	12.4944370553055	12.1859529462378	12.6668253484928	12.9513000963257	12.7421595107384	12.9026822858791	13.1155643354756	13.1920017222357	10.735145827907	10.5941890399546	10.7922350352371	10.845720968529	10.8624084621898	10.5311815995364	12.8549333977822	12.9672381364448	11.4819125193752	12.2559122355483	13.1228198043999	11.3375663671944	11.2865701010381	10.5180612330566	10.5336924156977	12.836521085554	12.2783847213513	10.57763709449	11.1754185280132	12.8343073742276	11.3897886446063	13.0522439615478
M318.2417T610.08	17.7604747106467	16.6825402252853	17.1277555227991	17.1771093323843	16.2934466655561	17.0311612798704	15.8779865850279	17.3346522314159	17.0555741264559	15.5679876403352	16.5355711421573	15.9462707494759	15.5369741193545	15.5319723279995	16.1949791257799	15.700151327896	15.9187193215022	15.6123974495517	15.8445077362054	16.1871493740437	16.7960442010752	17.024708450273	17.1911471186715	15.8141111749451	16.7267547981408	17.4929524421265	17.3028091625294	17.7012681904331	17.3342676614603	16.9862170370973	17.2946127871624	16.8788137604034	17.539521841325	16.4884114422415	16.7305651866793	16.6695261293945	17.1227059689361	17.7991831058402	17.3552893345719	16.7559468903952	15.9110080298748	16.2910345442493
M318.5037T311.56_1	17.5926475882961	19.0541015022267	19.1967405777819	18.9550255872184	17.869837819081	17.7194860230837	19.1036409528898	17.9595751917126	18.1959301529989	17.9885947944575	18.7040693766409	18.6845839314269	17.9262287680704	17.9068299396896	17.8276575194766	17.9763911127833	18.0353637218369	17.6704659615984	17.9890804574659	18.1751096373575	19.133666217373	18.9561636943438	19.0441057001899	18.9656319775078	19.2765994899239	19.5530746726591	18.0713060253661	17.8124826594961	19.1192270026416	17.8842854544617	18.3500916875061	19.2435410469915	19.111721189458	19.0920104808913	19.0834414262614	17.6404785877912	17.8356772848831	19.3299042121807	18.63659433577	18.2315696653241	18.5655016345246	17.5122658546254
M318.6587T698.04_1	19.2559355350556	19.4613565182217	19.1141305471192	19.1179026633658	19.0892495097129	19.2936360933811	19.4086196257903	19.359938072624	19.3299480263016	19.3959408586099	19.274290125874	19.2171510972159	19.5161302766427	19.5061913667741	18.5663108153488	19.4171949953945	18.8963373901979	19.0395834863415	19.2934169620416	19.3700410624268	19.5435915538649	19.46771982681	20.0212761296804	19.1252750839917	19.170561485879	19.6644337922277	19.3310165537328	19.640721741649	19.5072045979308	18.5221081229552	19.0605775383608	19.2094026184999	19.430371707421	19.3458691951416	19.4815398653581	19.262850988048	18.9129745836148	19.533673295887	19.1820783618633	19.3304619037333	19.3605683910664	19.3294278937942
M318.838T311.53_2	15.5335433712923	17.1502601720755	17.3841553105097	17.2181816156591	16.0519640452938	15.8484386526518	17.3122519754228	16.0717183383839	16.2185331206218	16.0932334102491	16.8096541903671	16.8305336359003	15.8738487569277	15.9116318332082	15.8162956293388	16.0409698287617	16.0780600807462	15.623265547054	16.1020306650992	16.2635919960897	17.2609058826445	17.1258905726831	17.1959784344417	17.0955972317344	17.5046797475995	17.7323316840173	16.0928682540443	15.881782352381	17.3343278687036	15.9122397236908	16.4374693566866	17.5103742520823	17.2454165750939	17.371397568337	17.2651769955032	15.7274544717738	15.9250923360504	17.532460977292	16.7640133883933	16.2589844227169	16.7337056225842	15.4605159554648
M318.9336T50.03	14.2560362982574	14.4270330959311	13.522893252943	14.0271257851817	14.17556761809	14.5478394183384	14.3139115174247	13.4499889368239	14.033362720944	13.9322041168096	14.2776004248523	14.3984706845068	13.3887867175594	0	13.6280666513105	14.81260764522	14.074276663938	13.6590446964101	13.6578177032528	13.1828968225168	13.6488399953194	10.2230597377247	13.7721422009065	13.5499873314535	13.6946761689111	14.5900679704436	13.4115892914302	0	14.5535413691949	13.4396997076745	14.2264922669132	14.2462639057113	13.8692551050876	14.6891050006406	0	13.7913833087734	14.0864955891364	14.6465490261188	13.5936824866735	14.7744577148447	14.5575510043059	14.1338218449738
M319.0673T126.3	12.4734980773114	15.0553518493565	12.9027192174793	11.9827742026638	10.6747088126604	9.85307455585487	9.00445587152169	13.165024040612	14.3104570736027	14.4097872035698	13.3036262800942	9.99752184844816	13.3156164543813	13.3823425863106	12.7362641653006	12.9002884280943	11.6987371637628	10.7683236632821	8.93143984212903	10.9526222412529	11.2012856281365	12.6832198021097	11.7010636788132	12.2066489928567	11.8630116170253	10.7472987541774	12.747880101089	11.1070589212624	13.0370354788327	11.3295772943992	11.6300816809423	12.3431181979971	0	12.5090977670521	12.3222584770213	11.7539328569992	11.2050698299744	12.6140425058621	11.6843581673722	10.645574906007	11.1028897330009	6.93860038489485
M319.167T332.82	10.7767210437249	12.1989754853696	12.5004202683914	12.8390476229248	9.06130378854686	11.5204937754703	13.2007061858992	12.5874461434296	12.8958152697432	13.8080672341851	11.3462972980371	11.2002899165248	12.8954951576791	11.6044460890651	11.7579038994902	11.8311956964326	11.6069481573006	13.436550884244	0	12.3306875362637	9.13524880239498	9.68354480808699	11.6897159605714	12.3115295906519	11.8347884761348	11.6576240566032	9.48015360101762	8.63167817356002	11.1234373360381	12.1671548178147	12.0999730149853	11.9309032247303	9.52499739139603	11.5233936958583	10.8639941760259	14.1248081097149	12.1341460551281	10.6285345122239	12.7643158184178	13.0300870560108	11.8776708654706	14.5154492610744
M319.1912T454.07	13.4733788437451	12.9732303172641	13.4321840176172	12.7390586252771	13.1435321725322	13.4124678336268	12.3246363590156	13.4600432134272	13.0449432477672	13.1513690517016	14.1784088730371	12.8311660949936	13.5469821253043	13.0604729576593	12.8948297591175	13.1189403653958	13.1295066158748	14.0158014247598	13.2865761960238	13.5956998659347	12.7395813349989	12.0806580151955	12.1454294284985	12.8954706557616	12.9914643928527	12.7888703183073	13.4643952052596	12.5372959448729	13.3737863579059	13.1602262369843	13.5190525717649	12.8801521894973	13.1874344912296	13.1480449074063	12.6140162539499	14.4256809799639	12.9373332733736	13.4254174236274	14.1994670322394	13.0194184373164	13.7118728761561	14.2564123616037
M319.2202T335.54	11.6759455332274	12.6473084312749	13.3577099819205	13.0039219431558	11.5873432183719	10.8814203857365	12.9205114199033	11.521474780351	11.6850398697459	11.9848023753045	11.9095969655697	9.00687743301676	11.8818391577576	11.6070051996804	11.4991829533141	11.4182336980803	11.7310291885635	0	12.0885385031979	11.6234474545741	12.7330646556328	12.623622995238	12.6331449732588	12.3521337981424	13.0291825757671	13.0309045833554	11.007833162409	11.9475901951628	12.7001957474976	11.637240138838	12.3655483689869	13.1139909393481	12.7180718782656	13.0426450874663	12.3915783218404	11.2401651061562	12.0238033693441	13.3753053348212	10.4492681176007	12.7065937469507	11.6660752905939	10.7264971000864
M319.245T610.11	15.0516848982657	14.0784804343033	14.5017096452482	14.6540581589445	13.6889452632515	14.5897148307899	13.4424438066733	14.536720843559	14.3865859949025	13.1139684134386	14.1150370616331	12.9707453260512	12.6637556095692	13.1055131513538	13.3448722892696	13.1608348786189	13.1306315557765	14.0207451370819	12.3076921564966	13.7497367994998	14.1384040530032	14.531998949432	14.7648552228702	13.3449920819853	14.0599752832359	14.9021706518513	14.184252130206	14.868684289298	14.9166638775738	13.6104402596648	14.7397716184523	13.9958456748317	14.4191485915764	14.0420221481542	14.0897472481244	14.8389147937267	15.185667695859	15.0307663315038	14.6969489137693	14.1428192950125	13.2235286018485	14.2004008032215
M319.9744T48.93	17.0311318101394	16.8756795057394	16.6562694970757	16.5508906466927	17.0393456017541	16.8226765442001	16.6836767339377	16.7718221781806	16.9444339973994	16.6877354764071	16.9232810999013	16.8052449061618	16.980446444433	16.9707314927424	17.082869174581	16.9004203548522	17.0481242947044	16.9039774439257	16.9744988888063	16.9511993214782	17.1046592478183	16.9143725725636	16.6181983739221	16.7510562039111	17.006266286623	17.1830552561419	16.835182625617	17.0778005902145	16.8307648749701	16.7073642351787	16.8997759318024	16.8135130446063	16.9616229720601	16.904343949451	16.9099308618667	16.89689374846	16.7582149075475	16.8355842848071	16.7575170472308	16.8673726844177	17.0086351523438	16.7547182218044
M320.0107T293.09	12.8156904992642	13.0029516980956	0	13.4705944858175	13.150902622193	12.8475279822561	12.920108049274	12.9028988314932	13.8089305103447	12.2888606834497	12.4597351687533	8.28419802178498	12.5785777170287	11.8200829806085	12.1735499875415	13.055348320261	12.761596948884	13.045844846383	13.0459664770035	13.558866203733	13.1204931361806	13.1292372819986	13.3613265623918	11.9604690521811	12.2645862632074	13.1655368509315	6.82576903755876	8.27241656815223	13.2161213637406	13.7195042461446	13.6019464352628	14.2845834517807	12.7457317347359	13.4552798442025	12.1413368558563	12.5451248359025	12.8241604285211	13.3442073743455	12.1870566342989	13.6151887716173	0	12.8184017801874
M320.0569T350.87	11.9277641944068	12.0039823634415	12.87227862923	12.2523637151159	9.59401899415756	12.0027129848387	12.0436663272972	12.5352100742519	12.3773866726033	12.3967105236205	12.0005510147345	12.1277901230523	12.3302815475239	11.7206480648153	12.2373906380547	12.26905663418	12.6887429872158	8.19522084453484	8.19078799250396	11.6478930375638	12.1716595400687	12.7692322854576	11.8351377045899	11.2081213242335	11.8592952515624	12.4936885476954	12.3864282084161	11.7484186920218	11.8313831974045	12.6385918172075	12.7026115583847	12.3969802260739	11.9026356109375	11.8061459013399	12.0236960259826	12.2229950607117	12.4599060152572	11.5678981564431	12.1102109628673	12.4237802394626	10.9193030644667	11.9939940332968
M320.1467T85.2	11.7429895722712	13.049318838896	13.3493908565706	13.3663228821919	11.4449673744681	11.0744867861015	13.224939262	12.0293037408312	13.0948116954384	12.1945542214621	12.0283346488751	12.5864338759962	12.1880390192053	11.1825978146476	12.3061233695201	12.3696153437798	13.0592558150664	11.8086183901348	12.0434302421119	12.6487894081773	13.3907652733576	13.2543323816426	12.5998492825533	12.3556122475042	12.8571024503783	13.1223542172193	12.9375401927041	12.4281105224407	13.2814165447973	11.5305531455418	12.4731246442786	12.8969583644525	13.2180825367699	12.7943502586172	12.97700251811	12.4095081086846	12.1299352726718	12.4315196098364	11.7164654578	12.0394169821428	12.1694548363331	11.9564792812855
M320.2572T631.9	19.6800495296547	18.0474306430532	17.7644536960945	18.471123983895	18.820226705619	19.7347199351651	17.4418651164871	18.6705620599255	19.1014350827169	17.1949587728529	17.8090071507628	17.9031772048993	17.9733051471258	17.2951237638738	17.5358678326304	17.5934107689343	17.8603946368236	17.9926939499361	17.8881073800133	18.3093080327543	18.118699552211	18.7819348413006	18.8220509582021	18.5000803578698	17.5267015983496	18.7319360613356	18.2427467334265	19.0594713149285	18.3466311333183	17.5156475744099	18.7740262445991	17.6855151858479	18.1316399261839	18.1696135612373	18.7845583450253	18.7429123850942	19.077251390125	18.5841465945192	18.3164296636647	17.6495923181372	18.0561485821182	17.8168988698796
M320.635T75.19	16.7870915918605	17.2772065432475	17.1580824731514	16.7837894104018	16.9791394155321	16.9335587350767	16.4840546676237	16.7737611218142	17.0783693629329	17.0905301376274	16.5770387071099	16.2660623687225	16.8107653977281	17.0100926684483	17.070001827691	17.3550190539603	17.150351516721	16.8116284385646	17.1572155290434	16.8633319279506	16.7678630340887	16.8403850511333	16.7136609279278	16.5012880285282	16.7903014468946	16.8207543920556	17.0289723790911	17.0728718179281	16.975485974317	16.6018506800722	17.1640878412282	16.9237627739625	17.0181503163417	16.957755694226	16.9588666786222	16.9425790748962	16.9975416774099	16.6744861135876	16.9976217317121	17.1195998622097	16.6350034254209	16.5912664220318
M320.6358T697.27	17.0840348349248	17.3179865355229	16.7965245510085	16.7898901215573	16.8463469944098	17.2441684603058	16.7956202030614	17.3383164213315	17.4083391801574	17.4046581360601	16.9933224229445	17.244849598413	17.4460213732966	16.8164054564344	16.2914637097154	16.5385206688031	16.7575267941565	16.7447467090769	17.2238271887469	17.4690629631366	17.5487789376876	17.3918411630938	17.5383823651603	16.924588148119	16.8894602050673	17.7814713458034	17.2734854914184	17.4074817771822	17.5389409966474	16.2333032043914	16.5474889263648	17.1838901702624	17.1682841744561	17.3248668993501	16.7422548098982	16.9785044360065	16.53795828558	17.5373550205439	16.7772622220332	17.1904343912944	17.1989606930672	17.1688336922765
M320.636T662.15	17.0867006485381	17.3454468852307	16.9964157512206	16.7046406147645	16.7272699974356	17.1451360389249	16.6240200280786	17.5701920005364	16.6065118282651	17.2940984967247	17.0147819223607	17.3885173662305	17.029628830328	16.6339047906254	16.1450189721683	16.4454753507446	17.249776046716	17.3101670590595	17.1285789008284	17.3794185633733	17.1415314556766	17.4959034887129	16.5710026586228	16.6793701698676	16.6221294379755	17.7031675255566	17.164883489557	16.9926802186633	17.5226321803644	16.1142166968272	16.2302599507954	16.8853769596731	16.8898398294825	17.0437809725135	16.1673659157498	17.3125940764257	16.2678816489568	17.4528342260058	16.910435465426	17.1034100834077	17.2618899897311	17.6046445582145
M321.0674T28.2	17.146310191718	17.3873361912038	17.1085573513569	17.4478889939567	17.520868798448	16.8806600501951	16.9057075650194	17.2838923643992	16.41408346068	16.7808821047318	16.7268567612403	17.2292973021682	17.1068832784344	16.9022135248658	17.1391111903571	16.1490187389966	16.7460304641032	16.6549534416163	16.8405521800731	16.8609338894495	17.1312213046125	16.8667619777924	16.8634087627442	17.0120547745072	17.1388719684061	16.9553489179558	16.5414615527748	17.0242264850344	16.4563165604549	17.1163747754938	17.020507790992	17.137874481951	16.576714696349	13.5515255748748	16.9671565601749	16.7221945163501	17.3704318035415	17.0758977094923	17.1413003613634	16.9037763896731	16.9012955333112	16.4583270435947
M321.0829T80.63	11.4972282283208	15.2544624069863	14.3469522676218	12.6092537473042	9.48176308086245	6.87406905529628	9.9833481000405	12.6150960652786	14.0984544809269	12.9901559067077	12.2670957722531	11.3757056615256	13.1126747334653	12.1715449326605	12.6726842649275	12.8990493481324	13.6131971237855	11.4747552139599	12.7229347768745	12.2852648650495	13.9519538245047	14.7400590369883	12.8658236865009	12.2683229462495	12.0109111032157	13.7319850433737	13.5293160816053	12.4024877646831	14.0782549517403	12.2769169809203	12.7738387954779	14.2144687185978	13.6904881114652	13.7610308200108	14.2835262654937	12.6468503444366	12.3921797250675	13.6665286146092	13.068979715866	11.3435516390868	12.4453759389431	7.77713422181646
M321.0883T480.15	12.1692796677033	12.1962386789126	12.7585593277821	11.4942314708446	12.1550865500468	12.6770920057156	10.7103769038092	12.8061180481933	12.5825778664021	12.7794281241851	12.697342943922	12.3291199942217	12.7916402818076	12.2254617888444	11.043360652965	11.6613459665351	12.6538284831415	14.26240795776	12.6276330185201	12.8524357512057	12.7092002707811	12.5813058058593	12.5133882798463	7.14827976985559	10.375397235172	12.0888285444602	13.2902164983658	12.56858282722	12.7768573269759	12.1492793662303	12.7502904064615	12.579594801538	11.923918332468	12.4363732405337	12.0905722886142	14.163660280414	11.2573293067327	11.7276842167787	13.2416583258812	12.3734025296295	12.9184060253913	13.2138555754108
M321.1664T70.75	16.4200842459575	17.5719055129472	17.1331661070027	17.1573522896261	16.2366539818873	17.1204727808783	15.7932742242156	16.1972127327811	16.794269352363	15.9022860511556	15.5859595934858	14.5589285658897	16.726681604838	16.0154702595005	15.9080215317462	16.4877301722706	16.4960582506206	15.8687278880474	15.5565816298992	15.820908124233	16.6093395521675	16.6279592071699	16.0976672370954	15.7294720632418	15.4191805999369	16.6259383078032	16.081066151291	16.0052031614788	17.2333057616799	16.3151712471097	16.7192879811535	17.462689762177	16.2235898198846	17.4050043572715	16.8536394497827	16.1596417380416	16.9824404296869	16.3332768196473	16.1401658768024	16.9490773258192	15.1463633297318	15.8026181455017
M321.2032T55.58	11.6481017209362	14.2873243407817	13.425102514247	12.5958615475235	13.3588199209828	13.6613687347125	13.1695857609098	13.4924329766639	14.903154171178	13.8641937913503	14.2084815373234	13.9803538235963	13.7312970931118	13.4673048784133	13.5395939442127	13.907813485904	14.3446301670598	14.5687226613314	13.8579676688517	13.7329442417326	13.2833518044218	13.0990220786801	13.4769959791596	13.3585705106918	13.0470344427207	12.5289942241505	14.7353783801823	14.0215184289685	13.7787587459132	14.0232405127007	14.0390216027071	12.5878125499252	0	11.0835532785418	13.4387114387744	14.911695759444	13.5786834358271	9.57116028158354	14.1896399368677	14.1794521961353	13.920277508539	14.4585847653226
M321.6503T640.47	14.9360787029192	15.1250926276388	16.0196361537898	15.4860678463456	15.0667000230859	14.8799420110837	15.9413719683496	15.8649991172657	15.3332198023035	15.2650189926052	16.351801255769	16.236416121862	15.3045697060085	15.3867264167891	14.0292889633069	14.8065471200859	14.8105624967239	15.2063118513989	14.8973786806621	15.2227572815026	16.1806269519376	15.8868356729952	15.6718135513274	15.6575265545286	15.6950473193142	16.6636951657418	14.9870460302759	15.1039420125823	15.6871789343332	13.9299099184457	14.7035219590472	15.3230658254286	16.1601662254408	16.234707848627	15.8628331641493	15.2661805982006	14.6840127660704	15.7694686278579	16.051526703129	15.6009044803792	15.54725536265	15.0876254943467
M321.9715T48.94	16.4389588986416	16.1215774676984	16.0123469891964	15.8506985200007	16.3353125794384	16.3050371095496	16.0442072991985	16.2337023834536	16.2870562427164	16.073036308738	16.2623618890027	16.1624503732643	16.3422404933988	16.2544655099205	16.5147081008205	16.1652241946804	16.3350061961937	16.2293356989672	16.302053704263	16.2357573919466	16.379555299528	16.436329325869	16.0279664822886	16.0603855443211	16.2782699383224	16.4804118638956	16.0965396186003	16.3667619359626	15.988270399951	16.0804709315736	16.2914294652752	16.208114650709	16.276757710317	16.352675042349	16.3117953012818	16.131827986656	16.1369343559007	16.1126321081295	16.0756819960528	16.0881744645683	16.3090772591249	16.0953380825619
M321.9998T346.92	13.4094350788547	0	11.4810640469549	10.1292276632092	12.4947000888223	11.7840274683041	10.5294091193259	14.0678978129551	13.9767008112071	13.7911615573171	12.9692884545912	0	14.2720194102931	14.2975351958921	12.1351884884473	13.7534494943221	14.0698181799007	0	12.8017200404947	14.196381850957	11.4772549743429	9.94311168075977	12.0310995402561	13.0156636214582	13.7487360677476	13.9559503241287	13.195247243486	13.7759150287046	10.5347407832495	13.5415750481149	12.5153823289244	13.2659413726857	14.6765227234495	13.9010805996632	14.3394877543671	11.8377998883354	13.1118545822091	13.7573887179754	14.341567333307	14.0227867015216	13.788373881262	13.6281902992796
M322.0782T64.56	16.0421519316016	15.766806683287	16.1317537795502	16.2594598125804	15.6128859467652	15.7802846623455	15.8998421847011	15.2376630581694	15.7704019267304	15.104018939076	15.7950035777964	15.6241578456961	14.9043327498449	15.256047978039	15.9401949357272	15.9617838786704	15.5892048908224	15.6772095229002	15.3415478894203	16.0067464259184	15.7057848383833	15.7859351295377	15.8850306301484	15.4108408362433	16.496693905405	16.4588305968287	15.4561490563094	15.8983166402643	16.1090949365427	15.9834169146288	16.7746753818159	16.1161678931073	15.8054556886971	15.5953137258747	16.1725873886425	16.2476876272177	16.4007984882333	16.4617507874431	16.3155757979602	16.0666092060824	15.9616373280068	16.6857508845422
M322.0882T370.82	10.9883211741442	13.2957848234544	12.5263930000244	12.768187884445	12.2999390138991	12.4489482487467	11.1604448432026	10.3958498760907	10.6526027836278	7.38622640119436	12.7190852278353	12.7757762648388	11.1429598498551	9.81136492006273	11.6769966742279	11.189455759637	11.3434778916881	13.1461611610203	11.3383366204942	10.0014277757215	11.5114150326057	12.3286076461083	11.0494375922568	10.4804022302716	10.1956492872798	10.7022924552069	11.9837454247322	11.0051533832812	12.9873927378412	11.4683869475168	12.0435180581313	12.1014917739212	7.80708032221712	11.3002100211921	11.2638335311234	12.7782094440503	12.5891573706962	11.7358616773616	11.7167944135488	11.5098046378519	10.5976731480768	11.788139584672
M322.1074T70.3	14.8902345394286	15.2645263281483	15.5266216890504	15.0929934793596	14.532157975775	14.6688493298015	14.8722034228109	15.1480379787656	15.3983999113668	14.5797924025815	11.9008693557699	14.3667835358993	15.1957728312407	14.5553294929044	14.9746041839479	14.8050648074877	14.6094755388997	14.8898856547621	14.2859001260703	15.1779523970695	15.0757501454539	14.217643641152	14.7940451335975	14.5283386548845	14.5770464712483	14.7235413038107	14.6657799112463	15.1784952758085	14.9195792286051	15.2958513250236	15.4660468309077	15.5500982134139	14.6882781351396	14.1931299261554	15.0270068068312	14.5664086503618	14.734657376824	14.8931229005645	14.6996718924061	14.6504969722445	13.8385102039991	14.8344277716905
M322.1083T97.51	11.8645856110012	13.9183518227251	14.1030630603477	13.5748120018861	11.9077009401374	11.6813456621057	13.7741264593816	12.4740885656132	13.7584735803201	13.1459064047972	12.8538272138124	13.4259692281707	13.2497223942881	12.5924616585926	12.7157905147148	13.3111657806015	13.4012483722208	10.1741841811769	12.859722900346	12.8343082963366	13.4838154963132	14.2729477878736	13.851378375668	13.2540070672034	13.7752250544408	14.1525421773726	13.2502413173944	13.0601887773044	14.2256317772723	12.0029686012941	12.7887174631039	13.942384611576	13.9692427416053	13.967994567805	14.269897480925	13.0129731340768	12.075055492177	13.1386988978716	13.4038664719539	12.3749646900437	13.1192489966114	12.3278709031988
M322.1519T640.55	12.2999121205932	12.935459057413	14.0661137284687	12.3074297466	11.8045850657938	10.7337674663131	13.7695371149775	13.0448564052428	12.8866116297184	13.2186999913223	14.3233487879933	16.4387248285481	13.2382078990402	13.1731563595261	11.8140979057143	12.3130679744565	12.04045101297	12.6742206909482	13.1777826063525	12.8041005818141	13.6869998434935	14.0588584698793	12.6337068989095	13.0662137120786	13.6395664086656	14.1831087659013	12.6618385110252	13.2256459361007	13.5759212079431	12.0374753183489	12.0284663136819	13.3965905948171	14.1728498378401	13.9687509154824	13.9219693390704	13.0308556774591	12.9472897139146	13.0667553772176	14.0947642933225	12.8662924801003	11.6781457839484	14.2996343897598
M324.9284T343.78_1	13.2128656040507	12.8297819503566	13.2970713978203	13.2240878425546	13.6228563785625	13.7878873187622	13.5101967623912	13.8838712913286	13.9282390514856	14.214510477783	13.6677290309017	12.1101895112127	13.4663099737581	14.0725908586249	12.5693588113284	13.3690322427898	13.614088534884	12.8404477650746	12.7331491731998	14.005155511362	13.1746734846766	11.9411227813824	13.1117068434331	13.111101406835	13.2347942980739	13.6103362935321	13.15128558953	13.0501133150909	13.1033881142543	12.8549734624345	11.8624533234805	14.0260600762898	13.3908790285253	12.9068362967924	12.8973729130112	14.395417234824	12.948041203175	11.5945571846126	12.9618217451274	13.8155143759135	12.6454044604394	13.4325447721238
M325.1077T62.2	13.0780492966816	13.4478438952024	13.3816578118709	13.6135689700009	13.2795042579855	13.374875464485	13.450855592381	10.910677928543	12.3656921601826	11.2852948999285	13.6075586133372	13.683382070213	13.520095672688	13.3948452358361	13.1355835292092	13.4375362001016	12.6133550351966	0	12.4639943923958	12.3267779970448	13.2629615002309	13.4903506020904	12.8789854316147	14.0830225597154	13.5226768353623	14.0492521544614	11.6142528580351	13.0950653982967	13.4273446559738	12.3028748190106	13.2330738477189	14.1314400165294	13.9322333954839	14.9859587505878	14.1027706434831	12.7865716037646	13.9092633475848	13.6652219075941	13.6969105668837	13.0461678803398	13.9052173544391	10.8029694150261
M325.1595T533.49	0	12.0979915907133	8.19463919851483	9.89988636422291	11.3495288139297	9.96066838409308	9.62158910078912	9.81512516171976	8.89100104514918	0	14.2518958177214	13.9483045545468	9.36831981656861	9.06208235512029	9.24443773796516	12.5580259903822	12.1219048773924	14.2471697010756	0	10.8947656864777	0	0	8.68220685552487	8.40728301030985	0	12.5383490837458	13.3500751817111	0	10.6345248218248	0	9.76139276430414	11.8956650268146	0	12.4857092514077	8.14742842480442	13.5852557229927	0	9.23677320644776	13.9280956609762	13.2161264822949	13.6702424953753	13.5707679931978
M325.1792T343.77_2	12.6312089921786	12.7434790040535	12.5510645793493	13.0421457358046	13.1408995995222	12.8666963682814	12.8480212559672	13.4550796484689	13.078458984398	13.8229509170289	13.164550210762	11.8496129312179	13.1485075790151	13.4422040185016	11.4339380771823	12.7627547644374	13.0677322336004	12.1619850159519	12.4129206873266	13.5356407621809	12.2054281303048	11.4286095922321	12.6654500540779	12.5018510223785	12.5869235684991	13.016791902563	12.4041696896102	12.6302850323537	12.5418101546445	11.6822660962562	11.377055995162	13.2979778930106	12.8052814764652	12.5399601908805	11.8740723704244	13.7029976272992	12.566013530294	11.0368610174707	12.6363211095036	13.2136683273254	12.4429398186993	13.106988421893
M325.6587T631.13	12.6268850547055	12.1890055816234	11.686766162329	11.3830925289554	12.0963410477659	12.6098064598815	11.2491280714434	12.6367125241488	12.901271724259	13.290543359644	13.0386017059872	13.1131859510211	12.7106278383545	11.9111478901033	11.3524579963281	10.3440694212835	11.9051008848214	12.9537760849279	10.3138871425556	12.7114311670202	13.0127293959411	12.4663496741244	11.8813233805772	11.4343621027655	11.4797977712245	13.0930943190076	12.9196368603499	13.3189030832077	12.4601900445892	10.5231740008671	12.1983805453076	11.2333181320332	12.3487523844578	12.8124622632164	12.0312062771642	13.3977159030748	11.5871328744933	12.8658118154155	13.2705725696133	13.0433083540249	13.1199732548584	13.4555515843348
M326.088T79.1	13.0237433209039	15.0041656368493	15.5970949574176	14.5869798879502	13.2504777771106	12.5095736961059	14.0118319411422	14.5608486180417	16.0740581926114	13.4819694495833	14.4276821991311	12.9648535263799	15.7574692899099	11.8530013628848	15.2595686024928	14.8356918560078	15.5909326016208	14.1343239150172	14.2993559630727	15.2478739347444	13.9192535538006	14.4125012877645	14.8720838124073	14.6505014536653	15.8067112008797	14.5669053509027	16.2100313683715	16.3757527348982	14.1589645937219	13.3776743671092	13.6057982928078	14.7469158568646	15.2278875043711	16.1271136577087	14.7154036489531	13.6291808821546	14.5777413178731	15.1247625676595	14.3104751316363	13.7407560852328	13.9834067205732	12.7247453321317
M326.1366T443.78	0	6.89653119220076	0	0	8.52086806284979	9.03849883903529	0	0	7.16522259110943	0	16.0622201776572	16.8578666472203	0	7.99300251719178	0	12.0652098039371	9.53261565067259	16.5684683577994	0	0	0	0	7.28917377905795	8.23646340386025	0	6.97367387972313	7.38600172045304	0	0	0	11.8215468541862	0	6.9064526520641	0	0	16.9875561051997	0	8.43184881041749	17.7868081241619	12.1077630006798	16.467281808822	15.8281223481297
M327.1929T86.56	11.1214688706941	11.8426837561506	13.7366415293536	12.8809643885053	10.3866940887944	13.4856264612691	12.2699963827834	10.7971320472767	14.053262019345	13.5680780388038	11.5336678334496	10.0049744934847	14.7041232706506	11.6007122121852	11.9886368330821	11.3355733895583	9.41674612179044	8.62318626493578	0	11.9377356518768	10.0907149691351	0	10.4940757153626	13.2820128855141	10.9727112369156	7.77442070997536	13.2038092677048	12.495628800727	12.3277613392361	12.0729991687926	13.2033416198283	12.5649466986274	11.8031534840497	12.8373576489656	12.4949196116887	10.5239273535283	13.3144290669658	12.0572498638797	11.1118670380715	12.7376924713845	0	11.892252810578
M327.203T295.4	13.997868838688	15.353721854335	15.0755831950795	14.1198523050379	13.7106427329029	13.7645508146366	13.7187762724216	13.9051582220327	14.3619883260773	14.8654560707683	14.5740699411117	14.4045023995447	14.5761868076949	14.1619540333842	13.831491946945	14.3879107253513	14.6584889207156	14.0527060621107	13.5674881845149	13.626252609861	14.2378810170019	9.67070320604885	14.2894616816532	14.3565997768109	14.0800611060905	14.7957157213804	14.4080198770244	13.9867847148194	14.9347764993481	14.5812436823945	14.6847849383743	15.7140279036576	14.2114352112891	14.6848301880767	14.2705501741579	14.5958564525462	14.4826245244003	14.2918933538938	14.86436125609	14.2578171136884	14.1363600493349	14.3521413184688
M327.5521T340.81_1	13.7239100718598	14.3760247715125	14.5883027041037	14.381135952201	13.811232466512	13.7372492843387	14.6481452946979	13.9241383548455	13.5674587993099	14.0409813986866	13.9271200803609	13.9124759410636	14.070785746233	13.9661705029951	13.7988368292804	13.6841674049092	13.7415356785183	13.3043744402107	13.6279647863107	14.0099921347576	14.811659284126	14.5770852442833	14.5211713866488	14.4209556061626	14.8987718152493	15.0769597960918	13.9480952513305	13.952200859721	14.4619105101661	13.2685229781004	13.7724724636273	14.7122508237737	14.6390217904201	14.6467201945616	14.5183201989635	13.5170650699231	13.5103126886803	14.7187549431316	13.853177157516	13.942359062258	13.9416430562592	13.047833551902
M327.8865T340.62_2	12.5961577830871	13.5654664582557	13.3471096180301	13.2693574097864	12.8856705763606	12.4378956688747	13.5466963777061	12.4591726004409	12.6272629516766	12.9469761902907	12.6172584170764	13.0598134939696	12.9125041895348	12.9045481898489	12.7424935495069	12.8085064792283	12.9196034123713	12.1182931458337	12.6057778473451	12.8388927630441	13.6664846414125	13.5691947835417	13.5835784569056	13.3512746577445	13.7785901316224	14.032818161988	12.7580939829326	13.0326414280608	13.4831272880733	12.37093505343	12.8191918271547	13.6188476058574	13.5350149013486	13.6125885642492	13.1535273593973	12.254210265596	12.4998243767268	13.5119164839142	12.7656074225791	12.9336795451701	12.9112541374132	11.5890689401241
M328.0256T241.48	12.6172123425161	13.2864396332034	13.2985415025096	13.070782420518	13.046838290877	13.2685935511261	12.8278263141669	13.1808615764466	13.111905834275	13.4582154570985	13.656685116067	13.1346278610712	13.1704899297156	12.7884650049461	13.051589369646	13.5053735136121	13.5157298668316	13.4222487180781	13.2621250485618	12.9739260307149	13.1299461798985	13.4813412890037	13.2787370583952	12.3437654936203	12.6256601908922	12.7284097856041	13.3111158252242	13.1595594528947	13.3508292871248	13.1753699324312	13.7450661666396	13.2433676246599	13.295585133959	13.5484467712124	13.4129544349537	13.7675453177682	13.756019659225	12.9722798591144	13.6216688104687	13.7975957191971	13.5001589519817	13.8053482021022
M328.1045T279.44	11.6553385079217	12.8260599542466	14.3325760739388	12.6879594255989	12.0547278547327	11.0651804630877	10.3179443196307	12.2371284441961	13.5345766052036	13.519639838628	12.8483128811288	8.79393718167437	12.6753920264394	10.5104121401315	12.1458505665777	12.62259826015	12.5249015232402	12.9337360466998	11.6640877697081	12.9964777165225	13.0452278725918	12.8994353878884	13.5969674965191	10.2927519242421	12.1329282738845	13.6235735083794	13.7500482799237	13.4781635304961	13.0211271866215	12.8448994743175	13.3208121570566	13.8928452729262	12.9977714338823	13.497376536009	12.4563234521895	11.8532649818205	12.2857816643218	13.1823245366367	11.1695154910209	12.4939519357468	12.8147995347553	11.5673680844464
M328.1884T343.58	11.8023895108852	13.0003445417526	13.0723184601391	12.0064132706566	10.4173101027507	11.5738726634676	8.41927465610963	12.7581875256928	14.0777713800746	13.1735231355861	11.3681104969158	9.34317132169032	13.3400962395431	12.7109144028341	12.1907077928995	12.347010252274	13.3430026286733	13.0026132587224	12.5638135871466	12.8093499146902	12.3452768987856	13.048094163781	12.1344615535418	12.0229908204044	10.952349242086	11.4368493102597	13.5155472440364	13.0115975153728	12.7294820292002	11.7099794550393	12.8988659114709	11.6203101684651	12.4808981611015	12.3514693807965	12.5831724814165	12.6282984287082	12.1727165615264	12.031955823768	12.0840824549428	12.2491585094162	11.3206221148575	11.5076867252636
M328.7575T48.22	14.4901141730723	14.4276817949952	14.601802570311	15.0482327025934	13.7030316787303	14.0569716530559	15.2468707835838	14.7699339230367	14.6326912919729	14.6684694523634	14.7634424751556	15.0393779960095	14.1240308682352	14.6610558362752	14.4873631840035	14.5268952043032	13.9761858686337	14.5697910155629	13.9932777576313	14.9404925929533	14.5463481986808	14.678321865241	15.212729245293	14.9603057633191	15.1202028153039	15.032053483571	14.6540470756809	14.5232366017353	14.6984859658551	14.0948689652057	14.7582468134693	14.9531566925327	14.8142664490709	14.4343295340337	14.8529603121613	15.034125443808	14.2689400024821	15.2400792848287	14.9143838216336	14.7847051698219	14.5251802633238	14.9083454271342
M329.0209T275.77	12.7838510423341	11.8246771607928	12.2747712061064	12.6217217586358	11.9509766720462	12.2546376279178	13.1530941653646	13.0878879059542	12.3546557341019	12.3917936497454	12.3941742577298	12.4006890390853	11.5319805148675	12.032373513242	12.1639505618682	12.4045066618489	11.1653194542163	11.2337958431845	12.0204535681295	12.0328410960615	11.6214250446441	11.47713053088	12.4368519940804	11.711887234903	12.3888686742933	12.5838327888893	12.4635482152741	12.8217856445916	11.8639194481762	12.1043557629421	12.9196097982181	11.9112834119239	12.3674659527607	12.1406566415476	12.2853954736769	11.8674365991401	12.181517939138	12.9182841483531	12.275297798041	11.9999198024715	11.4614246599738	12.287709334759
M329.1651T198.5	14.0221944908779	14.343734545588	14.4035528056378	13.8505363770012	13.9029693076489	13.6167363241685	14.2814906643429	14.0031474222832	14.4446750005408	14.0999991515742	13.9938726651281	14.1514565240595	13.926692792483	14.1340193370954	14.4322768636174	14.3615592567624	13.8229915393867	13.696971336142	13.8761157327245	14.0029247607443	14.0625454022058	13.7724106876915	14.132617514451	13.8405148835605	14.097461301894	14.0831004333942	13.7802670288598	14.1913421292517	13.8621686172595	13.5911008642053	14.1720692917708	13.9450549840911	14.4494889468526	13.9661473542149	14.1224385093423	13.4776846199927	14.2169833875292	13.9619118818274	14.0053084133143	14.2355831185368	13.8565776096091	13.7690087716502
M329.1652T114.07	14.4069543402256	14.5533335380284	14.6739573348116	14.1690157530725	14.2376404763475	14.1760429739138	14.6515654873873	14.2671095755611	14.3744125670007	14.7362764608427	14.4981590736655	14.2356072150373	14.2241279100686	14.4865936570939	13.9583956679074	14.5896648417148	14.3764042166029	14.6461914980405	14.3912366048734	14.375309735124	14.2629445659801	14.4107862092788	14.290963087942	14.3798052573568	14.2931002485041	14.2414406360383	14.2623480131917	14.5588897945432	14.5565694117066	13.9669273017618	14.4898468853322	14.4072450251336	14.1300150397627	14.306159120836	14.4956353249273	14.6826192607264	14.3776411609662	14.1189828882299	15.1779976593951	14.3838793960287	14.3285844186753	14.5065740218782
M329.1652T75.19	15.6425864191013	16.2260888863842	16.0907594768242	15.5955315577334	15.8710131298987	15.8084338780307	15.4639525288316	15.7673182279407	15.8225568025461	15.8922013594125	15.5358815683072	15.0996875244585	15.7286501209659	15.9037320549392	15.9494105359074	16.241814208534	16.0486521255981	16.1326578215382	16.1065141911635	15.8612108630129	15.6339011229318	15.7099481285378	15.6309995976271	15.4397580393262	15.7169095465817	15.6822596149158	15.7943048264842	15.8048398619483	16.0094489690611	15.7148189074835	16.1023152751523	15.838250226402	15.9042774944969	15.7631473881275	15.8709740837493	15.7839424304913	15.8620412459227	15.4033094733181	15.7713017560271	15.9569343015831	15.6132153745192	15.5615145149411
M329.1656T230.01	14.2250977527277	14.0543816159225	14.5560305619492	14.0394774692083	14.3605929909988	13.7183630364904	13.2459937449345	14.0476116508788	14.1461325456295	14.3752066928599	14.7411516433771	13.7580606470653	14.8380862414691	15.3929508917825	14.5594256230928	14.352345955132	15.5364421124724	14.2713756839653	13.3939071824874	14.3460512513979	13.4913992825156	13.9576778015618	13.5111376894445	13.8281675988951	14.2589231232742	14.1629070714774	14.4815725458976	14.2121760539043	14.151818963196	13.6281147113066	14.127370706635	14.3180722684131	13.90897217067	14.5696096863357	14.2950367218787	15.9530941993334	14.1151292066928	13.7749405511611	14.079745513208	14.1427326738832	14.0776610601249	14.7813297788787
M329.1659T713.63	15.006645542573	15.1724091933071	15.0280928736366	14.9100679598906	15.0613058520086	15.3816583904804	14.3229723371712	15.4324348602297	15.1338124792031	15.2800532272992	15.2470414295635	15.5377821964035	15.3548644294973	14.8730160604529	14.5838271535106	14.7109166930614	14.6742245144843	11.2569513391932	14.8777761396406	15.6461242474987	15.7499819886748	15.3284579774586	15.522152849903	15.1118624156961	14.9546754330509	16.0829697689391	15.2280436406944	15.4040110146589	15.7303609737467	14.5109408800823	14.2848106795785	15.0649484138361	15.4158560488487	15.5409168785404	14.7390111062971	15.3047262732951	14.5836674040675	15.7478620947654	15.1849864929179	15.3709209348364	15.5274016571179	15.4998613306969
M329.166T697.31	15.919708213051	16.2624159428268	16.6730907085365	15.7707085302705	15.7543007673354	16.2244736084329	16.4193871446987	16.3118229382521	15.8233894027133	16.3118719791314	15.98050309139	16.3397344611951	16.4874803532307	15.7335432940307	15.1980856808965	15.2560013670068	15.6915406108044	15.7078076493019	16.004581041952	16.5052408391589	16.4308772387163	16.3018578960223	16.1765251516801	15.8388185628552	15.664966491338	16.5766805187781	16.2165980618129	16.2532026041609	16.4675760636325	15.1333481057466	15.2704197291241	16.1502539369148	16.0315428387161	16.192897176759	15.5213357273485	16.0277903830147	15.2934456919597	16.4187261310686	15.750085403858	15.9710527995278	16.0659289549422	16.0625594555369
M329.1661T662.1	15.4679062638213	16.1482836440104	15.8070581352255	15.5522934959345	15.6439706827371	15.9934349293937	15.2743412198006	16.3849101155003	15.9838485923337	16.1824961003463	16.1128049820619	16.4134595823319	16.3256207019676	15.6552240882845	15.5245159299888	15.5426735188392	15.6891245843886	16.2327992296199	16.3913456091344	16.3770804996749	16.2371499189381	16.094403619596	15.5753910461457	15.854115998925	15.4783933499776	16.1340151042272	15.9413059714739	15.9272828867452	16.2184919712128	15.4638539209362	15.5686365306186	15.7833933896942	16.2230364059182	16.5302873195331	15.0377536095137	16.3051872604609	15.2425427397203	16.3073979475618	15.7895417250226	16.0734059543676	16.4086956280035	16.2682226570766
M329.2489T683.68	14.014486827751	13.96139232038	14.7111663441037	14.5729132050041	11.0423174043625	13.5014617893126	14.2122921273525	14.3739734242839	13.7924273426733	11.1245173108374	12.5359928737525	11.240818033891	12.4721663614266	12.0928825211432	9.63134050096716	11.957590911313	12.3268405125734	8.27206888276043	10.7450500976736	13.09218735761	12.9968006194087	14.3726458306602	14.3739755272132	13.1633797070162	13.9021475056703	14.0904490546079	13.8234050220088	14.7018502310282	15.2836360004044	13.1752821559282	14.4410003775257	14.8115667162286	14.5801154576075	14.2538924665487	13.9438333229226	10.2792016352034	14.4508233321675	15.5434285138778	11.0462122100774	13.6878156065248	0	13.1006731278076
M330.0033T47.05	15.1215263874997	15.0977665095871	15.0565628126903	14.7439571984894	15.2418634915487	15.2642899772585	14.6959576422757	14.8943203416977	15.3144396825514	14.8250805289945	15.206105861124	14.4281925081099	15.2747823505863	15.0996631410592	15.3664563860657	15.1975237146529	15.1144618977649	14.8508855704024	0	14.9847796524342	15.376589595922	14.9777515594771	14.7020844628932	14.3754070149378	14.9783514733487	15.4394804229295	14.8270035281464	15.2987144856588	15.0838562135068	14.621265127818	15.2918558876344	15.0101260042011	15.2658740847566	15.2365015644505	15.314097332218	14.6664814659437	14.9737114218	15.0676238357436	14.892348949061	14.9356579297324	15.081177397383	14.6839244302246
M330.0333T514.88	13.6039467362794	13.4523227593639	13.476992209464	13.459829158897	13.3696324934576	13.3584389821062	13.5574744472866	13.4045951517174	13.528610110311	13.4341279578862	13.2241233834459	13.2654161802951	13.4698020922313	13.4825055524032	13.2431028540127	13.4353354053176	13.4573546548684	13.3693800156986	13.4721391869256	13.3182648487672	13.6250493086149	13.5397326445475	13.2224019013158	13.2619995744871	13.2723252911544	13.4388915201065	13.3921898674667	13.2550178187421	13.4680177578104	13.4384493502625	13.399956003114	13.4268163663672	13.3901007485111	13.4296544043681	13.6007297355343	13.3760369619937	13.5953400181315	13.6679622699383	13.4108207724084	13.4141352131511	13.2712225424833	13.3423698827045
M330.0797T54.88	13.2624585759727	14.224694225801	15.0420485064477	14.4348351260217	12.9883350712222	13.3267020501697	14.6230520572085	13.1302245017279	13.7299013541666	13.9022038315047	13.629549025752	13.550169369697	13.6276452772261	14.0225328098401	14.7183271024992	15.4906428248165	12.6330030866535	14.4500156490116	13.5119711433228	14.2355996195537	14.3969100591513	14.8762601222623	15.2051023145255	13.6618344237919	14.5778394976943	14.5233984681895	14.2106997189604	14.4750319011725	14.9260709068206	13.1875114717114	14.9541978037247	15.1026198713314	14.5239787876399	14.4987064441413	14.5837658482218	14.1947357867422	13.0580915638193	14.5540814817695	14.2568611124846	13.5471324622252	13.4708682967168	13.7850301868779
M330.0836T221.34	11.3021289592227	14.4665989018823	13.9971397125701	12.4863409019334	10.5703604702184	12.1426023858073	12.83432481828	11.6571953189341	12.7232213153195	11.4939615138097	11.1067227065462	11.1056662387164	11.8633564829498	7.41271908723595	11.2488391296174	12.283123822499	12.0702304211224	0	11.178671270234	11.3780063051891	12.7566104516585	13.1812562440134	13.3576768069661	11.9641439088824	12.4534375447543	12.644242837201	11.4314129206948	10.9098283662456	14.0008850984692	11.3521187198084	12.9978467733927	13.2058776778828	13.0209256369353	13.4005570006053	13.4078145317905	11.0289868616917	12.5927923996284	13.2012964057707	12.619573449098	12.9971207457804	12.4204361818683	10.140877863005
M330.1383T486.59	14.0308002210602	13.2783361753619	13.0445477936527	12.3284303887469	13.5116273774066	13.524841885441	13.4424309499979	13.6656908252964	12.8521964178097	0	14.6714818629742	15.2886451512788	13.9563665084154	13.8605865672415	13.570987894018	13.7511018383884	13.1541775716499	14.6818401893395	13.0662003805789	13.572588488428	13.6391735665431	12.7061336220522	13.3493815743024	12.9400599874797	14.090428816904	14.1258155760002	13.9579862052603	14.5200413647873	12.8424445174193	12.7229019949852	13.7944596838955	13.0763495265503	13.4419712058108	13.3634150118731	13.2708913576648	15.2947738694668	13.1464122283985	14.0154262633988	15.3458539084272	13.9673583504483	15.386241019464	15.0716243192539
M330.2293T397.47	12.7190906674036	11.9500761625821	11.8142241947564	12.8205620005263	13.3213138136683	12.9158395697386	12.5353188821196	12.6621604914089	12.4309239240383	8.22909013784634	13.0274210556922	10.4822356272767	12.2944469760716	11.5317582104458	12.2606283080526	12.6912749495425	12.4875237523152	13.7164984900339	12.6238652699245	12.8793106623881	12.9754833089055	12.5960375635479	11.504424954721	10.3965387903985	11.7644980998996	12.1357016749284	12.7497347446728	12.4727474168244	12.4215118731262	12.6390842070345	13.1484407130804	12.4146256677847	12.0100042211719	12.2292429843516	12.3659572034221	14.329644223199	12.1412104472202	11.9403179512565	12.1857365305236	13.1295834557161	12.7277975179357	13.7120750646756
M330.2475T563.83	15.018048695829	11.140959866366	10.372988333754	12.2306383129633	14.6178127047367	14.9248352943825	14.0794955030573	14.7651983378648	11.9040390132048	13.300685860647	14.9651393039746	15.6051648239149	13.9133357324988	13.8923915030207	13.3838144048511	13.45217007009	11.2706842479047	12.7160330685259	13.5956830880345	14.6873239421536	13.5581076659719	11.9714776641131	13.7547106270057	13.051907968145	13.9793860642998	14.8025314296125	12.4745569650136	14.9241708646708	12.1660187740571	11.6643694185513	12.654774713971	13.0045927340641	13.7081245669005	13.9927580001432	11.4644011561388	15.0747210858127	13.6784652044818	14.083861349908	14.5622221353181	14.0784011166875	15.23616934828	16.0998094286671
M331.0625T52.87	12.7271292438704	12.625665044378	12.2331944192602	12.5059279063701	12.8845411872275	12.392995291779	11.6381720424049	10.7742126067034	12.934090535425	12.3799721096815	12.7617936401227	9.09638335171972	12.6056581693294	13.3274679441948	12.518853920435	13.056086322423	12.2169536561634	9.98415846019912	11.9514308462211	12.1956804703311	12.6785369533394	11.2954427316373	16.7039451005029	12.6524646247086	12.3863983752733	13.9658894139553	11.3086703640184	12.3771265000351	12.1745289823768	11.1180902351329	12.6359210442533	13.0461866252889	12.9361800816922	12.5745784208054	13.1099594726734	12.3656539101447	12.3310748796042	13.0311182243997	11.2355508519938	12.1048195118442	12.3448863483243	11.9966570201127
M331.1336T445.26	0	0	0	0	0	7.37348679337553	0	0	0	0	14.8065070073118	15.0859646965982	0	0	0	10.4753385884201	8.76471180629606	15.3028550348813	0	0	0	0	0	0	0	0	7.20273163840018	0	0	0	11.2920040797872	0	0	0	0	16.1422259989013	0	0	14.9174278145716	0	15.2600908521748	15.3470215956722
M331.1405T362.26	10.48507324734	11.6485009623691	8.8183127822176	10.5767066575524	10.2646579146533	9.93422651586761	10.8780218516931	9.29559117533939	11.370975496695	10.7212886486451	10.0150629211657	11.1846745858595	10.5772929452378	9.58543963607624	10.8401241095666	10.1100249566731	10.9689168963087	10.3238804820828	10.2344719873535	10.180699397628	11.0706798607788	11.3456205147387	12.5688848590294	10.3588223859266	9.56939760573087	11.5639570407061	8.92101117948199	9.41238069713882	10.3476085474884	11.1890306590317	11.9175373524495	13.1474572739316	8.13213585067612	11.0735815516527	12.0075937417199	10.5768774111959	11.3540140998641	12.8344089728705	11.8967668378355	10.5531910603359	12.069382508833	10.6289912272624
M331.1709T306.5	14.4521708230387	14.1476402404161	14.4835141042767	14.4430978293696	14.3128751206978	14.0551920077983	14.3942515037615	14.4399547401695	14.5176285499398	14.3858711586685	14.3456178482992	14.358717303201	14.3979258839174	14.3106406093301	14.3069725440329	14.3603707786792	14.269298450704	14.142802540048	14.282699565536	14.2738931196738	14.2962080928879	14.3609531958841	14.3179917561058	14.3637336556848	14.3781990676338	14.3995554380709	14.1700625941678	14.373698990131	14.2849327470362	14.0881612759661	14.4923642480337	14.3759921566563	14.4531213113958	14.4831773286581	14.3921283153118	14.3838010939843	14.4532501864444	14.2672835330406	14.4198532661032	14.410748645931	14.3140069800062	14.2819639544229
M331.171T275.54	13.4677337695406	13.5294389269331	13.5289500364784	13.553114405327	13.5402455582187	13.4001864301815	13.4557018823667	13.5041951745111	13.4625342653951	13.6602947557071	13.3864950758117	13.6193753277115	13.357353798892	13.4002590466864	13.3629832368593	13.4229268475402	13.5126465161502	13.4485334943331	13.4232665184368	13.4491418227873	13.5851085580746	13.6460783186868	13.448574210624	13.5229347142337	13.3779047623855	13.3701973178362	13.2549570766926	13.4423741342542	13.4470385925252	13.1294395345203	13.5165300197192	13.4886665220252	13.5217498722058	13.6488008253373	13.2894467720936	13.4638588226807	13.5996728828679	13.5185951321029	13.3615614997021	13.3395850920446	13.464606335246	13.4025514199301
M331.1764T330.34_2	13.1875113394628	13.0886488582327	12.4612206033588	12.750939739558	13.2961575011219	13.0686070317285	12.7905522447597	13.1058100294529	12.9454963167694	13.1012789794044	12.8107913744931	12.8996168439998	12.7251546449215	12.9027840002543	13.3534099166505	13.4234120224348	13.5790423449144	13.1287075303884	13.3051224251169	13.4052966700728	13.003994205736	13.4503668600413	12.7815753202679	12.3121776431136	12.0018735105847	13.3177650820604	13.4972157620142	13.7301064738324	12.872558825913	12.8588308027648	13.67108238311	13.4902435459116	12.9605497445575	13.1809727920802	13.3879920975374	13.3091003167293	13.4630404774232	13.267756632855	12.7755464332264	13.819437594316	12.795874239101	13.1715553167983
M331.2064T420.01	13.273694623727	11.5992499787918	13.0859583322309	16.164540426534	12.9782170066656	13.3566368684961	13.266107185002	11.4655180720965	10.6405687288778	14.8336322810643	12.2725511841456	14.2200746516252	13.7626127983377	15.1817457843541	14.6026112840722	10.9739467083701	13.2572552620787	12.9204636160169	14.3911281629127	11.7816462172423	10.4794181684565	0	0	15.6467552558523	15.7913297900773	12.9586730949334	11.8593352424207	10.1177571406766	12.6802888456027	11.190191917818	16.4730345179046	13.4076355830062	16.7485357556212	14.8692539930097	13.5796617469201	14.3825649898163	12.6716148096878	15.5466085383453	12.8172688398903	12.4711723568044	8.52096855034905	12.8850117329959
M331.2282T553.89	15.0256761054601	12.4120897372678	11.4788631041157	8.54265602046427	15.5204734015038	15.6627579800655	8.35480162074152	13.3169144860895	15.1206549328431	10.9123518824976	11.3215816589095	0	16.7516299839966	11.2511748422942	15.4073356293496	15.7320552171224	14.5321426469065	0	14.890451486406	12.6804668088245	13.5411725327592	13.4571375990123	9.85108695480767	0	0	13.678638687986	14.6501540382021	15.2125353984507	12.2875340390599	14.7971195096794	15.8295255751527	12.4085203775115	13.5551349454988	14.3575532528763	14.4588132594832	12.1251331534198	15.3809118852351	15.6727515504896	7.91758200531177	15.159359473103	13.2632572999202	11.0853020705633
M331.2855T791.15	14.3674027173969	16.747646520535	14.2855784830254	14.0714848576995	15.2087762268404	16.3253678634642	13.4738789449538	14.501511112511	15.5006229106817	14.9929460100142	14.48272480649	14.9325331025691	14.6313282883489	12.8836348674916	11.7174436787933	13.5034501763722	15.8279434209372	14.8977969378764	15.9490510145738	15.3003213404423	15.4885520478943	16.5484007884067	15.8975342153041	13.2725893667022	12.662584171284	15.6325960744993	15.8578117685918	16.3903319218116	15.7229047361044	13.5318515844652	14.9437295918146	15.4379550299929	13.9022471804745	16.5615070884662	15.5939485496242	15.4180838805742	15.2817916655521	16.2532097531295	13.9450495907485	16.149757878859	15.6181735158134	14.7423198770085
M332.0396T286.89	12.5920461992866	12.6684284505093	12.9706197386925	12.8657820281491	12.8268429802105	11.8386308716794	12.9851971861738	12.8173234501177	12.5174236271779	13.1255516829178	13.1077796374042	12.5925542770166	12.8360128755562	13.1174512926413	12.375544298541	12.1135636784805	12.1501814736375	12.8170177891793	12.7824634795909	12.5558426567689	12.4347692727434	12.5226211217236	12.9320401263443	12.8672781593744	12.8901800321898	12.8767536169433	12.9901271331253	13.0374146711987	12.7521909604037	12.5215661361838	12.7431614139636	12.7514806314938	13.0890295515891	13.0637338523449	12.6986656885322	12.7682646092775	12.8189328346595	12.9234508589469	12.8710152067575	12.518441085967	13.1195121196368	12.4517770242855
M332.1833T259.18	11.8958070776681	12.7254929526541	12.8433126882303	12.6858908191876	11.6616554716897	11.191916782481	12.0796216813555	12.6822823560278	13.542658991824	9.40941124376937	11.5427266528007	10.4537455898809	12.6955286734411	11.9692220876066	12.6978368980504	12.9906637812278	13.2215173655241	11.9850099300228	12.3289078254979	12.4372439866892	12.3624849852544	12.5713735394395	12.1252430318282	11.753128398979	11.7319806904168	12.3858150257548	13.3019852603986	12.4432213977189	13.3854090282202	12.2244003937057	13.0667034786395	12.8074489012818	12.4049590138759	12.6899061379884	12.7762627823236	12.6124341392888	11.6293019661481	12.2365551499259	11.3441873647767	12.3661568986633	10.9048139011344	11.8313383562906
M332.2448T430.66	14.060396450706	12.7518560335256	13.3504656586803	14.0176551911113	14.2519935621891	14.4055990802041	14.83696076201	13.6116483860275	12.9541148326221	11.8614007665785	14.1859794069775	15.40037809184	12.8339366327866	13.1646584372311	14.2251386059366	13.9839183439149	13.0533775023347	14.8174667340412	13.0310314579667	14.0856722163629	14.5741381683971	13.48240566483	14.286641729535	13.8543798979318	13.9682287735032	14.2026643191612	13.2697074014699	13.8134946908388	13.5362020810761	13.8492704286405	14.3779853745265	13.8222884340378	13.843676226989	13.4178419697672	13.6376519666481	15.0277353999662	14.5899216242904	13.1482797650184	13.4534544048278	14.3768274382417	13.5442196719765	15.6688264031177
M333.0767T238.02	11.4258859447405	11.1026618259595	11.3693709988236	11.5819917657299	11.5654907113666	10.1748177223787	11.1103034528055	11.0957074402996	11.1853789672517	0	11.5741516013263	10.9980859657332	11.0301051104911	10.8335953470729	11.2987754484382	11.0934663476862	11.5305649566387	11.5424973389569	11.6869538046029	11.1276349883429	11.6486627138212	10.9529052714389	10.3891088050714	10.9708647330888	11.4441380403313	11.0044915315449	10.6632435936634	11.5299366851056	11.1481135015656	10.8535774533427	11.4378645322511	11.3529493982522	0	11.6264402578536	11.5288555526199	11.2412042861596	12.1739736544006	11.5705336242042	11.8587222639164	11.809924983101	11.8370046626224	11.4332999317135
M333.265T473.69	11.8109956944733	13.4221626865657	13.7807085154126	13.6119866348454	12.6095159619338	12.0722411156305	12.8145253598003	12.1374130299009	14.6352796424738	13.3783694350925	15.1328009961017	16.9338559401995	13.4847085882482	11.8487683929246	13.1239898799058	13.746620296811	14.3608220910211	15.8960093180818	13.9095073517556	13.1267012179881	13.0125186138607	13.685199900561	11.5380949817413	13.031812577071	11.2156932652338	12.9009201167852	15.814369702768	13.0906459482299	13.2920320075124	12.570737097154	14.0889771770877	13.9092234453757	13.5026817094442	14.0564771831289	13.3966448675509	15.2783621014817	12.5080761002457	13.7407949898716	16.9507490698273	15.7517225574479	16.2039421826917	13.709149947032
M333.6505T629.37	13.0199500611734	12.9360574448971	13.8430443013083	13.6334485553684	12.9842995299742	13.3646622563177	13.1127637864401	14.2162303434827	13.379561073334	13.7165999569878	14.4278722780154	14.6892133633191	13.7083297386729	12.6275511794593	11.9650564185373	12.8100918936399	12.6395561870135	13.8000084099957	13.9807407870809	13.7915905966268	14.2712875216672	14.3814195356821	14.1205875651781	12.0879035125597	13.7295545013875	14.8174911951693	14.4035582343384	13.9831704080973	13.8627671404593	12.1658073230559	12.339546514922	13.855139021046	14.3597523542714	13.6433338358084	13.3532082007749	14.1447913936816	11.4559165224875	14.3304855278033	14.4797771964627	13.8446108431658	13.8027684925772	13.3008908697949
M333.983T63.03	13.1612745068569	13.5032250525786	13.6596873934132	13.6471995997539	13.0451177016217	13.1233936366094	13.2224513364557	12.9488501520472	13.4661541129688	13.2615786140423	13.2203803367464	13.4257761526886	13.1361540218385	13.1462764077465	13.2669754510396	13.5361061910904	12.9800541578997	13.5723964163407	13.1185519287773	12.8483647339155	13.5320925377153	12.9945355753583	9.98251274557635	12.3809148460338	13.4785040989453	13.5174951171408	13.1844100660697	13.4023386676937	13.3277415854987	12.9428095851646	13.5051636781135	13.4732729122528	13.8529232419379	13.3108403222248	13.8223523253616	12.9413064302672	13.2192750594068	13.1625267041878	13.2569869810827	13.6960943932956	13.2171635696936	13.1886315899311
M334.0726T392.58	14.3946954471035	14.7086178817452	15.075645778622	14.52879920225	14.4434021097434	14.2840616594738	14.4628097452794	14.7116322915367	14.5844613180467	14.9601661533417	14.7301836825719	14.5328211604542	14.5222007250318	14.358493849535	14.3892033102615	14.7249934233482	14.7628855556426	14.2305220727487	13.918955540671	13.8499082502798	14.5200404451316	14.9404174749474	14.217004480701	14.0245127793052	14.3182038174216	14.8734843731569	14.8175989921942	14.3933357725982	14.5337356196728	14.612127995924	14.7988915803143	14.6961795042873	14.6384181924902	14.331351063666	14.7039847843228	14.5146661855056	14.9215239067564	15.1314649041708	14.1978221227191	14.6681616254068	14.0373782852107	14.550541016582
M334.0874T379.89	12.384590689798	11.5578558087809	11.0290984895512	6.97638922742266	13.93380105326	13.0968809757922	0	12.1770405012813	11.5811095050013	13.4679965738795	12.2171665024709	0	13.6801083190223	12.5116744574818	11.863912959926	12.7572822378594	13.4327993079854	15.0322863638521	13.9124513405568	13.725917396428	11.2058748390985	12.0242052832949	11.7296771215025	10.3120671265114	11.1428995944761	9.95342903551302	12.9944794534665	12.7887549756883	11.9551649063138	10.6186528097607	12.2842322497602	11.6685961765503	11.8207180748383	12.7577617999203	12.1554652617114	15.1621057380219	9.82533601222656	11.418203583558	12.4702305172691	12.3556641473633	13.0766849880821	13.436932834504
M334.1623T99.98	11.6288732214506	12.8841138781031	12.9440713727657	13.0306752416003	11.9147108885163	11.6573168711572	10.271560075041	12.3756609707015	13.1879038230004	12.0632942044362	11.6190198858507	11.6595013499391	12.650323614313	10.9382270152949	12.5430702303599	12.4714372624528	13.1297952105459	12.0758340110756	12.0019487770113	12.614469865976	12.8162367130484	12.9578742157037	12.2990958017914	12.1393971534278	12.184961682488	12.6337295249339	13.1603935698667	12.710056415953	13.1843736864677	12.1218377417757	12.6837260059018	12.7781957436091	12.7986128980241	12.464217597486	12.8815436525738	12.5996678745199	12.3187245101451	12.5247149636685	11.3937349842942	12.4319608277655	11.7387639824571	11.1350464327891
M334.1625T184.58	11.297230808302	12.0609878118455	12.5568913718122	12.5073074844801	10.74940605515	9.97403829604207	10.8047567939739	11.3540716136068	10.7282255105077	10.4661935579935	10.6647193734896	12.1522490780717	11.670695581972	11.0010707749207	11.9399604291225	12.0718419316466	11.8074687015741	7.45388116914641	10.905788591665	11.4945191073616	12.0296268039203	11.6759872740036	11.2323100583476	11.9976814733878	13.1829275288273	10.9741078172407	11.9280419057347	11.9949113766685	11.9646278708322	11.4034895422212	11.591107676886	13.2892246183205	11.9984853989982	11.7666670859155	12.5983839244764	10.7841245292719	11.6348883503797	12.5267790097635	11.2801474209575	10.9028290549238	9.89185017964176	11.651642812884
M334.1876T145.24	12.7827928378967	12.6030009073552	11.2448683154362	11.7828739394815	13.2950695335009	13.0871731034729	12.4550778610856	12.2597527968198	11.8634956580811	10.1298257658851	12.6667979831179	12.9971224804609	12.4630682168603	12.1218484242908	12.7009721188152	12.9609313101644	11.8790470974311	11.2602606546393	12.0764993905616	12.7227444082962	12.1515607541733	11.902668728047	12.1687978129237	11.7431468350264	12.4389765653604	12.7042980236132	11.2333867455249	12.435192254435	11.6140670462869	11.7827142734161	12.3486482168949	12.6050976623205	12.1618279976173	12.6244197442697	12.0795368805513	12.4297568080413	12.9624544571267	11.8903094869818	12.9225020563442	12.9564978155877	12.7969776484207	13.3284644268218
M334.2106T520	14.1031567047688	13.4741905788961	13.652236596003	13.4549743951158	14.0269648896032	13.9185722938564	13.61645226305	14.3514389387928	13.9295749036515	14.4054994564903	14.9151547665411	14.5434521047	14.7276512843175	14.4635234189068	13.6211212871073	14.2562218163741	14.4192727289792	15.963540175332	14.9768290571971	14.9589024137489	13.8250562402256	13.8393678155708	13.88219398322	13.6490266775668	13.6153490253357	14.2375230320947	14.3775280910282	13.4936715347559	14.1112109701491	14.2220418192801	14.6465562040682	13.5928081206262	13.6434987710928	13.8941230651716	13.9691029764295	16.0045484783139	14.3238019030881	14.1011613890439	14.8283801298156	14.9293222800403	14.8413121374633	15.9533595588257
M334.897T380.14_1	12.8408051452614	13.6517605900808	13.9882008430635	13.8262623156601	12.9686189640056	12.7522587764034	13.6181147236566	13.0539379059893	12.8442661733192	13.1972735182621	13.1168265843575	13.3955683788216	12.8215770304981	13.198271461923	12.7618589786808	12.7442439594004	13.0151521972647	12.8086678834835	12.8600581814946	13.3474586489735	14.2465257343535	13.9465390815686	13.8888092700791	13.6561075505182	14.2858099065632	14.5747609188407	12.8963994054462	13.1106648492533	13.8198769422218	12.5034870175986	12.9785805740645	13.972442660771	13.793667185962	13.7786459785027	13.5652353992222	12.4575098109797	12.4044787606614	14.0372454925582	13.4431802773587	12.8423494388042	13.0959016451185	12.124299811834
M334.9667T62.9	15.685787708098	15.5588264213682	15.2449555403844	15.5548932786334	16.0421242509897	15.9144225419055	15.7990678975078	15.6453376754157	15.7695988963336	15.3564627700666	16.0703245751517	16.2701794750309	15.5209058074219	15.5715468327204	15.7349748219137	15.8298677797072	15.6899950025806	15.8030216371928	15.418374861907	15.8126797521234	15.4207924849777	15.6540997873911	15.1660328495044	15.6620424934904	16.3988279634906	16.1070568213094	15.3465431251907	15.7220334400516	15.4823594005982	15.212895106863	15.6105596969393	15.7621920127881	15.7141028242746	15.636697910396	15.6216718821157	16.1638204806859	15.8984069483216	15.7439062005358	16.1363249888582	16.0813124299697	16.332726719579	16.2077696234819
M335.0236T405.31	11.4753546848245	12.9922618889072	12.6439572282146	11.3896261726194	9.15934147094028	8.2792815113301	0	12.3504654467333	13.5265210314882	13.9695476607068	13.0733505413035	10.5050591996842	12.9841506899454	12.5882163401276	11.7550429783401	13.4371648569488	12.3048593980318	13.5546838119434	11.4821794326921	12.1074885150101	10.3327227959399	10.9918411637629	8.07305098525433	10.5421324788195	0	8.13622468307424	12.797726726253	12.8545808972697	11.8372066620972	9.87095490947065	12.3715131705681	10.208589139702	10.554449403571	10.4537874223729	11.7041807648482	12.63705626895	9.81721694441648	10.8086738574963	12.0478195006897	10.9057764321892	11.9232715011574	12.1703211260601
M335.0462T444.73	13.8939802243158	14.5985540773292	13.9722376496723	14.7071216944089	14.7787419183835	14.9096594917637	13.9485188686714	15.0185060358945	14.0100160980222	13.8649976972215	12.5268084803138	10.617519840601	14.4869762635841	12.6058897667399	14.0121059389598	13.9522624687512	14.2798154012198	12.6975967137516	14.6282224300475	14.2776187044186	14.6197485291943	14.8037711556123	14.3067723813285	13.9593848190499	13.9461754096711	14.3889938804728	14.8171542918373	12.3451914743559	14.7224274016914	14.5663193526271	14.6745843405445	14.8681969531434	15.2882169512482	15.0572021037067	14.6348488876946	0	14.1830869692858	14.9754757259529	11.7998054058712	14.7362835417887	11.1188575324729	13.4781303023161
M335.9785T62.95	17.7627516690444	18.0211710349292	18.0982677650943	18.0103743050234	18.0080888081821	17.8761624092397	17.6795169577662	17.5063290188638	18.0968330922645	17.9122878568414	17.9139153129245	17.5588272014751	17.8256542057901	17.6976015915083	17.7186575389382	18.0034766918144	18.0088294625386	18.0851523585934	17.9410558283297	17.5026958363648	18.054710902669	17.9981773852122	16.8308121211649	17.4588274721898	17.8996669303929	18.0438181343411	17.9342537062334	17.9478836518127	18.1558082443718	17.9257264208944	18.1873783988408	18.15457613669	18.0952824250295	18.0943964195129	18.2470218991346	17.9922811050815	17.8907299435945	17.8789238836733	17.8643169688635	18.2784179726319	17.8826716301331	17.8743552156992
M335.9819T198.74	17.0160067977783	14.9129780569101	15.5178858485974	14.5128933456336	14.4536547319984	14.7990168230215	15.3482754179185	15.2716284265025	15.3010758358858	15.1316696444365	14.891475117565	16.5835286420205	15.1940957270134	15.6669343018166	16.8128970790361	15.0655111992847	15.3472914109463	14.7681601622885	14.6410176064257	16.3383683973256	15.5449886082793	16.1079250633719	14.8900165366113	15.356765161168	15.6553551432512	16.2754782847289	14.7664297973886	15.2713642248485	15.0991078451383	16.8383078888083	15.134132575735	15.2079631784837	15.5993896874142	17.0667817051953	15.1761991358903	15.3066901743708	17.2361778957014	16.0819828105429	16.7903063722388	16.697505572715	15.7317646879721	14.688435369589
M335.9854T48.58	13.9437216708654	13.8851914936926	14.141610060214	13.7997166827394	14.0390801125194	13.5352471456161	13.2529358635166	14.2250123213579	14.1884412425373	14.2130619600059	13.5020181432567	13.7353897195705	13.7352759031443	13.9401245544884	13.8796756200977	13.7659312849537	13.9235656870567	14.3747697948451	14.0931541081233	13.7971389782284	13.2957615379367	13.080730138957	13.3629157116762	13.8644086363761	12.9487951637426	13.3579400719856	13.2093850328163	13.1950007407125	13.5544352505655	13.3943287300435	13.5089489435181	13.9931582048188	10.1675752712903	14.0206475759519	13.3470765226527	14.1301666376596	13.0469882021488	13.5664365245907	14.3386952115283	14.3789734594593	14.0258946057395	14.4813174827076
M336.157T183.1	12.3927655271122	13.4205929738606	13.400001302086	12.9772440602447	12.4670392748777	11.4829644239515	13.006891634381	12.369291493962	11.327550548751	13.4173654181145	12.257563398148	13.0653850616684	12.1898045000047	13.1487999517466	12.1207255839929	12.2799768720601	10.8352387380164	11.6066601794818	12.4681242193562	12.5623558268807	12.6762338650468	12.1836941032484	12.8368835347096	13.0986131217749	13.2839973696377	13.1175931485412	12.1997485320066	12.1895705620695	12.9124312693943	11.957209884772	11.9264871302041	12.7232018172168	12.7903167938808	12.1594342347568	12.237929710552	12.2406179414499	11.2183934658493	12.6898933343945	12.7049589861218	11.4889360912321	12.4204838163511	12.3413086007033
M336.2263T471.08	13.3569517515571	12.1964439725765	13.7168186476763	13.7498931443242	13.011108093716	12.618648807264	13.1108013124765	12.7160124127342	13.6573517986988	13.5434744503854	12.3436068578253	13.2314563203646	12.7335391211969	11.8533021687919	10.9717741753416	11.4607751162079	9.41106639243812	0	9.70630023160563	11.9856080576839	11.3548057926445	8.07764507781676	10.9050991045948	13.2233710532666	13.4536906159756	10.4190342000729	13.141239310756	12.7229181175842	12.9817611051733	13.2013176226009	13.7466128106087	12.8644399656575	12.8059436373942	12.7650325152289	12.5352196602185	11.2639271641554	13.1804618823868	11.7273902830144	12.6786388718752	12.3744328618335	10.4064659735396	12.6537378005197
M336.2523T540.35	16.2740148754735	15.3345334124794	15.5435539519399	15.9052299080281	17.5927113676698	16.8807857097777	15.1984416377155	15.374040159423	15.9758678894335	15.4351691027378	15.4127493378863	15.5643902298696	15.1139381065941	15.3246504653579	15.6080349822221	15.2151669103483	15.0448082364511	16.0784696883098	15.119516482442	15.1794026234024	15.8629577407058	16.6085907668104	16.5897175674786	15.9086316002936	16.2955012615822	17.119496456571	15.151071282584	16.7480972868553	16.4328433190118	16.8322620522846	16.0820187746546	16.205091889504	15.4077915630436	15.7334419440025	17.6690919151161	17.3287392107971	18.1712752421131	15.9451039293317	16.1990989857717	15.2673936643716	15.1273741177229	16.0655734776921
M336.9821T62.94	14.1414620115738	13.7194837871944	14.3337491270522	14.0407446345441	14.0256293236513	14.0946849963931	13.8940756925249	13.8265583440932	14.5074212072139	13.5276598308842	13.750159782965	13.6914320569489	14.1340255413225	14.0636972331733	14.0209780337541	14.0163936998286	14.3671571701228	14.2187086247871	13.980511916381	14.0258854632846	14.25812449721	14.0279658691137	12.3470874180693	13.5756841638887	14.1334953038778	14.3381724892876	14.3954254075038	14.2447444128208	14.1422575845025	14.1128424872216	14.213573316401	14.3188071472929	14.0580554582547	14.367318504579	14.4367546899856	14.2072575492258	14.197356950324	13.9521248051785	14.0391450083543	14.4229085709012	13.9022382369742	13.8542295017192
M337.0186T287.03	13.3488161469847	13.2631296677081	13.6651453327712	13.5310371674079	13.5613391439097	12.6295969895545	13.5859181099406	13.4954595075707	13.0766069108266	13.6957624035127	13.650987255417	13.3765808965513	13.3514676250122	13.6557557829702	13.110988156864	12.6283595862281	13.2738420026369	13.3433120563594	13.5255002712137	13.3437212293869	13.2072142482451	13.1522431037055	13.497010972019	13.6500041138516	13.598373416719	13.5085930797023	13.6780890403576	13.7377026667867	13.3498915772679	13.3770095622503	13.1609910629029	13.6704517060963	13.6738565114412	13.8079439796853	13.3556080813113	13.3675697051799	13.6693831170771	13.5757367717477	13.5920897523458	12.9069778252914	13.6530561176901	13.2814942058771
M337.0552T179.67	12.367634677481	13.2058105306387	12.1479076779031	11.1458153996185	12.5581713776806	11.780641559015	10.2362599191332	11.1991523040479	12.5986483818315	11.5675823622092	11.6904176138495	7.89672511033577	12.3318026939574	10.7434972100958	11.1862013161341	12.2668780316345	11.7352652506442	7.99098747515893	8.93022972663361	9.2341152919605	8.80877375184351	12.1667979790676	10.1977666549014	10.7917472456334	7.79586974224401	9.58652531804466	11.23845549088	11.344832679878	12.1785301875169	10.8552532042796	12.0541828756824	11.2100093470014	0	12.3972732996271	12.5292418032828	11.4516508891271	11.8361911087077	11.9538916025186	11.5765178858012	12.5906161996661	11.7069406457904	10.0464300441052
M337.1173T477.23	13.0810659189784	12.4210784674788	11.7795376557816	12.0697068048407	12.0288827829337	13.1543286034814	12.6270492098629	13.1553241096265	12.4295577172229	13.0057583381862	12.3947736093435	12.7396404006483	12.2032617074376	11.8816540839981	11.512639660088	11.66210613504	11.7504982452786	9.3547925923007	12.1698771820348	12.90812183336	11.7466101673746	12.2021336249742	12.4497274601097	12.3396283014524	12.1820306690448	13.042930575607	12.6855090865281	12.6718873439291	12.4485987673826	10.9914788245562	12.5726170366007	12.3426750765925	11.9777082143465	12.469488491296	12.3912019415257	12.2883157566394	12.1760910595708	12.9665546588154	12.5916897559221	12.4807505747064	12.2215043395505	12.5839162367318
M337.1411T244.95	13.9636701050154	14.0951643781408	14.6742366925633	13.5585943935013	13.8250698012137	13.4374132377576	13.106564732082	12.6096267278559	13.9509781701691	14.7663833261623	13.8111985560533	12.6187304071178	14.600225463021	14.3015299512758	15.1047939597197	16.0063704034413	13.1534194355358	14.1588685277803	14.4377261795047	14.9282216464021	13.7791373949428	15.2087996765449	15.1415751367821	13.4020987154631	14.6554652241472	14.6648598896374	14.4751432365516	15.6112996938121	14.8083684296586	14.7610158313482	15.4156165077944	14.5900829833558	15.0680447593185	14.3727834632684	14.5191420843113	14.9461598517491	14.0092582528604	13.3400463139851	12.9990812732426	13.6882654550321	12.31780316455	14.7671879428868
M337.2535T488.97	10.0849680689031	12.3454147660953	9.40538204692383	7.00549634394672	0	8.73488965450893	9.80960079675065	10.8888407881351	11.2651206167957	0	16.5687959748104	16.3105835341983	11.5167611318644	11.1504212789369	10.7097928299957	12.70388343584	12.2489114924613	16.4596123905577	9.22950556129158	10.7794450203384	0	8.44642761137255	0	9.78212869600048	9.2334714029825	10.1664040728546	12.0028610120642	8.58312647011198	11.7417662355895	10.5443287998333	12.7460604840236	10.0206753881246	8.46319558174051	12.2473376644597	0	17.0956615343949	8.03797995915151	11.1527535503485	17.2687291524931	13.7774991739332	16.9010418674026	16.2021247118747
M337.2749T636.35	14.8869379720714	16.599369879746	15.7959545174014	15.4774958649744	15.2558220465284	15.4980850891145	14.7951636482738	15.9008608921181	15.3883051144244	16.2869518733773	16.3252398330912	16.3764217773984	15.4464384191432	14.6425757542486	14.1484059932218	14.2500531350831	16.1078737118752	15.4204637554414	16.5097367514678	15.8411536294591	16.6879485180503	17.6224894868468	16.8828249527832	14.975746007032	15.8001607527641	16.3413405703541	16.2050789996715	15.6363836443076	16.6798034078255	13.9498084379627	15.1172130192235	16.6598919783131	16.2612684575078	16.4028964738625	15.3504715714148	16.6311287304598	15.2621286655335	16.5046892856281	15.69906184971	15.6172502171958	16.3503889926695	16.4624916724297
M337.6347T641.32	14.9036128039103	15.3842871655755	14.9097716533585	14.4158785516319	15.4043869423715	14.6640012490709	14.5766120466927	15.6972970290143	14.8370712597186	14.2197313828083	15.1023871788942	14.4720234866819	14.6955510197568	14.5336539754597	13.7472299942809	14.1337191375661	14.4685641185183	14.1253284170196	14.9373040987736	14.9983763102605	15.1024091707125	15.1769676067111	15.3208820680282	14.3428714633595	15.0867445053641	15.7908045032625	15.1063507479155	15.2903357896415	14.9317371298445	13.7704221172242	14.4089079235042	15.0749754412802	15.7134002563669	14.7749973650014	14.8139745773969	14.4166742078302	14.5726989411484	14.6785052412164	14.4132390450928	15.1423013523515	14.7787716530592	14.3741614434179
M337.9065T48.35_1	14.1638730406161	14.8317596482093	14.1118164572973	14.2797589201575	14.7461239163832	15.050822800466	13.9775033943194	14.469484622734	14.5351445994679	14.8397446077879	14.0753497675047	13.8261056142781	14.5908712866543	14.1797556215371	14.4566216438529	15.0521010123326	14.8797086080436	14.3336640526234	14.4988700458391	14.5381105499744	13.9333676071483	14.6568157506236	14.2738823009341	14.5914756691925	14.0670936031485	14.3863803543468	14.666054346671	14.7345121504562	14.5895569090661	14.165126335402	14.8966468614871	14.1930309658032	14.0844508971798	14.6647401665693	14.2003106754007	14.6540255157904	14.1041051821375	14.1059663867036	14.3250333655001	15.1522605190674	14.4112997130862	13.8542403547839
M338.0886T100.98	12.4815166293998	14.166098809912	15.3956675195722	13.7889129254676	12.1591364338774	12.1738667605299	13.0290257150312	12.206838413183	13.0580806111721	12.2136608086865	13.7756496430241	12.1081605041008	12.9911869339055	10.9798233759661	10.8570886757221	12.159419514	0	0	0	0	14.2375207710939	12.6919912377373	0	0	12.598933391746	12.7401519207206	0	0	14.2414660942858	13.196840620967	13.3276607415436	14.5974267452582	14.6277440415385	15.1891476156218	13.6195946571609	11.9059315342695	10.1119445748945	14.4113867997654	13.2371979245553	13.0047366143711	13.8446485950396	11.6640241164503
M338.089T301	16.2836309416942	17.0513860992594	16.8277648774656	17.7899485066411	16.0932717149653	15.7493308566443	17.0670700442647	16.5881887403466	17.2975647400321	15.849983976783	16.9349525935189	15.8003832390326	15.5791777363341	15.6015352711509	16.5093010232106	17.2396711988999	11.4744909694287	10.7016322948901	0	0	17.4348232203101	10.427788734493	11.0898978319782	9.51248181022527	16.8570863693155	16.5341548596516	0	10.5955572591724	18.1829289307994	17.8467414382093	17.7207484281489	17.985198056739	18.0715179349642	18.5922126759551	17.4363145116551	17.3262734100821	15.6649236549303	17.7738096097501	17.2374815559107	17.6212828680283	16.8840589747485	18.1939203070007
M338.1364T271.62	12.3193906145521	12.6106223290313	12.30390285602	12.7239772293633	12.6672039159352	11.9946210386965	12.3658391352719	12.6087212142395	12.752438964549	12.3695040253396	12.1476004043881	12.4161902960573	12.826895967975	12.1370667866267	12.5444341108887	13.2038331990026	12.4909160184925	11.486523132717	12.5223272551448	12.3092502124723	12.6545917429887	12.6011501764293	12.4692703127713	12.0459201349376	12.3747746655228	12.9536675380131	12.632994750015	12.5078096723545	12.8235709404603	11.7238668754225	12.1550219408451	13.0521576470635	12.5350788848199	12.8064714307073	12.7321022042871	12.301419409029	11.6480290781576	12.2664291854905	11.8081451907259	12.3378972658119	12.6535265445005	11.7261797918485
M338.1391T60.82	13.8203886874027	15.3415435779228	14.3260945117666	14.1966040191757	13.038168280139	14.1148881773024	13.6658015930838	13.4062762124081	13.8487754375223	13.5650084887167	14.2462689848719	13.0597606828724	15.0803944643728	14.2370961705147	13.8926427849153	14.3452698954973	13.8491328715952	13.0451544396882	13.3569236200249	13.0040768231263	13.827186681511	14.697327086299	14.246108522072	14.2446000581561	13.9039002551185	14.8272683254878	13.9949958526012	12.8758599505678	13.015739728734	13.7164776717701	13.9833168456761	15.1061017365004	14.2775547442432	14.7019320423452	14.9746496170442	13.4609590407196	14.2073620536047	14.3722332635705	14.4582951670409	14.1956644378326	13.9913052138956	13.450875373681
M338.2782T636.09	12.4641621678337	14.6092123859353	14.0039796919643	13.4341562631571	12.9852394653662	13.145120540757	12.4830062148957	13.8697677070771	13.7835175756207	14.0908842633036	13.5054961576377	14.0274849853559	13.2913675215398	11.8086820492635	11.6841604906264	11.9184644239672	14.1010026896213	13.1922305402958	13.8641318143993	13.3515916084327	14.2778339100724	14.7255995391995	13.913511678735	11.4016491336954	13.2596412500774	14.0942019240392	13.7380516881769	13.960064304165	14.4387370277276	11.8508925906415	12.7427453656755	13.7191929521191	13.3687254065627	14.1953509698952	13.1743639777042	13.0982257584543	13.5513708405655	14.5397854456138	13.5256090508902	13.9831933748799	13.9138232354214	13.5463426349411
M338.8129T388.65	13.3753093387675	12.6711394239646	12.2043008039993	12.7926453743165	13.3650041594881	13.1939274438076	12.2473043012203	13.4477214126318	13.0500021707074	13.2440104931364	12.7939711488332	12.2219051177006	14.0120014232872	13.5712359066358	13.2258109906407	13.4462517007268	12.7305198177796	13.0215482692603	12.9712565635239	13.6658590693415	12.812416948389	12.5793797988872	12.296204712351	12.725670041927	12.5927103371395	13.132951322974	13.4338713089466	13.5908474832431	13.1019880707503	12.5321579269614	12.4638188824183	13.5851316284253	12.9977560176656	12.687033266394	12.7824685958958	13.0580626445651	13.1163586360703	12.9086455263686	12.4855437103228	12.8396037981257	12.0978628151122	12.6903073904505
M338.9395T49.11	14.2097542292015	13.9287722451729	14.1052736874347	13.625923375603	13.4718833524557	13.6862032766176	14.2015525822942	14.0321846086263	13.9677068162237	12.5786542027633	14.026375327427	12.2762209001277	13.8365517458127	14.4209326756091	14.3324090391965	14.3108492586084	13.910515306374	13.1874697424972	13.8441606455393	13.9557460805152	13.9217628356553	13.9557696651049	13.8422788618878	13.8794835470497	14.0771462045292	14.5011943405792	13.676525866816	14.124273710012	13.8150693128172	13.5708295955328	14.3139130528696	14.052420357453	13.9645531711163	14.2124180085441	14.0072238380268	12.9544488759208	13.728182410388	14.1725858643543	13.9660818514687	13.7488356938236	13.8213428541894	13.1148750317349
M338.967T1195.21	13.2913584872817	13.2904835827397	12.6750816943169	12.5408915440264	12.6951897659675	13.2999142637616	12.7694099210057	13.1745061866005	13.2703436747361	12.6933526670021	12.7207518855352	12.5386219792114	12.9625218614441	12.605813841133	12.1444099891344	12.5936216819798	12.7601041478222	12.2397239604251	12.8616401151691	12.9218544768179	13.6495430346726	12.4792942860359	13.6159338701062	12.3978804417371	12.7243228955256	14.16681564763	12.7891589587986	13.3776209538426	13.2934901442789	12.5041760418213	12.6261695599631	13.3755428420489	12.7033861879277	13.2539471598372	13.4332813616987	12.6614695031715	13.2075990380305	13.5919833338757	13.2693806453327	13.4002066174479	13.5517518309476	13.3308456390626
M339.0055T515.07	14.3790717690488	14.1912381765008	14.6928329146337	14.4981128094555	14.1750309840552	14.1507014395368	14.1328171611122	14.6345624681848	14.367208210599	14.3484873258322	14.6769510024363	14.2922535711549	14.5151476105515	14.2812651552309	14.3605423215789	14.3500614503931	14.2594653134025	14.3947109019957	14.1026550658105	14.1228915841704	14.6694707309148	14.350412340949	14.2471123807219	14.0273613512785	14.115501128501	14.2719808395142	14.512405112753	13.9424424576787	14.2211200419679	14.3001458340282	14.0773755379014	14.3002845812274	14.8025932201438	14.394015691492	14.1698903552722	14.3028680436869	14.100888922599	14.3642631476369	14.3409655601338	14.4548884959115	14.2673599332649	14.2069691599648
M339.2907T677.3	14.1384467394585	15.0047454680965	14.4871439126098	14.1461603988238	14.0536653904823	14.419456474402	14.1548202375952	14.6563760664737	14.90052486199	14.9975390419171	14.9346689997383	15.3842770795888	14.3624626949096	13.8405000260368	12.5931172443077	13.608608153522	13.7888543721023	14.4400240248138	14.790847977049	14.7652740549131	15.8381213199466	15.5069105539053	15.0349559769254	13.7619623400769	13.9908065572047	15.6352968246413	14.966095882022	15.4941508767376	15.4264669076327	12.3745967881706	14.2038576280108	14.3392787799106	14.771468293403	15.0991145147293	14.5550596372592	14.8563515258846	13.868341088166	15.68189536901	14.9114199402861	15.0060135538739	15.373046291609	14.675236862343
M339.9037T48.32	14.4162302722333	14.7142416252184	14.1919051427553	14.275612809661	14.6365874192563	14.7362910826813	14.2098381203665	14.5968443592412	14.5411913496468	14.9794865793559	13.9378280718637	13.3477992125033	14.4654340352687	14.6805106830588	14.2406383171911	15.0729240200443	14.7317904074789	14.0519670162307	14.27578850142	14.3167484880189	14.0500241963799	14.3904680438749	14.2757535224995	14.0971743877305	14.2021679388608	14.3093468058319	14.5216698763411	14.4090359005691	14.0627274735668	14.2894446715923	15.0315118074324	14.3216363011741	14.0131959787821	14.5237412973576	13.8026189178417	14.6701757923908	13.7619341984865	14.1874462404718	14.4355319772834	15.0731557884665	13.8990687717	13.9287890659725
M340.0491T48.5	13.3200962960837	13.5262819701298	13.4061963314749	13.4181494821661	13.3380058484663	13.0537434688089	14.5344241106947	13.8528959736919	13.462051470086	14.1753586803933	0	12.278031490264	13.9172196064166	14.3868440962741	14.354247493923	14.3180275012388	13.1021084849833	11.7062938643239	13.4105889448479	14.1285473647835	12.8876671745484	12.6243367292762	13.3808826905539	13.8990476852629	14.523878860319	15.0278977715714	13.566776159033	14.1455808075668	13.8021953765017	13.7429655979453	14.2306191421791	14.1517244219056	13.3707138630719	13.5357503273058	14.2798956178281	11.907786168127	13.0485562556491	14.6037328993771	10.7133480268598	13.9368694065499	10.5178246560063	12.9299009804116
M340.1039T320.73	17.3537066028404	17.0811065514173	17.7303120289786	16.2431691012791	16.7655646387056	14.7244153540226	16.1698879118516	16.4949806176513	17.122660586624	17.3355210197999	17.98569083473	17.0144568110118	16.9330786673186	15.8300337904099	0	12.3049520723877	0	0	0	0	15.9925911618322	8.67521724544248	0	0	10.8365235969359	11.6901572416229	0	0	15.427472282449	14.5058217210098	13.6957692683496	16.2745831097985	16.9819250389678	17.1633960871621	15.0696718130075	13.7110061067053	13.8631863455018	13.9221331263738	15.1446090184925	13.9235453896414	16.1309765435839	14.4682613387662
M340.16T89.4	12.1700843492854	10.667944589398	12.0872440434682	10.8196986503538	12.152061157265	13.1977781453405	11.273429936999	10.0222585998826	13.9400140122365	12.4107021009609	11.9611840529979	11.1333209867365	14.5878322766951	12.2142469948301	12.7848584727487	12.6722182030148	8.95969982284682	6.86531413574072	10.9824869203612	11.6218537942324	8.06688564789215	0	6.89491427219885	12.2730748091014	10.0929970247907	0	12.8846388433565	12.875055892915	11.4051467279735	12.8925770205682	12.8896686445484	11.0951088825388	10.9340168965781	12.0020381308635	12.1708502560198	9.97156967076735	13.2973380120371	9.16083582261344	10.6249905090687	12.6316681899673	8.66115712937609	11.4388654608383
M340.1743T335.44	12.0438807308057	11.8620263350565	11.8988655813344	11.7929580366816	9.54985240176325	11.50338841738	11.4987393436039	12.0008248581349	11.7172713073162	11.8151344215682	12.2543683516238	12.146792355244	12.25801956915	11.8712604419341	12.5968138789318	12.1868544015488	12.3752732412442	12.8729697496335	12.0642754127137	12.1794127284609	12.1261761650797	11.6548922507408	12.107747699691	12.7123824120905	12.8374641183199	12.4706818949314	12.4424020140938	11.8700044647756	11.5233203572447	11.9212227526785	12.4545053884442	12.3451503851128	12.425634344252	12.0918484560556	12.185492058177	12.1813893957598	12.1044241501022	12.2460545621626	12.4030368583966	12.7479199030306	12.668504188869	12.2978766200376
M340.7836T46.97_1	14.926150158765	14.8487477791058	15.2718353745441	15.5018640518515	14.6180838426478	14.4904231889418	15.706936105626	15.1398548368598	15.1148602552521	15.4595988294357	15.1990579601018	15.7292141230497	15.1549775985201	15.1697692850609	15.0332731858432	14.9863954228408	14.7341269270432	15.0090506949069	13.7135647368295	15.1825788401014	14.9427880406126	15.1572243622318	15.4625763136098	15.3259331579843	15.6062409575699	15.4238150573263	14.8096230370054	14.9564294168616	15.091644139571	13.8825416140111	15.5450559545963	15.3917930687712	15.2015576019805	14.9734844622393	15.4735994135553	15.1332192212048	14.7123464734001	15.555347581571	15.5452600374709	15.2208710742847	15.2990128168761	15.4693213783836
M340.9532T47.46_2	14.6925656414856	14.7480218074117	14.0807562312426	14.0160689854092	14.9813990250631	14.4049249160209	14.1383127288848	14.1859641662987	14.7534867706657	14.0191030113213	14.6179991787767	14.1185079918003	14.686835324009	14.5645853684163	15.0519979983907	14.8565610032358	14.9031942698189	14.2706638587054	14.6771049139868	14.3334831429075	14.8461534099871	14.6067291018424	14.4434388465129	14.0130531545448	14.5947698346109	14.8447652934779	14.4767048005005	14.7205063902465	14.3663070289094	14.0612816754798	14.6782884286327	14.4240707690775	14.8463679264655	14.8782637875351	14.5903526021123	14.1926383602867	14.4199873259482	14.5576868606782	14.2041656297111	14.376917925326	14.4961882416741	13.6487920044597
M340.9761T515.07_1	15.1230209923644	14.9723784971781	15.082247325899	14.8979144284083	14.9770130593329	14.9667864897703	14.947411119129	15.1446862299908	15.0742165776445	14.9692218075285	14.9406032724987	14.976383113648	15.1031102320136	14.907988525215	14.9622872055897	14.9138497375126	15.0784304178713	15.0350808941913	14.8685985024763	14.997026264558	15.1239922373116	15.0305095754952	14.8630613582693	14.9271577062587	14.9252016186467	15.0301626814668	15.0035302197221	14.6950718629831	15.0659280791753	14.9812491066387	14.8724239611982	15.0519193735584	14.9734330289471	15.007916860478	14.8925124561671	15.1582600253435	14.9433572113318	15.0773535342665	15.0166801559969	14.9564944708226	14.9554483615555	14.9700449153773
M341.0016T514.98_2	13.4120831794515	13.2626384427249	13.7675674692235	13.6358612278715	13.5307848972271	13.4841925415595	13.3409188288549	13.7659633820714	13.4527218618872	13.436239804737	13.627130040199	13.5869203410783	13.4848922856531	13.4054404822114	13.533745955541	13.4893256895803	13.3843190934456	13.4467501257471	13.3124238657654	13.4135575935988	13.751756457518	13.5666755667026	13.6355911352164	13.1208962475594	13.358244017127	13.5130656419553	13.7938074891408	13.2047630117593	13.3500758550275	13.4352516824893	13.2271592032042	13.5532383263809	13.9031967334541	13.7174288303185	13.4186450285417	13.4626858803295	13.4821944629123	13.6051089221173	13.4015563361947	13.6282570950996	13.4700871344798	13.4998637462361
M341.1125T383.66	12.8086152230959	11.9723277083744	10.6308599167886	11.7307814278011	11.8990570285537	11.3531333273764	11.1603000105775	13.3273815625641	10.6055886390627	13.5337419808592	12.8054068341903	13.8617181078978	11.3162532764408	10.6825174944969	10.7570607017748	11.1457159794674	11.2984132645291	12.5077140536094	11.8871502192429	13.2041867735975	13.5980119680184	12.1777415133132	12.7461717279071	11.748108311823	11.1446383278725	12.3276944551103	11.3512956143136	11.9064731310311	11.8625741598726	8.78252642732831	10.6258796787138	11.0163028131116	10.9886566489142	11.9875549533883	11.0391949313332	12.790683345838	10.0597920963643	11.2633552441472	13.0374108015716	10.8838883801641	13.011881198588	13.1961470997882
M341.5246T266.23	10.012409390191	11.9919985054923	12.2809704424573	12.1789563470343	10.8407234076075	10.252643718309	12.1233402887313	10.5492397693137	11.0592892443273	11.6597347601405	11.8640774236256	11.8839124785145	10.737336996188	10.9982809615048	11.0947857267124	11.2484370291308	11.7385981621531	11.1059264346031	11.2531958438159	11.4750403046948	11.9531106804838	12.3427701418076	12.1048185341537	11.6501146313658	12.0918659319832	12.2813233995674	11.2174075563777	10.8416146433055	11.9278055069306	10.5421800375058	11.2132828678447	12.2377263340157	12.3301620035155	12.3317168810574	11.8247344200971	10.7019839780992	11.2953893564455	12.5533883753047	11.4555080130019	11.4707219841151	11.7948858557081	11.0755603227658
M342.0865T62.35	16.5966835859946	17.2547421343907	17.0958610115123	17.0231049953688	17.1892781980177	17.113933561059	16.5923972564414	16.1741477382605	17.2533628560526	16.856938890292	17.3309589382143	16.3049128293853	16.8088867986401	16.7613093549056	16.7628722910004	17.1249951345495	17.05433939525	16.8807059838633	16.8573492935793	16.6179752746406	16.1400092043863	16.9249404222826	16.0888674151172	15.9764404987469	16.8846016346377	17.0177984791671	16.9365769070124	16.9776802505439	17.0990587040468	16.7847402535596	17.6052195124939	17.3881889486928	17.0698953642268	17.3494684933462	17.0548321295271	17.2819666707368	17.0543988510908	16.7026558625956	17.2900963154857	17.7746599355942	17.2315276987717	17.1288009093784
M342.115T53.46	12.753686147349	14.1523477952512	13.8828642028812	13.1481676159656	13.9831451629958	13.6862247084186	11.177849223001	12.9627415048112	14.0416095654278	13.5936409716476	12.991701229833	12.6300740530592	13.5783664227807	13.856922243674	13.7216194980619	14.109401976161	14.1336030900822	13.116139496874	13.7710776526202	13.5848715317185	13.5675888663617	13.3329587343232	12.5834613351117	12.5252978684118	13.093661917479	13.7949973119546	13.6560143518801	13.4026120531664	13.6251521560271	12.8505186728582	13.8877340401627	13.7667626269391	13.4860501982529	13.6607899705808	13.5030125870416	13.4428331320298	13.7290526744155	13.1929788486612	13.3787067168157	13.8845185709258	13.4825932604807	12.5306321699325
M342.2441T645.78	14.9250094219424	13.9964302691222	15.1064098831444	14.7075389568574	13.6528968670038	14.7270117340236	14.7140362113771	15.0151273793552	14.8863402240096	13.3334146525844	12.930011275578	12.9889885422937	13.5627529924056	13.0858495957852	11.8089804473475	13.3713840015549	13.4781779401049	8.6017976417123	12.912503435274	13.6942089716995	13.1189104127437	14.0511443329205	14.9305324806682	13.2640541568646	14.3281506093753	13.9843756571631	14.5473414975762	15.4689014710918	15.1063632558936	14.0232019443427	15.5042325501522	14.5441385285228	14.9881513904754	14.5503777921548	14.7557207226834	10.696821159538	15.4322115489122	15.6475895277049	12.6379715575282	14.7312794697836	0	13.8576892155769
M342.2653T514.47_2	15.1127396156098	13.1728477276203	13.4014516294972	14.2820667908012	14.5558065976184	14.58839571142	14.208725604095	15.301253374818	13.3103001004759	14.3166761728712	14.7382408613422	16.7533025391451	14.0532970695315	14.3678575495574	14.4169955387632	14.3580238176993	13.3480235883417	15.6992948074939	14.7051105527617	15.5190619432829	14.3123566241701	13.9668121418549	15.2270080652142	14.8821595005411	14.9077817592878	15.7999671902219	13.8242398816304	14.6376523159303	13.9361430116613	14.2548196211605	14.4157964227461	14.5266180492464	14.0382229958897	14.2608325947862	13.4241230606628	16.0815560544787	14.4279655285062	14.3710354591831	15.2450007188262	14.9506290172894	14.9488821827723	16.8382830546418
M342.9731T514.71_1	13.3541844932183	13.2110034938426	13.2527734531368	13.2875751214303	13.2518734780954	13.1779838665557	12.9640874698408	13.1253403305119	13.2705106407853	13.0931980001335	13.2466233275859	13.3343684417083	13.3751319558056	13.0282872564137	12.9632636106778	13.0053686975514	13.3961394807666	13.3697469893593	13.1918971153715	13.1975237787053	13.2448785605724	13.3162361329204	13.0135348574588	13.2180822014363	13.0546638207482	13.1330663817304	13.3340970071091	12.7706661358686	13.2889742818817	13.0661432944086	13.1124497245277	13.2728240170873	13.2324919792071	13.3057485921192	12.8900460422024	13.4554264254002	13.1845508815544	13.285066300833	13.1348784653331	12.8719881571308	13.3242920745831	13.2257703894391
M343.0268T43.68	14.181364770981	13.7622197039262	13.9973201358134	14.0025327211431	14.0077044413824	13.7626286611247	13.9284834011015	14.3144249266968	13.7337078158826	14.5052251068135	13.0921543344331	12.7911792052035	13.5750391074254	14.4852573898955	13.9918655750465	14.4715029953789	13.8153577765265	10.8136675456255	13.8391714001512	13.9527413406571	13.4060788718319	13.6386570475156	13.8924675241683	13.7739049012051	14.0028290054433	13.3045916159827	13.7621223918663	14.5068151833278	13.9639348065042	13.7964122880614	14.3996079389325	13.2821567890515	13.5133617304089	13.4995484334382	12.963137490229	13.2721394362294	13.7338762810146	13.3695764021092	13.7907570856574	14.141097177345	12.7529869815395	12.3265282815305
M343.09T62.31	13.124502809285	13.883196758658	13.8152667710242	13.6672921618081	13.7656745902549	14.1502542518976	10.871434656583	13.0790973108656	13.4102144748606	13.4061685156095	14.243681775621	8.14390845350794	13.535819810036	12.7943916477235	13.007267406128	13.7680503685087	13.7018602357694	13.6403785669639	13.1277615754604	13.3706551044526	12.6530120015932	13.4893373131344	9.73293528972096	12.7987367936198	13.2470495596847	13.8637955221861	13.5001495471691	13.0269150713947	13.7804084118504	13.3544954981658	13.9910508871663	13.8153697695294	13.9224092491757	13.7705927198835	13.8022456043796	14.0959127913122	13.3469387901162	13.0748912700199	13.8337427970605	14.2593922743786	14.1408386863668	14.1989870089918
M343.1511T67.24	13.3972297402101	14.4220850086045	14.1051093293163	13.9356875390193	12.1270309333778	12.9963852067732	13.6260010686828	12.6739878985871	13.4487835303097	13.6278893546861	13.8127014670763	13.981326136798	13.5107512179314	13.4621880921986	13.1951592569248	13.8458629991692	13.3389924498163	13.2819892284576	12.6053421829234	12.6917534210329	13.6816697096739	14.5706778148041	13.7851416022389	14.0481124308613	14.3827900387463	13.8913331081679	13.025506821784	13.0601982956369	14.5065969735777	12.752343120013	13.683205684929	14.1935930956098	14.1528039096904	14.145141823026	14.0782092505873	12.3878336295549	13.9395314961899	13.7140921284933	14.7753194534635	13.7182595740457	13.6261359054776	13.5737444450102
M343.8631T48.28	15.2518310048921	15.7382632388516	15.7246183878585	15.9010682546782	15.4530184892847	15.3206140363167	15.9548232772259	15.1842356016068	15.5476772568673	15.3534174900005	15.4940168329402	15.7976115646468	15.089940311371	14.8492570092836	15.0114321000553	15.075047798272	14.937883414194	15.0579979975985	15.1461112536771	15.7576505770517	15.5599109055373	14.9981839346331	15.4859673938097	15.4724872836612	15.6823535466715	15.4596234404333	15.33618785412	15.0953953302338	15.5476380638565	15.3331088111712	15.8488821891664	15.6050451601141	15.3717798750931	15.6287499816071	15.4704538671837	15.499397649221	15.1946376697296	15.419805474478	15.4549288389693	15.2761944170005	15.1296505458725	15.5325950124453
M344.0939T49.26	13.4785960790251	14.4428548381779	13.6004672474384	13.3798404241621	14.3623100541917	14.5096425911249	12.9631016950377	13.5913764174008	14.2152526403204	13.6500645815115	13.6743407113234	11.3341165907837	14.2006000382834	13.9648276058537	14.055308343016	14.2550835516748	14.3634385221551	13.2020428536783	13.9493756128507	13.4960573824473	13.8986198546718	13.7995778145877	13.2986499160405	13.1669220949573	10.9538891361498	13.3430817817341	13.7070345153426	13.9163018703939	13.7114155873822	13.802526157094	14.9105953140088	13.6204723035803	13.5539497427304	14.136364394486	13.4747221118442	13.4361480384489	13.3065133943925	13.602038339576	13.1506826396954	14.1717286511419	13.3698283754813	11.6095782548622
M344.0992T174.36	10.0181062560359	13.8570431385707	13.4927146201307	14.0069378089202	10.783496614169	8.47800550125825	12.171293036713	11.780385434236	12.8962423537332	0	12.584064538088	7.72881318355326	11.6214690613042	9.42362982584118	11.6374269153362	10.4267888761148	12.0945396476923	12.2428564111433	11.6428583781519	12.0568447455037	13.3150676700516	12.6759896144546	12.8201725495449	12.0719794903587	13.1318037671012	13.1863881758439	12.4800808518303	11.6915198808059	13.2164265750676	11.3136547296166	9.83419624367562	14.3448878024063	14.1075342585457	14.1723577887945	13.9705921266466	11.9536793115477	7.46672644128647	13.3127408362557	12.3522577567082	0	12.075014607813	11.9259099885423
M344.2085T350.34	10.7721451537278	11.6023840253831	10.6770778340991	11.2138851192648	11.777313389206	11.3770648457831	11.8596510478787	11.0104086677903	9.64108945348121	0	12.3174844287446	13.0234183952559	8.7039955920266	10.2990094872722	11.1086481296771	11.7931180670704	10.5796979616844	0	0	11.7482181018881	11.1424549022429	11.7804290952443	11.7086938848135	10.7296055183664	11.2824908368272	10.8397879532769	11.1390597768196	9.96614371650947	10.8300966892105	10.8337106708399	11.578099431966	11.4379929152374	11.6788133839454	11.3856674135738	11.1499824277264	12.7237140660284	11.6686785111089	11.8486251311017	12.1166257957531	11.5661182339571	11.901719453323	12.1844247692092
M344.9224T63.16	13.1256965131543	12.5200436394834	12.3140169084048	12.6945933521328	13.0295607959146	12.4746757229238	12.8072624866335	13.130663321652	13.2220356663505	12.9209178688571	13.2218151376061	13.3806654609996	13.0568839763627	12.6329914395838	12.6316693644274	13.0293977338653	12.9026452646264	13.0755720383907	12.742838736903	12.6459483930309	12.8268936669945	12.9496636056748	11.4920601328024	12.7020891746254	13.369828947101	13.0058120702077	12.5492353591356	12.9609929415349	11.9630648659703	13.3875711123378	12.1294709756752	13.0310499741383	13.6335618379064	12.6209500898908	12.5857100002494	13.1982243929672	12.8356901128462	12.1963652203889	13.2785669124904	12.5243522926435	13.7466308960706	13.6208723802149
M345.1452T543.72	15.9154070901865	13.4854037621456	13.3274868101022	13.1616932699686	16.035159793243	15.8862421609891	13.303307295899	15.8242532636994	15.4600932247653	15.9138031088167	14.2140119430084	14.1009517635765	15.7929348644741	15.886928951337	15.8507224928803	16.0502133098611	15.6290708355335	15.6996230325633	15.7134166976008	16.040435820367	13.7692022204651	13.9253543599597	13.8557851454946	13.8308645695097	14.03841029362	14.0589727518545	15.9921871881853	15.9760394185702	13.8821520045431	14.6176514179231	15.5491193291123	13.908048733282	13.7240921753005	14.3441322539148	13.6646611580341	15.9040595358688	15.6608990839194	14.3777268089447	14.2763001138277	16.0141868014079	14.236374519253	16.24906756287
M345.2075T472.37	14.6934286132214	12.4781436528906	12.0461192377247	12.1185198163186	16.2065773101923	17.2886464837359	11.2893015769715	14.0979301479665	14.9950721813013	12.9587927757092	12.2704679480798	11.774919999344	17.2735962807976	13.5966837491018	14.7750718894999	15.7349186980431	15.8219417618106	11.7566640031799	14.7372650283985	12.0074164428801	12.6899504241216	13.2678288426838	11.5986084365483	12.8402757631054	11.8879302842407	12.8116656995416	13.9553985405932	14.8443772316179	11.7850543348664	14.4430790713047	16.1313674627786	12.5475816315127	12.5488641037149	14.0449908841275	14.4625049570845	12.7034769467117	16.2130259019601	14.0417558292041	11.8251912959405	16.5546943518087	13.4492127930382	13.5943677904761
M345.6506T623.67	13.2447400149132	13.5642649894474	14.2900350156486	13.4064877485344	13.3292494555533	13.4859228932279	13.7077313419738	14.6200894387998	13.9311990604651	13.5877052103677	13.8905571094936	13.5098414389629	13.7889887018547	13.1258661846698	12.3723529670439	12.9963402411749	13.2318266575873	13.8576446540683	13.763164065556	13.7345563943259	14.3188399156752	14.1918196429409	13.9924325272896	12.03972923955	13.7316638934307	15.3694712606543	14.2230235579705	14.1112667649079	14.205157479018	12.641026535514	13.5324460041344	13.9758002065516	14.2634507204891	14.0777362795103	13.948034620395	13.8405926406775	12.3459534174963	14.580466344727	14.1097754099923	14.434583585886	13.4877009474093	13.3199931383752
M345.8601T48.33	15.2650945779811	15.6736388302757	15.758354386611	15.8845877560405	15.4407298624069	15.3289395612226	16.0175234697895	15.2535421050596	15.6443533109303	15.2958160795251	15.5860966611333	15.6258384472175	15.3075638079944	15.2445291511253	15.1595633464935	15.1957972893103	14.8055796087011	15.2633443618943	14.8394380910462	15.8781269771959	15.620887456	14.7237371687321	15.4900904909348	15.3510012689843	15.493808149568	15.4922560236628	15.4313423716014	15.2571833907643	15.5379281138826	15.3386183662887	15.5620410213941	15.6083788065601	15.5144978794969	15.5433644650834	15.5467162519554	15.2240086833836	15.1068889506962	15.6384454322625	15.4173212472558	15.5022603684569	15.3028281498496	15.5857684490299
M346.0287T286.61	11.4462293472552	11.8476496997548	11.5238177755089	12.0743521586325	11.9951364639798	10.8873347864837	11.7837225321548	11.1954152941276	11.1841862759987	12.1388637330345	10.8107259166081	11.6244860341268	11.3353461372473	11.6660847758717	10.7553492475388	10.0337513601762	11.2694896573736	12.3285892533624	11.8639676482232	11.9247957319003	10.4375586838277	11.3318526397325	11.5775747876396	11.9147404521561	11.9683117782628	11.6396971029835	11.2041165723569	12.2610635194695	11.8401791793081	10.8715450101072	11.1885515005764	11.6561898331806	11.5306588507211	12.3315711674332	11.1043446431938	11.9512448058464	12.3641560487498	11.3530471970332	12.0990262694464	10.5233668419445	12.4306677739027	11.168488746963
M346.1559T229.84	14.0215400734088	14.0349739285841	14.2448426498154	13.8655586295662	14.3132445386227	14.2937016148584	12.5907156333443	13.7645083365866	14.3201993825413	15.1318500935642	14.0211838567011	13.7669954714705	13.7336972516811	14.9132282600711	14.6426249875232	14.9510427331115	14.5225339716923	14.0392389876211	14.2745265437362	14.5609861923373	13.1124558993244	13.2317828985182	14.2022473373571	13.8052260631346	14.4263692261401	14.3339882211988	14.2474007542469	14.1732456570472	14.0501520202654	13.5757003027543	14.8766554996121	13.6489366913281	14.179293457906	14.0320128637894	12.6827164589915	14.8446264902492	13.9377641454988	13.4611147261842	14.633406810228	14.5953167279205	13.7797598570069	14.5142235097522
M346.1624T118.39	14.7556693331314	14.7254171056879	14.7056324158758	14.0255465997921	14.3879054967288	14.5461442943772	15.0421759506672	13.7916947838831	13.6067966093316	13.7435391576481	14.7249434227635	14.8724300018517	14.0093516288548	14.2653427693654	14.3916743504364	13.9662199672751	13.3949488058198	13.9815659962317	13.830622749426	15.1294713445718	13.0783991536754	14.075342362423	14.6957986991044	13.7990496947719	14.0948755850615	13.9638667141888	13.0251680514208	13.7644101680788	14.7009331722459	13.6572504876949	13.5502158870314	14.6730488209971	13.8454774369188	14.2228982340292	13.9367031095802	14.5353916179586	14.7765466252004	13.2085440477534	14.5901317894896	13.7003827535835	14.9217755615264	15.5422916009537
M346.1817T596.61	13.5987540136501	15.383826990178	14.4151981315308	14.5135767976288	14.1581372995544	14.4599823264773	13.5787120714298	10.6083720931625	13.8513630765558	13.9664136766993	14.7737081460829	14.5628385932091	14.4709378384886	13.2766790903824	12.8649860958624	12.8481420674417	14.1283532922625	14.3105325989198	14.146775190458	12.5890891132792	13.7265413577181	15.4993631142254	13.155473791863	14.073004654632	14.6005475313713	14.7739281825203	13.8008739903473	12.5361975599942	15.3674481262917	12.972953794356	13.1066448934004	15.6830457301328	15.7222305491009	15.7003735355526	14.12754577004	14.6394748468693	13.4055326259764	15.6036469083567	14.4507874600998	13.6774537661719	15.4043062719454	14.0234676136662
M346.2242T263.41	12.7516215561642	12.6554575294148	12.9439626372306	12.8583767739801	12.8548152976755	12.6100329973767	13.0256705069781	12.9520471323336	13.2650144408428	12.8911864402847	13.9297646314494	13.7430883360616	12.6503643982629	12.7828201238821	12.8155997505001	12.8939925260959	12.935856075487	14.045457910959	12.9778939384618	13.2383339746663	12.8873762716764	13.1592062921212	12.7320919683865	13.1916609854042	13.4096111772215	13.0182717834459	12.7396203149366	12.8341625145734	12.7606144438005	12.8232569814001	13.4519296016821	12.6201055373533	12.9020396833272	12.8221875051006	12.8710338177219	13.8920566357229	12.7777096120893	13.1394131367837	14.2189505030699	12.9954751891698	13.803126457013	13.5101293333609
M347.0237T159.14	12.8015608856185	12.7210986357847	12.5585113683896	13.1907685590135	13.1339215462238	12.5387020864109	13.325509134464	12.5765110815867	12.5192696323474	13.3348424742899	12.736416859487	13.3358731703185	12.4365851701712	13.6189926870613	12.8184757675469	13.1147851425695	12.7061873158143	12.6621182257662	13.0532811550498	12.6510404498362	12.8427474113482	13.1058922013646	13.0991524296662	13.4237503452463	12.8102056196409	12.9316256526042	12.5526328276471	13.0784608442056	12.8446907736392	12.7891790260819	13.0345438817363	13.0710911111974	13.0343228848468	13.0866542902893	12.5024192718188	12.6584276345373	13.0835191193273	12.9945937019029	12.6068343421344	12.1610245550672	13.0939971826439	12.9724052799498
M347.1257T315.77	14.2880216920455	13.0482286379391	13.1041536068346	13.7433921887903	13.1587663740982	13.6069253632877	14.0955673956398	15.2179512450208	13.3779586902228	13.9562430013375	13.0599792358583	13.6583445010295	13.2850550691159	12.8688519830663	13.1554728122358	13.4833807591469	12.6293380489839	12.428836330871	13.7211811405984	14.3647412453281	13.9499040499854	13.8354177730818	14.6054313125766	12.89992131727	13.3838338115725	14.8123840480278	14.0625551861705	14.7179713887208	13.6060965240618	12.96212873272	13.9776697155511	13.1851825536211	13.7941716852853	13.2607460838651	13.457342855052	13.1152627878488	13.2790313508268	14.1696651981815	13.3613290794525	13.0783205930987	12.9483741180171	13.9959116811514
M347.1281T67.41	13.8761353536553	13.8080845231357	13.8465147510736	14.6419673736112	14.6037012086845	14.2680661852386	14.4905661680498	14.4901750147323	13.743978967193	14.0440065601135	13.7712480316283	13.5499783316829	13.815087624456	14.7303373765244	13.6272483690678	14.56556337175	13.6075082780572	0	12.7806873767859	13.7160493635652	13.3888433988577	13.4769161107659	13.7717765270602	14.0839971598883	14.4994837044183	14.4452694047362	11.497210219675	13.5708149149837	13.8960727769502	13.5658443168082	13.7737292508803	14.3174560372749	14.8257792538497	14.9235699964441	13.9671999415043	9.07073110360793	13.6582394592544	14.2290819170181	15.0484788121833	14.6124335804768	14.5508336522058	13.8566200849767
M347.1575T80.5	13.4785844157595	15.3692025202172	15.2876770245749	14.6071436260468	13.0160344752804	13.5101608144564	13.142238245311	14.7450762962114	15.7316169188147	14.6662162632309	13.0923121257115	13.5211798143749	15.2619236728149	14.1929566202737	14.5385473328141	15.2744904160029	15.6686609362652	14.3120201792446	14.4890828439566	14.8487022275217	14.8945617549726	15.6464003838459	14.2892212579543	14.429799483488	13.4595920017354	14.0745245861975	15.7222396746307	15.2631068461429	15.7820982117218	14.3290776428848	14.980379147028	14.1923311402393	14.7026958602055	14.8902069243672	15.1085739780367	14.8282656033395	14.3776885807611	14.4317577011502	13.6581537681485	14.2318801022426	13.7317293580085	13.8619363949155
M347.1617T327.34	12.7309915956793	12.1558329286402	13.309239264403	13.5623405041628	12.4457399349015	11.9731228264088	13.8881165194959	12.9351347774733	12.424653291743	13.2334705606326	14.7648881393753	15.4243564629371	11.6487036051446	12.9314624098695	12.2989815671806	12.6263722657249	11.1845197006953	13.2594818752089	11.9540157070273	12.5689946031687	8.95023145397846	11.7616079492635	12.4608634511948	12.9059964606891	13.585065475139	13.2184070391732	12.4031717590094	12.0808076589495	12.6364152699078	12.168418417339	13.1144683608419	12.7243005938295	12.9378862792114	12.7381096775703	13.0591744828157	14.0957098759611	11.4823142421633	13.0876088848549	14.9777198138925	11.2253509538801	13.3590196438003	14.9924063382915
M347.2441T466.19	12.1490478650901	13.2678555203085	13.6266403939238	13.7867284885919	12.8858489313033	12.8064950930534	12.1947810718837	13.048713859293	14.1857757622608	12.7909832200925	16.0153546102515	16.3959630232225	13.6193832702014	12.0744933480671	12.6980022726431	14.3435308207799	13.9962911263361	16.6438621011396	14.3534388113689	13.2460628839366	10.9446868171111	13.0090503708115	9.58221201283108	12.8935170483071	11.1244158698908	10.9891306962322	15.6969965663279	13.0669642934721	13.859137189931	12.8798397969959	14.0284545572593	10.2138489544516	13.2034023337021	13.7070584968932	13.9054570596772	16.5551508387995	10.7290083200146	13.3005043107536	17.0050130404329	15.8600583010226	16.2100472010206	15.656314574855
M347.9823T81.83	13.1938222693117	13.331730017802	12.3772711986331	12.7917742651704	12.9223633228458	12.7671477217707	12.3592772011044	13.1027882894045	12.6280506803345	12.5124067649856	12.6837529221128	12.8587756968456	12.9866609674239	12.2524698103323	13.4339246827537	12.6300514466632	12.4971323587071	12.4473480163221	12.5581015557553	12.7012854139999	13.0022670792215	13.1353292691555	12.0018847828115	12.3322126771337	12.5348423088386	12.6463661484501	12.397119363989	12.247969619825	13.0528058007876	12.104946565723	12.6371597295835	12.611969314644	13.1557275378916	13.1782935077388	12.8951750492087	12.9403765389731	12.7998094507764	12.8897962739336	12.5168819757285	12.7217248815698	12.586410432183	12.9591432360083
M348.0723T297.39	14.4309314986024	14.7967065026829	14.5962100797839	14.9012664526592	14.9554376076588	14.7496030434991	14.8798642528791	15.1822619263241	14.1071581015736	14.7386920536933	14.3329665399286	14.6784509349403	14.7098397071928	15.1233186763805	14.7296334594983	15.0239579603886	14.716873714268	14.4254051555438	14.4481945495713	14.6029915049199	15.0862979854549	14.733690534854	15.0339037979756	14.7068344198465	14.7739224342279	13.9672854322671	14.5294150656347	14.4258569412413	14.7667682558975	14.4424287683613	14.9742482487393	14.7841161372476	14.530799653198	15.016209685888	14.8878889694989	14.2684758645605	14.791733873437	14.4711027341757	14.2870902200617	14.8487556303241	14.5271873719848	14.856884165189
M348.0879T424.73	11.3990608802296	13.6764568240967	13.6099780333119	12.5542134154129	9.80969840451558	11.9429614381146	13.4922475654615	11.5161301923834	11.932436648826	11.6892538266613	13.8878213410809	14.720240600163	12.7861990782646	11.5251469411981	12.1407115269789	12.2511355926527	12.0580899769625	11.9193196372531	11.7021451055484	11.582019521248	13.946733451349	14.5958009508363	13.153593291438	10.704762251761	12.3183980818405	13.3972036323538	12.5994873930382	11.9247896047443	12.4357733522583	12.4147216437499	11.3201532386037	13.4989526021751	14.4912228863892	13.6993848618939	13.5886145393535	12.6483467751119	12.2978286008964	13.1739039812083	13.8067775235446	13.2486907041414	14.0205493010898	8.71362428645377
M348.1414T62.62	13.5161315016248	14.0667733488076	13.7012655163127	12.5617299196172	14.1467218373613	13.5650096444566	8.81133354647208	13.8197717164562	14.0171710764118	13.8527072117836	13.146391775806	10.7203476784503	14.4081850810194	14.431888084745	14.6142020052498	14.8527531603532	14.0269455557097	13.0050999091395	14.0442440344982	13.3753152944051	14.0511858200895	14.1432860886324	13.3002867157211	12.8611877331551	13.2137240023682	12.1829272973341	14.2830437856706	13.6148946595307	14.0857124361799	14.2862236970517	14.0066901350485	14.4323398827439	14.2077463504437	13.6250566361706	12.5466449693943	13.8875150623049	13.2045503135192	11.0605987620753	13.4412305493156	13.6418958868185	12.8383908446882	13.7346106898552
M348.1771T74.23	13.569151705434	14.9040666586357	15.7240668763745	15.6575270373373	14.9468825980053	13.8493181844624	15.2972562245922	15.5595317921013	14.2522847744963	15.1193601002337	15.0978379636581	15.3006334046416	15.1213987475244	15.3466102642457	12.2462358814139	14.6328021360894	14.2470198111845	16.0741456905602	14.1764297316578	15.3207881208494	14.6372793871569	15.0760166753299	14.4792826972341	14.9165916413352	16.0226659338172	15.8431365441088	14.7929610065678	14.8705494640868	15.3798836327481	13.6933699721832	15.2936041137464	15.5683641214746	15.8380579311604	14.6654465701939	15.0435339246318	14.2081706923963	13.2574806641967	15.7647718693784	16.4495167881053	14.9119886552354	15.7596115868351	14.3141828642405
M348.8153T46.58	15.3883255744373	15.6139173994621	15.6913073413432	16.2221005065442	15.2405679614436	15.2481927736007	15.4509579424973	15.301393840275	15.4495824552303	15.7021271224079	15.4798263585966	15.9236554056631	15.1285849945045	14.9736973170623	14.9983123294957	14.9050230528599	15.2663714588969	15.5015302273201	15.1692021652699	15.7702333129873	15.5504816106817	15.6002078292951	15.3553204088763	15.884304454953	15.9074381315192	15.3786557461698	15.0983470255097	15.4644587238479	15.6663991791076	14.8784419222112	15.4942608065249	15.7168887895291	15.597772586517	15.6775836389941	15.4359699349808	15.6091746244999	15.3646633023973	15.8487054867128	15.7099161386139	14.8147735852954	15.5050258105066	15.8992092029649
M349.1003T57.06	14.9591082694684	14.9394396475446	15.0066353678543	14.741189952259	13.8829434124349	14.0617758788813	14.4716276164017	13.5806907053159	14.4262653858939	13.2060183325723	14.7778291915449	13.7573579370452	14.7052325904863	14.6807503532283	15.8344743624731	15.2282317068497	13.134915544612	14.4774370733705	14.357632552869	14.7100617553411	15.3945913388456	15.4401239337835	15.2433877190767	14.0671333051849	15.2100758840281	15.3698993476076	14.5266573761797	15.3425040236866	15.420480727491	15.2205997403231	15.3634487554343	15.4761307152098	15.6122132947743	15.2600437348903	15.6483038556418	14.3224589717244	14.1318063975125	15.1838682596882	14.1201548225248	13.4858607905716	14.1854710012163	14.6437179193562
M349.1254T59.81	15.8685889033429	15.6384309153178	14.9871398637552	14.5610791412579	15.8628148321161	16.0567858453085	14.6122743183777	15.4530993077304	15.801034951094	15.5167100904314	15.0985403800306	14.9154797717226	15.9572059188563	15.6986344972412	15.4262394679543	16.0436821626663	15.6118280939853	15.0210954090806	16.2204971686246	15.5899655077396	15.5094030142944	15.6918825602006	15.0935894674173	15.5555151700605	15.2604925059447	15.5905716903977	15.3379498118547	16.0852627163395	15.4218183960506	15.0044097009054	15.3575441644859	15.3418026753512	15.7960670789954	15.6764090516752	15.6844375164275	16.0312061487899	15.3995838756109	15.0165949395312	14.7953391347142	15.3298263676716	15.6898527507505	15.3661862332974
M349.1851T295.42	14.2985690894485	15.6345876025873	15.1570701116869	14.1403557979141	13.8424830576573	14.2287388425008	14.1423025541064	14.1425328462422	14.8313056809606	14.9431992812462	14.8403927962942	14.6079435698427	14.8449001050551	14.5050945547283	14.2102086204493	14.5579333563145	14.8907484948543	14.0667027161366	13.5194731613267	13.9494721221532	14.6581334154482	15.4895741745397	14.5541916648952	14.6531375050656	14.3969992677506	15.1776095970859	14.7963156734028	14.2531783350441	15.1226450976854	14.5816511672671	14.9554689826055	16.2594142584338	14.7090514104495	14.9966048793235	14.5831574308692	14.7137671071616	14.7381883788433	14.577524771267	15.232205185983	14.5478385203939	14.3352298817016	14.6086743957443
M349.5207T335.58	11.5484547210633	12.8546532643169	12.2905518374806	12.2276554481684	12.7243397290687	11.0179208775801	12.2745640794192	12.5696186719513	12.8253290729602	13.1705391958522	12.5283533407635	0	12.6971335073541	12.8888262337552	13.2295393107668	13.1278078581862	12.5158092773795	12.3518735719397	12.5985706793186	13.0735987302952	13.5680742231883	13.4247963179169	13.5469613017607	12.0956488055794	12.1117465606974	12.9274992026263	11.9640972297903	12.291578168851	13.065594806643	11.7480538714043	8.5677194669338	13.7344608840631	12.6017617607941	12.5305641999563	12.1190035153115	13.5099934620295	12.6682275671105	10.5027588135781	12.4244919997948	12.789746949111	12.6457703419806	13.3399077412218
M349.8551T335.42	10.553497815032	11.7843543385097	11.4375831050738	11.0682931974927	12.0858369823745	11.2904625119015	10.5464531303904	11.6083039154535	12.0138276322186	10.8979522918253	11.781689097377	11.5254960189461	11.8099084868225	11.7256583316844	12.3151879995466	11.7989933301416	12.2708510026094	11.5884291430043	12.3699938761323	11.9813794143223	12.6623205765146	12.5327623183417	12.1224708762667	11.4182353661875	11.21848554702	12.1546782953992	11.1798263116647	11.5560983942948	12.233712705913	10.8343146930315	9.58921104617474	12.8891677029163	11.8480951658153	12.078468541685	11.2455070186515	12.5084739721218	12.2443264292571	8.83288136406115	11.4217640181476	12.0391152323666	11.5552816582818	12.393695560396
M350.0569T230.3	13.9412582417761	14.3589905855169	14.3244663726399	13.2483711420199	13.0610098285057	13.101012159016	13.6165045309224	14.1477003383175	13.2529925564063	14.1910223057052	13.830638860004	12.9108678268722	13.7473822549868	13.7468159968648	14.0182854974255	14.2929671186705	14.3127425234331	13.9058149058388	14.1804096762238	14.6579782151204	13.6504685582702	14.3548959039843	13.811305819007	13.723336693071	13.8379650660248	14.1712268200457	13.7329357454495	13.7840682313855	14.2552360149757	13.9427554565084	14.046495085348	14.1220944845884	14.5556591807888	14.318599541596	13.7185102675514	13.6220078029822	14.5638580914626	13.3434615789114	13.945507598814	13.9280963232047	14.4909736997804	14.2115356224488
M350.8124T46.6	15.267992658932	15.1956892364928	15.5999467861236	15.8720173997252	14.7743915771116	15.0296250506177	15.1800404399489	15.3076814597361	15.3638940950646	15.5743623139366	15.3384320221268	15.840785622873	14.9070184168172	15.6472003107505	15.3888873395088	15.788077686587	15.0108898327782	0	15.0139989624022	15.7213354701207	15.1945558377381	15.3412720640749	15.9571861318569	15.5437302910867	15.7380121891706	15.7097827508817	15.1373511419948	15.3579731210189	15.6720848894691	14.0296222911486	15.7767008176517	15.7650037984893	15.4563483756463	15.4606679946118	15.6667027281818	0	15.2570470146802	15.8283541467558	15.8997155425054	15.3155224575906	15.4488465842069	15.6244164283445
M351.0416T387.69	12.0680640076229	13.5090170125234	0	13.6715233121726	11.7932784793694	13.0248050032477	12.7527745915152	12.082160798437	13.6353799201974	8.11518129279746	13.4504247170666	10.802763734295	13.3319430828037	10.3159579338164	11.9300497061401	12.8433841331314	13.2546073575477	8.44715366685429	12.527674620844	13.1968744193703	14.2088758508681	13.9410094732915	13.8306795238192	12.3572590939714	12.2745214605977	13.2945461586348	0	0	14.0352975182652	13.6610538125344	13.7561029660003	14.0116523736216	13.6700681195115	13.7700234080305	13.9779987100792	11.1723365804417	13.2719329377778	13.2751203764694	13.1604452586168	13.58091693004	0	11.7285550815279
M351.1568T384.63	14.2152648382456	13.1950797989514	14.8334006139601	14.5938746558456	14.3883533729683	13.5260517621114	14.7572206638312	14.4743745773157	13.6624695983115	14.8214621198813	16.3695335092825	16.6709938931598	13.8410831739678	13.8630191370047	13.6018893744905	13.2367185940358	12.7590629118563	15.0256450211166	13.4656099230412	14.2243616138539	10.8185325397108	13.2787352892706	13.6071046475654	14.0214635865997	15.5181290145645	15.3054271864195	13.4250359426721	12.8437895914552	13.7502264934793	13.5683057372476	14.1186043474717	13.7513766514959	13.8615154992533	14.2352545861841	13.3691201368251	15.8426690013698	11.7143899749943	14.4307532972311	16.6205503612862	12.1625551021899	14.4459530278989	15.0329953508036
M351.2888T574.25	10.6381258878805	13.6860731790255	13.7562279974425	12.6365420797779	12.014196882427	11.6840733683502	10.9614191055393	11.5965940795335	13.0806353307537	13.3142887927918	13.4445453326996	12.877178587326	13.7087449863342	10.2177515777491	10.9374890691024	12.1509544087504	12.065201941642	14.4905156574956	12.3562739683874	12.6883864372427	12.4541569088769	13.1874638054627	13.1969796798313	10.5297704466521	10.0540632684766	13.2478962863827	13.3418096721946	10.9931437849434	14.0258668653606	12.5048878206869	12.3237420311669	13.5566764783376	12.9661291782014	13.3753003326763	13.3449243109082	14.8276032543519	11.5387494860407	13.6207061395395	13.4912805584546	12.8529246667283	13.740569869375	13.5127320627188
M352.1191T90.43	9.71131887727908	11.8835657737307	11.7351430310762	12.4032708738019	9.53234242020556	9.2162344522341	12.0127056934151	10.5926338555344	11.6648415423715	10.9951859899746	10.9154334309976	11.8380259272416	10.9789638777075	9.02352133244787	10.8046326351163	11.2114977533375	11.8110651462016	8.87015086466666	11.3306845905267	10.6563687735697	11.7431715636919	12.437214284714	11.6770388224843	11.4880128728612	12.154315067585	12.4679225177034	11.6719976603249	10.7613216170041	12.2675228726969	10.0054953671587	11.0471127374984	12.1173426753921	12.4109000100595	12.4210180918283	12.4569006775758	11.0106376761274	10.5616030474048	11.8203212298017	10.4076926348041	10.6314821562943	11.1917515032744	10.0811814483328
M352.1521T272.78	11.1133536912864	12.3934295104498	12.2805468156079	12.4167880322219	10.9540643348671	10.7528636578913	12.0759867325064	11.813058532739	12.7494982567857	11.7559706363914	11.2882922928883	11.1770665872487	11.8323236057631	11.4115359466278	11.5886253386358	12.2604852874778	12.0073497774594	11.1758271161732	11.408774338515	11.7338956003186	12.1789966588286	12.3575434423775	11.8960427755407	11.5370474231238	11.9322121009078	11.7672916492965	12.2545538240089	12.192680632811	12.6783226504618	11.485564127626	12.8143311619353	12.2553393688122	12.1080997608178	11.9825486777652	12.3755107152248	11.8625857605794	11.439992107914	12.1693303477616	11.0357787897905	12.0031644783499	11.0817853064164	11.5054720430246
M352.2263T547.65	14.9640237445988	14.5266514268551	13.4713656100923	13.9570858144452	14.3901043648414	14.8892526288236	14.4598882335032	14.8958357835617	14.5389960805162	14.3004331446925	14.3541688740393	14.6865528842332	13.9408740384724	13.9222430418818	13.0779911151812	13.8780314102919	13.7442800143667	13.9229921006693	14.3370961364542	14.8360438023712	15.0949927274411	15.4251053602072	15.659709070469	13.8956231658921	14.2760768509244	15.3763209034277	14.8253995083465	14.6811212141931	15.116384194772	12.4041939226864	13.4758330846198	14.7546560989367	14.6763404293576	14.777354508604	13.968998237792	14.4191347508583	13.876852420116	15.1471871577218	14.614370559656	14.517703801298	14.8654557018638	14.286186651847
M352.899T45.71	19.1850625867704	19.0654822885512	19.1342541189468	19.1687049153781	19.1327144074932	19.0087841985598	19.1166412433951	19.0515667733346	19.192649898423	19.1567123542268	19.0223828686731	19.3709784995316	19.1634062281297	19.1020990326983	18.9942841363675	19.0206710743388	19.1236568341363	19.26571270791	19.2182868991122	19.1223765631978	19.1510498880966	19.2214522558858	19.2120056207868	19.2403079468944	19.1731540879226	19.1842040697022	18.8297249552544	19.2375745075456	19.2377459165931	19.0362120103228	18.976975458096	19.2197255621404	19.2131199332732	19.3010385227514	19.1619298283899	19.2336076225892	18.8681211702802	19.3033685434842	19.1341203914701	19.1577048053838	19.2947576199576	19.2087282457119
M353.0493T514.98	14.5777117368936	14.4718245561797	14.5994399225365	14.5398899251607	14.3005119344422	14.433540534934	14.4713957547206	14.5410509992918	14.6421751328436	14.3829454060395	14.5328867051499	14.3392562350268	14.5049228658653	14.5219438155629	14.3187749645195	14.4994113462764	14.454305171359	14.6978166425151	14.3947805614671	14.49884132723	14.5124578214512	14.4367773718636	14.4933820036038	14.3932434978816	14.4730162918981	14.6605053530329	14.4754720389974	14.4707514880629	14.5166252144377	14.3285975740197	14.4183286535091	14.4608816737399	14.4242280235519	14.495266023521	14.4661317040951	14.6057241102662	14.4009325415271	14.6459510721343	14.5271398369021	14.5182591892192	14.3044669077638	14.4117370716661
M353.0575T355.98	12.5396798868305	12.0074740887537	13.86035507076	12.6286376113826	12.5956061844404	12.6971537395777	12.4264868038517	12.4413443262931	12.621530803929	11.135556846664	12.7320034178155	11.3805057964435	12.8673990518209	12.5064686493278	12.4462088013393	13.0358592920318	12.6044991765273	12.443867223254	12.8631065645021	12.4839207442413	12.5521940898119	12.622758130208	11.6606451665176	11.3862953695431	11.4762669402957	12.345334558367	13.2461242967433	12.890489364542	12.9240899892758	12.7478699516509	13.0722889508198	12.8383915415874	12.6455414267081	12.8984440374032	12.6665264956673	12.8166582645398	12.7238356825322	12.2390685442421	12.2933147058821	13.0776421577353	12.4809113114482	12.5271483676469
M353.1358T63.75	15.2143307376952	15.5778294481938	15.1531407173684	15.0424559363385	15.0079413990106	15.680930546957	14.6742428314727	15.1104495684936	15.2049396396915	14.547490446237	14.6333415253381	14.5407878089446	15.2618598361123	14.7603890491339	15.2660164499566	15.5468199336806	15.4338536201783	14.5165634107624	15.0489145408806	15.0845658110147	15.1482957758131	14.8468676327663	14.8042035739222	13.8051962747261	14.4179298441805	14.9225760486261	15.1988824911514	15.3584521394441	15.1122424602073	14.8892000398431	15.7280917774642	15.40186975143	15.1282697198224	15.5426966999921	15.4407944744989	14.8208781019827	15.4040949257477	14.9342117365368	14.8098038929767	15.7164003162526	14.5306673212877	14.8060710278405
M354.0806T157	11.6322433592343	13.076830141868	12.8420300665338	12.8657875719763	9.79406242425178	11.1213057851038	13.2691290215462	12.2465556288589	11.4431896147546	11.0535242818997	11.2242752892519	14.7322364713635	10.6615828081913	10.9432744769325	9.71335371804035	11.2236187796837	9.82696940271254	0	10.4567179793073	10.453496218972	16.2604115557524	14.642894833465	11.6196092132209	11.9013363434791	12.2635610005698	12.0862378160712	11.1182245260328	10.96647799687	13.5682845557456	11.5060682164495	12.0313127699114	12.6345867829261	12.838762176964	12.5218610643449	13.1657237821153	10.7980675874036	10.735086697821	12.8059422434944	14.4514317308253	11.8848291505631	11.8907169280407	10.9914546932661
M354.1312T121.73	12.6162429146069	13.3146805098739	12.7183011624673	12.8591593424078	12.4500022560903	12.1705604100681	12.1932495669336	12.5297755063792	13.2460512674246	12.9154954793117	11.8320133802573	11.9393140398917	13.4643426048607	12.5757762541018	12.5936661510268	13.4428964795419	12.8842498865832	12.239431159647	12.5239942501002	12.4026050085266	12.8819493202414	12.8999781099772	12.1720476944734	12.0763830881372	12.0600248000908	12.2339946563741	12.7991783613675	12.7227939925061	13.2891228558681	11.711378559901	12.2114621231979	12.8799786986006	12.7992930960907	13.0394096525552	12.9552076782065	12.2313213813768	11.6243642608848	12.5822968948689	12.2094134114005	12.1105450798608	11.9281890504102	11.4343433444919
M354.6835T328.2	12.0133347692788	10.9388560157731	11.507999115621	12.7383805485137	11.2826582477744	11.7517442649927	12.2667823843743	12.0349994836512	12.2946743965169	11.9442391043967	10.3893135489053	12.2959047847614	11.7941007004585	11.399609401854	12.6013691783264	12.6485736163614	11.0558476515831	0	8.57741738936005	12.2712703134265	12.2148111715088	8.99691165008373	11.6834713571167	12.6498393181173	12.8295662790034	11.9004493823215	12.5510668248152	12.5804215196549	12.0830337918677	12.0094054757738	13.5596062490895	11.8845459739882	12.2727757176372	12.0276646447554	12.1291250249799	10.5033061079218	12.6866899414452	12.1727978289741	12.9681333215067	12.628969856404	11.6913600808489	13.0974433749136
M354.896T45.71	17.2695241262919	17.2405512116473	17.3220692932174	17.3194685081357	17.2297263818864	17.2235386343366	17.1823218751752	17.1393625746124	17.2518755493067	17.2040752902866	17.0993972227237	17.4208950700523	17.3205509896148	17.2081571108234	17.1956344635946	16.9917724292123	17.2432480409847	17.3764222725496	17.2756361815665	17.3482054271935	17.2579013584568	17.2946881009909	17.167847226879	17.3466774717493	17.384467921757	17.2168779906594	17.005874142608	17.3253127655176	17.5122547774157	17.1711717414129	17.072435200899	17.4279436448018	17.3965214042073	17.3993383108138	17.2833035078575	17.3394983294411	17.0000860030903	17.4071888672062	17.2250605814751	17.1851896674177	17.4249778685298	17.3180840897701
M354.9104T50	13.6308998133646	13.9631180511853	13.0924961133989	13.3136407460811	13.8685479189553	13.7828689000795	13.521954536268	13.519275831042	13.7007748573919	13.3757205551139	13.6320641408739	13.304107573273	13.5756492159852	13.8510761067053	13.4715829706008	13.8494156492023	13.3530872270526	0	13.313856676773	12.9266120332732	13.3107143584723	13.1763804992284	13.1970756102925	12.1806507568744	13.1500087110079	13.8605352194259	13.3467046463932	13.5548360868416	13.2012915169999	13.0558022059807	13.2654200545566	13.8693837694213	13.409239280613	13.8172889138385	13.4282799406487	13.150203053892	13.8937680241764	13.6857670570905	13.6725008909935	14.1694319116493	14.130077448878	13.3960875523583
M355.0464T514.44	12.7903860004533	12.6102552252602	12.8558074579073	12.6475678336873	12.5224127378082	12.5565353969274	12.5218717207422	12.6848663505073	12.8379608920647	12.5319660663034	12.6500432935281	12.6597025654341	12.7043867531217	12.8227285355052	12.4631051219358	12.6439615214749	12.7943934071093	12.8866775065954	12.6853979671855	12.4900679839547	12.793373686152	12.7231430516534	12.7411866370325	12.6276201581537	12.697972823278	12.8932223134169	12.6876829266586	12.5010303549936	12.7122063507046	12.5214218799918	12.8109749404228	12.6961639322659	12.7302465254447	12.8526928966978	12.6238469884022	12.863903056003	12.6911922181642	12.9169112655581	12.5880029943653	12.6721842022564	12.3803153510664	12.5659932491998
M355.2851T759.6	17.4625862147899	18.3023203393597	16.8970295261596	16.3710529424834	17.564195464134	17.6479060590893	16.7453854450861	17.5193022613022	17.7345480375634	17.5882262837941	16.3231468810591	17.3552794892275	17.3848161074759	16.2036213708554	16.2854103194957	16.3699494546277	18.2465712635857	17.0221121239236	18.3012644038561	17.6405090870934	17.7127262735919	18.7937325682355	18.1639519366136	15.6566947395979	16.075573740925	18.1305306752793	18.6768150632851	17.9760718411645	18.1720500723673	16.2131242585253	17.4571027593043	17.5528474147387	17.1241209081051	18.7401141098189	18.8053273919108	17.1068635015255	17.2705085444544	18.1768214531166	16.6305464030835	18.7760557461099	17.6614078822085	16.4053807681775
M356.0048T515.04	14.4359707930779	14.3869498820038	14.6329061542611	14.3804986230921	14.2359740986162	14.2426688903435	14.1328059209957	14.4653417130099	14.3793959738875	14.2992821724058	14.4881302487831	14.2967500691751	14.1027696071695	14.18638940001	14.1530574561431	14.2914105388863	14.3645491946395	14.6022570088846	14.0039261481406	14.2119639396434	14.4252928242752	14.4154058192868	14.2106203305876	14.0370584721834	14.2879908513807	14.4121202728702	14.2964723277534	13.9580178168412	14.3969769949051	14.1180371950165	14.0826598528451	14.3321877161501	14.589463282863	14.3419782352066	14.1538620565251	14.3851481597614	14.1692499830109	14.3703131199412	14.3218713237722	14.5004607092334	14.2633088701084	14.3543503747415
M356.1475T69.02	16.3785599237773	16.5436051962738	16.1716206539177	16.2245159849027	16.3214984796675	16.5400422195487	16.3631696104063	16.9270561786929	16.4109480766896	16.8968655503623	16.6382728960511	16.501713829544	16.2827148641313	16.6182103851702	17.0373284407597	16.7729344336347	16.5210142140711	16.9516626843424	16.1901356291644	16.9196944103622	15.8567406502399	16.0688665890507	16.1990328422544	16.7534224911196	17.778005996078	17.6000712445466	15.9420084344582	16.7977505713402	16.2260553240224	15.8359906251902	16.7282906325586	16.4285516736733	16.0100309124614	16.0919753991862	15.9168097110747	16.9757464421283	16.8760621061605	16.4964875953631	17.3400170612139	16.7292475774685	16.356362723234	16.8948726587101
M356.6291T330.25	13.0833745029421	12.7147879628251	12.7758378341422	12.5459662533688	13.1471240027442	12.4957400471644	11.0129508150202	13.0495189100972	12.858253416928	12.846572441402	12.5889031812886	12.2445847505897	12.8376284519326	12.3511408363824	13.1189434212696	13.1983516394142	13.3856258813744	12.8484603454574	13.1057825877705	13.2765411046692	13.3913858401881	13.2038067823585	12.3553630628375	11.8765164760234	12.5668857076462	12.9106898145416	13.2842473761027	13.6719883855475	12.7272510759442	12.9552849729094	13.4719168471538	13.795488546397	12.8097702897299	12.7884137001206	13.2555584688579	13.0288522419507	13.3552528534003	13.0355014098549	12.4906323534878	13.1505463362778	12.2848319739386	12.6062034520716
M357.0076T403.48	10.2243626323218	12.2615832122089	12.0373999986034	11.5761022578377	11.4725866307259	11.4034119953038	11.0788571630124	11.152475915518	12.2051068849541	12.5968178368328	11.601781973576	9.67951828591607	12.5369812527817	11.287347080527	10.0641339610798	12.6090556192432	11.7603463838314	11.5194044020598	10.4675880853115	10.8414836898785	11.2269406328735	10.7458430435595	10.7066665848189	8.70738898828731	7.09910897667384	10.6887529479634	10.8272052118757	10.7746092549165	11.2102823801128	10.5345098546853	11.4295040014626	10.916719302246	11.3584149312536	12.3302830409449	11.894431284091	12.0659293100414	12.1243964387013	9.0098471423276	11.793315210717	12.669879193143	12.3735806467643	11.421104335515
M357.3014T799.02	16.1471101246008	17.9500346734088	16.4565792127487	16.5294392007079	17.2142615648902	17.029560844279	15.9275113599211	16.5181905501659	18.191430364836	16.8221516800458	16.2565497071147	16.2384683980864	16.2060668611693	14.763466380177	14.6313551035146	15.7118950531822	17.4974581166973	16.8221403546889	16.8350854702856	16.404779953296	16.2817165348274	17.3481731982055	17.7290304946196	14.8286062363822	13.988308373514	17.2493782614412	16.7744915514084	18.1268935592468	17.2104488609847	15.8027097373122	16.7065301068112	16.7447648829043	16.2309021795601	17.4003459888346	17.3854187928266	16.4890058031136	16.4976875919205	17.6906992736538	15.0840185605367	18.1555486369264	16.8101115592155	15.4536971823565
M357.9986T326.51	11.9581700156352	11.2752068146797	10.9478101386089	11.0346150782652	11.9880105583865	12.1072219122371	10.5702270626154	12.2623183519566	12.5546844905725	13.0120921903926	12.102133337749	7.42408006519602	12.4081540064479	12.2348245931689	11.9785081449501	12.2544563627646	12.8353874823296	12.8126086405905	13.153943055267	12.3702932871788	10.3485904442123	11.1912610182272	11.072623620319	9.17001860845898	10.2023907865392	11.4543726160795	12.6409106617275	12.2507643895067	11.1462682481466	12.6188328422659	12.7239918755467	12.2089899029498	11.8029466092535	11.5230209634793	11.4657444881984	12.5384110975049	12.7050698520437	12.1436793480743	11.6979690469127	13.0781757159571	12.1564867643526	12.5966253961945
M358.0647T514.88	12.56773552879	12.6897982431299	12.9435225614766	12.4010942112631	12.606418440301	12.2899283824361	12.5889059403735	12.5475859340952	12.417953642215	12.4504983069815	12.148896486587	12.2938634913139	12.5377463017692	12.3893935060485	12.1751083823456	12.6772583634399	12.2016790991483	12.5255174750084	12.3170286442819	12.5538773110137	12.8798196492184	12.3989221268598	12.7493629584015	12.2758799124539	12.4624347349589	12.5398121033703	12.2713528255152	12.3161143057656	12.5512659453063	12.603664645977	12.1077042787218	12.5278083729454	12.8516919980766	12.6108393398435	12.4091685812672	12.3428526485267	12.3936584797192	12.450174082661	12.2828369227803	12.4461003152442	12.448097066891	12.3851322268298
M358.1274T62.47	13.1527855500382	11.6862550337169	12.6694357909691	13.3925016561457	13.1305660793599	13.573875259565	13.3268068053065	13.5406362609812	12.3691974622538	13.6316833578241	13.4164200233038	13.1858128791703	12.4811125267297	13.4540258562226	14.0876347123679	13.3880236551816	12.9378757768336	13.4526440482448	12.9203450833661	13.6331513391705	12.9006782594554	12.8698075305035	12.4294129415832	13.5290327234255	14.9044422400286	14.3956686952527	11.9729691634677	13.7020583892258	12.7331404064404	12.3643207697612	13.1673390424178	13.2068663133642	12.7631986810517	12.4943987079104	12.0477804765924	13.3044128376234	13.8326806031476	13.326539358385	13.2324248429978	13.0010808219465	12.976760489544	13.7165277581089
M358.1626T123.03	11.2260424376685	12.2236864248798	11.8668272047588	8.47064642384606	11.2530076111105	11.5575473360377	11.152115867474	7.13146471970955	6.80847834582718	11.1845315648995	11.9493227377427	10.0060457717382	11.2378612975493	10.55089554432	11.9317322530802	12.1295506860407	11.5117410243762	11.0873530608544	11.659842330767	12.0860509939468	11.5168830537321	11.7603928147814	12.0579632851652	10.569823597959	12.1987436925479	12.6496689900177	11.2416397731783	11.089990900059	12.79748564393	11.6358073402692	12.0096143172825	13.0248539349854	12.1113305488145	11.7007620060048	12.3888275768143	12.2413932501038	11.5112812909628	12.0138514488486	11.3610321193153	11.8655588340803	11.3365667561796	12.0286821277419
M358.2603T466.95	13.6956084215756	12.3968951347272	12.0741805804974	13.2056003570943	14.1396918216818	13.8062821055364	14.2344956407708	13.7847209003815	12.4044395813577	12.9732135305061	14.2455720077693	15.2855857487012	13.0122106369602	13.3593202827279	14.0666321249206	14.0795037109099	12.8843576184591	14.9658170026811	13.5144675750288	14.0586224386369	13.5684891280666	12.8787420565211	13.9195034084109	13.5696443086551	14.2202343276819	14.0130357293471	13.2823334127373	13.8392876992712	13.0595510444182	13.6881062027857	13.997949175771	13.1447030592798	13.3708054154907	13.1341672462952	13.2742608341445	15.4959692119061	14.6606627404794	12.7789741756756	13.692083428823	14.3590604573778	13.8745387211724	16.4341235172528
M358.3046T791.77	13.5536276896971	16.3283449412735	14.3000814567837	13.1905987996897	14.9795910613348	15.6944726554758	12.9720727871809	14.2868663177402	15.6613964999761	14.7032312610122	13.2823260555384	13.3280219885277	14.2606477565343	10.277557471712	11.3358656082976	12.9886173316341	15.85738244913	13.6949987376711	15.0053209914153	14.7242911058864	14.4385190455	15.917933278531	15.0627062674076	10.8114136661257	9.77262599925889	14.1671978216065	15.5171736061654	15.5165915350469	15.5943594921187	12.7219379774535	14.6358414292227	14.5259244835535	13.8756307469141	15.3036915396864	15.1783489566962	13.6423952061174	15.5180617724244	15.1871122296285	12.5070542281455	16.1381249014736	14.9303530759102	12.9314764938238
M358.6583T653.61_1	16.1236146051206	15.6570941513935	16.119778786423	15.9885937417635	16.1940255705875	15.9334176544852	16.0323723105953	16.6978586205741	15.9818746837958	13.9630982703164	16.221013405847	15.9846247201604	16.1156887152146	16.2361850815849	15.8669225978922	16.0211182487257	15.8359843051679	15.5922928258046	16.1206058605717	15.6475304397686	16.3631796039893	15.6728910066489	16.1063648768586	15.7354272534332	16.1631985140328	16.2149572527749	16.0684789966738	16.2284514776896	15.3679124386709	15.6778740797877	15.8737319134143	15.8686884422881	16.5560918699716	15.9085118488891	15.8791819081634	15.7459862427559	16.0234347893015	15.9136862144965	16.1171467407573	16.0991910932856	15.7719829401357	15.7954725026707
M358.7101T354.15	12.210534891643	12.4432153507473	11.4434207435743	9.95107623470529	13.0083870001044	11.2654008779669	12.3806231326469	12.4291377660866	11.0368867403722	13.1434236770317	12.7346828367866	12.7716529494102	13.3563656511943	12.8742194183981	13.0219522290828	13.8412354400115	12.6550186332172	14.1920960757956	13.9817278578217	13.629757979371	13.5474719217882	13.4730797444178	12.7198262221102	11.8833434141019	13.3756744425597	13.6378523233016	12.7158680956855	11.9427512147581	12.8687096154591	10.7168305262545	10.636474998498	13.0933552808309	12.1987924161761	12.5986693759679	12.0208042307562	13.5216944539603	11.9256029501423	11.7361239206042	12.7350703774901	12.0597606748743	12.9658265208976	12.5925008153454
M358.8441T46.15	16.0044276545346	15.9321062689861	16.1374194533135	16.1803528396469	15.2148674838934	15.2703553824733	16.5000330680328	15.4434563514451	15.640945080304	15.9653064622124	15.8048836691174	15.8030115098459	15.4991241304411	15.9586878625396	15.7334823552732	15.7302992213109	15.4493804972173	15.670465282293	15.6199042873594	15.8253825396082	15.6853010110976	15.6247036651694	16.3366703508457	15.9023619927251	16.2445809711894	16.1326851310512	15.4812272719517	15.71659655698	16.0287637663335	15.4613981751881	16.0144516039676	16.2825325351931	16.0637709849193	15.745676445407	16.1587274269483	15.7157384887939	15.3986756053121	16.4034173660939	16.2548472765143	15.6770681848198	15.5960499274948	15.8927801393709
M358.9772T327.17	14.7455789794299	14.1992874866306	14.2954957087326	14.6168644178411	14.8551178232149	14.6863086126251	14.3218425832637	15.0857249511398	14.8355413986762	14.9002397444301	14.9482954227452	13.8750942639846	14.853851639547	14.935945641594	14.9043935953465	14.8905536693334	15.0351817182771	15.0295560619354	15.0075517859935	14.8040629865831	14.3720040376917	14.7689210562916	14.5713681407936	14.0644474914215	14.3076884826793	14.5499004560282	14.9495647853044	14.7308324516285	14.5636452926958	15.0550562285094	14.9478872909285	14.6921766975535	14.7080064944545	14.710858363662	14.5917899862942	14.7931563618995	14.7782813865813	14.6447100700036	14.561625639382	14.9699692543195	14.584588354871	14.7535009525549
M359.0225T57.02	12.6601903495099	13.8537803019707	14.6764043493807	14.3191594613186	10.4131430428002	12.4096133552249	14.1041468626495	11.1561922095788	12.8182650379052	12.803485296777	14.8007663163524	13.5253188925572	12.4168158885898	13.3677819883966	12.8610552967328	12.4650503206645	10.6815312470182	14.4518025630966	12.2766356985824	13.2871463701692	13.3803619299213	13.8954681686574	14.828288360605	13.4522935634631	14.2994733029997	14.9750001181545	13.0794597618258	11.8810110945111	14.8377505074472	12.6228429067866	14.0905936082456	14.9237132279158	14.2543356416738	14.2822197667126	14.6006466318595	14.6713388298472	10.423911183408	14.4654453539834	14.7819817410861	13.2845578583982	14.2400064173016	15.3200114153904
M359.1369T314.93	12.1146633190057	13.5144068144195	13.2269049624442	12.8545566184482	12.0825599417988	11.7202297598497	9.78474944080218	13.0624712684086	14.5929811044974	13.5982474918399	11.8721307156764	0	14.3296198834715	13.2397527638456	12.6532129850195	13.6871224769702	13.9128539563219	11.7863052457117	12.884455467655	12.3017586723017	12.8182655014654	13.5033334808788	12.4938415392269	12.2067818980657	10.7329833934381	11.6779338376638	13.7996331228435	13.3224795930948	13.212530990791	12.3480097856591	12.7035342462747	12.6291259655434	12.7821075183615	13.4179140405915	13.4305511118807	11.4736498583241	8.89443185155627	12.0729621275633	11.1818131310912	13.1622445264353	11.4654982991921	9.58600842550877
M359.1529T747.55	13.7256565059054	13.949936045887	12.96165465118	13.1580613874229	13.5251669566908	13.8600843261085	13.1398122672958	14.1891324656432	13.3673386985122	13.5705721609827	12.3791846635082	13.0029442529032	14.0309537278861	13.1498039892506	11.5863783148658	12.6965509314988	13.154307610179	12.4807810071596	13.9403484163453	14.3712723079201	14.1206326713272	14.1631233995994	14.2401035180127	12.3321791404333	13.2398162489614	14.4937299575164	14.0101642307836	13.8482616399139	14.3855892527819	11.8498054665159	12.8674233686758	14.1390680753488	13.3758809625828	13.8756215183981	13.0780989230783	13.1614832237812	12.6806762469182	14.3022267018754	12.7754890495933	13.7836716517377	13.0008550121012	12.9303645907218
M359.2308T334.58	14.658326793606	14.023169259393	13.941581981389	14.0011877969797	14.5591726483849	14.3323939905136	14.2489342759447	14.7927113810034	14.9526283437371	14.7018973643335	13.2453356083044	13.3417533034809	14.7586646998584	14.4856308580831	14.5243450677124	14.7212317888737	14.5239965431545	13.2029028287787	13.9976017069228	14.2836542267696	13.7096700174343	13.786722274735	14.0557211270169	13.773128688567	13.677019811294	13.7076531170635	14.344069845798	14.4561652217114	13.8403438727943	13.9091192336778	14.7270472800056	14.3122355703559	13.9446277488015	13.8120681744331	14.1903386746773	13.847696106361	15.1595306396951	14.778757675732	13.2750952783265	14.7939289359804	12.4477380202706	14.3509780954163
M359.2806T478.65	11.283878802492	12.5260573562227	12.4461193127682	12.7082906848599	12.0900667654953	11.5101111181177	10.5554349985436	12.3461115853253	12.0499921050856	11.9589631036946	14.720667433012	15.2863523912954	12.1982202130121	11.6906103221059	11.7908205104224	12.3464535935028	12.2460468668967	13.8422896945908	13.3247217263081	12.1851540702178	11.3734047585613	11.8808684111626	11.967822612102	12.5204234454807	11.5379560118596	12.6314538004607	12.9882430506864	11.7073480297825	12.6826403360255	12.2488728332682	12.5318868441168	12.5817360015378	11.4138166997881	13.0913986175878	12.418842976897	14.6510152274007	12.3495427328209	12.3332675803827	14.1043783464934	12.4201155908537	14.5859585621158	14.6947622063435
M360.0709T339.68	13.7845379728838	13.2241147186282	12.594204510523	12.4866846559772	13.7023214088625	13.5219488031472	11.9147006121236	13.1181957572174	13.59323027193	13.2003010836912	12.7112416290182	11.8382359656573	13.255881562904	13.3056877686709	12.9884654057832	13.1909725658683	13.269795936139	12.24439629889	13.0284260608544	12.7818334367563	12.7270073096894	12.2699663311361	12.0811125572244	12.0999273818847	12.6315614023771	12.4511172009356	12.7788522156926	13.375880455402	12.6470509848858	12.3055907308405	13.2291616843541	12.8939229560416	12.8039433953108	13.3853240209544	13.04350472873	12.4196974999034	13.6683060885416	12.6094052941801	12.4644374043756	13.3207856765952	12.6910199922371	12.3936680612751
M360.2147T347.41	14.7925735756664	15.1521765193109	14.79765941171	15.3934881288743	15.3284685666543	14.9132005662671	14.552659541304	15.2456428968988	15.6657194016505	15.5115235602526	14.3798009158669	14.2008874197998	15.4308125463922	14.7341460742103	15.383023358728	15.6952915061948	15.9535018514522	14.9019316388033	15.4621712163583	15.5252977764168	14.8149489710986	15.2237792428145	14.3755503141213	14.5072022108668	14.8907913290191	15.2943975604953	15.9970382813423	15.5847045174153	15.6321527535889	14.8613994104727	15.4139752575491	15.1354639699899	15.4268681721422	15.1105640884587	15.3023841827236	15.2828711573612	14.9961467163829	15.5099927915762	13.8567337565853	15.7455388432391	13.8619253196349	14.6262171647573
M360.8413T46.1	15.1378150384345	15.2461476907148	15.3272996112884	15.6953748489539	15.0187503648941	14.3352186450041	15.6874375161078	15.3223225148524	15.0563577111298	15.2696431450867	15.2884658956547	15.4255666988558	14.9145864581537	15.2125001561972	15.1882142821755	15.0975769439404	14.9117161275163	15.105085729026	0	15.1758730942713	15.0795355266058	15.2110166830341	15.4117053219417	15.5032709941448	15.6715010032843	15.4522951132287	14.437898741962	14.8241571743701	15.5177759649882	14.7936745674222	15.2708264425626	15.5412674988735	15.4218626942862	15.4389510315143	15.2922267863156	15.1575468180857	15.0085133844573	15.6826099622349	15.5910436590925	15.0144324984595	15.3691538317551	15.334917867422
M361.1645T75.77	15.4802449897596	15.5767977910007	14.6984387583773	14.5237415933047	15.673069157627	15.3149856180016	14.5006713138978	15.1773884293347	15.3261912098656	15.158836342522	15.2760195410983	14.9098599298348	14.9448051048618	15.5480818941468	15.7788231175737	16.0086648904791	15.2436242226573	14.4873774501057	15.2854974401643	15.2560789591124	15.0018215991098	15.5300294058691	14.3527495785104	14.9268221000986	15.9637582516595	15.1252877594332	15.6023005257035	15.6035110588444	15.0201808705011	15.2336328482864	15.4175871784622	15.3499654464276	15.325120070949	15.3120376763092	15.1087632856441	15.663542063879	16.0528451363198	14.755081708958	15.9092686588163	15.1298353048891	15.4119084715571	15.328342384028
M361.1688T514.3	13.7722385520572	15.4334720364316	14.7873532180454	14.5068120268148	14.6943462447161	14.4091523850525	14.0599499622513	10.3484013185907	14.1287264239005	14.0272613811817	14.689172572576	14.4573356266083	14.712781476649	13.6532301114194	13.4867505844158	13.1548849998234	14.2117039157684	14.5851304265378	14.2488771951224	12.2685150599236	13.3123059941714	15.3692189379419	12.5175104453155	14.2812245792609	15.0056396859774	14.1541672765235	13.1854643998078	12.2877401984028	15.4016760268833	13.7683281105642	13.2440393265257	15.6547012733097	15.7861003208663	15.5934896456185	14.4743844716922	14.7631834071177	13.208982012222	15.5609063456913	14.5891922979033	13.7224691202284	15.4281676948222	14.0857219702633
M361.2751T636.48	15.786509811151	16.4683350083804	15.2007680509312	15.6054817907094	15.9087234570412	16.6453540877569	15.9123266560919	16.8557731552999	15.8101029432739	16.3710147489107	15.8420870041213	16.4126960848597	16.0187377639844	15.8238801867385	14.1384721968824	15.9405995514076	15.5557149308898	16.1076434202099	16.7165658756669	17.1584112528072	16.6664903899513	16.8155614778427	16.6839583115405	15.5655806762018	16.1744944782699	16.9753463329734	16.1995851126733	16.9042250322696	16.5563687703996	14.4191611518288	15.8720482031578	15.9447990621242	16.2602928375131	16.7418497560158	15.4537573631271	16.1731933122186	15.4380565834107	16.9443673559129	15.8460811163219	16.2272768229457	16.5858446359783	16.3099755808439
M361.5991T522.88	14.0597546023524	12.7646562421486	13.3752116826784	13.4755390359056	11.7692538458217	13.1374091119215	13.7411165325358	13.5002647186461	13.2948360251724	13.2991820594554	13.1980480259725	13.3613531400777	12.2420777246453	13.0355414481012	9.34873336338705	12.1842650864083	10.935721183859	0	12.6031078340465	12.0219099670457	0	12.234660140612	12.5506289457353	12.4494592720221	13.4785954081751	13.7837424352881	13.75401804013	13.813422773181	12.8597539660704	12.1052002106958	13.533891573705	12.9617689152082	13.1334911983546	12.4957914025466	13.1222909412855	12.1656565551192	12.5129439237579	13.8668491648002	13.3122458502851	13.5680927480348	12.0939728717721	12.8669972463182
M362.1444T385.49	13.5439557013756	12.6652891426242	12.9629175799269	13.3672923040489	12.8128192387569	13.0794034522945	13.3273171279835	13.7200073836284	12.9196412295457	13.2481955887747	0	13.0032765773993	12.9181384322127	12.8369265424927	12.6427712125324	12.9011117848965	11.9257418405032	12.2813251673871	12.8468782679101	13.2906301870117	12.696685593464	12.767276694472	13.4093444490209	12.7084993199578	12.8660755095334	13.681726570216	13.238369198268	13.4628557367986	12.9529759875864	12.658725221489	13.3924818627367	12.8371318238059	12.9625582217896	13.2057703199551	13.3152848405772	12.6596338884369	12.8470317490701	13.3836346976431	12.9174916943867	12.6687257942531	12.2873087944	13.0533855814375
M362.1775T514.02	11.8075032324374	13.8387302442155	12.8885807414667	12.9197782469808	12.3564603131507	12.8618659502286	12.4437710936486	7.50600273252291	12.692517135745	12.4438450619558	13.2495180509668	13.1385456356575	13.1036808650794	12.2293993430713	10.3232695949108	11.5672765283719	12.3303460527746	13.0308792848757	12.3429538843696	9.26452340326105	10.6685299435505	13.9462656523094	9.04897458662539	12.1612948207378	13.3118799721473	12.5829077444038	11.9484396649866	9.60392083256381	13.9283581514241	11.8157050083921	11.6753383924262	14.0739619335728	14.0893727298207	13.9935282071311	12.8877351559177	13.2613422358099	11.640267414117	13.9940111838234	12.8351501758527	12.3841278965098	13.7601907783316	12.727013817583
M362.2784T636.41	13.722416354474	14.3129461178375	13.3335834747396	13.1610388811353	13.4296837762654	14.4118112534512	12.8247721464862	14.5980676183408	14.2716898504811	14.573048432988	13.8527732024925	14.0535981897926	14.0853340375301	12.5555245577268	12.1783524049884	12.8494202815177	13.778609955369	13.1786044309468	14.3117556720452	14.4719749200771	14.8024461872934	14.1517784481133	14.1640338077513	13.4107178886853	13.3674886189026	14.9244788696501	14.3133859555915	14.7452302945768	14.3062394024635	12.8868160505365	13.1962981859893	14.128662555358	14.2660892061342	14.3730835865463	13.302862979684	13.8114579536667	13.0153871587435	15.1643779364228	13.8588762361769	14.3272651806089	14.2587646966403	13.8141781282219
M363.0435T515.06	13.8287996766487	13.8476804978464	14.0681551041773	13.7324341538926	13.8415576369759	13.6908678098118	13.6437248875379	14.0222435079084	13.7627168254702	13.8219225707866	13.6610681176091	13.4604980006068	14.1027157105762	13.8319376998834	13.6149930603967	13.7674521664032	13.6750660786069	13.5754962245581	13.744053560484	13.8434791995784	14.1047597843359	13.7707337648051	13.8726682456223	13.6957116247798	13.8422553920511	13.9083795698397	13.9730978615498	13.4635800778727	13.8667530580506	13.9571359463372	13.6259794806696	13.681954776177	13.8547138570082	13.7584059312696	13.9232107854371	13.55750763791	13.8525368539469	13.7401017293635	13.6855394007702	13.6384916094414	13.6925379332006	13.5676438959805
M363.1846T803.4	13.2447058834183	13.4534287468402	12.3615727950234	11.1648637075698	14.0125366985976	14.2275002730928	13.5386111556101	14.2093479369035	13.348535162575	13.1738430995521	12.4973518801123	12.525617823472	14.0408651580465	13.1051016270361	11.3446058882327	13.1357932466328	13.3520229232133	9.16128720322656	14.0274237824853	15.043254100925	13.5313231398825	13.9654678240151	14.4504771957519	13.266936013487	13.1848219293929	15.0492604072335	14.1741813224611	14.4667463019675	14.3510147896774	12.6428583925218	13.4612992267109	13.797804362028	11.1303526085144	14.1049983222272	13.7702422614246	13.2734941704426	13.4478823645467	14.5840337555767	12.6015170268871	14.5683873540002	13.6122331962531	12.4225416795636
M363.5192T273.76_1	13.2035506230551	14.0220109792506	14.0379574550704	13.8788628816725	13.6609140081346	13.418786091705	14.2305351241109	13.9932604686815	13.755346894233	13.419398308155	14.4502821640639	14.5388730532166	13.4994347667072	13.8123137163111	13.7454561775679	13.5576309218701	13.4588869440887	13.5378428848078	13.2366619913549	13.4665905627649	14.227960925533	13.9160514806431	13.9376735472404	14.4176432284967	14.6743187594397	14.3978933196419	13.5987583542616	13.4047410693604	14.2149456558501	13.1478902683133	14.044035926995	14.1228124704402	14.4930262122735	14.0860724987123	14.0637617570616	13.6484971931212	13.9967070296343	14.1499876799769	14.2872706585135	13.7468926383667	14.5073888974269	13.6704518218359
M363.8536T273.63_2	12.1999535672975	13.1658865939425	12.7686148414043	12.8456213497239	12.6020865240747	12.4225675762618	13.2415193546904	13.0570332672533	12.8579410984937	0	13.3275417004898	13.5300436793119	12.4719332862764	12.9741525907503	12.8139703696419	12.8731182437817	12.4810905763664	12.6281215558377	12.2696315302882	12.7207999765569	13.4561098350591	13.0919754921177	13.3175310479379	13.4152758077884	13.7300553897079	13.5452835334582	12.4841877313449	12.6600516150572	13.1919453270963	12.1941936806498	13.1866246588304	13.5009483106136	13.5253767377097	12.9159418523419	13.221464140959	12.6325702884372	13.1008392273627	13.3644381347785	13.4885304951086	12.4836372606579	13.6016401239344	12.5120536014447
M363.8845T98.77	14.2436098190637	14.3059890812186	13.9800191293571	13.1792345210848	13.7716179295888	14.0578308758606	14.2731989126383	13.629795257967	13.7621999864465	14.0355535011122	14.3239147670492	14.1183356412144	13.9798988579356	14.1988971930253	13.6450684585804	12.7218400528347	14.2977333482673	13.8920342773523	12.6084738821806	14.4601996448168	12.9273916321647	13.6745888674029	13.8373132983507	14.7215582437254	13.6994432692951	14.4171196807486	13.873006206837	13.8314213284387	14.4901648139119	14.2416438112888	13.947683944431	14.2140857223433	14.4325663289033	14.1362013768663	14.0683074729562	13.8591996713746	13.4101205945051	13.4049907939851	14.2908262521871	13.9631056774532	14.4421171563402	13.3854287072991
M364.9326T1195.15	13.0442982273267	12.5815865353415	11.2257503607397	12.8560076275338	12.9174794219307	13.2870039683742	12.6904966045627	12.7398179748636	13.1544029323577	12.6765412719956	12.4056946243326	12.6968350901819	12.2886337231122	12.2169448567834	12.9078615333714	12.2782543807952	13.0318165092038	12.0120018129803	12.5865324922791	12.811055297217	12.9167115394775	13.0993261871496	12.9434293546591	12.077953641903	12.322931865245	13.5732411098946	12.2476675806928	13.1043518353962	12.7552596873274	11.4402750971339	12.4035732330565	13.1009701745467	12.464172917384	13.220933090455	13.0035048511861	12.7703570589143	12.553846223608	13.4092927820049	13.2687802070208	13.452769068562	12.6361756234127	12.9101914109897
M365.0407T514.84	11.9515479045207	11.7080846604529	11.9598927706915	11.7790511982958	11.7630684120856	11.8072108069628	11.5806804929897	11.998038801915	12.1329921819567	12.1089623529824	0	11.5275722349076	12.2379893150417	12.1681933384781	11.8002551406756	12.2355035108422	11.5678075348339	11.7798423853198	11.919589359954	11.7446265525014	12.3314522285171	11.8784222158098	11.2183254600551	11.8952383234613	11.8190031227852	12.2403366817005	11.9928322984366	11.7503717250886	11.8854703451321	12.1877422781407	12.1690711067632	11.9997904483342	12.069612274079	11.8408146793138	12.3305107549868	11.6728945570161	11.6381750880062	12.1885625299644	11.5967901978538	12.093397700508	11.5909845477381	11.3857128392141
M365.0786T142.86	10.6828909221552	9.97911417054799	10.3520915252642	10.6126565182867	11.4956088219983	10.9290221638041	10.4647798146874	11.468847064505	11.4581811860643	12.5880214548521	10.631269091771	10.379807783131	11.5196095908115	11.3503331406712	10.8328576958696	11.7325814427196	10.713421612626	10.6483711217639	10.3471352930076	10.6014692131666	9.88849161721336	9.19560991228087	10.2735909102554	9.10374932335036	8.52535896350345	9.54562655158323	11.2102238314676	11.0728601309334	10.222719721288	10.7965622827959	11.3136845626243	10.396720027525	10.162613740238	10.8671553655017	9.17700443573534	10.9897814601396	10.7200407025174	8.07687010256576	11.0508743625613	11.4099875900582	9.95805530719117	10.7603872062887
M365.2429T346.42	13.9379743387198	12.8504564918309	12.1119039547481	13.7745118091215	12.6058428790649	13.6248606922592	13.0460284262484	13.6724241539707	12.9552828063564	13.181215484015	13.0108384509733	12.6615422478821	12.035528609293	13.5934362335167	13.5997516761602	12.8131536809233	12.2804370023599	12.7337700009706	11.7651673560823	13.2629486200511	13.8958809427059	14.1225867777283	13.965037683945	11.4786045252257	14.8255849919152	14.5869030641037	13.1742423701821	13.5523887927419	12.9463539889713	11.9855269848861	13.0062394216509	13.6154750408856	13.5988648236004	13.208113668072	13.0086541274337	12.5628885385186	14.3632144217325	13.983853245633	13.3971660007331	12.6948782571444	12.5862166663802	13.2405558415927
M365.279T541.65	15.0261971955482	15.9449129103716	14.9918630899954	15.9105037868814	14.9586574424184	15.4220235570511	14.830879410355	15.2697062601746	17.1217084587028	15.2140268447881	15.2775469485122	16.7204678073175	15.25786157995	14.3347087596511	15.7157642266409	14.0814233006057	17.6994779162186	13.8431837357044	15.1080841263414	14.9505295201605	15.5681994480644	16.3843119801881	15.2546754881183	15.3546978363523	14.9832880885778	16.6868872779285	15.3196520356095	14.9174997162404	15.908791364191	15.7157696502679	16.4573259491676	15.1278148288463	15.0863686515928	15.3113830637643	14.8711956705299	15.7627976465855	14.5697379228309	15.2114143176853	15.7648153901637	15.3111059023919	15.2872125728806	15.1376401944241
M366.1137T271.41	11.7221569733575	11.809280270061	12.0795378505994	11.7327508410018	12.1879904851364	12.3532154580297	11.7819408232362	12.1721854546325	12.4323761256527	11.7295280357304	11.7777210152666	11.9279995669291	12.1984500277299	11.3947225898124	12.2151854570073	11.9715141061341	12.0325205474914	12.3166375747322	10.4428515011757	12.4751187521773	11.9723731699156	11.8482637940009	11.8187547504815	9.67626317718067	10.6968500702396	12.2224189583603	12.5683809788923	12.4365151672938	12.1177307807257	11.0812326508963	12.3370717416093	11.9930020968216	11.7763269560303	11.9330228285584	11.6951844291411	12.2644938719635	11.6332451136623	11.7313497685462	11.6771955380116	12.1177586202606	11.8714999592954	12.2805063171716
M366.179T173.05	12.4746003168779	12.2835072365076	12.7404620347186	12.4067252766113	12.6394436656366	12.7980797112815	13.1013410607567	12.3712369442364	12.1162205539742	11.8270145240719	12.3215636556416	12.5871124976	12.5541639651105	12.3417471836827	13.1572482748241	13.1741357550122	12.690475711453	11.9022090444773	12.4768762946593	12.8795195037622	12.9496249947264	12.6946924425874	12.7321699909451	12.8732804306531	13.3052203135875	13.7114288740391	12.0106007646239	12.9485739973398	13.066023985361	12.081153512365	13.0397605384784	13.0967308656683	12.8390698806417	13.1254155804303	13.1046944502776	12.0624601583822	13.2557618479441	13.3985056501375	12.6723892347296	13.0733086344826	12.7275613907045	12.4727428483316
M366.2421T577.25	14.8233486264561	14.4557527847262	13.4706063778165	13.656119083207	14.1017129855215	14.7047584364502	14.2867803197005	14.6991608959452	14.6213663495939	14.515250412064	14.4812574734321	15.1007115482055	13.6881758734576	13.8803192298549	12.875548103234	13.7179101351681	13.7126597733736	13.8581590708535	14.3790817929847	14.5565239630665	14.8909143027583	15.1135169057754	15.2412489773662	13.7158597380537	14.1023496180294	15.213106646972	14.7309410350248	14.7580199965276	15.1480053606354	12.7834078254653	13.4422582389078	14.5246254068313	14.5873885089866	14.5775922025377	13.8442567901404	14.5918427139619	13.617692708594	15.4268686822381	14.7154678568308	14.3717636133159	14.897166591532	14.4993696898637
M366.5961T522.08	13.5117657396027	12.9209168846676	13.8128091717406	13.247153418894	12.2632537307252	13.4220221987092	13.7101678529612	13.7195760627344	13.5748779091526	13.6352335834524	13.2480377158116	13.5683941778189	12.8683913892063	13.1277297329034	11.2350045141607	12.9345871629639	11.3791316931471	8.90677197517844	12.6905032527995	12.9281635440288	0	12.3653652662085	13.2749324021245	12.9975779680553	13.4663900212568	13.5765715392723	13.3349566747004	13.7162851488446	13.9599438119611	12.4984170908671	13.6277022556799	13.0108516874971	13.7556699807976	13.2024083720266	13.2057132180317	12.4408398705474	12.9810544366001	14.1456099124559	13.2901349399031	13.3303274836163	12.1950307044609	13.2699101471774
M367.0239T443.11_1	14.2650471466811	15.3224788728774	14.4392712532786	14.6851650559741	13.8934186139698	13.3003794024635	15.1461660407266	13.27620277762	14.121763269258	13.1444850723495	11.9408750470396	11.7881103941184	14.0914406953654	12.3651465870919	11.7443079248811	14.2836639551221	13.7800112987289	9.35396789016967	13.255031307581	13.9827432227055	14.4963259220734	14.8757797068466	15.127846316512	14.0929931461318	15.0620048320987	15.602579000875	12.9789747617795	11.9503996214979	15.0790794482828	13.2797849717538	14.7229219547869	15.4603524399171	15.0944249668301	15.1745352192581	15.7281766974866	8.78245628198378	13.5885688161367	15.5487061445101	10.3412348662528	14.1961695205345	12.344401926028	10.9645338262923
M367.1437T48.93_2	14.0832327036927	13.7696756949854	12.9915111909439	10.4648583494061	14.5073880419555	14.1205179814066	10.128092529711	13.8684268574803	14.1107169014765	13.4769153529775	14.172015055278	13.2196218310725	14.2603585738995	14.4310850483744	14.4074683553349	14.2804440135679	14.2582172042434	13.9998702850957	15.1382712454881	14.4641313104898	14.2735040749424	14.6957412056757	13.7652054363355	13.9456591526688	14.0927184703544	14.7653988019947	13.2678376599219	14.7230210533341	13.5993320043961	13.6019420695277	14.3307407900609	12.9291580866922	14.262008140004	14.3589926989174	14.6097056318101	13.8121247680331	14.2021505556607	14.1761398364885	13.8381983112551	13.7779228637106	14.1491759609301	13.2147589577716
M367.1511T230.1	16.5512888352842	16.710311497994	16.1397177938119	13.8570949592568	17.558951559842	17.0022875732898	15.2117301207456	16.2428640365537	16.9656183411433	15.2306983665882	15.9566690603501	15.020766758701	16.9837294845211	16.9915558550743	17.1947928324917	18.0954752559925	17.4601830882783	15.7860676469233	17.2732604643677	17.1319396249115	15.4212760309985	16.3231473158958	16.1090108261071	15.830076960335	15.5843262954002	16.7785434636082	16.9191014996294	17.575532199548	15.8983486079794	16.3822161613191	17.6177712792935	15.5466836435081	16.1896330243392	16.3165781974972	15.9118940178303	16.6607179102566	17.2740939903061	14.8594774403824	15.4040628049427	17.1343797094692	15.453964919066	16.2512320083898
M367.1515T109.78	15.0845941377242	15.0470381044849	15.1658733729433	15.5175173642574	15.0173663331596	14.8230102802684	15.7098086144409	15.2194730088377	14.8785211985404	15.0434385241592	15.0139608861628	15.5305849323535	14.9829490573298	14.7821835028915	15.0377490807815	15.1320813386861	14.9077038494581	14.6854023200765	15.0052496112062	15.1553503689551	15.3152208767301	14.844067121614	15.3894905751542	15.3142695485284	15.4395335889357	15.2712031536968	14.6291810369459	15.2869233706329	15.2421655050611	14.766686755467	15.2331445211967	15.2822425859201	15.0564730973372	15.0824637334833	15.0379664634965	14.7741348380476	15.4611213285581	15.1960903499147	15.3122041401826	15.1477956543185	15.278317433701	15.1762362476136
M367.1517T86.6	13.9695282217058	13.8267715064891	13.5198995153896	12.5680940017565	13.3512833291963	14.5476391596391	12.6755250205074	13.2246173167778	14.1208109768356	12.2410918167491	13.0131275856277	13.0894898005759	14.2027706869926	14.3259553696225	14.6252587284638	14.8433818790979	14.7092345063888	8.95658968280086	9.20506963187669	14.5802371073229	12.9822639138577	13.9297417472486	13.3709748992785	13.7655634848858	12.9933571743332	13.0820846725298	14.2984507900766	14.5799216649977	13.820549131722	13.1438165447209	14.029864522018	12.3860412249869	13.6455276648041	13.1324981671033	13.3244549991317	13.7588967270203	13.9449299019945	12.6633661941631	12.837352395324	13.8046339650471	12.9117381850657	13.5714932222201
M367.2832T501.58	10.2739560439997	13.868837071721	13.089201647311	12.8178861254019	11.1042705745256	10.7529960148176	11.3153518180185	12.6013129380038	12.466706418324	13.491157124343	14.7410353155888	13.4622475988402	12.9185762864796	11.5314003265691	11.5058168129966	11.7048294660139	11.8059778547655	14.8714673338306	11.5886116125956	11.9876130195601	11.7176511365458	12.6338253491778	12.5269495708467	11.9278910127897	12.1403879995719	12.9316328371442	12.9834155403959	11.5858674613659	13.6847328776862	12.6810935180446	12.779671192921	13.821992345399	12.6843297254618	12.8792308325992	12.72538173605	15.0280869279693	9.39848311601628	13.8919313972718	14.6668457700825	12.1067090857012	13.8957503553659	13.7714150328424
M367.3381T1068.29	12.2602079682328	12.42598445155	11.982304759368	11.9078181814981	12.4322799981616	12.3956405767114	11.884169440166	13.2748300354249	11.9847072240821	9.34186547421751	13.1561057817366	13.8881682437926	12.1742594884391	10.6401067968209	10.1705149042276	11.4803260496869	12.1731563025583	12.2447877548143	12.5172879140449	13.2120745728372	13.6771966417781	13.4814167728804	13.3599063365266	11.4481613679284	12.49309773314	13.9255225772707	12.674008629136	13.0982507537065	13.1146846563412	10.2507171691672	11.7154304167959	12.7586921210988	12.4190103286295	12.939716867276	12.1377804185264	12.9120361515847	11.5140611857295	13.3218949137425	13.2529746049812	13.0602145089422	13.3165481253307	13.7078235223481
M368.0963T177.97	11.3813094884455	16.3086135603781	15.5518356707961	15.486295169013	11.0559250998229	8.81021899596375	14.2371138007638	11.6223316250455	11.4383291327341	12.1718644229816	13.871632673571	13.6424870753581	11.8249006137543	11.7032163963186	11.7681427932615	12.0510865758352	11.660988813943	11.816237465329	10.9191935890824	11.4933054701655	15.2905984611772	16.2042883990681	16.1277269807467	14.3035854461424	14.3789149471102	14.8298435244807	12.7916856888313	11.757179469262	15.4619987111267	12.5562353378933	11.4283221278005	15.7627875097301	14.7514151016101	13.9583959535435	14.1684861649352	11.4935116503129	11.8171151043583	14.9614605101047	15.3410953470962	11.3431994658035	13.2910801112182	11.6684492809289
M368.1554T109.07	12.3532197466372	12.2295019451748	12.5536281269371	12.7675709624635	12.1756331303332	12.3291330408114	13.1791723520542	12.6058000684432	12.1421377294812	11.9895786079028	12.3035179649762	12.9026698396095	12.1292015728108	12.1091013828743	12.1659514021639	12.1654566999677	12.1452881280972	11.7534411941347	12.1932989884499	12.3579751799882	12.8145453436546	12.1205086006474	12.3293642501614	12.6680572979412	12.5827837234651	12.4079773579231	11.9176042515097	12.4655146579406	13.0151249330265	11.6706794793014	12.4013040347472	12.1594435169766	12.3311200203988	12.2692346953187	12.2784598871744	11.9213846898949	12.6739264425175	12.3679061964355	12.4077600662961	12.4018587190083	12.5225378699115	12.4864976353532
M368.9117T48.02	14.1696566914104	13.0990222368541	13.5415521063974	13.2925125749796	13.4854218726279	13.4163413289587	10.8675542749165	13.7655732860302	13.9494259161677	14.2056871776158	13.6861425233252	13.865857970875	13.8457972575871	13.6162883042457	14.240896180386	13.1429360848941	13.4988708286447	14.4866878230093	13.5021453356047	13.9138439026794	14.3185789605442	13.6258362250547	13.4163197677986	13.9360455147056	14.1839414463505	13.5172354954329	13.6030569835696	13.4814951743143	13.2016931379477	13.8438154521059	13.8609011420632	13.8952521359183	13.7398651631048	13.4843480620542	13.8313830237111	14.0530355343002	12.753130706623	12.9292906986573	13.9712841959926	12.9442664702177	13.8736248253909	13.883501432662
M369.2992T583.71	12.7128754993621	14.1190553399745	13.5077099758395	13.9067761569144	12.5039662262304	12.8929374209236	13.3790971342394	13.6909703362156	13.2333210303277	13.39058264083	14.231438218563	13.975054078443	13.6049991698365	12.3973715409853	12.4579492934976	12.7294475123475	13.0857373984872	13.9551335801791	13.5294733576161	13.4447014625974	13.9401298057313	14.0067175979756	13.6227620066664	12.7614281984784	12.757960837985	13.9121630071205	14.1242753505761	12.8639245575648	14.2435346599548	13.0857474109952	13.2184818079637	14.243989890671	13.3015991395527	13.9320037683269	13.6138179252279	14.5937288090361	12.98562397812	14.6614765575458	14.3645848747574	13.7982472333573	14.241365277019	14.1208036461088
M369.545T310.83	12.6155027654713	13.5340017366779	13.794286923395	13.5798590689856	13.227600770221	13.0065975556033	13.983489672674	13.2651530866594	12.9524240059051	12.9024288589197	13.5783347986252	13.4365395052724	12.9705853290856	13.2038682350394	13.2492338877571	12.8573668991486	12.7564572739058	13.3169851990889	12.8024893200403	13.2781571842167	14.1428340061899	13.8338438806565	13.5053930458801	13.5061049665162	14.2201901685244	14.1990127031328	13.2430772684302	12.9552430420801	14.0583431106381	12.555318669001	13.4572649459566	13.8949471803179	14.0423736881114	13.8661461223004	13.7176389555412	13.1085740648837	12.7785974423386	14.1092975322501	13.5013843028764	13.0909717115903	13.6591127340843	12.9977005450525
M370.0497T392.43	11.5377260845801	12.183844983416	12.3942992830346	11.6286182203204	11.6159021495938	11.4263564908302	11.125599997886	11.7951539718528	11.928876794815	12.0307068831654	11.7420475547415	11.7739503465053	11.7073542655793	11.3765376934349	11.4463082801764	12.0882200142369	11.8480173591371	11.4494834838726	11.2770016082	11.2451104872686	11.7253209385112	12.0552317577408	11.6425527077245	11.188518153948	11.4899400215863	12.3652864843283	11.8554757018065	11.3921253728006	11.8662968890326	11.8722446312281	12.2185219181202	11.9103757282794	11.9237911827602	11.4767384837366	12.1007097459119	11.9027310845579	12.0799340609251	12.4077551408944	11.4810699941963	11.821369874311	11.5315766161694	11.6017762417158
M370.1602T112.63	15.1179603323696	15.7314253656285	16.0398970702861	16.1830865907927	16.5912198844824	15.3709622045843	15.7441278329665	15.4814528013709	15.4374643435488	16.4569215936549	16.5934390879078	15.6043234031746	15.8118726603062	16.2408726233712	15.5676004032669	16.0013674349178	16.1569481733045	16.2510581490085	17.0495477278227	15.9184984668463	16.0422645779954	16.2323009453464	15.0434743298005	16.1122418942655	16.6010532762998	16.6405619280036	15.6981342935863	16.3692569721564	16.4556172720578	14.9416711762208	16.3001213470518	16.3146169316253	16.7210264905656	16.832989904385	16.9761999941364	16.2033501201066	15.7845548254642	16.4855795814886	17.0324797896811	16.3880150552874	17.0251773833608	16.3169265489099
M370.1646T338.68	12.1621584507482	13.5006460675935	12.9777802268242	13.0882830771693	12.209755630979	12.1238194050647	13.2432699868059	12.8461941676361	12.2780702773514	12.6151516859247	13.5576674587258	13.6130378363262	12.2211586853944	11.6963900843376	12.0950939778695	11.370427376288	12.624496357956	13.553039259384	12.9474939981932	12.6032319007942	13.5591303372636	13.7696324216921	13.2581400793737	12.9409889706579	14.0345739768872	14.4065762794822	12.906841060773	12.5202689784796	13.570221558338	11.628877141453	12.2778133445047	13.2726521314492	13.0425478624283	13.1035241979405	13.0181304890533	13.453367100017	12.8846611708071	13.8444299014768	13.7340468768349	13.0414476700203	13.2944261436006	12.9852858813434
M370.2968T563.15	17.956497722153	16.0041110887595	15.7885889776734	16.9393832710653	17.4615047253117	17.6516572542132	17.6924807698898	17.9387230049322	15.4243417977189	16.8759545315738	17.8775185673724	19.5086430921969	16.0259310065726	16.417420059239	16.5026767189349	16.508847815966	15.6812104180463	17.7295091631158	17.4258842015097	18.7429443376776	17.1114946287058	16.5627497953009	18.1076630874914	17.2892367224722	17.3289369550778	18.4601867108628	16.9896922984184	18.0390827087605	17.236191541101	16.3259800610207	17.025693399769	17.1889212853486	17.4842805058221	16.7732325209787	15.8772622821761	18.9232136864042	16.730008959311	17.3717689076016	17.3872369078186	17.5310791240415	17.844943787024	19.6457298412282
M370.6618T112.25	13.38243014805	14.0085972136795	13.954160082791	14.5542779662995	14.7402986756246	13.2138288994055	13.6413246928157	14.0892473176972	13.3602159284069	13.9894077147319	14.0254159314932	13.6848260366776	13.6406917669931	14.2763758014677	13.5487905656128	14.0494934314207	14.4819031980953	14.2351613783543	14.6769461780696	14.2357455570538	14.3012366855891	14.4319842592056	12.9293545666309	14.0233103169595	14.7148800411629	14.5967708143595	13.9057977332736	13.9693545394857	14.6645301968593	13.0124637039671	14.2913077114713	14.574812230568	14.9266985931492	15.0529648430516	14.7578758498252	14.4232829735479	13.7460533067464	14.5072957047194	14.8302305339279	14.2280807289166	14.9498004245975	14.2981193240313
M371.0506T328.14	13.2226439787437	12.6031026868625	12.3678411579989	12.8512237661424	13.349793231208	12.7207952530921	12.8460456188607	13.2062518005113	12.9249600380717	13.3729581817153	13.2193898851497	12.1751931173852	13.1561577119888	13.2304540686555	13.1651464722191	13.0556252612189	12.9765408078048	13.3103201506673	13.2639625727821	12.9776306171122	12.9472716036296	13.0929308220373	13.0125371899525	11.3014852815379	12.4309804021037	12.9455338519449	12.7261618418652	12.9333583063703	12.6559810633266	13.4223359594364	13.1271101791678	12.9720772983825	13.099205412933	11.829952079998	12.9334818736783	13.1665372028369	13.0529539854552	13.0403295745484	12.8271471026985	13.0796408799469	12.71088448356	12.8553750901831
M371.3695T1108.2	7.74463358404992	9.01100777745618	0	11.4069810823778	7.41388074163247	8.18849294135148	10.914311465925	6.91856402928982	7.69617088462087	11.3399530200411	10.882322840305	10.6955875172216	10.1696897735836	0	10.7129019253121	10.3631386644394	12.0406526012265	11.4875816434401	13.1721238692721	12.6382774224325	13.2213989254507	12.6571845324424	11.858133689618	10.5666231084517	10.5417847202528	12.4846164693645	6.73768644753574	11.0231818917187	12.3074729085219	0	0	12.3895736669123	11.5952922411782	12.5737737298475	11.8626756415047	11.6229157144972	9.2997706841974	10.960041775993	12.8714343272335	12.7573958557453	11.6105882186249	10.220776611615
M372.0011T75.49	16.603330600649	16.5953921162991	15.9365078433776	16.2666260885806	16.6341203424484	16.7594945658754	16.4012515554425	16.1176165324304	16.6757110994604	16.0681323773472	16.0788160423732	16.5120128411426	16.2939287891449	16.4373566707516	16.6833436204462	16.7941739881006	16.4613713433853	16.3721190853301	16.4224382250264	16.5072460920614	16.1472161728379	16.5630634559427	16.1065219182628	16.2613551974797	16.6804002538903	16.7325181790725	15.9332571985697	16.3535343605707	16.5979873876392	16.072633281594	16.6969710249105	16.581227798123	16.4308710374785	16.4445861986339	16.3910389691945	16.8145053415284	16.6238691017765	16.1333466673744	16.5687976059767	16.5541583026419	16.3800446638979	16.4938637225403
M372.0424T48.12	14.5149635510261	14.6851349976457	14.1395453213732	13.8856098116224	15.1149180092416	15.5061897020804	13.8031737468397	14.0956298125486	15.3774381991156	14.4671943165939	14.3958738099109	13.032572626385	15.0108949284136	14.7455235897738	14.5638671172476	15.0436854138005	15.0403591217617	13.9312847937408	14.5289476933473	14.1227413338911	14.7770632806948	14.900994076777	14.0130393337391	14.0182421725626	13.3238468298782	14.291005119181	14.4255224847879	15.0987120139116	14.4769312628599	13.6583129454506	15.1396651804915	14.3649076177466	14.4773601433094	14.7501829280531	14.9161725853578	14.3464865598043	14.6323840474526	14.0821318395059	14.0150951648467	15.3297012346718	14.7701132223532	13.9097211131671
M372.0891T49.42	14.4839311281406	14.4768610206509	14.5022424659144	14.4795759262762	14.3563004991527	14.6596439320332	14.3603526318441	13.7277036852911	14.3194406585207	13.7520447747589	14.5196143821266	14.1633729155451	13.6284284538765	14.0077898966559	14.48424540717	14.3534138417283	14.1578131108654	14.1165275524935	14.0570486626652	13.6868333190082	13.9431902405813	14.0227154366419	14.6918913525626	13.9930915553981	14.6971660221368	14.2868742307241	14.2508695756037	14.494303104269	14.7429371601473	14.4989885612944	15.0249408384316	14.6338070530889	14.6584160659347	14.1706293000024	14.7354589801223	14.2032982822506	14.616926327052	14.4005755454605	14.3209113899579	14.1335991465368	14.1024567756845	14.5054374636188
M372.1423T77.19	14.761750973323	13.5394572229761	14.2458461817116	14.8799004810394	15.2055557912116	15.2135298588377	15.4293838702494	15.4364123351403	15.3694343820842	15.6357304542822	15.2338905283893	14.9724897030393	15.1115211509692	15.8212456032499	16.1349636471224	15.5138308867787	15.7176135415774	16.0615506892253	14.9469771203289	15.7762739794264	14.258528080901	14.2438314803126	14.702616154278	15.6233675789339	16.8376442139159	16.5204328446865	14.4699654763022	16.049512100317	14.6034159671631	14.2600959281567	15.5841451719338	14.7654862952746	14.4794681682615	14.5410894690776	13.8526504010836	15.6388593147262	15.5990486638202	15.0843855061747	15.8215814124316	15.6274455161219	14.6579955318168	15.0854774522851
M372.1607T313.04	10.992492407931	14.242617657627	14.2270492463937	13.8520735713014	11.6173848671122	11.4687504440292	12.5929470663874	11.1850563991937	14.0936908227678	12.577346159373	14.5659521572704	14.3253408233344	13.1790533972648	12.0851021177728	13.2243352306989	13.4126665085331	14.0369722121944	13.679972418606	12.4576926231287	12.7021672354296	13.6534039688468	14.7292176013322	13.1028111029373	13.2571770102662	13.1523063986626	13.6129701944814	14.0234283080296	12.369363076097	14.7538615658503	13.2139893528196	13.8714153545276	14.2591919075792	14.2110775465113	13.7596485170971	14.4620920104121	14.3352950191395	12.0241301105112	13.9505436644703	14.0045982996803	12.9131278519458	13.9987325813867	12.5084498376281
M372.1873T310.12	12.5372717467496	13.722900331358	13.2182306391094	12.8478642647224	12.7344845332486	13.0932992326131	13.3608836396862	12.4044006446974	12.9453451566403	12.5830525176688	13.1746962806148	13.1100477207674	13.3601000483226	13.155175149438	12.7664734960247	13.5237622575456	13.2582686474955	12.4089912759193	13.5483516843469	12.801659657078	13.6153695651846	13.9877380062618	13.1063893829444	13.9197772613733	13.7462903919135	13.8349878325391	13.1439680699835	12.8491569251036	13.6529805218381	12.4071253882527	12.8032550121487	13.2891119738975	13.746178236573	13.3260497862241	13.6950814796966	10.0042059856615	13.1290044969648	13.5343788910379	12.8694001174168	12.7137459365793	12.7665922264998	11.8247971840912
M372.3487T636.37	12.5170637158746	12.7833542791644	11.1919347617093	12.6537678366678	10.7816624014907	11.3656503683982	13.7032823964985	11.5969515261602	12.3714192332718	12.1375288388939	12.409935040064	16.528538186548	11.7256071060874	11.6271148427219	11.6237076842425	10.3084203366505	12.0697500289861	9.63939718786972	9.48801489258845	11.6301063143218	13.8621634158012	10.5652907421124	12.6919095124389	9.13523546975105	14.0741178213971	17.3218529376176	11.6955623231143	12.3480711977898	12.6296079188581	13.3772022205088	11.9904692462835	12.3820825486963	14.9683792392107	12.2901486868614	12.443848546721	12.3197310131146	9.82145326226579	11.9873384557437	12.5281042331801	13.3032701287336	11.4803966820105	11.0970048129164
M372.5216T310	11.4647775118416	12.5381910849397	12.8340032332462	11.8332785635325	12.3825002328346	11.2920400422699	12.3154120512913	11.4616853762936	12.0231105522379	7.60462173746823	12.0862069821513	12.1338798464275	12.569215010466	12.4379576070035	11.8614413570214	12.4711052209384	12.12539681695	9.64954120102055	12.9951403884074	11.8360836513982	12.7340191337494	13.1041750819674	12.4952062266228	12.3964865056757	12.8585593748888	13.1634231216077	12.0407652969933	12.2284835601589	12.670556063693	11.6934055825668	12.121342824354	12.4632626515173	12.7594982494319	12.6502970548402	12.8318940476819	11.7458650565652	11.7769176774412	12.3932667765867	11.6864210451422	12.1600158544911	11.3385120806181	10.0298904947017
M373.0459T42.48_2	15.0183843453935	14.4002947384224	14.5485124117567	14.3277473503266	14.2888488823728	14.4626589490686	12.4378731703256	14.0602605030882	14.7219652528964	13.7564450348191	14.6308957838502	13.1203109720688	14.5607626471069	13.9151341703251	14.7039618101017	14.423739916174	14.6939477287729	13.3083577682608	14.4096042852819	14.2992173331534	14.818098245425	14.3366847497999	13.4165222526822	12.9347207422021	14.6177057452618	13.8335233938039	13.8099673720048	14.4772379823242	14.3436805897686	14.4135921731315	14.7052874908438	14.4725454224762	14.2487791831604	14.3938605002082	14.0827695858774	14.0536168614037	14.2427664837083	13.9966637008406	14.1593542328088	14.4194768138649	14.3734980468946	13.3416677686914
M373.1368T57.98	16.5210166446515	16.0741759221481	16.2871592682979	16.1690436222181	16.4115683157746	16.215891164488	16.2496867016567	16.3540923644129	16.3348037192468	16.344240396974	15.9177706329449	16.1458250211547	16.185752617734	16.4877491569141	16.1779710644479	16.2945701558744	16.3172732473135	16.0717801914872	16.4963007520944	16.1157853787496	16.1746047051643	16.1909782889119	16.3091662159895	16.2609279498258	15.9498259930721	15.9077350465809	16.2233467182043	16.2325307496154	16.0737957258567	16.1852476770549	16.3300367795545	16.1399661001525	16.3534986123017	16.2810812199448	16.2798036037809	16.4292510494986	16.5082193055343	16.4375020817149	16.1696194140518	16.5121380708863	16.2529410705855	16.264746343967
M373.86T198.5	14.4546834628515	14.8331370775023	14.6498786247746	14.3450823618212	14.7774729060522	14.6071542340757	14.4690344097953	14.2404037375381	13.9525430480123	13.963034136525	14.6488388760734	14.205313822849	14.2257271293445	14.181628479412	14.6297447922547	14.4203597123892	14.5814095695999	14.1183903705536	14.5990344344148	14.6653755774097	14.2438931591119	14.3647735604886	14.4202022276294	14.3965023407089	14.4923049076747	14.3009192745476	13.9991072968817	14.3990498712163	14.5903319843674	13.9205023382058	13.8538250491303	14.6153656136358	14.8440354578498	14.4879044082248	14.0842482818829	14.1021296364443	14.7192228243637	13.9829244070175	14.1553982162203	13.9649487705827	14.3090956883863	14.4850926289662
M373.86T114.11	14.4853351310705	14.8007760333636	14.7976629659124	14.5703191617541	14.5462798568521	14.313274967156	14.5376269540485	14.5108153230289	14.7288598963946	14.9717577644913	14.7558905870655	14.4948842216786	14.4378396140103	14.7603976117099	14.5286747100549	14.7422491633747	14.5698077434046	14.8118091683106	14.6569691481568	14.460511899838	14.3986550176398	14.5654398134941	14.5946178197273	14.6389746172601	14.6257925892158	14.5496756253299	14.4886559869003	14.6099936391273	14.7296806558441	14.0963443270779	14.6276341693933	14.5959982258531	14.577551341357	14.5964553163745	14.567282160473	14.9193622825561	14.5511727642433	14.3582832099034	15.0649297886448	14.6129756377241	14.7209829105157	14.6829192833317
M373.86T75.17	15.8632190670227	16.4088365254561	16.2851019419176	15.8302052584145	16.137659362238	15.9767318794949	15.5504353366545	15.9300101851158	16.1419522297481	16.2028425695074	15.695759415675	15.4481332144733	15.8304447007029	16.0623411335974	16.142940736118	16.4353483100514	16.280325355199	15.9067102065833	16.3658829303007	16.063071275875	15.8434686806683	15.9968881906761	15.7500757147528	15.5997919995589	15.8944653208065	15.9032345780851	16.1366696539988	16.12168624264	16.0730209379854	15.679177724251	16.3169310426287	15.9460676447026	16.1742189333965	16.1024135504875	16.0183090592885	16.0340639854312	16.0986123092504	15.696747177921	16.1147590719686	16.1238613811058	15.7326331137871	15.6920527861168
M373.8609T697.36	16.2842278807422	16.4497334896702	15.9635068703883	15.9823725728415	15.8754836656626	16.4050051812782	16.0115033021106	16.4357131780639	16.1608529777831	16.5235179084972	16.17168608126	16.3675233227137	16.636626127619	15.8340585140488	15.4325402355831	15.6096861851777	15.9439043413343	15.873361339174	16.3616117688349	16.6088523264028	16.6480124698986	16.4768845549292	16.6759284965217	16.0230619849763	16.0821276839352	16.9448021078902	16.382699829436	16.5947335345062	16.6311106475467	15.328802085532	15.665552271933	16.3669112305978	16.2921610808049	16.4475393977145	15.8786173704596	16.0809702225047	15.7307282107312	16.5321662132263	15.9587987783897	16.3671233438663	16.3954972329305	16.3189250540508
M373.8611T662.05	16.3131364945624	16.4569590648925	16.2752764225823	15.6561235440519	15.5955424849585	16.6618649232824	16.0056576190795	16.3278631762193	16.2944139905963	16.004782760271	16.1483756155388	16.1100145497831	16.1954542621437	15.4237372835623	15.8057042175629	16.0436235078608	15.7988940749148	16.4778210770979	16.4018106636458	16.4966636167208	16.8890282212384	16.4657369677908	15.9727457440096	16.1709031734396	15.8125916813017	17.0911830307747	16.3193084203739	16.6599522475378	16.4746271041903	15.2825142405237	15.5850828440871	16.0984434428821	16.0925915517915	16.4278606074126	15.4898400285668	16.7564629508039	15.2271455018991	16.6689512433307	16.1506061776883	16.1909075700519	16.5067532777475	16.2552115475776
M373.8611T800.71	15.0612665001806	15.6798678977636	14.7140024796099	16.5310637418083	15.483766659581	15.8440521508204	14.9620377442683	15.9767616483854	15.1866928267413	14.8122501319804	14.7721754934789	14.8372379179971	14.6266658281075	14.8820178327006	14.6042107148344	14.8811932690843	15.6375983333764	15.2984060852052	15.2231145347756	16.0889420320185	15.3918728198698	15.7753178018566	16.1306875579158	14.3157110859715	14.7416023298032	15.311727558409	15.4045973117016	14.9620557702313	15.8384512259236	14.5194938382346	15.0795498629625	14.9263307107123	15.4797912551602	15.7921219489785	14.8538720137828	14.7851670665917	14.5615235051764	15.2100391007844	14.7076786291753	15.0053035707946	15.1083488708046	15.1191634242348
M374.1406T58.12	13.6826625415754	13.0834840725784	13.3391480610968	13.0642640167071	13.2342211399115	13.1791256344245	13.2903472911969	13.3386517301094	13.3916496687439	13.0772848057912	12.813517394616	13.1472088295792	13.112835637675	13.2763982231021	13.0598346090247	13.3957960681035	13.1166520437984	13.463714456066	13.3809733595175	12.9839911058488	12.8448901263817	12.8756888937611	13.4070157972938	13.2105041182051	12.853024783601	12.6305503705776	13.1567291455837	12.9279654290041	12.7275503456291	13.3741825147134	13.2114072856829	13.2593476977756	13.6507787700647	13.2428784648606	13.0617719739194	13.6674219452486	13.2833914851278	13.2659031772828	13.431756922408	13.0400804144039	13.427828732226	13.2587064497635
M374.2558T400.62	11.556446325078	11.1861393400092	10.6255259861741	8.19479465293278	12.1381018601005	12.2650991007336	10.9134345516037	12.2562192833297	12.3028922406239	11.86658898409	12.3028374423678	11.7529207276032	12.664181135548	11.9849678747256	13.0771149579034	12.8451044439583	12.3056771798353	12.7164842420139	12.3906019643501	12.4726437726011	11.0688478193511	10.5975298882149	10.2039412344968	10.423351167122	10.1462060528781	9.69663884744309	13.0615091329001	12.7110576042279	11.3067056025494	12.2736455706069	12.8882456339457	10.7877820992723	9.63451827198263	10.8618206497252	10.5682125655247	13.7286283045965	11.6003160374772	9.49334625499605	11.3004657456227	12.5438081413015	12.4137187140877	13.7887440591048
M375.7311T362.78	14.0811953771184	14.2590767778084	13.9013539846077	14.0122458045648	12.6096968716112	11.0714868236065	14.4292542839574	13.1678417717782	12.0758218539127	13.6714236742601	14.8634808263585	14.3675127716731	13.6590696308283	13.3309413557628	13.5529303835436	14.0445136987395	12.1178516769161	14.2593080605121	13.8788115182287	15.2417865820885	15.2043350191714	14.200858066296	14.319532763582	14.1398077474669	14.9704454551903	15.3400483075487	12.5946827047694	12.482139618528	14.8693692194355	12.2566138244182	11.4240638947823	15.0426627436508	14.3137434694817	14.0010779944104	13.5392635511453	14.0435677202504	12.248347727598	13.8902392011337	14.2545283503235	11.8606388354886	14.5330056455745	13.3817819148797
M375.9775T158.82	12.3227874639423	11.8225503735588	11.8790454303984	12.1823548693661	11.99999876538	11.6772118512829	11.3393816221977	12.3887225398541	12.1761219442708	12.420917321141	12.0640763940947	12.6331050744128	11.553229409134	12.7707845404021	12.334653590865	12.7413219508044	12.0042202928827	12.1405709688723	12.4156822609945	12.0179808069291	12.1795434146756	12.4200655490403	12.4237796396915	12.2431371337636	12.4383910836401	12.604726150637	11.7910132385591	12.6297562603442	12.0162720074577	12.0564865474931	12.8190645973718	11.972432484151	12.1599079463622	11.9966570192821	12.4094443822016	12.1111774193673	12.3464211425935	12.2489948684817	12.3612372253122	11.2769033063886	12.1810180094584	12.1388636316309
M376.0295T328.61	12.2271893243238	12.1239383330773	11.1691966438932	11.0210597317286	12.8234435668224	11.5114357868092	12.0963813215326	12.0059314912222	12.1095549068762	12.6748536933757	12.2883451010373	12.2214606965182	12.2469329346082	12.3674216548961	12.2769885832732	12.401444512004	12.7742900799763	11.8947134636278	13.3924858747864	11.979815891108	12.0216810061025	12.8654571570957	12.2096397645765	10.710204889737	11.9253483301701	12.2214446802864	11.8345354001776	11.9169458262985	11.6570684519636	12.4379045410863	12.1277828880872	11.7797563634107	12.0465857697258	12.1567905427822	11.9358599963231	11.8352381566703	12.008777947679	12.1570002678034	11.7995521562518	12.2920877922392	12.3138399400766	12.8037901046151
M376.1884T385.05	9.16255353828291	11.7807399833145	11.1980139499416	11.5651898058481	9.55475251606611	9.95083837239208	8.85865675290025	11.5306857241723	12.2583218335909	12.3061190919736	11.6707224473954	9.55978262425715	12.0694498579105	11.0348672811417	10.7250053527009	11.6548570241689	12.0802834601487	11.6655110577347	11.5210471888191	11.4442249542361	10.91110734481	12.2294569444786	10.3986324863062	10.9958553187749	8.49567508314708	11.2953771746668	12.1966355752457	11.4396021866436	12.0923529637055	10.1598628666438	11.3101276447132	11.0194486638648	11.4242949717363	11.4482343214847	11.8680878922077	11.6515555523887	9.99527019278798	11.6884897710779	11.341351069477	11.1309672078269	11.5382378428509	10.4387242139153
M377.0834T57.82	13.3153758927735	13.4699223598574	13.9464184100623	13.8298138748181	12.7850870744439	12.8326390351841	13.8493672857869	12.1091441914295	12.7521449770355	12.9613865660182	13.7352703639496	13.7213745455983	12.9439261855555	13.3514685094586	13.9536478812087	13.894685681146	12.0557584613385	14.0223178900552	12.9365504109591	13.6191420915095	13.7655978397542	14.0708996776173	14.012227009448	13.4487651289947	14.0874964271695	13.6960150540114	13.2611203994449	13.6791253254124	14.1823100907886	13.9803057244253	13.7410419092266	14.2772407609918	14.5864350079535	13.9618263593667	13.9856469443182	14.0515324027397	13.1497278621341	14.1629248813302	13.8178071679556	12.6233065693606	13.3686166710871	14.36808465942
M377.1303T618.36	15.4636295362263	15.1123323006136	13.9485402616273	13.2081610812435	15.6104794790314	15.0435259719422	12.3871238365652	14.3301354200084	15.9837691111205	15.3846653019752	14.6776468858481	13.7058636827889	16.7147874141216	15.4342307835193	14.8098516369239	14.0866922776524	15.7037083376585	15.3848462789877	14.8752210932391	14.4869358028446	13.3722621531881	13.5803022193745	13.0371884843472	14.0271641704958	12.6142700904851	12.7810274160415	15.2210255400401	14.4504649421282	13.7833542329017	14.3236960507792	14.1239865722202	13.6844652091937	14.004028309454	14.4927913221028	13.5633948514615	15.3076991662165	15.3734422207802	14.042651237502	14.5939089159238	15.7136424313099	15.4919468452718	15.1078499620481
M377.1475T312.04	16.2922191688988	17.2354088322547	17.0658231356655	15.8645313401622	14.69857012124	16.2542146010851	16.7253937935352	17.1102488969746	16.7373004676247	17.0031428151561	17.092862243464	16.937709311933	17.1267227551951	16.7264720417708	16.4798016407447	16.9134759827323	16.4146333685878	15.8941526396876	16.0817423815047	16.2179922768817	16.3755593339488	16.6069124382044	16.3983650297329	16.6651961139781	16.4152745900768	16.5994112973084	16.8019596137338	16.3109001423215	16.6839184691398	16.153541685796	16.7634763091355	16.6455394451851	16.7471492021871	17.0068745729935	16.9451990559172	16.4288851316605	16.624897620419	16.8696987973543	17.425712324605	16.8380759861762	16.8633537159433	16.1631970942544
M377.2314T523.19	13.9636851785599	12.3332545295332	13.5222232627564	13.7991054598995	13.1430413268859	14.0152719959013	13.0767222848688	13.9637616562557	13.422088679755	12.4938786559706	11.4514211086351	13.3430329459588	11.0679108569689	11.3635648333831	12.0274432828828	9.39512500238709	11.3752477916536	11.6820327920806	11.8430414126423	13.753193371851	12.1925230742949	13.2819109155673	13.8023970228481	12.5155676305937	13.5284785835974	12.6657102823275	12.8519790104282	14.4826889242515	13.995967706774	13.3124325524405	14.9146427614464	13.3021734690452	11.4551754605671	13.5374236618732	13.4655338104065	11.8403505359605	13.9232031801106	13.0991766859152	11.6973061050377	11.920227687722	12.1550508914135	14.055261252165
M377.2699T465.85	13.4570753012476	11.594453932786	7.90054214273706	10.2330187439005	13.6685646933263	14.6335200751804	12.676403499253	13.3917521436295	14.7758169493453	13.224004431221	13.9966259783107	13.3417624696394	14.6240611567608	12.9122630664689	14.2257840543997	15.2868524025812	15.8063573988726	15.3686926521237	14.8247890620779	14.8013796684314	0	10.1212443033138	10.6424581908211	12.5390603371831	9.86912301365039	10.4640152940528	16.0343105218715	14.3570274388046	14.1397079632018	11.0913155525144	12.8426561942596	12.3202329237484	0	12.9193534034234	12.164605189978	15.2117779634452	12.8224473910176	9.7933618484537	15.5907718888411	14.4859508991929	14.5794171059057	13.8032326951725
M377.9334T48.87	15.9225119479363	15.7681407862491	15.453721661753	15.3210220348894	15.8126152832755	15.7529282994761	15.6253700100457	15.7021621422189	15.9309754925039	15.427764792196	15.8091823324595	15.7115331810181	15.9515427303328	15.8638626683082	15.9337035703618	15.6913809556876	15.8529651480689	15.7197681242528	15.7560008764071	15.721897331471	16.0473602585608	15.8123604997616	15.3519833828839	15.7261716690826	15.7495285493879	16.0079422035567	15.574019391682	15.8832105092778	15.6054194071256	15.5645505464981	15.6601254598548	15.741128237726	15.8044676975836	15.7664018717746	15.7884330935858	15.7969815097948	15.4911508112508	15.7129783933741	15.822913358251	15.7438202317754	15.8187150673586	15.4990432448566
M378.1506T312.11	13.3579050481714	14.1834118203279	14.2496113499862	14.1451488536083	13.4617872125897	13.3525760012521	13.9845545167439	14.2496475399935	13.8919286993713	14.0207547089073	14.2591184757612	13.7421404373693	14.3272655585887	14.087050291791	13.7051142011599	14.2478019950275	13.3180465935448	13.1941883439362	10.6245237612201	13.3314036701923	13.6095490160841	13.629783597449	13.6476820689202	13.7652515000371	13.4810751006554	13.8406848116899	14.0255061989961	13.6378999545919	13.6568641069989	13.1554614775014	14.0774437485412	13.4357077969859	13.586170413845	14.1953940338029	14.1141193744235	13.4882503281806	13.5429318941105	13.9955467145279	14.5619804595584	14.0259074158189	13.9675885841554	13.1567163466762
M379.0294T264.39	10.2565473127663	10.4934057492199	11.6300996741627	11.9512582956404	8.87460351807276	7.51437815249365	8.63206207559016	11.6465551541317	12.1947365842364	11.6866012514177	9.86823887745159	7.45828905107111	11.6098817623614	11.0251351139591	10.7248426084823	11.1225331067785	12.048350911333	11.267155735744	11.6064644090728	10.6930030548246	10.9418469649652	11.32643834539	10.8611299346906	10.0589161519164	7.76382481223107	9.89171216034637	12.467440006879	11.766014631056	11.3547752062414	11.6661135887763	12.0922914759722	12.0255250335612	10.7641849159729	10.6303747979276	11.024547166726	10.8147342356597	8.58151160314917	11.1051892148696	9.28498888175659	11.780635275847	8.38591985931641	9.32538035562562
M379.2453T567.15	15.1006186225346	15.1209986697107	13.7961780451934	14.4893003178056	14.5111878210195	15.0249711982135	14.3722798634023	15.2418406966152	14.8751480352779	14.947362012509	14.7238279587086	15.1239996167111	14.4422135159934	14.4492267152525	13.5479318952453	14.1093786896925	14.3083504211241	14.2305960544464	14.9432464202184	15.0633988181719	15.5307206268882	15.6353751007302	15.7885324425114	14.4651026484475	14.605474963872	15.6612400347667	15.0855063362948	15.2411825995092	15.4152371660295	13.1614541916258	13.604038258837	14.9684200636878	14.8651404792473	15.142880673014	14.3978471004245	14.6184323121297	13.889165877727	15.5331432383054	14.6599199676538	14.8074002917204	14.8757665137639	14.4721257643166
M379.3073T406.74	11.1944660125734	13.2396818953921	13.3552687878741	13.216481684571	10.8718101684372	10.3912235316681	11.9774250082349	10.6686320612206	12.4554049768598	11.1870761127428	12.8976902959434	13.0696351553457	11.8058480783694	10.9805445053125	11.45271921574	11.756567033832	11.9706722491261	12.2044338255249	12.243932289431	11.3060824426925	12.6768979829018	12.7229541190142	12.8421184738281	11.4421727047981	12.4317332665578	12.7841021580383	12.5955455323935	10.8846728268046	13.2012238607196	11.8335038769241	12.5534291323631	13.5010793135657	13.0704831757074	12.8985349465288	13.1285904065216	12.4311806076021	10.8279056626301	13.3213421777739	13.1997646600641	12.1945707283763	12.7423873630257	12.5058310840958
M379.9303T48.84	15.9232398496743	15.3417502641053	15.4432396885337	15.3216711363956	15.8957901767857	15.5662149310094	15.4066841699155	15.6650382504724	15.7523208753049	15.4242037340371	15.7232761114287	15.4402796530256	15.9305320805098	15.5807558733238	15.9678301765365	15.7273985646717	15.7096353792115	15.5327575261982	15.8059195938408	15.6849771660189	15.8699550735116	15.648383403191	15.5144983271291	15.499392595531	15.69066049842	15.8709647627405	15.5705453813749	15.9638158878279	15.4968743807068	15.5333871269933	15.6239455905149	15.5742759610817	15.6920865981707	15.6079608600179	15.8103177650306	15.6670503955479	15.614337859125	15.7597483030187	15.597774779264	15.7652846856596	15.7480559888212	15.3815262288981
M380.032T514.92	12.7311581834749	12.3675577086146	13.0624152555141	12.8397453948146	12.6948201237817	12.5794503498853	12.869168123121	12.8079505366732	12.7954101043838	12.5151994597998	13.1970578501767	12.7801133311501	12.9171685665434	13.0461450137995	12.6507485497348	13.1467767306347	12.5074543285688	12.7626267316308	12.5226808250229	12.4828721258452	13.1270242972644	12.7953042647422	12.8781372912578	12.3784425370297	12.645351822089	12.7953063275988	12.7803750970342	12.5333230525873	12.3586651998069	12.8730956901705	12.7884972722647	12.795008238172	13.205429620866	12.975554967404	12.7648502925532	12.4670391145666	12.7902824044785	13.0198279425322	12.711625489566	13.1176606730164	12.4177826650063	12.4309891320457
M380.1834T327.47	11.3205136803943	12.3913323065669	11.8591469423584	12.8076196601344	10.9913033363884	9.73286039751888	10.1483344466087	11.7250401196569	12.1389605068181	12.0810299525981	11.930658915599	12.2174292808554	12.3525047872635	11.5001646546711	11.5759654089711	12.4237441655685	11.5581535516363	11.7970869075258	11.4005216920141	11.7865846162075	12.6403352893648	12.4561783999328	11.5426944858709	11.5209144799403	12.2987845512066	12.5416297843931	12.1852769179615	11.7591595385157	12.7748971225963	11.4200060383082	11.5119594116781	12.6426127179978	12.5936636707603	12.961928113331	12.6062945318672	12.1421944723584	9.83701199177417	12.6544642269582	11.3989230977024	11.5385065620436	11.5460874378241	11.9398726173795
M381.0728T522.37	14.7128768425925	13.5497775801678	14.5740509461944	14.6682834572311	12.9205959751037	14.0973691159448	14.8436588390795	14.3074674216117	14.3375842185924	14.5695946165662	14.1825623528443	14.6888104219	13.6890030303572	14.2474023804631	12.3585048407267	13.6560964234277	12.0463987760795	10.7742171768975	13.5208293984175	13.306596571043	0	13.8331321443384	13.7982979943077	13.6968630433186	14.167733002443	14.4870544471912	14.777455863403	14.19910707688	14.6257181475605	13.1422304365769	14.5408797518732	14.2627324769864	14.6888924559008	13.9242661349233	13.923687262946	12.6533670604209	13.401116920001	14.849695785227	14.1483325279471	14.593295780595	12.7036735294894	13.9074406194816
M381.2143T828.34	14.3763422727859	14.5423293980544	13.7236274815726	13.7974464773603	14.6011092030831	14.3961844852179	13.9677869911591	14.0326675071893	14.160823034445	14.4002634501835	13.8428903624109	14.2624782986312	14.0438896113832	13.6449157174145	13.2611217898648	13.7956149903809	14.5284017711803	14.552216690007	13.9322349320716	14.4971262815141	14.5180992047133	14.6435056914282	14.4209993144216	13.7182253308035	14.0319780265264	14.8386860350506	12.5127754704502	14.7007019530959	14.8266882056489	14.0440616782135	14.3504527613827	14.1418037873064	14.1298946006706	14.7813009343569	14.1654636491901	14.4520194441534	14.3601385244364	14.9323780828287	13.8510682712172	14.3210549837578	14.2651234496021	14.3838424618477
M381.2197T339.73	13.1896392180678	13.7196505689635	13.3464692149984	13.478151258944	13.7098739982819	13.4796914309996	12.9511156824098	13.4824083831892	12.8551018973009	13.2771268846498	13.1332279201803	13.1609644395938	13.4904207534828	13.436706027386	13.2697461167124	13.1860293660568	13.4927089002254	13.9381547738376	13.5284465024447	14.0030051745248	14.302942223165	13.8092264275919	13.5264687375886	13.277424329613	13.7020099833668	14.1024098832458	13.7541544136671	13.6414645332713	13.7661142350684	12.852826263052	13.3587331680139	13.7804782447481	13.6693494684558	13.4696632992281	13.210704168028	13.2404035223399	12.651331283858	13.8054082101109	12.8043070159278	13.2632413965791	13.031793619277	12.983705704441
M381.5541T339.69	12.353297719857	12.7710554998076	12.7749431014435	12.6277417797874	12.9817485119173	12.6543737076436	12.2863178193237	12.7981756298121	12.342428069567	12.759781287887	12.1430355282188	12.6772255210464	12.6965216463245	12.411785394701	12.8070373069094	12.6179479751226	12.721556990784	13.0302115377877	12.9012457003688	13.1039739062714	13.6951795468595	13.3253989706351	12.7029337486042	12.5953217505505	12.9831733227558	13.3511070389011	13.0188703328054	13.0292489341206	12.5701111456325	11.8576817621512	12.7075382272884	12.9073878671743	12.93604812821	12.8906277303439	12.5438250316874	12.2471671720945	12.4253981825044	13.1794110962616	11.6862862328824	12.3196924955579	11.9718751715796	12.0728929990259
M381.9271T48.91	13.8244734848953	13.9888039397209	13.1314818069531	12.9698918107288	14.2028138053168	14.0435180278024	13.9249764444855	13.6062446787879	14.1439826534837	14.0505281194965	13.5098485192683	13.8777021144616	13.554968716038	14.2372553593945	13.6836018178439	13.8523914572089	13.9657881136187	13.6534949023041	14.111409171424	14.0786304701159	13.9601118428861	13.7506472669215	13.9618483521177	13.2478359190154	13.4047211631668	14.1703190755302	13.4411408839506	13.9736115136964	13.6408187820237	13.9153647347249	13.4385580392748	13.7378922516777	13.9315601605985	14.1309375012711	14.288598746107	13.2663147262064	14.3180144511808	13.7325869157218	14.2497022354981	14.2025157297358	14.0068547604546	13.2931403217391
M382.0028T515.1_1	15.5977893006876	15.5131129413135	15.5488561819838	15.4702707307139	15.483961388002	15.4304259950208	15.4487324113709	15.5760160526987	15.5133643727303	15.502514154973	15.5386269688942	15.4918755383925	15.5559568952774	15.3903087045343	15.3193487032827	15.4117321732488	15.6645265909681	15.6900314594443	15.541189870591	15.5231463645469	15.5911854886192	15.605089405972	15.4142958039219	15.3899765712803	15.4069650255013	15.6398605312447	15.4370916025317	15.1529258613662	15.5808668473052	15.3385327646881	15.3912629210889	15.4825780415458	15.5645440938635	15.6065941834061	15.4200310017512	15.6347572409676	15.5179693924365	15.5684016171576	15.4996928537917	15.5010052844652	15.4605276972286	15.5096508736485
M382.1647T213.75	10.8069153280573	7.28856716984181	9.57388820906474	10.3795126689029	10.2917900913468	7.17910801194534	11.7380893331808	10.6795223977278	10.4823679730906	10.9961746370654	11.2153438207541	11.214970748701	10.9446723583011	11.6700315734316	12.1287165492415	11.7571686826359	10.7117221261668	11.0337193410674	10.608921200216	11.7672271139971	10.181484247124	9.35445275718693	11.5550470309597	10.8016567507995	12.9292870707938	13.0358083346594	0	11.8546093671856	7.60969596000272	9.76224549650143	11.1990541196714	10.6807942910945	8.41496731914904	10.8334732817536	9.8441177796432	11.2912637671635	11.2713751593066	10.8273277849966	11.3643357004452	11.2709206408006	9.90701740300761	11.1745942887866
M382.1903T762.59	14.6773586865978	14.5137624592269	14.0353000611621	14.8651467011949	13.5387004132063	14.6404609544734	13.673051973396	15.014037346565	14.8438596767788	14.4131066338353	13.0248996801528	14.1700423866469	13.0744457833652	13.9729547325031	13.2413605506748	13.5912687792545	13.4952527295747	14.4077217389215	14.6504025928539	14.8911326937021	15.8534348044163	14.9614294999951	15.3793801243258	12.8128976824345	13.8859624065952	15.1269125659746	14.6217726163173	15.197100282117	14.7291475963695	13.6442474475098	14.2216656063104	14.1414336866907	14.6346302533643	15.0060943698881	14.3257795821565	15.0096433887081	13.281278511726	15.2342819466831	14.5835423105929	14.5279017504774	13.9323264113555	15.1441850933348
M382.9207T49.14	14.4452748053923	13.9282063842354	13.9824026648173	13.4251637524242	14.3757155506452	13.8838505730533	13.8774626202442	13.9427290259265	14.0585441216555	13.6916112338255	14.1597893506449	14.6304110697783	14.1935449541145	14.478703194132	14.6300061132652	14.4611667419933	14.2969690310643	13.901351326549	14.6093877963376	14.3985848274815	14.1653082944619	14.6240331649968	14.0425978921555	13.5561062105777	13.6952407296195	14.6477981041551	14.127211095065	14.490586837971	13.7690430762358	13.9944833599022	14.1301832566687	13.7025943941135	14.2438266387105	14.0723791879913	14.3324213318596	13.9366676420327	13.6872743879498	13.6026406119938	13.9134038021227	14.4295245391659	14.4218596581405	13.8068579043205
M383.0063T514.57	12.7483490130053	12.4201220571575	12.6910441815858	12.7281807811512	12.50319263638	12.3547368300604	12.5313853346755	12.6527681108615	12.6554260153647	12.4559366044111	12.4711273174413	12.4427529595802	12.5135613154262	12.6960890879638	12.4974022287965	12.4696047344223	12.5646651631603	12.6704288313143	12.7449855208674	12.4421968395186	12.6238866443747	12.4856076871933	12.4476274958308	12.3327222286245	12.5098039442647	12.6815233626924	12.4118711042978	12.3035338409596	12.3746136447076	12.3762839954967	12.6093684217496	12.4678472230214	12.5028541658154	12.7036322407783	12.6938872519832	12.6637908395468	12.7204787312292	12.8685741656444	12.5699759928826	12.6060930066922	12.3695675672421	12.483300995962
M383.0607T287.01	13.4130654653621	13.3647226020307	13.5576660327301	13.5805352320002	13.6329845363335	12.9853789571679	13.6603012425101	13.3684496052042	13.3092411986294	13.6131172549813	13.4361525120217	13.4577048495057	13.4245130187279	13.703472513536	13.0707393365152	12.8978000838341	13.3339590136383	13.5457639061343	13.7105376728939	13.4568319792681	13.1360753469094	13.4996608847882	13.4813203710109	13.6469559621166	13.5983817677781	13.5038528427819	13.4173578707412	13.7513812529587	13.4568846734886	13.1450035372696	13.2768540328202	13.2794725392915	13.5446431267153	13.5511922452531	13.4384721549784	13.4752360158848	13.5095972017944	13.6356492429226	13.5729651779681	13.1658698246401	13.6454021693829	13.4547814844235
M383.2044T76.96	15.1484889061372	14.8797137451471	15.2457256212712	14.8134122069118	15.1751546435811	15.1377263107863	14.724117172224	15.4604009283702	15.5723639185022	15.9438900620242	13.9482839452328	14.2893997154891	15.280308614806	15.7397673347508	15.5458397240525	15.6437281740673	15.7492035636031	15.5466183852824	15.8359541264542	15.6731232634423	14.5690014409017	14.3879089523733	15.2906604958436	15.0488594209822	14.7857891901946	14.6508242676624	15.2975718809959	15.6092352775698	15.4150374220803	14.6322845308337	15.5126058678389	14.8486740353245	14.9046924690546	15.1115085849044	15.0940694200504	14.7181318097149	14.9040806700967	15.0788994479732	14.9553429110273	15.5634052501805	14.4539602742321	14.1876408592176
M383.2785T473.81	12.4309404758374	14.8625195092805	14.7004549350877	14.4486414694999	12.3095889042404	11.9380282001496	12.8240459440196	14.0072190841189	13.8571280135441	14.9588447181421	13.7975873930865	12.9638405288789	14.3354833698548	13.0813044586554	12.5430152075153	12.7550811386327	13.1245057295637	13.7182663511848	13.5081007163971	13.4178072337812	12.5516944551817	13.5589184298607	14.2611404293381	13.093745431423	13.3018742612501	14.2994319208108	14.104480264319	12.1611168201914	15.0094275100539	13.6330380342645	13.622326374591	14.9610047149325	13.6279441850306	13.8950032400201	13.643623809157	14.3175289909144	12.551079479238	15.131766548388	13.6861685543536	13.7412104547301	13.3448532270407	13.3183620079931
M383.3324T779.22	13.1336847059064	13.4214674366379	12.6733750623695	12.5870449899456	13.0701318085784	13.7574757601501	12.6266335626788	13.1564510764922	12.8333448861681	13.6383498614857	12.9987958850479	13.321886862112	13.8252750213639	12.5234959621327	11.4465055941127	12.3948130070191	12.5212620621024	12.6068487821889	13.5583261836254	13.957026160324	13.9434387265938	13.3909876048299	13.6240861033556	12.7381944906953	12.8696588638694	14.1406564870317	13.3781407704518	13.7554193862081	13.7553600353108	10.7190508114745	12.5458849920773	13.4206783689202	13.0428238113606	12.9612858930825	12.6544821451266	13.2499403863752	12.6038597901417	14.160722160356	13.0042961311109	13.3295048665177	13.2833479642256	12.7596899912972
M383.9998T514.83	13.9291792513132	13.8375925672143	13.7213964344441	13.694295427248	13.5972220359813	13.7373804495527	13.5635358613979	13.7282200952056	13.9310296056527	13.6539491143195	13.6932584757137	13.6709648716473	13.7075761040748	13.5754561458839	13.5142073620611	13.4438807401888	13.8386625540516	14.0049088278569	13.6428634309009	13.8640219890533	13.8530871225441	13.7579927314913	13.6128137114536	13.5291222933552	13.7284732374428	13.7164743220727	13.7160841991943	13.4356524752843	13.7940832309149	13.742848515782	13.6232327659649	13.7493992339694	13.7651333012208	13.9261771561908	13.7309834917846	13.9489662472721	13.7263287890801	13.8703918476493	13.7780207540758	13.5744305142226	13.6205017815351	13.6920204264135
M384.1526T61.9	13.6831776974647	13.8646976628343	13.7391587133316	13.7631156674734	13.6031148905934	12.9185665155165	13.357379105765	13.2745767294509	13.6368261339333	12.135324120271	13.7250220161075	13.5918251393089	13.3820683392582	13.3081946945736	13.335130066684	13.2129129121763	13.4473995435536	13.4800448318702	13.8213964631321	13.9281184391117	13.1665820657453	13.1368011740503	13.1754906227294	10.8054020955726	13.4557739699097	13.6217264772165	13.0081480604111	13.4829991646893	13.5125218353241	13.8725210759371	13.8570443803161	14.2411428308987	13.4137711059046	14.0376228341186	13.8778267950087	13.8153377239571	13.1005312759622	13.6272872802548	13.3669184775212	13.5708810572977	13.1952218336075	14.143566826566
M384.2058T800.57	14.4160252314255	13.5236913020323	14.0725273945927	15.1756485587919	14.0695551977107	12.637491804487	13.8661661901937	13.5959983808509	14.7809513410458	12.3614186603812	12.920882633689	15.0716697376802	13.1335131205831	14.3979087214776	13.5116010874845	14.0929904015856	13.2864700354437	14.2394440055184	15.4638321516129	13.4445127409179	13.9394168155708	14.6733837666086	13.9901447500058	14.1116815341885	14.0244982177826	14.1290708199064	13.4812443635442	13.2235141931239	13.4514550326892	13.9382896657716	14.0695860599954	13.3642794331048	14.3378829709843	14.7885862224335	14.2032896642073	15.0809652994764	14.1214919977891	13.649048713118	14.1718005703973	13.657508744545	14.8135585976983	14.6007626713882
M384.2756T493.62	13.2926980193408	12.3638104846952	12.2577885314488	12.7703465801237	13.850741876374	13.7944716494322	12.6456932847156	12.8840474292373	12.2083702892149	12.2981698220922	13.543890670787	14.7899900185153	11.6673123157279	12.2203959411271	11.6311419870023	12.8909314858262	12.9467081294916	14.5474897815012	13.3286102071917	13.6272413041649	12.8469906588698	12.6884500848241	12.7487483635188	12.9280236178846	12.7380586747241	12.9482820679027	11.5439250943812	13.0747981948702	12.9129052256751	12.9233431976488	13.6799716280675	12.6636712309894	12.5802456461768	12.8249415531705	12.2551787319284	14.9192248458601	13.7517262793708	11.74912270178	13.4158463450948	12.1677486056048	13.3976907968743	15.23829409193
M384.8433T242.52	12.1764298436999	13.9491812188938	13.8166365314321	13.6120464066504	12.1807003806237	11.3770920539866	13.6017521526905	11.0505775242672	11.3933613521718	9.43271140525528	13.5139840905996	14.187946828608	11.8724445489361	12.245997059296	12.0005464930763	11.9279442060048	12.0677036038852	11.8271933622296	11.9364875032254	11.7612185862369	13.4319348121519	13.3037900896564	13.466367093015	13.511052746094	14.0882970731596	13.871389802546	11.2895191476157	11.267993521783	13.7448996185994	11.1418410525982	11.8058394323901	13.7469925295996	13.5560020633383	13.6554253286208	13.5945014699464	11.8906806829742	11.6863329899752	13.086895980175	13.7245273574258	11.6106908554796	14.0481950279286	12.187426009672
M384.9754T46.14	14.1774913397598	13.6308763866877	13.036196810356	13.6050460668607	13.7869133345198	13.2078661644628	11.6623175725846	13.6816766527094	13.8369203294751	14.1326323919306	13.8252878230231	13.8357909607492	13.5635981373938	14.3855308646766	14.0648214286714	13.967441353233	13.5973386683547	14.0753743832457	13.754952005256	13.1580931945401	13.8636253091495	13.7523908113617	14.291818875355	13.7214269747349	13.8732346381424	13.634459739416	13.6307942026056	14.11412708296	13.8481554407112	13.8252179676941	14.0365042242656	13.3857047860723	13.5972705818085	13.1004846975362	13.9461700342718	14.0808293549664	13.5661723926172	13.4063932900981	14.0848392693151	13.8468387171392	13.4572723597297	13.8208394275939
M385.2753T633.72	16.1969701964882	16.5691094388774	15.4528178165583	15.5917238828822	15.914159272426	15.8457901038852	15.828526227908	16.3742675399072	15.7534939304065	16.4657838894447	15.6846475999979	16.1575261368263	16.0427882454019	15.0693737533063	14.2183548936497	14.933547635998	15.0502492257543	14.7489397125256	16.3713709463213	16.3042617828055	16.6452071330022	16.416781163159	16.6352409156957	15.3631902008402	15.8227323156254	16.6735316396616	16.0848312171484	16.503569141093	16.7862654355762	14.450263040227	15.4479487272498	16.2133119725324	16.0408296253327	16.8071344886045	15.7331231302962	15.9128518307467	15.5021126319342	16.4181781189736	15.4515653109193	16.0708155670763	16.6819957179275	15.7883671327634
M385.3441T630.78	13.4771414484257	13.0800088900955	12.197364706447	12.6163337790051	12.6506174399962	13.3017863322395	11.768764416528	13.9314619890648	12.79450776173	13.9320705384018	12.9400096781157	13.2023024500224	13.4049813704931	12.4875818514315	11.4970229462442	12.5320648196	12.5021639438779	12.8834641575512	13.738432809529	14.0323006964815	13.8994181527955	13.1295625252349	13.552383403779	11.8250112233353	12.547573871394	14.0332313006567	13.7987313507358	13.840409724099	13.6887235875389	11.8428502331204	12.3101693970129	13.1089336426843	13.1815566620611	13.0634997242867	11.938363323809	13.446115349835	12.0507619622663	13.6105467306112	13.0564114857523	12.9413847061795	13.2917523701998	13.0877351330925
M385.6115T306.46	14.7547373969256	13.7822613003574	14.0315086418094	13.6340188764663	13.6889498894377	13.4342018513366	12.9573012869725	14.4473262473805	13.3120717997698	14.0110616028572	14.1483063229325	13.5896984352867	13.1615304322922	15.1593725736735	13.5788215472389	13.7188495228468	11.558393373265	14.0165115991972	13.6377595369796	13.9314398013816	11.9049250271303	9.44850671673199	10.7700196626921	12.9841980222336	14.0439082414308	13.3594892156977	13.486754534217	13.6160378585992	13.458635456499	12.9024780064346	13.2315206424202	13.5503416814365	13.8763722474959	13.9260285929934	13.5075051567382	15.1291869991038	13.3172665888325	13.8833068261571	15.5437423768417	12.8782512466117	14.1133038869971	14.9639836452102
M385.9494T63.3	12.7170682437169	11.3771383394642	12.0677899823	10.6726568799776	12.7212506784297	12.6651639938244	12.0336140809966	13.0099772274453	12.1418775881013	11.4817733254217	13.2917851978569	12.8500739772525	12.2114813365046	11.7679362104241	12.3674839307152	11.8829826851476	11.6946364850389	13.1305575404291	10.4132965205231	12.4211780366671	12.3569574907515	12.4444549794832	10.6465473657947	11.4216441004219	12.7368219769203	12.1442134378347	12.6903568305709	12.4677528601151	12.5968863881383	13.0658663664295	12.1407637181	11.9978767775263	12.910614558718	10.835825476959	12.3949790248035	13.2160986169436	12.7036229819573	12.0005751323182	12.7771175521264	12.1295505806336	13.5804086420361	13.3367984995181
M386.0344T232.11	13.502864747288	14.0245393334758	12.58849919676	13.7355539039793	13.733253655859	13.339431415872	13.7597655852316	14.0147516434809	13.3161129484487	13.6513852200747	12.9084206093137	14.2008243050535	13.2689792298826	13.1395530796106	12.7249644183765	13.3698049337765	13.8187713005504	14.11253233691	14.2150680736371	13.7454381355128	13.8319515922047	14.0702223115901	13.6483544913495	13.861159039944	13.2867786187773	13.1752410804809	12.9305399456106	13.168735944243	13.7473213889666	13.6727048430163	13.3845342945609	13.5144808305588	14.1333131774216	13.8849493954587	13.5269457336124	13.2584272727662	14.0824627189759	13.3026993369557	13.0936164185322	13.2875662253581	12.6615730093797	14.1754501412431
M386.2788T633.71	14.0368787413091	14.4711876017308	13.3209298854516	13.307299368401	13.7304742321354	13.6550389564323	13.3054523122085	14.5500400646001	13.6541607739716	13.9980027536729	13.4563410758619	14.0105865720304	13.9214844493734	12.9740551218132	11.5920318468658	12.6656436751664	12.854381375691	12.7920865826104	14.0990676437576	14.0227550858843	14.5257172706158	14.4071072566761	14.688676348677	13.1065513469117	13.2750361083429	15.1037388732461	13.9302691242491	14.7188331801446	14.0372794411251	12.1656033621436	13.2870466318799	14.2736503188409	13.8781789062093	14.1077960693737	13.7529243416245	13.2281444141623	12.9572671587396	14.4744762614783	13.4840139963107	14.1022032519071	14.0559211737921	13.4472015203732
M386.7163T48.48	14.5340259985794	14.3956862844029	14.6976868050672	14.724319374702	14.1295318316216	14.2672936630109	15.2223268033967	14.8033127324268	14.5104824777735	14.5742093242134	14.5631848168301	14.9456480650642	14.0639520613495	14.5305534326525	14.6105611847932	14.3146100489381	14.3067187679577	14.3098888115378	13.8531662428456	14.7425800057934	14.4915029884947	14.6647790367892	14.8528719894616	14.7589922752783	14.9172583118773	14.9243576904407	14.5221057736002	14.4660148010056	14.3550057703806	13.984072827518	14.7923897376949	14.6305863733214	14.5178132464017	14.219611422092	14.7362024328117	14.9417174985561	14.3717942439786	14.8592495119093	14.7798442965355	14.1664507600991	14.5032986797359	14.9279421397126
M386.7657T341.25	13.078871396159	12.7204700467288	13.1167855673949	12.8291807838573	13.4800143011923	13.2459693300937	13.2823235190884	13.5174114244145	13.4040053534273	13.0581892529394	13.1541539400752	13.0832542176879	13.1352775793024	13.0645458294385	12.7005549542185	12.9980300525578	13.0035696267214	13.2587119552646	13.1049917168446	13.5019534558299	13.1890057955961	12.868139265515	13.0249302266196	13.0751539299418	13.4319735169811	13.6024782431634	13.2794673523952	12.9365841254012	13.0457711894559	12.8209189287723	13.5277623379733	13.3246579328415	13.2095273004905	13.2858250310627	13.1572933717216	12.9389595607747	12.6347492651405	13.4171334847598	13.2101830025053	13.3065594439728	13.1635418207136	13.037081300149
M387.1844T785.54	13.0059469874781	13.2555715875683	11.8281776166217	12.4499808348657	12.1580916388109	13.1796032689025	12.3305077486496	12.5684780236857	12.1686240231151	10.8495757326889	9.46741852509078	12.38339678898	12.5629107180154	11.0130420332329	10.7154040726276	11.302907347836	12.1070494728682	0	12.6120132987341	13.111670841235	13.2115136526954	13.2221723314197	13.5786429854742	11.9192332796477	12.1684605774404	13.8354863620625	12.6405438143964	12.8955350930036	13.5987183635092	10.5704388377837	12.1753396342176	13.335944788138	12.6653724909072	12.944099044215	12.1533327864338	12.0859006315056	11.6489988826208	14.1190394089208	11.4856956659075	13.6193642112203	12.1645753411678	12.3690441953117
M388.0374T48.64	13.8843906554001	14.2182090881634	13.2077683683253	12.8653110058746	14.4150065178548	14.0545881819527	12.4028795519132	12.8131951073651	14.0491781835021	14.1271426657087	13.2507215915911	11.7745610872883	14.0459249319158	14.122589631165	13.4091484488934	14.3516409256382	14.0536762749172	13.7010810771334	13.7373338538454	13.0803762667157	13.5633886461899	13.6778865875835	13.4100333702191	13.2071174213684	13.6395658938942	13.4603885983846	13.9234162938009	14.1189729997591	13.2238968573297	13.6318833691353	14.2149097615444	13.2017734979189	13.7840199645563	14.0436342745043	13.4772551115368	13.6704663690241	13.5305588488583	13.3552128817453	13.6042117560362	14.1842376285771	13.8655160361498	13.0783461657068
M388.1371T125.75	10.7308875255338	11.5981314618008	12.2868591564714	12.0437095366668	10.4685303792445	10.5158824248192	11.5051121745899	11.2235263352662	11.3861580688149	10.872165892795	9.94789614775349	11.7622439724817	11.2649079920569	10.89896205306	11.0381125446052	11.095693435036	11.7353599125516	11.1388388984607	11.1797508974865	11.5033828247888	12.0959531079553	12.494919907953	12.2364634965037	10.9904962715374	12.0137378239212	12.1831768002293	11.689258773184	11.4953773041305	12.5371950114074	11.0753166930916	11.5607099016387	12.2304773381572	12.1358486990713	11.7235768095089	12.1434717844089	11.3032573766376	11.1912740392473	11.2038910624562	11.9126259622657	10.0293871345704	11.3967756761757	10.8892269914806
M388.1557T96.2	11.5087655071868	13.7395881680566	13.6192372520768	13.398361980402	11.573462291153	11.3270430156313	13.7763591992835	11.4311474060786	11.210686826905	10.7737304367108	13.1918849418996	13.2724065218288	11.0098485879344	11.0563810298405	10.8333323274798	11.3150300530196	11.0404823405232	0	11.4774785282933	11.8228757971952	12.9854420356427	12.8119498911962	13.2445375396315	12.6656043969591	13.1052555537926	13.4039945179942	11.1219466273294	10.687881305509	13.6066237757235	10.6108827261468	10.7891849458406	13.3948414046595	12.8389949949297	13.0771333478341	12.9544465998035	11.6499942914637	10.8601518218117	13.1522479547416	13.4916629447909	10.9555935106623	12.8799433155517	12.0004603352532
M388.21T353.38	13.4420287485568	12.8871629623571	12.8850782769111	12.794827404816	13.4035871696972	13.2839105888178	12.5614149447672	13.0542087493709	13.292071286777	13.0753035975809	12.8206998472675	12.7788987174961	13.1269815702365	13.1463396561959	13.2430654559768	13.1391993280913	13.1203271741419	12.6797476570877	13.4957031698227	13.4643152168274	12.528373479268	12.4800877468472	12.1297246517948	12.7264685376803	13.3854925832644	13.4401302119136	13.2668426660449	12.9411794774037	13.1653046371999	12.6952760496166	13.1250360992251	13.2372582736656	13.3344478023016	13.2483628121835	13.2155841112871	12.8797111734018	13.2409930591849	13.4647060158264	12.4365935141277	13.3353081189506	12.6720487561567	13.2505472506926
M388.3075T539.7	14.0724439461231	12.7005987367835	12.1285520510799	12.9470266518476	13.8670013463038	14.6853403699799	13.4322298622909	13.7737601975329	12.7902767967211	12.8203963669552	14.1158170957389	14.9968371523899	13.4628699001116	12.2509616959126	12.8571670094541	12.9064938027496	12.584377271289	13.4086909320861	13.861475794559	14.3444419295107	14.2085528304764	13.6423104980852	13.8660576385929	12.3358429479197	12.9617411742294	14.3682692869652	13.7304477274934	14.2335484277597	13.5084350825242	12.6806016351031	13.2002447071201	13.6394929741103	13.6733221733672	13.4848344533579	12.8646949177792	14.8117108559629	14.0557305385743	13.634907319226	13.0881418100025	14.2216261892467	13.9646057786544	15.3207578882287
M389.1181T56.35	14.6144998155868	14.4061545507513	13.6973798059145	13.4463319300898	14.7397771008261	14.5017667681294	14.0635058204191	13.9082823694363	14.6363806529121	13.8369635399367	13.9498300704185	13.5189803179033	14.3484989900853	14.9124554117715	14.7222736944405	14.8387755389902	14.5705468306068	13.5618800951031	14.6389304807951	14.1924133178861	14.366782047044	13.6357326619935	13.8534215382067	13.6568512958449	13.888978129565	14.5165450851268	14.2269657532121	14.7578825665297	13.8588820698873	13.7006470015551	14.4398065863747	13.8439103799535	14.1788246521651	14.2665406272291	14.7553931337915	13.7331355924044	14.1748909518304	13.878767871178	13.9700115460577	14.5200479446665	14.3553161706329	12.7371244324521
M389.1803T290.61	10.6265635281456	12.8964802773567	12.3833597386099	11.4046865892448	8.45492307942458	11.3917725483314	8.28014126414216	11.3019316672497	11.9185826856058	12.179109511273	11.8691831212912	8.62381228091093	11.8224665337978	11.4108178722565	11.59434350964	11.7622473831076	11.9240506799464	11.4054796092519	0	10.9400757063	11.4962083955136	12.3924935884543	11.7342014200196	11.2411487562225	10.8319824893602	11.6897305935773	11.975753396329	10.9329282744511	12.5500597490401	10.9847760475524	11.7864261236043	12.4940229671136	11.4104561513554	12.5188751111148	12.0796197535284	12.0464616487708	11.0151886260622	11.6548999106941	11.9504665956062	12.039624902244	11.6719024773583	9.29890155068265
M389.2039T199.61	13.5564018363599	14.5636671646084	14.8512574205579	15.0948319702202	15.1681882219193	13.7509545404686	14.4527828517254	14.6634052529489	14.4533067174742	15.3409365927026	15.2385777594349	14.5467712984045	14.8666367941131	14.9628500318877	14.2751027825693	14.7217652697537	14.7440841634254	15.3417734655498	15.3896660189861	14.9242345999982	14.4480234607543	15.0242977944976	13.4291627813426	15.0290610321525	14.9141019836568	15.2280222476192	14.5913928419016	14.9777963178786	15.1355271353264	13.7033008641029	15.0280721929869	15.1488174653482	15.3660104055913	15.4918617028302	15.4100624890027	15.1618329507953	14.6431489804511	15.316608065285	15.7657247258096	14.7966529145375	15.6224601739343	15.3552796182585
M389.219T373.1	11.1612605192411	12.8102112361177	13.4777885137676	13.8512782905845	10.5018038716339	11.2315237806534	12.8308636150037	10.9543129391686	11.5987899515927	11.16403361953	7.55649730745715	10.7928189308079	11.8137412189904	7.53973911688371	9.72811098949088	11.9811913515148	12.3590034869173	12.0672646847629	11.7207969792808	12.6582648553669	13.250749478469	13.2570402372605	12.990651863742	11.7481805767684	12.4705516523164	13.6826312655976	12.3289001912719	10.8261579528192	13.2302157920631	12.3862865126269	12.1652574878751	13.5560408146072	13.3962871745981	13.8564072187548	14.4844712448008	7.92310035834297	11.9001416342739	14.5925412392809	10.4745825272134	12.5580137175058	11.2603735504134	10.1368829762448
M390.1892T287.24	13.3185862231182	14.6825080103062	14.4698103308928	13.6865924752076	14.192844592756	13.5823736423828	12.741862374135	14.3965549462731	14.0278487289991	14.1832466021696	13.1913699201919	12.0976706790014	14.168585343204	14.4583834920394	15.094439049098	15.1001159834473	14.2152408608306	12.9057063922207	14.472565956653	13.9329216229931	13.9926559504006	14.2664146905737	14.1009328988311	13.1886181602578	14.1922632525935	13.6774203415546	14.6751372257451	13.929509626744	14.5784987372809	14.1400509760927	13.9531703677286	14.9731274701401	14.1375158512645	14.0370555750566	13.306569557922	13.8296370732039	13.8371781084271	12.860936817534	13.8363946430106	13.8234628588121	13.5110429283096	13.8003934813668
M391.2104T491.41	11.9963907553452	13.4471561422554	13.1421989824249	12.7423359797348	12.6471235163456	13.0845247695651	12.3006687608091	13.1314173219955	11.9509577404236	12.9350102818325	11.0256412574122	13.181691594889	12.041950108399	12.1111684788017	12.1365547486059	12.04429973211	12.776010859502	0	12.6062913812516	12.8182014945091	12.3223617522108	13.321809324843	12.3546764633387	13.2512501266245	13.9180937633926	14.3587577125495	11.8608554595024	12.5322959440604	13.6379329056208	11.66986456343	12.7625541428755	13.8278698221637	13.2457637294472	13.6947402217733	12.5466989750799	7.68634777081149	11.5289747808294	13.3403697269709	11.699617444829	12.2440548284398	13.1391922146518	12.3601317368049
M391.2853T198.79	18.9760386295597	18.8065197636957	18.7488196962244	18.8509076686343	18.8274786911305	18.7824047432361	19.0072623150011	18.8211068680969	18.6743901368411	19.7424478351341	18.490721809874	18.9361137261027	18.8441583164801	18.2736385084592	18.9737649138523	18.1803852455674	18.7692459170906	18.5404965164913	18.9391864963747	18.7496817871117	18.7268684504359	18.9005500296097	18.2821904443335	18.7637152829291	18.8757213093054	18.6921505292711	18.5665024350534	18.6537943652664	18.7882209676949	19.4330306642922	18.6181493974199	18.8417277293071	18.4551274171764	18.785095934845	18.4877367751283	18.806279391504	18.8355619204326	18.574676515996	18.8362864855117	18.2988874815807	18.798881886129	18.7180932944065
M391.2854T113.97	18.699279414954	18.7352675716634	18.5036675773747	20.180239827605	18.1130091891503	18.8551733732562	17.5947445313819	18.8996083276275	19.5212907643889	20.1626733561851	17.9779417607308	18.270480016713	18.390232341373	18.8499814105004	18.6467205776892	18.848309150536	19.0171405409553	17.6745839757758	19.584209647917	18.6813197339428	18.558414822978	19.9217627884339	19.9884924712214	17.8950472730497	18.6681273106579	19.8097416576931	19.4222994109079	18.5283669910573	18.6733302091618	18.3534351721227	19.6544619674356	19.5708999927619	18.2720907406497	19.4208159972604	18.928577348354	18.7246936208848	18.0736227464289	18.5510345769687	19.7480210480695	19.8236786398187	18.0096261967197	19.0380443292
M392.2888T505.57	15.6411539148743	16.7561532714925	15.8945441207356	12.5747506925602	13.2721401552007	17.2286000518907	16.51567363562	15.8295644732728	15.904025322887	0	20.0460190512297	21.071801135187	16.1427120639555	15.7433038091065	16.1967437692712	17.6877743706666	16.9490141225286	19.8916814068192	16.3946814655035	16.8235088374311	15.7719522041756	0	11.3201638904944	14.2332433149	15.816538032307	16.3946999579817	18.1324359264827	14.4095843829805	16.945650700834	15.9277523513244	14.7816388640341	16.7040647429854	12.2722548628512	15.6561536242918	13.8706729874312	20.0930381076519	0	15.9156113356493	20.5767877067304	17.8110740440401	19.4163917555289	17.7082454524101
M392.7078T48.53_1	14.1552595339705	13.6276916036871	14.2379129204395	14.3680439470399	14.0684804613979	12.9179249206905	14.5447699184966	14.1714492387094	13.7994045217682	13.9412617300254	14.0873447662852	14.6068529195676	13.9270748783399	14.1596056474054	13.9186355823136	13.861912891746	13.5813113457666	13.8358617867017	13.5163595519836	14.2638147773876	13.9656684070572	13.7667126930838	14.4830509000276	14.322793444648	14.4932368836653	14.6554224793713	12.7623071606601	14.1350910174244	14.1089864115009	13.6106303674757	14.2413500635349	14.0324872758617	14.2433568650057	13.6536468600932	13.86622825339	14.4759355798944	13.8339908371843	14.3894912314795	14.4390557547363	13.5273215134125	12.892222962074	14.2758248636316
M393.1458T95.74	11.2498023132796	11.9190268000161	11.4357299066491	11.4804881859871	11.8378209399943	11.4954677651649	10.329539397809	10.8147119944266	12.1587067845492	11.0949945753945	10.6202441642694	10.6694350460806	11.305174245462	9.58926992243611	11.9117894639745	12.4342737333605	12.6914704710413	11.1531184382176	11.7662392238541	11.9709405053793	10.9962983284301	11.8367769962823	10.5345828954088	9.88595966901062	11.4584387185049	11.9381783273777	12.1640777039933	11.6444985853679	12.2970614455394	11.2914852427636	11.7880885128049	12.0294986815371	11.9400193892511	11.7682442289047	11.975491728223	11.9980204577623	11.5338421216524	11.3935553824415	9.01814878305272	11.5847407002276	10.6882809839284	11.7478646214225
M393.2264T471.04	14.9706922080066	14.2003157220633	15.2440247201991	15.4533779258503	14.5823816804343	14.5340477635865	15.0673388330178	14.5544839698593	15.224458062527	15.569264282507	13.656030755286	15.4328645474294	14.4952566381525	13.902724911032	13.4935584163624	13.7277025788591	12.2703999251351	9.86613601450001	13.4065660644058	14.0296315248542	13.2335602470595	12.2818556432411	13.8449816860843	15.0108808414389	14.8863631750356	13.2495284634111	14.4939994478987	14.8340056276393	15.0632653251229	14.1391766233462	15.3643473721828	14.510933814965	14.5430391605956	12.803814862158	14.603319392731	12.4713175001855	14.7381974342481	14.5641722852673	14.7044425365956	14.5518442359871	12.6739877886721	14.3579549371252
M393.5879T296.99	11.6849192241485	11.953259997957	12.3574904525213	12.3728006830594	12.3012380559921	11.5879216402222	9.8343111695891	12.5446916102281	11.2986476142931	12.3548632311599	11.6829385011611	12.2804761359419	11.8037587761398	12.1337008246398	11.5352421815618	0	11.8543346442241	11.8645107529131	11.4582541982658	12.0232825299125	12.7414663225791	12.381036732573	11.1374593345641	12.2180028443935	12.1249547177277	12.7611508880317	11.7598865256871	10.8534107843556	12.0093018462607	11.4404170405717	11.9019514633864	11.8335234854088	12.1386534141306	11.9271628776617	11.6694439308585	11.5919208493406	11.9227160196734	11.2674374343452	12.1631656925567	12.2269005135987	12.1796932702639	12.1051645507157
M394.1301T131.33	12.6195474895525	12.1240877702682	11.3288399111069	11.5314243032893	12.7677533803289	13.6179509703227	11.1698400201265	12.6907949746317	12.4907246857552	11.9313043022438	12.3209291257277	10.5282050594895	12.7751746785702	11.8452472473415	12.1705710433336	12.8652390446566	11.7060056070433	11.204160117047	12.1943538523625	12.1118002715762	12.8581757410522	13.0233525652619	11.3676295786478	11.0074590240741	11.7826042008392	11.8509415833943	11.6741247319274	12.1412249059328	11.9686484188238	12.4005025207931	12.8758645350886	11.8203524879733	12.2655171072267	13.2008923134948	12.7467410067652	10.7608624876194	13.1082701094015	13.0775664891862	11.4180991414267	13.3292855291275	11.9279082727192	12.12508010795
M394.1663T172.57	10.185231406817	13.8708140090405	12.6327691400556	13.0707465166642	10.9670485307013	6.81696058198697	12.8928642699517	10.7617630874675	9.42860544881442	8.95883175122094	12.5227485883068	11.9835292949758	9.1680783684191	11.0340497279655	10.3604740076999	10.9591514939165	10.0673041678245	9.4228439440278	10.5225820344794	10.0956015887388	14.5953978855396	14.0090082883919	14.0490118826938	12.6233000084631	13.4469223444557	13.4870293054557	10.7572953561621	10.2858888551266	14.1456571892743	10.7813107184061	10.9101120131467	13.1164306927838	13.7546729949057	13.384394838938	13.6808525075547	10.9469134163946	11.2614859186242	12.377265877857	13.0109690718682	10.5594819929699	12.5237394650537	10.3017159770354
M394.1993T369.16	11.8648865154955	13.4023511113936	12.3834696613046	13.1718366085553	12.1455275717211	11.8406879396337	11.7295909953171	12.5889250775019	13.7192059353676	13.4182904544132	12.6024067354297	12.1118035647638	13.5130587960725	12.6572654380901	12.5400106746311	13.1984035189691	13.3408360207464	12.6192800030713	12.5793663788039	12.2654417034193	12.3601924763296	13.26887842745	11.925641109386	12.8160245208111	11.5584119783749	12.7430617388457	13.6926257140119	12.8764360729902	13.6176991145286	12.2454331336954	13.0015836177769	12.8811507163965	12.8664989050528	13.2446446462647	13.1889297167684	13.0222144147592	11.8643198036412	13.3065225211531	12.1681976986273	12.7197732153209	12.0159688185976	11.8213794534557
M394.2969T561.87	14.7512453196259	12.6381957996394	12.0563499881506	13.2885584999653	14.204714994849	14.519921012924	13.6393825848564	14.6023225563226	12.3768338007097	14.1123330229709	14.6158393529372	15.5755594994915	13.2763429389727	13.5952757973493	13.0447413927063	13.3599972606512	12.5360363416293	13.4313505464209	14.2465590519243	15.030871843236	13.3458958959954	12.7024225939613	14.3797951097242	13.5639899513457	13.6867676812717	14.5430576557124	13.5654998265041	14.5796992272352	13.2599151990578	12.6088659517593	13.3222535147997	13.2702891758108	13.6342139526151	13.5740268194853	12.1921351874819	15.2251550304403	13.4357619488788	13.8981695374608	14.050044580139	14.1237357294312	14.6476789162344	16.1380780632543
M395.1191T57.37	16.0379898399066	15.3222916892845	15.5210112160039	15.3428502855111	15.8232047017449	15.5903104266772	15.7100679102986	15.7685196668292	15.8287060392562	15.6822029408784	15.2744158128473	15.5578438431487	15.7308255576188	15.8728120899488	15.6335136044027	15.9550034892895	15.8304458230759	15.7241778695559	15.9482739705191	15.7438908964771	15.5873644634892	15.3463256820839	15.5888684298142	15.7458177155479	15.4267229080063	15.4971505271984	15.5783754910709	15.8643910328387	15.3752061078296	15.1169313821797	15.7685230267819	15.3109117255653	15.4918574423513	15.4655365733614	15.8581965222395	15.7869098753911	15.5903631791415	15.7454008791591	15.6741646480999	16.0003235780058	15.4762471691297	15.3895210166147
M396.3125T576.71	14.7711572191966	13.4574662832961	12.8809012876343	13.9318528392387	14.1761388120216	14.7133289433009	14.0560208408533	14.7581270459727	13.0613770652909	14.0309386799007	15.0121543319593	16.175642532526	13.1715659243767	13.5116870570196	12.9802820284125	13.6310911365853	13.2925920433904	12.1696412811673	10.1331579716297	15.5561806806156	14.3476667099718	13.8722698671728	14.605987439203	13.9217924085596	13.6968489594505	15.1148630298756	14.4109095537615	14.766040111893	14.3788719326255	13.002372746682	13.8321758027374	14.1526810734049	14.2692574270668	14.0502891484594	12.9375819089356	15.60109846983	14.0463204328237	14.0099252905528	14.1222812696077	14.6756241034926	14.8165782106017	16.430796605878
M397.0767T373.55	12.3942933796577	7.35336346737468	10.3649244365233	11.1607864710437	12.0164731469174	11.7795043188909	10.4529700544715	12.5538451351066	12.617719240623	12.2712633614613	11.5605904518782	0	12.8182594404712	12.6165006832868	11.97803543116	12.5177662943072	12.6358547521134	10.5036712428368	12.3422133319755	12.6077373234247	11.5945278598768	11.3859648524546	11.0797325594646	12.3877073260074	12.6703229611238	12.4502719079569	11.982058430935	12.5341555322136	9.42285857396437	12.5306748285007	12.0314794600607	11.4654740825473	12.5936881683131	12.5347624300832	12.6863734718875	10.7718646972272	12.0714761865082	12.4549909321769	12.4781656398772	12.4783409360059	12.2193533906746	12.2358452315925
M398.1597T211.25	10.7126916641565	10.4583809540416	10.5510616537816	11.8429765919478	11.7049763538812	11.4527645230765	11.677112620425	11.5504210697216	10.6663934882438	11.7383441806401	11.5172121546483	11.6715623080508	11.0144578481396	11.8888893079613	12.1358430782029	12.0583405184517	11.4703313623399	11.8440729223895	11.456426848957	11.7187792511389	11.0114435904961	10.9463545765476	10.8130611992888	12.000966064819	13.1905630056598	12.8129206794436	10.3373656462819	11.4990915582783	11.0902443563283	10.7138489415	11.4689599677216	11.3768838968338	11.0476903505085	11.0538933235299	10.4934193681154	11.468603154025	12.4498469493551	11.6234852211713	11.4244482840403	11.4977080192693	10.2879892764895	11.7635264669855
M398.1959T302.77	15.8967333893766	15.6617873915901	15.8888608214803	16.4830356949185	15.8528688233122	15.7198118356497	16.4282310049713	16.8006437942767	15.8802599834382	16.3822084771745	16.758332865336	16.6863788237615	16.1005518775634	15.9982746845343	15.9879383766192	15.7091442394097	15.47998096196	15.8707512950402	15.8668574953144	16.6620194937747	15.9731348131856	16.0855848704723	16.3119363036434	16.4481442278929	17.3940194364507	17.9473847067904	15.7463500565519	16.6493691153903	16.4271923630103	14.8180635411111	15.87913015484	15.9660994602747	16.1924406919735	16.1019709640188	15.5630053764962	16.3473179561353	16.345722758887	16.8228309366066	16.663219983527	16.1621893657961	15.8940200248718	16.5542204100567
M399.0558T250.56	10.8157625678522	11.9616022130267	12.6673423057732	11.9305421690364	11.547671662625	9.92648898598682	10.2843062171883	11.2668518523949	12.349627007509	12.3232994715096	11.9129411826151	0	12.0850892824574	8.71570505745944	11.6562137656144	11.7678765030237	12.2294955014595	12.2716332630185	12.3091831696937	12.0445297523982	11.984637694156	12.6129499196083	12.6846715043484	7.01724473550575	11.9506829836499	12.331408032418	12.0151829921832	12.1476117134779	12.4627862383813	12.0129288223668	12.5113809099171	12.6553912062857	12.5593935414758	12.4363216421661	12.246493963129	11.8458296872211	11.6710574088314	12.4403780403674	11.3828519768492	11.9721867433657	11.4433918922416	10.0989796385449
M399.0652T56.62	15.7642001602409	15.7863716872112	16.4364789514287	16.1448198905955	15.0274779244886	15.0852937754853	16.3927890139789	15.2491895174508	15.6910583202109	15.4436690850269	15.8008459877978	15.598125675458	15.8352201482769	15.9459258524024	16.3179256744976	16.723709473921	14.9805422601998	16.3796378888433	15.5088566865759	16.1157112931538	16.3233188838211	16.3442413086169	16.7461682556572	15.7237265239264	16.4683978423851	16.3207429297419	15.9434753404743	16.410320122038	16.4134481873712	15.4653018563996	16.5649561136624	16.5289640750977	16.4019894805856	16.186907280944	16.6196415327346	16.231766851949	15.0312002355813	16.4811814000809	16.0176067543658	15.6329303971584	15.2777956586176	16.169291950086
M399.1886T66.46	13.8766145365922	14.6754163615826	14.6760398078858	14.1155088569902	13.3197249958576	13.8396475723516	13.6732505005738	14.1793601953684	14.5752761354271	14.2483456214544	13.9774076456973	12.7313878373283	14.5135531324425	14.0431206820597	13.7572405023664	14.1860375709677	14.4265727077769	14.8985265978788	14.1105665597973	14.0058787256753	13.262745488254	13.924522779402	12.7275282078982	13.3617113103158	12.7278107292789	13.5022559661248	14.4758207478686	13.8405981036368	14.5744778012519	13.1233313462342	14.4620271041304	14.3934634743386	13.8833044545733	14.0032014362636	14.2707858511098	14.3016623790292	13.801374896858	13.9359382229288	15.0299504505504	14.2773362182249	13.5622991985585	14.0737317158348
M399.2737T414.28	10.9259215850531	13.008786237481	12.8276105304394	12.9024378844411	10.4121789928142	10.9573735594934	12.2464177771582	12.0597733402179	12.5883532978446	12.5531604530937	12.3077235547332	11.9101860966547	12.0726440572109	11.6941905598929	12.0529318302641	12.774379859966	11.9493175321045	11.5706077314505	11.4592214995711	11.8152746755426	11.7071420504249	12.3313104117035	13.3267891739782	10.7347434282335	12.0735277303486	12.9569608979479	12.9631456254854	12.0116674575551	12.7888688374609	11.1839113009396	12.7211902820895	13.0944303954986	12.4356071849049	12.5672741037633	12.8814597662848	11.0939673219409	9.8140183587588	13.2999862089001	12.4252400816276	12.7247902108729	11.4869142299534	12.3432533596675
M400.0041T327.51	13.9813559060893	13.4410413943583	13.5690542298907	14.0770492911569	14.2328449055528	13.4889097664567	13.5457422028777	14.0950942188918	14.1417063833567	14.3184188241249	14.2348194709857	9.98495216300852	14.2314854956834	14.1824134111967	13.9956928232159	14.0269334580604	14.1311227112129	14.4104434860184	14.4308705983984	14.0203535107467	13.7131468591108	14.350720362993	13.7461672916137	13.2413724865908	13.6798658877484	13.7477513771961	14.2884118370993	13.934143912359	13.5475264303328	14.3940341069921	14.2146674346202	13.9771497925548	13.9843087638591	13.9378253891528	13.8034689291873	13.9936487060041	14.2008373403337	14.0632673044162	13.6793383791656	14.1476519088691	13.8982242890519	13.9242294518105
M400.0741T53.31	13.9653553462653	14.6962686228186	14.4082910950272	13.5468282049953	14.2685436900974	14.0849288858427	13.3110559976581	13.901769956573	14.1235846453172	14.23814218999	13.4632813555666	13.097085807352	14.1476441088113	14.2256057542937	14.0718566197715	14.2583420488235	14.4046409804275	13.8270047851976	14.5131487788545	14.2140534203868	14.1395620936193	13.8626535328934	13.6003592350206	13.5222128038824	13.8948744837665	14.0872129411713	14.0486807832027	14.1043371529458	14.1593338860949	12.5584892669878	14.377138719199	14.2960708088388	13.8893473551549	14.2901684543783	13.6370723917861	13.9186317974264	14.0011187349023	13.7300183613268	14.2944446023584	13.7761661029947	14.0774699579004	13.1656380960656
M400.7495T321.27_1	14.3454676891821	15.3034996774679	15.2301755495545	15.088861783784	14.4806423405524	14.2246710512231	15.0123531983641	14.7868490605577	14.5277697301301	14.4941522405263	14.5028656797619	14.6541981395208	14.7380935834372	14.4690036202908	14.2023985753838	14.3529045708524	14.2883496921542	14.2172251983131	13.94554622997	14.7845596424261	15.2281628955964	15.0862609732883	13.9992740025344	14.6139653631926	14.7819703789594	15.0073002755659	14.191530962102	14.4771030382497	14.8857576886794	13.9276396970691	14.714389087021	14.7431951262839	15.1939411350956	14.7852451261135	14.6691084387324	14.3771091622954	14.8592504751943	14.989509638859	14.4426076607894	14.1941037756574	14.3928413175608	13.7235040840079
M401.0817T59.49	12.2403030417808	12.9760961548435	13.8165212885117	13.3384221762559	13.3726084484705	13.8363958691151	13.0618905825626	11.6293873450321	12.9775423711777	12.6781945642167	13.0360207900846	13.1310792114445	11.7287318240461	12.667733213076	13.3217539165157	12.9186236716268	13.1400109180555	13.2647215302559	11.338364238841	13.349353185985	13.175144855161	12.9085744739708	13.3756661747644	11.4760411452489	13.9703298267021	13.9889734153377	13.3758901004298	12.9965796736647	13.6001331566635	0	13.5444043735926	14.3407508810137	13.6201565193164	13.6294279896925	13.095698038633	13.8716456345541	13.4228696457175	13.4812754058539	14.0163097152691	13.8793745076341	13.8078136247377	13.7950489933886
M401.1639T670.76	14.3139166533322	11.7969554829332	13.9931305815421	13.8577007108732	13.0832604560187	13.9352332885401	14.000053060267	14.7731085977406	13.8758270116417	13.3414217554552	12.2911698647192	10.9361504682904	13.0746633632156	12.3030005507349	10.6342882741931	12.4923909242778	10.7330952079737	0	0	13.637675015792	12.913198629167	9.97779460923377	14.0348668592487	12.95838450766	13.4153866870621	13.3332691934059	13.9299667026989	15.1439555287787	14.2597412104368	13.5647775450554	14.6635731949458	13.4749098848325	14.2433699542693	13.8440545797023	13.2225880142239	9.57298555695058	14.6245233313074	14.9225473093333	10.9902663330711	14.1306876419604	0	13.7032629039823
M401.251T321.21_2	12.8855235782624	13.5177345717824	13.4354624602933	13.8663583600043	13.1201798486852	12.3511520751393	13.9323978767651	13.1479577744894	12.5835903457333	13.4002550060901	13.014348750819	13.8499146934827	12.8720854602994	13.120843437449	12.5214176341873	13.5360146973487	13.6362945875766	12.2570848858751	12.9711951334788	12.6784831858389	13.4313788846695	13.7956775531943	13.4555099406994	12.8811841426169	12.9589176632439	13.6185042101302	12.3934396496767	13.2102945787683	13.0653558402284	12.1769564239105	12.872360252423	13.4550928419252	13.2745522714008	13.6163071266592	13.6382639040703	12.3593345214917	13.8338625063025	13.4598084147297	12.648510036177	13.1089140442173	13.4474177447415	12.0921479772514
M401.343T860.16	13.3705808005122	12.9348562264174	12.8817290138414	0	12.1610442883252	0	8.74780254824065	13.2423097687477	13.2706471619471	14.1613940970844	12.719054529293	12.686990931098	12.9346163789174	11.7631026677682	12.0855744376848	12.4425188220421	11.9677725975474	13.5045271584377	13.7594606485866	14.571623774561	13.1550372821957	12.9667067027867	14.152844387435	11.1986964148071	11.948020173254	14.0004399515955	14.5158987974963	14.4384799908034	13.0154960499027	11.2627869564531	11.3069019467208	12.7102187029146	12.859014523091	12.8033339846574	11.5662684782807	13.5141326710288	9.1454767486938	12.8123558365145	11.6610424145143	9.84633811037554	12.9821062313735	12.9823876637485
M401.8222T48.34	13.8599637363127	14.4332588625722	14.4199364077334	14.6677608988519	14.1622361791815	13.7615127811747	14.5230433184711	13.9103981246644	13.8698485367511	13.7634597499183	13.8694597344945	14.4300243236239	14.0991131117973	13.5221699221694	13.5077341490981	13.1484981045674	13.0496853167693	13.7008755272693	13.3968478072439	14.5315244221906	13.800009439099	12.7063678979412	13.9704284913366	14.1951821139612	14.3090980414984	14.269897815449	13.8590701085394	13.4036986950881	14.4403346512364	13.921279788211	14.4640069887997	14.4487639095173	13.9252660539976	14.3029134955461	14.0524065548329	14.0078103077242	14.1750453048127	14.1555205450069	14.1883880172172	14.009857679333	13.7821716910448	14.4142505147772
M402.2144T284.11	14.2667507454523	14.0062879084915	14.2011943587245	14.6001373461555	14.2685051334202	13.92505233426	14.4792365365709	14.4332075326008	14.4160403175361	13.8417848536142	14.6970335549566	14.012300422714	13.2485782330456	14.4157880257329	13.9941332108721	14.5323787790281	14.2921718179042	14.7389191648965	13.7896274859074	14.1197039920613	14.4342972493659	14.5919669757275	14.5270488853181	13.8495002725204	14.5423349642742	14.4194902863286	15.4481236443912	14.4503084952025	14.0881716347631	13.7903008306003	14.7133719302383	14.2318651645774	14.5407614289009	14.3566448619483	14.2951286993988	14.3747859931082	14.2116103273605	14.5875547410799	14.6149376936475	14.0785634007696	14.1728011848232	14.2783935701906
M402.2253T385.58	13.9498484335831	13.044116005401	13.0538827753569	12.9088883697687	13.7661415676202	13.483432908736	12.8614772434848	13.4785505936874	13.6205468865113	13.792637324587	13.3939503534355	13.3235012426232	13.7616610080502	13.528742766069	13.8571449928661	13.5725073744204	13.7097199328978	13.1872486852059	13.7880167563027	14.0241998712844	12.420832486406	12.9327151207923	12.7931334197105	13.3588751341169	13.4170775273977	13.9675553025071	13.4232002227032	13.2136631495236	13.2692207208189	13.2034329219888	13.7397407874634	13.7843410097912	13.6133093483961	13.4813058831019	13.5374887119865	13.3979572569646	13.5340665984818	13.8908860382456	12.7911491428709	13.7682769797828	12.8467327551176	13.6358572634782
M402.9444T51.4	12.7153060130571	12.4988046719167	10.8423376927763	11.5924036168528	13.1027896881636	12.6322671330508	12.6286148507261	12.723774985349	12.2896810569286	12.2090022620142	13.1825688799573	13.5764709473672	12.309667135951	13.1288341743867	12.6996399526715	12.9890585230079	12.7520404927802	12.6176617676987	12.2916490467527	12.71760407537	12.0519568040814	12.7761062678903	10.8440279221776	12.6439242034314	13.6352197729429	12.8677919907421	12.2267775885409	12.8231190755796	12.400191322718	10.2804780690248	12.3199258513449	12.7329376453496	12.4520155162285	12.3955725260259	12.0760150926235	13.5382306060903	13.0498819219619	11.8345177467892	12.8990307109935	11.5163628199281	13.6146660814976	13.1019633388807
M403.286T741.32	12.4777236806816	13.4995723118984	0	11.7226876839596	12.5697473841814	13.2924579177739	12.1972776191743	12.9554273154027	12.8858883390326	12.3477787030834	0	12.3896492467278	11.3605969715281	11.5384893308671	0	10.9067171523835	12.6521389279229	9.20533821891665	0	12.4808886038142	11.045327654319	12.978758410952	12.7544938283437	9.35387610929867	9.57167619510592	11.5344499811959	13.3563694700755	13.3516035076747	12.377376072101	8.9462847236628	12.700074875924	13.1159135760808	8.7564304840065	12.8612165988135	12.2950637986251	12.7449458185084	13.407800570017	13.4542826534643	12.1073968753847	13.7880514274722	13.4440090072504	11.9301713429368
M403.8191T48.32	14.393077055018	14.6366032646196	14.8574535688495	15.1351452941453	14.3274752685695	14.4385514059498	15.3554974781304	14.3429814274195	14.7822383156212	14.3570171599664	14.426959436253	14.9707920062017	14.3463066399508	14.3696052155891	14.3784588715685	14.2730780869421	13.7721420872877	14.3196310570854	14.1695909651367	14.8197537143063	14.5805824853698	13.9120236399023	14.7965379155927	14.5860692613697	14.7640980065855	14.509188204502	14.1471026538811	14.474351750595	14.599696117443	14.58268343438	14.7454488828597	14.912689552789	14.4680905137141	14.5050114104994	14.6861500381592	14.511348079314	14.0880841210158	14.5712846292677	14.9136890365924	14.4364034442591	13.8616521644232	14.9136511464078
M404.1768T53.11	14.5263760387229	14.7754317586715	16.1978296796183	14.8989396851279	15.180204152962	16.4096320909718	15.9366970930095	14.8250520600461	15.6792220743053	15.2661480017516	14.7826147843793	15.0619010807909	15.4867169344241	14.7274375497017	14.1087117841961	14.4637232075165	11.8116998942609	0	14.2706024263203	14.2922063268027	11.4389648358915	8.78595141915035	11.8297195438839	15.556378795743	15.0430752798684	11.9509885510582	15.2791686232693	14.8831903359794	14.7599731521822	14.5557656883268	15.6000733788922	15.2948931609533	14.4932372692941	15.0846313623412	14.6377148009722	13.1805287021217	15.4161108069121	14.5057895491151	14.364577664018	14.5122543391896	12.7689600202254	14.4085190562937
M404.7392T324.36_1	14.7932025146332	14.4069413837845	14.7451221206732	14.7610101551297	15.2587662240703	14.9412578009156	15.0360768992332	15.0349876398209	14.9510938480856	15.0281213160228	14.6494405582049	14.863140654378	15.0817053186169	14.7775774012128	14.7839877912282	15.0309214223011	14.9429598371497	14.9792691225178	14.7566905841374	15.157287786288	14.6606781063864	14.3778676144297	14.2615290879391	14.7513957384297	15.2513590663835	15.0049921765116	14.8862578977311	14.7495636414245	14.8327812223405	14.6142468470028	15.1493258979394	14.9179056400415	14.8252924167062	14.8727423451824	14.6946661072005	14.3116426146262	14.7407250317525	15.0903492240941	14.523814148005	15.141664005961	14.6350966010187	14.9175955700924
M404.8231T46.38	15.5295093889697	15.410375849475	15.6021588229081	15.8355143538292	15.5945730822418	15.4240896056881	14.1223600208279	15.6042362545575	15.786885965575	15.7121472598821	15.6503292323537	16.0097297903264	15.6345727379746	15.7719929780525	15.5609066166921	15.5895913702293	15.6374780989286	15.9101038014671	15.5958341699607	15.5867689760815	15.8817550045662	15.7927535215857	16.026401866893	15.8141973551372	15.8552885541318	15.9880966056359	15.3773104839797	15.6517021710872	15.7858207793957	14.2087809452765	15.4395730231783	15.8271003826345	15.7868789110532	15.7961859377528	15.8862585924952	15.8912193109938	14.9004939539949	16.0086093444458	15.9757997432588	15.9036426617006	15.8299689898724	15.7657735111267
M405.2001T191.27	13.8184416403953	13.1682643378538	14.2552225027374	14.9077755621323	13.6301870272083	14.3237406623884	15.0733142014894	14.2708621441379	15.177406224615	14.2290978513951	13.6775453063256	14.7641993977966	14.3371150590608	13.6368979699041	13.4465448303967	14.1407905098744	11.3494889637051	11.4111328967584	12.8700905813606	13.6121580920116	12.7088823357058	11.5157835672481	13.7845158920131	14.1513772167708	15.2524231318891	13.0975236070912	14.4741110429507	14.8052915088749	13.6577009782023	13.7983196109389	15.625985553581	14.3566187555857	13.6245536642285	14.0518466026554	14.4285411978193	12.5023119541506	14.7932811187146	14.194103988512	14.2669885008923	14.1030741535548	12.6344960113923	13.7265988036697
M405.2409T324.48_2	13.4600683154195	13.1653510601628	13.2362936118069	13.0538982994588	13.9201795825919	13.6302626900278	13.6650047135818	13.7153821400356	13.7999364982948	13.4203814616888	13.1711042502908	12.9702651753188	13.7873853941339	13.3586309086944	13.4931123337672	13.768787838185	13.4997035772069	13.508835600878	13.3029145161898	13.6829711994249	13.2391958439897	13.2052706266685	13.0120683020539	13.4129110273526	13.6953546311183	13.6321424818825	13.4064748429973	13.5409658876129	13.1796011745016	13.1968118435292	13.5860088017741	13.472547257515	13.5052605895209	13.4700511251221	13.0772207993553	12.943750173631	13.1776294184344	13.8295840175194	13.1638973639034	13.7518157876115	13.2962385873059	13.5841710101257
M405.3751T895.3	9.87560704534149	11.3485845603864	10.1370213666134	10.4422836255265	9.46056793890389	10.2093002578442	9.7284413166281	10.9354538227109	9.45621229090975	10.2943350597035	10.4986781493015	10.8838292272676	10.3535104091341	8.97264680634872	0	7.74534451103444	9.33618719691111	8.71868337508234	11.2715270919068	10.6269129445973	11.7733216899243	11.6537062395833	11.4748947132684	8.36141310798372	9.98254355991619	11.7485384109916	11.2913309259355	10.5950044759034	11.52595089075	0	8.61096113094341	10.0302249835543	10.21013111112	10.4691384506324	10.4652593810774	11.4359051469772	0	11.456635250126	11.3753975842242	10.2165074911888	11.3032751714009	11.4988450297957
M405.9863T115.95	12.7546160272548	12.6280554486162	12.7353169881208	13.47524874956	13.2485994978983	13.5458853268067	13.3245421047611	12.5980616984025	13.1564705586731	13.8205372671261	12.4166066351888	14.3504152203245	12.0643045077456	13.5248603328785	13.1757493631228	12.0564142910608	13.5076942580628	13.0555643991926	13.3914125070438	13.1927882538033	11.9459698930198	13.3644799008917	12.0863654358005	13.4792793529775	14.0488173780142	14.0408510052825	11.75831413972	13.2391983072594	12.5434241705098	11.8543054301654	13.7075094254907	13.4292163938587	11.8319595245929	13.7000106684337	13.8507555421729	13.1055764413203	13.5998382759283	14.1034279421947	13.413109909872	13.1269390645703	13.8354314107575	13.9857407034498
M406.0294T254.31_1	13.8225096112755	12.1750639975303	12.9773312532297	14.2720920705218	11.6614988549133	11.4155500156522	12.6696802671409	11.8003299935301	11.7492199068507	10.0826502988161	12.1859315237071	12.0778561104959	8.72774085848721	12.5547497254973	12.5922602851215	12.7317949957042	10.5145667327194	7.72529023135674	10.5295231630653	12.6924688223194	11.4959551222059	8.72468894220459	14.1754231230263	11.8559245396167	13.419777259625	12.304922400294	12.3166294524222	12.9095726636836	12.0223312360838	12.2147683094081	13.4057992847763	13.3281165712691	13.4717222297693	11.8306679915326	12.6632624719241	10.9232460318842	12.9125802471532	12.5009722871877	12.117566871791	12.0654817338816	10.3844324583567	12.1438840524102
M406.2104T204.57	7.54446039859499	13.1582516561972	12.5469842403308	13.4277090471592	10.559115353061	11.3722090098975	13.7742862220198	11.4404072690144	11.5007650959985	11.0266116873966	13.480365613374	12.9104823576389	11.1594153116888	0	11.6579582431135	11.6135166087672	11.7148211184928	11.6357420690524	11.132064564137	11.3691150649126	13.0380232659991	13.4381701387378	12.8235830928075	12.3678099462711	12.7207987994876	13.7754596128939	11.9347253522572	12.0493109796995	13.6196501905211	11.3176552115074	11.9907890480136	13.6645699388694	12.8037892979976	14.1550902196117	13.8382508138385	12.1177147187534	10.8386953976318	13.4092189820192	12.9881985148733	12.8802934762549	13.2040866272972	10.5093580556023
M406.2299T254.35_2	13.5923088923339	12.32043591261	13.02078287527	14.6430923380415	11.9228212093265	11.3108423471664	12.764080496138	12.4316960763939	12.7184539110333	11.8155098831565	11.8581323837705	12.6622939093807	8.85304323066196	13.0600481845639	12.8315597200228	12.2755527082661	8.81733166726476	9.02716325951256	9.58919904382519	12.8426340711945	12.0632591154842	9.55057072608494	13.9485213801307	12.3643254106318	13.3651429157912	12.2473010442739	12.5872075035642	13.0218055297302	11.7501068393065	12.7244377860613	13.138531335657	13.5590762190637	13.5070519743618	12.6911126197691	12.3030755799591	9.77879501715548	13.0405702226393	13.0060612961776	11.9453883378738	12.1613729291498	9.61290905648662	12.5311938958032
M406.9548T1194.62	13.7252137133881	13.6799733646318	12.6027268914963	13.7123992332049	13.0803491378008	13.892191253884	12.583296274366	13.9035717621913	13.0772431434537	13.1702113680004	13.5270783517152	12.6424908156042	13.4201603620241	12.9418263044215	12.7359926303851	12.6675568911372	12.9932096690197	12.9777787028366	12.9780363107418	13.7932151727993	13.2032599659319	14.0336627100785	13.1587871937804	12.9302481444854	13.0138170318584	14.2964836758503	13.4911656272979	13.5061749001972	13.9279946514754	14.4396970697512	13.0830387967377	13.5086893640858	13.7596937051331	14.0074184418867	13.7094980055542	12.8071803374121	13.1419714747319	13.6758830287144	13.1279676648332	14.2898117707853	13.8626995855246	13.8416192272027
M407.1726T229.98	14.0168875384109	14.1814538416311	14.5902960947835	14.0186794403289	14.4491299768228	14.196435672437	13.4803417769107	13.2925589846402	14.3351866270509	15.2703056826171	14.2856459398225	13.7096018644672	13.7664221113834	14.1649290020044	14.7258145491768	14.4369462598153	14.5556542443209	14.040537207539	14.5313251203589	14.6466188188691	12.858111038328	13.6986460775366	14.1951417906801	13.9391003753643	14.522473324144	14.685196408366	14.5274919750021	14.4260426835815	14.3037547717921	13.2745232814249	14.7410498219654	14.1356833310979	14.179350055603	13.9096226715686	13.825999811533	15.0300768042728	13.8601618847291	14.2930085072781	14.4960279842916	14.299161391902	14.0800519680973	14.4573044578105
M407.1869T266.41	12.6395995377896	12.0360454832989	10.3718262671595	10.3831712128058	13.9193045225921	13.5675788919793	12.315154309137	12.8843076074297	13.4652531403243	0	11.960592614056	0	13.0572518544775	12.0395776555479	13.262995489426	13.9090336815747	13.6501316952138	0	13.4303727848407	13.1658590849966	12.3710380379469	12.7919687081798	12.1293427873808	11.3462799452309	11.5549204805783	12.089616151556	13.4637782369009	13.6035754030983	12.1925830424061	12.6650160610572	13.7613300286178	12.0557282159786	0	12.7564905264454	12.606894563496	12.0041128515561	14.0279877754325	11.5784048350272	11.7695488021042	13.9867226155824	12.1821489726702	12.0337714290255
M407.2405T56.18	14.716073437793	14.0449660203563	11.5605668604193	12.9113292187718	15.5218473809096	15.1542084422903	14.188947141469	14.238841852215	15.6617790797838	14.617107283485	13.6153149508083	15.1954131666954	14.8391876131368	14.4271513445017	14.6963801798538	15.0181343363354	14.8832043861352	14.727279532143	14.9314677804693	14.6941437538196	13.3347551938916	12.9470208809847	13.7658459020228	14.2684024671295	13.5342107542562	14.0163292350627	15.2324479956013	15.0480730856937	13.5398250109699	14.8438601563604	15.1373406323942	11.8998598919332	12.6454825980794	12.5594869634653	13.4555337468073	14.7022486941661	15.6299838254795	10.8369173754101	13.6773246831635	15.5209099478167	14.4286082850997	15.9226752159076
M407.3544T905.87	14.867268008502	11.1538499236193	10.5531013022212	10.9050894664306	10.8637717874494	12.2848596298	11.024069940905	15.7340510030158	11.5943002372402	14.2511654040929	8.78540852585801	12.4917096272562	12.4240662049034	10.4723172822421	10.0280069550434	11.1813754679352	9.82350385790221	0	14.3188884610043	16.0762521822079	15.4023082174773	14.6399200923059	16.3832593460948	9.24935137751376	11.138811041142	14.98106927626	14.2693441802289	15.9998214678474	13.1109517674476	9.14862127970249	11.3317402693539	11.565931030236	11.1484541407739	11.3429225624524	10.4676954985902	9.48171211701138	11.401805200017	13.2606255969124	11.5584811062608	11.7840536019706	11.1267169720829	12.3729083100827
M407.9831T264.46	11.6206899706844	12.1655087970591	13.0141822767012	13.015278207301	11.0200602053017	11.4384316914571	11.1397200665685	12.7467141871409	13.34376017591	12.8445611096759	11.5569471163519	0	12.8906905600039	11.9012592950742	12.0013443617222	12.2047180945334	13.3144465382852	12.437903371405	12.6729031992601	12.2307492055289	12.2084172169166	12.5900400380498	12.1659333050999	11.6187073129123	9.10355950448509	11.3832403902698	13.7484242660623	12.9203714822394	12.6664292612941	12.9722279242549	13.3980197423832	13.4717034439625	11.8324567203688	11.7237187427875	12.3360872337513	12.4512047912153	7.41844348869532	12.1264152011583	11.5821194497325	12.9381905388312	9.20355837924475	11.332688131437
M408.0791T293.13	12.4762859447325	11.9787365256388	8.23076320401166	12.8328224001492	12.2458848090586	11.8090550283707	12.0130781541147	12.868055404089	13.3667962360377	12.0060360640158	12.0377335802474	10.0254033601171	12.5369779520237	10.89844191448	12.0126702793134	12.5114657906721	12.4057256785298	11.7330129945417	12.2107111126869	12.6514987124997	12.5017213567644	12.2517918133895	12.6443976509504	11.0604003836356	11.8472674540701	12.049534745936	0	0	12.0816420916752	13.2466946430711	13.032056052825	13.3023772485263	12.6169904946763	12.6879733787413	11.7702440198846	11.632222257929	12.1503570836398	12.3325148583272	11.9643550443865	12.8242814691353	0	12.4349190801363
M408.1774T113.1	15.4211825563974	14.4693285785804	14.832866092529	14.6991061509528	15.1078817662397	14.5594744556327	14.8694648546027	15.0537620456065	14.8788757290934	15.3339435349038	15.4671282551971	15.141804274207	14.2837801098469	15.5717431793659	15.0693740802206	15.7155504993723	14.3584495836651	15.3370680586117	14.9254428619117	14.4296730446855	14.5691718456008	14.3928463837122	14.3756662638756	14.3383016075534	15.2997411497613	15.0035900905078	15.0307649977261	15.4480473724597	14.546934995214	14.2957074803462	15.0959991088963	14.0498588026672	14.113862612143	14.4100687556941	14.4745576373384	15.7247733043371	15.0107535307601	14.9871971890169	15.8176540259409	15.358664700803	15.4583370007595	15.5095343286697
M408.2152T367.07	10.4579887941117	11.5455551766166	11.1637958645017	11.5735722127699	10.0358108787595	8.89806624963305	10.3202439766342	11.857174739652	11.7446456619675	11.584027695857	12.0495168610439	11.1320269573656	11.8235885821098	10.9339181842879	10.5900809073423	11.1014377323761	12.1550325116748	11.3795119295118	0	10.8755095687837	10.8319028894783	11.4208513744265	10.6295142681933	11.1273874276073	9.68239695879185	11.4695755044553	11.9323081182679	10.5134877491937	12.3159866950331	10.375985840887	11.3882451694903	11.2982256960719	11.6190617938446	12.0632510899449	11.9822949761809	11.4472552817551	8.90320705374731	12.0158756219634	11.5385574284159	10.4584106044284	11.8837093605391	10.7241864824874
M408.2431T872.47	10.9878704758395	12.1169278749749	12.044622662128	11.7855161137197	11.5404226722025	11.7021259917662	12.3622084619938	11.6550380773391	11.3241560114785	12.0001179220454	11.9876417992859	12.3365313480327	12.172997239016	10.0898306216648	10.1199261282369	11.2898207647109	11.8925211485866	12.2180450808982	11.752801285513	11.8605134805102	12.458201119096	12.6022207053482	12.6006231590215	11.3747738385981	11.8722302025909	12.6636128074052	11.8267775687204	12.2881556561931	12.322448104646	12.1314276028677	12.1955576187758	12.0996889305183	12.1295376274061	12.2801483957029	12.1973885540284	12.0141927802254	11.8933872238871	12.511689418485	11.8632015334596	12.5026014305515	12.0559018582226	11.3833990935736
M409.021T62.96	15.3668633312904	15.7433443260514	15.760403025163	15.9864211315125	15.9267179143991	16.0810506102532	15.5086035235909	15.0674935980712	15.8929749646825	15.2584707716808	15.8828769681774	15.1487290482941	15.263869319694	14.9782994306551	15.3826856783756	15.6429928109615	15.7698640707687	15.8021598847248	15.5980103362419	15.7281945305771	15.6848778265616	15.5414335814372	15.8365108482099	14.6867197040549	15.6082420887763	15.752494739049	15.685428012232	15.6971746576071	16.014729356128	15.6288532391272	16.1459196148032	15.9567648861213	15.6405521433467	15.8494634746315	16.0166249070458	15.9405023300087	15.7663617678146	15.3647942597676	15.8565081790685	16.3765945186393	15.9448486500745	15.8613467621832
M409.1741T298	12.7882445225284	11.9949490462789	11.887811617011	13.0976719454983	12.5684567179261	12.4865179091936	12.5109808682725	12.944543318657	13.1839075798609	13.0488611671497	12.5905121072966	13.0429324181651	13.3721211396701	12.693164783618	12.5003915781379	12.3487725600059	11.1569455188238	11.7168073391164	8.88676494464821	13.0414574351287	12.9475085564711	10.6357627644929	12.5180922994728	12.3951175191704	12.8567797373378	12.1267327481808	12.5635512654312	12.9698432671493	11.2650580719425	12.5623766010232	13.0545439803186	10.7387843237714	11.7667676541566	12.2510258680256	12.4585904333515	12.1227840447025	13.0283516669198	12.3378622252172	12.6297790780709	12.2798301828372	11.7483208900089	12.5692143441142
M409.3853T1033.99	10.1475670839108	11.3643408710401	10.7839847861104	8.73161172812827	10.8684522295227	10.5735659822428	7.75131189620898	11.6794795241943	9.56792214429475	10.4925204044189	10.4505535210281	11.3086391018965	10.4956072617818	8.02519941737194	9.04869554819364	9.08027487415118	9.26122698831867	0	11.0161136107984	12.3355584647266	12.1709343971794	11.5222210435381	12.140647217838	0	10.3248643048758	12.4863211994364	11.0750669367499	11.5777492001755	11.5010926372768	9.85044669735428	9.54728516576193	11.9417108311353	10.0977306610284	11.3377375129719	9.51175119469053	10.2292222862152	0	11.4323196632864	9.95148593085725	11.1107001164038	10.570194496489	10.910188791995
M410.019T287.75	11.1850041717316	11.6548349560916	11.5821446631083	11.4368598828543	10.6831384681585	10.1330681631288	11.4363901964826	11.2619557176649	10.7669195619495	11.7219172507362	11.7509838373749	12.9086075309608	11.5564534057772	11.1802388823672	10.4325069481295	9.63583512080635	10.2411504348254	11.6788240608904	12.7744356403931	11.3795203573843	10.9124960176839	11.467080145951	10.6522310054319	11.2728973595302	11.1118446765432	10.9717197790633	11.556792990375	11.4724508179601	10.2735787314787	11.017185655084	11.1232114377079	11.3280685931869	11.7123098508815	10.2918512181853	11.0193299942241	11.2729628536755	12.5000107620351	11.2673966450843	11.4911834964068	10.5046282456445	9.08251228951987	10.1237184072236
M410.0213T114.47	13.9927142234331	14.3358664109758	14.2879706262615	14.6625501515218	14.439072169716	14.4690860480211	14.3192457395384	14.3186662766311	13.9046101035884	15.223551373216	13.9232162719876	15.3466821629836	13.0998211291192	14.3463798526851	13.8739393131412	13.888625054529	14.3698758322954	14.5834282469709	15.1054519021923	14.4240435544772	13.9898378785298	14.8242823767679	14.4500314376544	14.4015696624194	14.1248079785784	14.3716597593839	13.7951363191243	14.176611238936	14.2362236415947	14.2994055603215	14.0796616724965	14.3623903414111	14.1580076671444	15.0294329391622	14.2671798170802	14.3913927806918	14.7469905770937	13.9783121000546	14.6554058728174	14.0401029473548	14.4371735131936	14.4130913148327
M410.1686T80.3	13.0131844669883	12.7916410503026	12.8722554308269	12.8333793607875	12.6037330624392	12.9503590403748	12.8251658947688	12.2365175004395	12.4454056137754	11.6067060954132	12.3729512833749	12.0550725167121	12.0758561013763	12.3772902593408	12.1823848611767	12.2438714825926	12.2756968326843	11.8610512915939	11.9669277059791	13.1220838160271	12.2659360320221	11.5963813232581	12.920616099282	9.772848282559	12.7532845246358	12.2202430503847	12.3102468841289	12.5396683934314	13.0216611897755	12.0427646538722	12.7134831151992	13.0480841683501	12.4501963339693	12.4088280804753	12.4159445268218	12.570183287466	12.3710384511726	12.2609264186877	12.1650993894294	12.6865133264679	12.2387186320996	13.2885292503867
M410.1753T115.11	13.639548199602	15.7638674969732	15.6798708569547	14.5346268815043	13.4234616794185	13.3467587794803	12.6071695892812	14.7952348973468	15.2563393952038	15.4641896096203	14.5422267714077	14.0700881664339	15.0950017740479	13.9982784791845	13.8796224147461	14.1532353734285	14.5182476761469	14.184870182802	14.4188750656934	14.0153219503259	15.1551195117622	14.9523548712212	14.1144909478159	13.6757035161882	13.4031467403137	13.1778797413241	14.6823004207344	14.7991771640144	15.7900764023579	13.6090785304324	14.9027046333514	15.1963014010896	14.7316569002525	14.6468091853476	14.8997330022103	15.0120984445435	14.2089911306771	14.1166669508574	13.9514657137109	14.1521568700827	14.4181004243996	14.9125800083751
M410.2996T488.42	12.5214804278892	14.0956893366337	12.3890033643261	0	12.6530385268004	12.825036612293	13.4583918174083	12.0720969582122	13.2150967143019	0	18.7597215359796	8.59057401369432	13.097963688838	12.7965694810168	12.0250586394828	14.3814874326099	12.5728052034481	0	7.63458878008641	11.9680057875819	0	7.34887604816576	11.3802504972666	9.81700682903331	10.5574954608875	12.9976925368598	13.3992911954255	11.6529033971097	13.5951148930603	12.0192295321881	13.9329193578064	12.3625105400053	10.5568547896711	13.6955876442993	0	17.1404276662671	0	13.3666734977254	18.0284176251125	15.7695681893579	17.2221489693959	14.9571983187564
M410.7523T352.04	12.2622758037794	12.3248741799777	12.6601691564709	12.3355981671678	12.6016505649594	12.3965092647132	12.5717567099883	12.335995319913	12.6855368481256	12.8870878911375	12.1889500102828	10.43876550681	12.9606778881388	12.8291709105624	12.552627875796	12.6461876496975	12.6510410407267	12.738700523351	12.5541155844506	12.8774937832163	12.6942275173561	12.1422236206203	12.5207012506992	12.8962835320875	12.6239980330906	12.9508183175179	12.3164324671416	12.5345900687713	12.187768520268	11.7003217028829	12.7242116004496	12.3036063085077	12.4661489730895	12.5381713675774	12.4897585876643	12.4617244235735	12.4348821429776	12.7274314006546	12.4690042590663	12.6438901020224	12.3811571530944	12.2565771821895
M410.8579T46.08	17.8076248761834	17.8021535597052	17.8399141237453	17.9503205780635	17.8388511552878	17.711708463011	17.806160322886	17.7490936376889	17.8994816307204	17.8885284187234	17.8127454849796	18.0617378629726	17.8499665804414	17.8250705170823	17.8318335264475	17.8174806572483	17.9525533796125	18.1364764331074	17.9012861412123	17.9200414222463	17.8232489850887	17.8726978270928	17.9101670683018	17.9588467468653	17.9603424307593	18.023946808821	17.6084956325359	17.8890639332862	18.0220619891542	17.8062144990721	17.7178409216251	17.9995909694241	17.993490542081	18.0468027159308	17.9558585347019	18.0178971350622	17.5393295486917	18.059812705272	17.9872822402092	17.8656164902787	18.0968563153145	17.9300990413909
M410.9179T42.87	14.3536710617806	14.7779204190897	14.981807540078	14.6787418757761	14.1949290420939	14.4815011948821	14.2336923645435	14.0753161315494	14.3836026239235	14.0189974575388	14.8517893076868	13.6672193321868	14.5038197946247	13.8873325709756	14.5411392000564	14.688025273445	14.4267723698573	14.6877491236346	14.2324481574842	14.7213344480883	14.8366703629335	14.6903235374807	14.584790472166	13.3638657256312	14.5682299525109	14.7860314609704	14.0573804845974	14.5461099647318	15.0199111329731	14.3249965323964	14.2437838628285	15.0221710788694	14.7499668402605	14.9205975525857	14.7343824548785	14.7008094170979	14.1391652976773	14.3934852736033	14.5687235348818	14.3889158906512	15.0766147745408	14.729332034224
M411.0653T373.32	12.3505671958522	8.47196383455697	10.7347386327458	11.2817223047453	12.1420058031919	12.0159856855319	9.16782885604124	12.025949258969	12.3827804151002	12.5098664372534	11.1885252823693	0	12.5775217793378	13.1181793080237	11.9030766131527	12.7402148236951	12.7806036442103	11.1592190444029	12.0058603649488	12.8085229020868	11.4698782078596	11.5197337926152	11.5507592632561	12.6513182159132	12.2498693588517	12.5914222010999	11.3280427207113	12.3881461460746	10.3773748897366	12.531095193224	12.1687142779773	11.2275544331434	12.55886852256	12.7365415030063	13.0649066602049	11.406834922493	12.4530369544774	12.7826113808901	12.5523329997037	12.6865256707344	12.5227801753654	12.1824577878869
M411.1003T55.29	15.905681870045	15.3698793750808	15.0559961664831	14.2497117444438	15.9120714189229	15.5231997345855	14.6335719253397	15.5339408149314	15.7027107038357	15.0355393037849	14.9562003709912	14.8397639064812	15.7490979016659	15.7000072704126	15.5768209058815	15.2457218894384	15.7649329601975	14.897665124094	15.6940667854907	15.2933292992342	15.5796690794912	14.9904572741169	14.5757486628133	15.0123538027341	15.2779349204639	15.5040488150147	15.4973259508001	15.4995479116549	14.9033844594788	14.6221451528354	15.2581580328577	15.0618367952498	15.302088239901	15.0244913078516	15.1284849314161	14.902345675636	15.2907516474687	14.8327768356142	15.1131642290279	15.3555907858276	15.4041270991246	14.4481871654346
M411.3596T643.25	15.9389028787847	14.8532302540331	13.8213437882787	14.8131402639265	15.0328472557422	15.6002503225455	14.0483545090927	15.8882202863247	14.7701024110944	15.4003573022569	14.5571623957258	14.2242642478347	14.2455644139977	15.1785665632947	13.6702264017188	14.8906047313732	14.9488201522825	14.7919620269271	16.0166487970307	16.2011129134846	16.0501617513773	15.2873813992491	16.0157570835972	13.0283890197434	14.3882559306081	15.7077788137698	16.0335842966379	15.8180038225922	15.3217862576104	13.9170864590736	15.0001591367429	14.8296677266671	15.2119141531362	15.2444398229277	14.4051027489779	15.3035273441999	14.1343151966952	15.194834432019	14.9023894643055	15.4110680691458	14.899818342793	15.5006810568285
M412.0143T287.23	15.7345791347236	15.7734921250528	16.1403469916962	15.9074232103901	15.8972729998819	15.0188707553938	15.8439221110978	16.0150040379458	15.6165265670784	16.049710538085	16.0845150689674	15.7149952221493	15.9255617857257	15.9525659853648	15.3972380882586	15.010935702257	15.3633489348381	15.8557770980948	15.7208193981322	15.6860980681311	15.6435028857121	15.6342540861592	15.6003397029868	15.9014073202645	15.9716550628833	15.8480179565147	16.0494182687175	15.9963221338495	15.7484135224333	15.5544347642418	15.5817058623596	15.8916501077745	16.179262337347	15.9715949152598	15.6571362262773	15.8307666402369	15.8455696993301	15.8815171679125	15.917969064672	15.1891979097329	15.9068085178094	15.5327619558785
M412.1737T310.05	12.8476199276137	12.7560270326416	12.834859531236	13.0288204313174	13.0073870181297	12.7620875591034	12.9102895422162	13.0151679649088	12.9249802251108	12.8182353460394	12.9283890697915	13.0275893818732	12.8237535297767	13.1259894759455	12.9180851798443	13.0470051136229	12.7910967001806	12.9593209591675	12.8204483392556	12.8597283026697	12.8748393560361	12.9072206139056	12.9933564838674	13.4566205693158	12.9835409115852	12.9450641932372	12.7664656615669	12.8859754332709	12.8315138234814	12.521448483996	13.0560875676613	12.9237409787166	12.9252343748508	13.0700356575981	12.8844391150936	12.7424987591048	12.5405327748342	12.9646470900732	13.0250318284397	12.9664359319417	12.9726390059667	12.9289229169202
M412.1755T289.83	11.7146179130314	11.5920939064381	11.2775395537673	12.0786020870374	12.7132495010546	12.0090958821224	12.2136005227574	12.2822434334861	11.8165572140268	12.8200137739905	12.8640003012265	12.8471736759323	12.1720675463829	12.6438508187622	13.0881498873179	12.7237797790169	12.5243677652132	13.0667223534307	8.41813758751917	12.3953066267378	11.348119707551	10.9886681684468	12.0517327166771	12.1070541430082	13.7461871659718	13.4688392149734	12.0330168316552	12.7317642984757	11.5929694418347	11.2056602201982	12.7591734356289	11.4903299808903	11.5020053788702	11.598049795909	11.0897868894205	12.6816063607272	13.2763678198902	11.807018778298	12.7130415332072	12.5275566820173	12.1109643268001	12.9932708425887
M412.3077T532.83	12.4345669772793	11.4647899747584	9.71972011909319	11.1932800140353	12.0358726015341	12.8846180419463	11.5867977348784	11.7527522777161	11.4305828579013	11.2846671406717	13.7897758727949	13.6236419654479	11.936272206979	10.922958684497	10.4009098619999	11.7953493299383	11.1642733434673	11.7710033657303	12.1181726049021	12.4658945931595	12.0788739436552	11.6326448578843	12.6245048225015	10.9292911259276	11.1757202046226	12.6460128924872	12.1069228097617	12.6059666113573	11.8000317573669	9.59191605102973	11.7057701463572	11.772141757329	12.0765432500062	11.3247861877148	11.2350568812985	13.800915550982	11.8964702316546	11.1498823024023	13.7909536771803	12.630463173059	13.6047324020416	13.6097729554106
M412.3441T624.06	13.0722564953342	10.0303327052064	9.14908654780892	11.3700281773464	12.9035972720642	13.0120541793247	12.0964318924003	13.0290397977653	0	12.2404966426422	12.5327259826581	13.6813155752581	12.1714458110233	10.646321327994	11.5846316269093	10.8429600237976	11.3247778874161	11.9184022856773	13.2815399628059	13.5802028945192	12.6419331870232	11.7052838556504	13.1291490624582	10.2310771746008	12.081896036277	13.5474192027352	12.8101723842947	13.3682588903449	11.8403823396214	9.15225496552867	11.7387436384884	12.1257829199713	12.2907213752144	11.9984686714796	11.2138346924504	13.2038882853182	11.9476342167454	12.9049482860614	12.8125188814292	13.1247493966872	13.3236742959218	14.0090889520027
M412.5533T292.54	13.6609071642027	12.8598259607436	12.722063731064	13.7179439812927	13.143851130753	13.5226086065461	13.6765128925713	13.5328872333103	14.495868020611	13.9129732162334	12.9878373087897	13.0670801678754	14.0009212223993	13.2416517709748	13.2553720479349	13.4735541850706	11.9191994065764	9.83813582406409	12.7248695469148	12.4565782749505	11.8256363287285	0	12.1595132177451	13.1270365696377	12.7539034523495	10.9381258393425	13.3429427694878	13.3391765571746	11.9480937484516	12.9304380790943	14.3266316147881	9.27558283321509	12.947398481708	12.908446109279	13.0790033694405	11.9483600212926	13.7754328277327	13.1773109157431	12.602072365886	13.8073597956055	11.858981188104	13.0882013590016
M412.8549T46.07	17.0561492254706	17.1153152898823	17.1479695114378	17.3045915591405	17.2724094974898	17.1018759253057	17.0276470142802	17.0706257412482	17.1757788837926	17.1378388110691	17.1220994062976	17.380064504847	17.1901120842059	17.0684088721393	17.1574100050519	17.0058205507392	17.1739474198172	17.3959723530893	17.2428557395079	17.2182231981102	17.2063610556412	17.1561698404634	17.217872897623	17.3234187254092	17.2447348086537	17.2716909687504	16.9115321284438	17.040082171399	17.3556025762367	17.1325269405617	16.8772737603566	17.3329558190087	17.2351366462243	17.3676034106641	17.1471232812067	17.2504568897821	16.8501338116233	17.3557916677671	17.238323601111	17.1305948607301	17.3982556088426	17.3188015445805
M413.0176T287.01	12.5526308815878	12.3709201039568	12.9657976522004	12.6031983697989	12.8327130148219	12.0373556272215	12.7833111337791	12.9658527820092	12.4224322451265	12.3415794271808	12.841094629707	12.2730948989755	12.7593432289609	12.9837773475484	12.1813670290908	11.9101860569769	12.3853284836764	12.6935187590746	12.4294592988978	12.7222993797014	12.3357021536087	12.4442231517635	12.8717251294211	12.580092676276	12.9295890139007	12.7140494800927	12.850285045658	12.8709780539355	12.6750762796896	12.4475265631437	12.5667560614741	12.7547985120175	13.0372686103845	12.9013543650013	12.6229712998948	12.6966660040816	12.685239361409	12.8062966255736	12.7194364850864	12.2369292467182	12.5956882495592	12.4406735366789
M413.1154T374.62	14.6808349621847	9.98827516491116	7.41994965138675	6.74683548793475	9.27683898163974	12.7376991580779	0	16.4783233871798	0	16.0896415430577	0	13.2444517508066	13.3327441629007	0	0	0	0	0	15.6862864085416	16.3730397875205	16.8002850222266	12.8958422572962	15.8061123524795	0	0	14.1513745683715	15.6832697955718	16.0185352329539	14.6316692806427	0	0	0	0	10.0419906570153	0	0	0	12.0113401885571	10.4633715647993	9.43637279576535	10.2615218175271	13.2677482806577
M413.1259T97.96	11.9020239969862	12.2155832136437	11.8434148816949	11.8447817692727	12.1242048041799	12.8560797333708	11.4895888130009	11.7968552598297	11.8301808176882	11.497317247771	11.2922336341058	11.0819175633761	11.7859063696396	11.9008682145737	11.9063815043941	12.7461018228995	12.521062412959	7.81675743334924	11.7780578673787	11.617847566029	11.3818247864952	12.1267601797468	11.1581855972479	11.1648651946224	11.3577161589031	11.1949114053608	11.9111650901104	12.0360278698637	11.8359608932586	11.1365749699649	12.2779917705321	11.6234877662974	11.2838675697847	12.2381855844022	12.6392993212326	10.9264944319524	12.3921522658226	11.8233741237576	12.2469235608095	12.7240792081316	11.9272393079755	11.3980730089104
M413.1359T552.52	15.1234249709168	14.537150195878	14.9215052242372	14.6515190460864	14.3538641298987	15.3714746991876	14.3119808967919	13.631261039177	14.4991477771045	14.2197691996973	15.2078947690045	15.0718728464776	13.211382204057	13.692313070692	12.7843907558893	13.1853238402231	13.4024265559294	12.0163403275195	13.5825081415128	12.9495838916683	14.5415441253298	13.676376140424	12.9761149739894	13.9420897329071	14.7142846302741	14.2930698035977	15.8081564442897	13.9884228943007	15.2311244788278	13.9983155359324	14.7626467973353	15.1207818798803	15.2288453136613	14.3240054614373	13.9429480394717	13.7376811521325	13.6369729288559	16.1031583431151	14.690212298188	14.5028697960223	13.8045046981094	14.1890425927715
M413.1438T278.32	15.4867480695017	14.7112527071288	15.0860167446977	15.217339837149	15.1983974213215	15.0262788077104	15.3363486363339	15.1513688928651	14.8658746007488	14.8707621676209	15.1074351447548	15.2962518938295	14.7174752021203	14.8242619767602	15.019871498628	15.1113640666893	14.6937065073578	14.5890995035085	14.901425623855	14.9329793242694	15.1869979799119	14.4803230400598	14.7390661626169	14.8695227289628	15.14255174025	14.947779006195	14.6602186358866	15.2376049402682	14.775577204437	14.645315691056	15.2156536231393	14.9401968302651	15.2398198186306	14.986799991206	14.8623543069303	14.8197369005739	15.6862765924201	14.9511042185856	15.2896342978481	15.1319715260494	15.0837457728674	15.1427072306437
M413.2678T44.49	16.4954358346934	16.3127247827694	16.2930717331359	16.1919611337482	16.1797425491422	16.361047621486	16.0824417924703	16.5250938617829	16.8442948768232	16.3345412970164	16.0594303229058	16.5913236786667	16.4621745577662	16.1454416348404	16.3933928638259	16.0809534115043	16.3488435681373	16.2034113638246	16.2777515028915	16.3284881927524	16.2913469344085	16.2987025250212	16.1016185792804	16.3278698497465	16.5312464401246	16.4873940139059	16.3510355174304	16.8036066046503	16.3527476620785	16.1668375915555	16.2974413327572	16.3822190603339	16.1761687274969	16.3324185276292	16.346464271421	16.4268959179166	15.958342381677	16.3232580000742	16.4222345599631	16.1778035843083	16.2956990917583	16.2404890081263
M413.3504T596.15	13.1879181791125	13.1800681982411	13.1457483603675	12.4705614334324	13.4232419529977	13.6087393718685	10.9319810192126	14.2768973140383	12.8216191968261	13.6338813186354	10.5327262525331	12.8799431125869	13.3671865372976	11.3709793053673	11.290988675964	13.0132200834639	13.4855013416323	12.763426569176	14.0624101042096	14.0795386188134	14.3800698727002	14.5575519922363	13.3649323947578	8.95707220640466	12.6671720113212	14.0529848204782	14.6384136836968	14.479843441738	14.2106579475034	12.4997724255708	13.5861390479474	13.4799633098933	12.9848223738637	13.2405706963438	12.5958801268235	13.1140296704269	12.7402472377433	13.8715378652847	12.0941840170894	13.7078551728146	12.2409423320957	12.8173280674974
M413.6376T552.1	14.2990195948579	13.6060000872485	13.6409606931788	13.8470736102732	12.7724806766529	13.930145500768	12.874164715081	12.3980463343585	13.8859325630693	13.6799040952628	14.169784133942	14.6906193065489	12.0040329935135	12.6076761661432	11.0364246010326	12.1307381119293	12.4383403771076	9.48863151765517	13.0584777034147	11.2709025531521	7.6880804006612	13.3215983716024	11.8501541330362	13.1159210344848	13.7416948509911	13.4518880998077	14.3288237023824	12.5576274971634	14.1237836214147	13.3276596165444	13.3741888825904	13.8214579709916	14.0913831079885	14.141564932121	12.9801641254279	12.9804487716287	13.0784830221245	14.8936745993482	13.8723350256516	13.6088095788794	13.0020135110178	13.2527243658591
M414.3231T558.42	14.5248666257917	12.9426580559761	12.0883426353401	13.109152474998	14.5235714856129	15.4593251453086	13.6317120667131	14.3320874745279	12.7881389775454	12.8959599108122	14.5308235000044	15.6838316049038	13.6865968422373	12.782618135992	13.2123997256755	13.3956885645325	13.2100581361702	13.9815709528699	14.2971380286916	15.0371161315079	14.6619881163846	13.9922648938323	14.5481503244659	12.8165762514381	13.4914055514439	15.0005354806699	14.2092710092899	14.9297427290054	13.6230075223358	13.0156650486078	14.0461881101599	13.7970864648772	14.4210063510673	14.0450379507952	13.2755011836754	15.5802015626519	14.1773619424123	13.774948657925	13.6698369849623	15.0382641476641	14.5118050537462	15.9728665465955
M415.084T75.82	14.9727723937506	14.8444082753166	14.3096036737317	14.5928574318934	15.0849128870878	13.6442628690358	14.0608552178113	14.3754408977046	14.8497424954449	14.9182528828537	13.7106357113442	12.4401772469694	14.8904728084163	14.4072784490361	15.021568257245	15.0447039611891	15.3118590702133	14.6309052124206	15.5752723094916	13.7082278716009	14.3072802824205	15.2610931205712	13.6233205304978	13.6068401239029	13.6480034124945	14.5137623013605	15.1268016728174	15.2556336521698	14.4848619162438	14.5907010301757	14.7768151404629	14.2135777068998	15.4274299373179	12.9099111290351	14.8080341727812	14.9145796777291	14.8490643801647	14.5487724176818	14.6097893285922	14.6906227690759	14.0365136924562	13.8210601871459
M415.7319T346.46	13.1405662442727	11.8495319646667	11.7407389665011	12.4886880287154	13.4221493638144	12.8437260845508	12.6666732729752	13.1905903320659	12.8158455847347	13.7670071872302	12.3227384057134	12.3838473013759	13.1145484946603	12.9525471607472	12.1485085247959	13.0094675396292	12.4680302223652	12.3256932776314	13.3287676975641	13.3181245821696	12.2414422771898	11.4002449354004	11.6863092327946	12.5031192657817	13.0835772339696	13.031510093136	12.7202816052165	13.0727959001239	11.9264380231293	11.9221753864982	12.5578188797156	11.8965801943479	0	10.8860013283029	11.6888968453808	12.3858147551181	13.0159638351174	12.2807019145969	11.1382616723985	12.6985875044973	9.73873228576499	12.2533530735753
M416.0686T45.81	14.7630006645289	14.7814896076592	15.2674678472629	14.4797756213041	15.7186485171095	15.2172361029012	15.3581172160052	15.1496003232537	15.1148518305888	17.3509055418087	10.1514337799978	16.3798325513363	15.2033085599972	15.4159647253561	15.3639909204901	15.3025895124932	15.4445828911202	14.21418633273	16.5898616669959	15.546304053546	14.8034265092884	15.7169131750779	15.0467385015036	15.3954772840171	15.7253145287119	15.6357034102857	14.6344335567889	15.3669307357939	15.4196489973163	14.9716355426281	15.2217084207888	15.4674297125919	15.2368710814912	16.0270437168654	15.3334412646479	10.1460803350844	15.8700116687457	15.7265023077319	14.1961540257855	15.1301627512395	14.7589251268501	14.9734143644241
M416.2065T329.15	13.4759916624635	13.0624822937314	13.0625309909966	10.7788613046746	13.4631057945969	13.2485430414469	13.8508328861355	14.2852858399982	13.516949085863	13.7028437527742	13.7996130471807	14.800581309437	14.2169640671996	13.6625185678239	14.1397619957649	13.6637878279431	13.4035877142867	13.1546367040033	13.8744801396162	14.5244212193511	15.2004921296942	14.3826169115894	13.5882491463237	13.1811359367229	14.7589761934852	15.5131073121135	13.5489933302968	14.2095274518268	14.3370352894709	13.0618337451325	12.8504584515686	13.8973969166727	14.1420007441622	13.1589494021983	13.1580982769246	13.1983632066647	12.789129863328	14.5715890311037	14.2127515715833	13.9233529958096	14.3130594581695	13.84898519563
M416.2525T331.82	15.9714988314855	15.2217225311422	15.5532552769554	15.5797123422246	15.7787812020603	15.3134608092963	15.5516941570135	15.6585724006515	15.9247957514993	15.9560808218654	14.9471654195533	15.3578943650278	15.4461224925776	15.5415566329587	15.7041094452635	15.6832907395708	15.0292547462194	14.7867500273597	15.1199238439128	15.205866408456	14.8288861852637	14.3380331301855	14.8101621606911	15.2666814412096	15.7076053417576	15.3546370548879	15.650941958309	15.8620030385747	15.1488777169143	15.053388906443	15.6305734439599	15.9723520336616	15.1326258415034	15.0301804378945	15.2174440794146	15.4153109614443	16.0930327433636	15.9884542557857	15.1269567555407	15.4977668108655	14.429144733205	15.8494249988124
M416.3676T968.67	11.2188443607511	11.8705450905489	11.0947402801953	10.3740480230174	11.523178051616	12.709714494709	10.1008113548017	9.22247803559093	12.3935354639679	11.608822092913	11.0494285131736	10.8875892129401	12.1990739608695	8.41607129851355	10.2249278362004	11.8044246276552	12.4614377147795	11.5488210026942	12.3184760801946	11.5675844551977	12.6697256236854	13.0362140784726	10.7364996984286	8.02251900645762	10.1147192818608	10.9842694791979	13.1340573591869	11.8637158575979	12.3130123358483	11.0157438990937	12.0455339570879	11.8039268940553	11.2642216213547	12.0447390855607	11.5525965406624	12.4478049806691	11.3033857734159	12.1917460395829	10.718204263035	13.1862898309771	11.6153901100997	12.0010464484991
M416.8032T46.49	15.21014888588	15.1590259463363	15.3855233738195	15.670343075517	14.7897357712109	14.806428784381	15.7276840595876	15.2791999246107	15.1105723330474	15.3253024763222	0	15.4665820675088	15.2818265086747	15.4779799312653	15.1451695414005	15.1788891362344	14.7785507592732	14.9751539769186	15.1505297667305	15.2562830587172	14.3797475419527	15.1836770733628	15.6278425086752	15.311656215973	15.614509476187	15.5599937628698	14.8637478877187	15.4141813516165	15.4708063533361	14.6186303804917	15.4181129428837	15.5636035595137	15.4606118897977	15.4410318278977	15.7139496229053	15.1721559854078	15.0244681713438	15.5935325839388	15.4083833637479	15.0931509821612	15.3175280413746	15.2302392644849
M417.0029T87.38	12.9728888983011	12.5178690313007	12.7807217219237	12.7691368337063	13.1454574708839	13.3522236265529	13.1959509199401	12.302266525549	13.5800360976914	13.2223494691454	12.853370378567	13.3599648711444	13.5847122509139	12.7464716235853	13.1771566413267	12.4140568642258	11.4808161558713	0	12.4160093280276	12.6586062511006	11.7529191697984	9.29666877479633	11.7016738328069	13.5093336512681	13.1019199068158	10.0967659027825	12.6591380323002	13.2653664902041	12.5930770058945	12.6523079561274	13.1272121919404	13.1951101703719	12.5937565127458	13.2842234435759	12.9535271446816	12.7210397074899	13.5095557794722	12.3904469044502	13.1840928242661	13.105089807804	11.5050979842841	13.2265705325518
M417.0159T63.07	15.0869355519215	15.0607696306442	15.1718711562078	15.0822757436428	15.2226737074815	15.3848072556368	14.8099065680253	14.6670588494179	15.3830677234659	14.9442580860558	14.9362984555303	14.390190957076	14.9103436196097	14.8526519735659	14.8748318576978	14.81316437027	15.2599277540912	14.9983028768754	14.8812165112652	13.9537552577514	14.9093711661048	14.9854491683613	0	14.579039761209	15.0921547470323	15.172280288831	15.0195935967727	15.2812334357121	15.1752026719687	15.0066813393852	15.3957296085215	15.2448119296411	15.2003802878849	15.2929162410212	15.4822107461139	14.9362225336242	15.0432632147594	14.9419277646194	15.0225422882172	15.4579733425397	15.0479493353613	14.7943605080086
M417.0205T272.23_1	17.2407900704964	16.6692772167561	16.9200797335112	17.1417395925625	17.4335756433064	16.661211471492	16.6623479780473	17.2812553967162	16.9371849350508	17.8772872972915	16.4230172912233	16.7047842263047	17.6883678923388	17.2442718694198	17.0862265135672	17.5237540012099	16.7535132048099	17.0340602203582	17.4942326260804	17.9344943098616	17.6276875880349	17.4792765099644	17.0438253946528	16.2386804111108	17.2403601408029	17.421599967105	17.261484348275	17.4650381938314	17.5964585075018	16.5781750549348	17.2314384493825	17.8730414866903	17.2509023432569	17.0402821236386	16.80307871028	17.4714434058218	17.1420015781656	17.5241131800714	16.4774654194765	16.9421917159006	16.1449446646756	17.2710864039663
M417.101T56.79	15.3061842624366	14.7260651426501	14.8341992422192	14.5527445445058	15.1923827859701	14.9891407744493	15.1428719558867	15.2996322786167	15.302694944224	14.9127931472642	14.6613836957271	14.8095089053408	15.2004345742239	15.4448085681655	15.1257742834078	15.5130292510356	15.2718606017414	15.1310544982463	15.0955978640206	15.049254479081	15.0927278478059	14.2762272224828	14.9112476456384	14.9637554374907	14.9524418782143	14.9838210078631	14.916693041193	15.2683230591805	14.6262153176792	13.9617766600712	15.1149020888756	14.4815020676404	14.7950103273834	14.5384664887326	15.1440132630552	15.0843022349533	14.6507024388546	15.0797026279485	15.1334058950385	15.4248418895586	14.5809250920743	14.5765604848617
M417.1797T326.05_2	14.0847016578038	14.4701937511183	15.3314778930552	15.3319178197178	14.2109390284653	14.3883966148359	15.1945037323797	14.5219586312757	14.0660816695736	13.4952626897128	14.503385673131	15.4368474337243	14.1217274584083	13.6086876207726	14.203986925222	13.7418108261236	10.1810220189065	12.0630377821315	12.8385844893848	14.1157159206286	14.1431066663544	12.4723364355702	14.2660185639479	14.9258460162091	15.6136567922005	13.2072227194974	13.939010070671	14.6883013635595	14.7225547469803	14.4106997588726	14.6115826599407	15.0597788330727	14.5365137191552	15.4057138663508	15.1525244132205	13.1104196813044	14.2362156193639	14.8146987584164	14.7842770868916	13.4355270117424	12.7751806030167	14.6324865851453
M417.2116T134.05	12.621980657153	10.5405955628383	10.1173198530868	11.0565147080586	12.2428434215352	12.4794646642898	10.8922414762213	12.0691617187816	12.6653608620664	12.5058991713956	7.53387119067945	9.06914922929167	11.7713419259074	12.1128821800373	11.984615469943	12.7123091698881	12.2096370087272	10.8531389875848	12.1586218162258	12.1633098497808	7.7095779284389	0	8.54166795015884	9.3883543487291	10.0807128355437	10.7217762214575	12.4285972064975	13.1133430748418	10.6122233285424	11.9346736649649	13.7095929512758	11.3845527837681	8.14081948137339	10.5357508785982	10.9631553540227	12.2757764528793	12.6186486230022	11.3990681887219	11.1304421636098	12.9075775515397	9.53800138629024	12.5795080411616
M417.2211T272.23_2	17.3959803593088	16.8120276073772	17.0466335179386	17.2247794932362	17.4790108813748	16.7890702230702	16.7716343558839	17.2852554823751	16.963759493287	17.9883233423212	16.6011746073042	16.83372135248	17.7865871621976	17.3907264926253	17.0763886965138	17.6300951077297	16.9278631956208	17.1458026091532	17.6829064024768	18.0356206675839	17.7166607043584	17.6082123803556	17.1746541779195	16.3034581211285	17.3212777046012	17.5302375695575	17.2327580119531	17.6046912793489	17.6395282603326	16.5068860696823	17.4201934633223	18.0397492588667	17.2646932138002	17.2142276203801	16.9192950390642	17.5797531505679	17.3363233738952	17.6133780732077	16.5533545012251	17.0729615433301	16.3299794505022	17.3159170376708
M417.338T788.52	13.1238122346966	13.059455044907	11.3109214274762	12.3263176553883	12.6755225628292	13.9891202888917	12.5802575265844	14.1599532236976	13.4948109797861	14.057366652891	11.8573675564947	14.1123353959425	13.4644347819158	12.5180869059987	11.7246134649893	12.0538244974427	12.725086962103	12.7397143021329	13.4486380724063	13.7976528969213	13.5032706364919	14.4116901849487	13.8342111666594	13.1657320211704	13.5726689337044	14.6243568969132	12.3063968010333	14.2704440280453	13.8763541054594	10.6057015551942	12.7115456431983	12.9959895866784	11.2391290029066	13.3865290498608	12.6033154569966	14.0340499088221	14.3606436528116	13.9955457089809	13.5098357575588	13.4467805657743	14.3690845122888	14.0338399647782
M417.4217T272.15_3	16.6076302338305	15.9701547324208	16.2117019221902	16.4180526366037	16.7439935745555	15.9276481356235	15.8158191806156	16.535687989132	16.1628259448208	17.0655882900529	15.7090041630812	15.8662111240523	16.9142132678824	16.4717199840442	16.4231370460534	16.7572527770634	16.107162627258	16.2899673524403	16.7111780057843	17.2958771171612	16.8195180960648	16.6079217810628	16.3483810871512	15.472166359304	16.4901451273082	16.7883625383773	16.5167715155041	16.8683878745226	16.8022763787654	15.8544090932154	16.5022516159989	17.2546505003791	16.3820404093107	16.3429901464151	16.0880858054582	16.7540819409875	16.5631536972437	16.7716144607881	15.6898437892147	16.1809176741414	15.4221401812065	16.5201198483997
M417.6223T272.15_1	15.1410246286597	14.3395166318359	14.7073460963184	14.9345669559845	15.3346189148462	14.5528343597487	14.3785553879505	15.1356389185212	14.8085258351415	15.9827977811367	14.2889080320821	14.538983824079	15.6353221247184	15.0502909707472	14.9477504210136	15.4355353381288	14.6957070085164	14.8758661003545	15.5196675941021	15.7505346112332	15.5588742782205	15.4044965140373	15.0755057161389	14.2266340284984	15.2902287769986	15.2258849946075	15.0468794282354	15.4183164745854	15.2976040220863	14.5110704320981	15.0449105823895	15.8243443433399	15.0584183319313	15.0607749370079	14.8237639350378	15.2740822275476	15.0979013497746	15.424527093394	14.5536436549551	14.9517898026334	14.0545449209885	15.2157030545867
M417.8229T272.11_2	13.3208418650273	12.8457162933255	13.0335421292228	13.240690817847	13.7403521233355	12.9810601975535	12.7775139055926	13.1989893498226	13.1356988813217	14.1556218084307	13.026119598537	13.0466555228424	13.8798453672764	13.6251216885195	13.3330702549815	13.7573116375502	12.7892310700157	13.3505266999907	13.7879344124282	14.2197307439276	13.830239407828	13.9240506809617	13.6169541342122	12.2401772459021	13.3758748387006	13.4009778077543	13.3139535161226	13.7514264956563	13.8597949908376	12.8865827066099	13.5786584854051	14.1915446541491	13.4757207062072	13.3791495105918	12.7447030387085	13.8493111258395	13.4412263311041	13.943744800494	12.8039333480069	13.0861177224561	12.5545572462928	13.4853852097895
M417.8877T385.83_1	13.4361536286817	12.9723286800626	12.8615412859014	13.0478531184331	13.4973294794314	12.7603925410995	13.5057216289609	13.4427500680862	13.2226941370112	14.2477505614332	13.4018260408622	13.3763363275476	14.5033564955877	14.2678082975742	13.7768002943439	14.0714487897402	12.6274895663233	13.5142596073372	13.5242613847617	13.7895331094111	13.1436345829306	12.3676503738746	12.5116144332502	13.2041801780417	13.2578932369926	13.6781929637211	13.1439006638986	13.7407290757771	12.9264439439895	12.6649250229691	12.7192645778664	13.7582150161055	13.1777615879736	12.9817109287848	13.2423069850091	13.7925687576959	13.04465880871	13.1114172093272	13.7142558706128	13.2859086381784	13.5826948428262	13.390780731665
M418.1717T72.8	12.1789887485678	15.879465301852	16.1822849284217	15.6017876922235	13.5748510674175	0	10.6785358228629	13.4021503594924	14.8620091434569	15.631086677115	15.3067545129552	12.550487364657	14.6951939354806	10.1303158047742	13.258631951358	13.4575496464612	14.0466598904119	16.3615457590348	14.3627374146889	15.2802960365719	14.4544895873162	15.1287530228974	15.3160841385042	10.4548068516994	14.357683559594	15.39856908178	15.2638673727821	12.8309128636007	15.8756796197339	15.2485549699323	14.9617275480833	16.3761598247713	15.0879466851939	15.3137594871485	14.7751935466408	15.3453582936635	14.1419419624907	15.2803476019324	14.6361642171592	13.72146557347	16.1763660022539	13.7860149649619
M418.2221T385.83_2	13.0162150866883	12.2950512270424	12.3898994989928	12.5577892861295	13.2927883498236	12.1358354860146	12.9149770654526	12.9329844644286	12.3932904513168	13.6635189067117	12.820816274791	12.8807038195626	13.6919293852715	13.3983781076263	12.9277853980205	13.3529819123875	12.1252918532661	12.8087887747943	12.8693666649195	12.9728943006489	12.6439597425726	11.8306897578521	12.1069174550154	12.2496982676251	12.5161705820769	13.128367682517	12.4079665630306	13.0636694138393	12.5635227325267	11.8162921203602	11.6622815262962	13.0521259628694	11.1832950461343	12.3000018430485	12.4900631476323	13.1005597423384	12.4118389851845	11.9321305339029	12.8140435394677	12.5566875588474	12.8115120132841	12.6959540751398
M418.2223T587.64	12.5194350425562	12.8560779489703	12.5141977119667	12.6521798499138	12.6406781160063	12.4976902391798	11.966825657827	11.660500149266	12.5277285868962	12.715133574178	12.4322266905551	13.166190539621	12.3974986846601	11.2275444375102	10.945638372628	11.7625510443194	12.6206550745173	12.3914271615411	12.9000286427894	12.8074524438509	12.6537195717807	13.1294273609121	11.983680453383	12.7661360392323	12.5346828374869	11.72380964036	12.0691872039805	12.432647745258	12.3495630012569	12.1167862820876	11.7520959612787	12.699536091629	12.4761962992243	12.9590202653745	11.2392387353403	12.3512905625773	12.7359157167702	12.2343645565395	12.4123473652818	11.5190313654256	12.6594584080243	12.5269963120381
M418.8003T46.49	15.1316279092477	15.2128598474677	15.4621430928898	15.5714826993019	14.9028267710213	14.8436191731081	14.4762393743602	15.2742116719424	15.0391127269324	15.2163345702353	15.2192415017549	14.6029904339426	15.0491313335889	15.4593787906069	15.296753785039	15.3819480585014	14.7429629980438	0	15.0336216114304	15.125407678363	15.1218901462169	15.2680024106885	15.7683599113775	15.3750009769388	15.5377481463429	15.7018448529073	14.9656095813548	15.2153874762173	15.436134178772	14.1067384219095	15.4555058802296	15.6723580481194	15.3412111497798	15.3105673182521	15.6562789053947	15.3023243730618	14.2153410575851	15.7121473983681	15.444833078527	15.3080436705878	15.109526231656	15.1596852793365
M418.9699T46.5	14.098592793989	14.3783158850681	14.0177212889179	13.789902183516	14.3002034624686	14.2508539914986	13.6663360417897	13.0197024816877	14.3777677979808	13.7676359535077	14.3350483799336	13.5820916604856	14.6107385346833	14.1144954759785	14.7011990826289	14.417955230288	14.3510020845262	0	14.5942567747781	14.0610763536463	14.5763166722417	14.2602720942589	14.2954296687097	14.0703358211705	14.0311842268353	14.5661523678127	14.2049342062611	14.4759930041853	14.5678029875029	13.5813547688452	14.2315950290665	14.3818333037972	14.6021979290451	14.6456821365255	14.5678157994487	13.7360150857223	14.3337451330924	14.2114845225511	14.0566005040346	14.0731717383606	14.4963977505039	13.564598801425
M419.118T567.53	14.7019253667754	13.8851603999129	12.7705700835584	13.9012236642167	12.4821135781952	13.98257833725	13.4419214314045	14.2394511271498	12.9354406584524	14.3872261011074	14.4907540133197	14.9168485937414	13.2068673677483	9.72799080112154	11.4062859523751	11.8595084010106	11.653484037233	0	13.9522972075348	12.9203818358309	0	14.3648425455183	14.800364456388	12.888232643063	13.2537350651383	15.6738213158154	14.881549914703	14.1439018887073	14.5598632589334	11.1479540532612	12.161937392051	13.7674951573763	14.4183790642927	13.7043695258064	12.8137446366461	12.0172764959813	12.2842711585119	15.771097246431	13.7800211346139	12.6630349764497	12.4562914498234	14.0515345534681
M419.3544T880.58	11.3114226245824	10.8799306157361	10.909114759112	7.63573081030035	10.666320051962	11.0983330828915	10.4931376023399	11.9979528939502	11.2343894421359	11.3028323280315	9.41276550248615	11.7490631731083	11.3552233185841	10.5886524928555	9.26996295230659	10.1487020380249	9.45976455940261	10.8036245514595	8.80444492258048	11.8132314730705	11.8823032757599	11.6845229870323	11.6108718166331	10.2539744074295	11.2130798184408	12.3480145560709	11.8327564201553	11.9733167884976	11.1801473504481	0	8.79980039487699	10.8408428000759	10.8257694354304	11.0595352471688	10.9765758714285	11.676197539697	11.2067091836076	11.9901881712172	11.3522631268344	11.6282543158815	11.9850480654565	11.7305008369771
M419.3545T981.31	12.6060494458085	9.85468553877364	0	8.33768692472774	11.0596330604724	11.6389081509953	9.4413794076148	12.2543863252018	11.4640428727934	11.812120983267	10.2575700962816	10.5525338306025	11.2048106972204	6.54576076923671	8.62090644697315	9.97179601656369	10.2910184517739	9.72542738078493	12.2966857345766	12.6324569956157	10.6782691174754	11.9761886467863	12.4747618186385	0	8.72464507545249	11.8384528514835	12.6300337525865	13.3412097404597	11.3482970297046	0	9.62254562814702	9.6816759315662	9.94559795193778	10.3060457845044	10.5101545182132	10.7796488290536	8.16744984094251	11.2031674771261	9.98154935044774	10.9251763521866	10.6457191221253	10.3911274481993
M419.7469T383.05_1	12.8108897720561	14.5356682694501	14.689086611997	14.4631286367224	9.68650424874872	12.9113784724681	14.6309069172668	13.2574558195325	13.5779924743409	13.2931515864621	14.1421822825223	14.0231409070476	13.199877914564	13.0703783775975	12.9128889966584	12.7987043226258	13.1809853083635	12.7786179314609	13.0704594380592	12.9303605168643	14.7964165894728	14.4915153297352	14.4126652700976	14.3157004173353	14.5925244145264	14.8943073102423	12.919453877927	12.9614105715643	14.5454800043056	12.7562470991037	13.2367702585253	14.7974860006777	14.5825804023291	14.2909306087173	14.3867534106844	13.0280879395564	13.1760333592773	14.9166529222772	14.2203440412466	13.2840110338363	14.073200179637	9.4142318250583
M420.0438T297.07	12.3138628011563	12.2137663464914	12.9173545011099	12.5208375589267	12.6614406030042	12.2111044312079	11.9889263381798	13.1635307770981	11.8303360220838	12.510100494403	12.4734126105152	12.7340635785166	12.5325934474117	13.017007835922	12.7818625676663	13.8283876540501	12.605419579337	12.282348004675	12.2311786992728	12.40090988424	13.3970096684692	12.4803329786308	13.3077670904057	12.646593588673	13.0694526701064	12.1517346846229	12.7808640312084	12.5358170260123	12.460675932685	12.0300907717413	12.5628391180739	12.7406996151414	12.600509357929	12.4226990961394	13.1050320133544	12.0051779943273	12.4699264559787	12.2310990100879	12.1679709521753	13.1635430184646	12.0522963592595	12.0100246113883
M420.0736T241.37	10.565311407234	11.3057531300418	11.2213339463345	11.0116773993638	11.6686667058141	11.3326332075181	11.0557755859388	11.2609345823808	10.8587510473728	10.4678042690698	11.7621881019788	11.3978689024333	10.8489507626686	10.8089183419093	11.0660710016675	11.498061945922	11.5508642368593	11.3150041949687	11.4485859199098	11.0801415056222	11.2098761942599	11.5514437337524	11.2400569544647	8.80397232207588	10.374360970564	10.9279855387263	10.7833981085136	11.3716790938134	11.1210312937783	11.2458110364358	11.8226002923966	11.1842031552557	11.4114727642552	11.6790823925894	11.5167609024665	11.7545346000215	11.8985016283465	10.8749847254716	11.566478691562	11.7462644176409	10.5661077556138	11.9501957573811
M420.1822T358.35	13.178538802225	12.7705103227846	12.6391748366654	13.0370063362626	13.3373028356927	13.2455950626699	12.6635963079565	12.9542101181837	13.2837003090096	12.852597958622	12.8879357614145	12.7368972016811	13.0016475781603	12.8780484191395	13.3054200104055	13.0488761377737	13.3811842574272	12.9895227892504	13.5934645373216	13.1177066608886	11.4519409315391	12.5028667993552	12.1585151728984	12.6061509437299	12.9481541749514	13.1812630172492	13.4420409581017	12.5211296277894	12.8278182869469	12.7510675052851	13.1437520261699	13.2681641627116	13.0114047481996	13.2191734271773	13.1571848132611	13.0158172148826	13.3025967510725	13.4541982999156	12.2407403476265	13.2433613945942	12.7384075165445	13.1968204346142
M420.8868T45.58	18.5005904445068	18.3514554237166	18.452326670302	18.3360449875594	18.4064225010453	18.3184840917393	18.3166457436775	18.237624473144	18.4042268739869	18.3323465048031	18.2377269103523	18.5850677886964	18.4715449635874	18.3828375699627	18.4024786244435	18.2366584110214	18.4132845104241	18.5089336913235	18.4085303407925	18.4207477198422	18.4089537627848	18.4829091869332	18.4062633099711	18.5089936013028	18.4694215239667	18.5333375155413	18.1612784401787	18.5413794570384	18.4957539006818	18.3746712995482	18.2018042525345	18.4304683621597	18.4442222199987	18.5737145781303	18.4163510197758	18.4341732538988	18.0742581725268	18.6017702156545	18.3366166077601	18.3095911841311	18.5624861546042	18.3999717788864
M421.24T307.42_2	12.5695645891493	12.3330424091958	12.8289960252499	12.5276484860494	12.2948357166025	12.16171700227	12.6411138429238	12.8116093947475	12.6858127194082	12.1819658574739	12.4731684637824	12.230082434744	12.7732014433428	12.300993547348	12.1765877537959	12.5863310732278	12.059849023447	12.3368352526905	12.0079399850808	12.5651969237553	12.5005543449869	12.110809808025	12.3381711686953	12.1385601330302	12.3545639974149	12.7216159320184	12.2735170214099	12.2045553113496	12.5363317436796	11.9553303463686	12.4275278843142	12.5751452240888	12.4580246136334	12.3710325876397	12.220837942347	12.5213140361246	11.9998853700616	12.8292221509684	12.6598069628997	12.6511036965719	12.5916080581461	12.3417775570919
M422.0717T328.72	12.7189611590646	12.7987889476904	11.640507559244	12.7357146943401	13.4945802039626	12.4487001837705	12.4205451418113	12.3948781108667	12.4561952536285	13.0868854862769	12.179874982716	13.6238838486715	11.9257892458334	12.8988489926527	12.6953975269677	12.7504990309062	12.5939813965132	12.1705471045281	13.9591171682112	12.8596974213549	12.5877536556993	13.6764572618863	12.7044811893862	12.9798600020989	12.127486615074	12.595094238662	11.6094189161167	11.7229840831567	12.9482847523091	12.7693224609529	12.6731276087071	12.3404207405754	12.5817156928815	12.4004566879844	12.7568150569396	12.9166323880471	13.6129559400664	12.6409006814489	12.6782874079902	12.6933467183304	12.8663051827598	12.9085255941091
M422.3284T592.81_2	13.6885017289925	12.4870483885049	11.2842234622824	12.9338469447793	13.3605907264729	13.8315478614117	12.1171697488777	13.7888545169322	11.409246808505	13.3712305409162	13.9038159571578	15.1150538331281	12.5306916228555	12.3521848702442	11.9079719765777	12.7241135228613	13.6883610341964	13.2566048012641	13.8626640361404	14.3137508166351	13.450200355906	11.3405650710068	14.189324251975	12.7571483718566	12.696408859774	14.2460569249439	13.4823605390809	13.9277040817307	13.1537336005958	11.5671502435246	12.6848146812021	13.193875822337	13.3948497038877	13.0208971975147	11.5856592769765	14.7320436836557	12.9961369937311	13.437104453152	13.3595823216557	13.5826171689869	13.8445418991976	15.2021526419538
M422.8838T45.44	16.5646639071967	16.5357412961204	16.4175337139207	16.5856231656842	16.6156183511744	16.5334859015155	16.4369055030918	16.4349302543456	16.411893145986	16.8015337938985	16.4682028110446	16.6863857377343	16.3708807696701	16.421561926227	13.099424379665	16.5441550450471	16.8329003389181	16.6792243236125	16.7773066435325	16.6491407031986	16.4896659958917	16.7133801135885	16.3792040294145	16.7831895122789	16.4427848579238	16.3728803073912	16.1788700809422	16.6007992805196	16.805711526446	16.6280243240258	16.5039935555562	16.4422805904826	16.5882189612441	16.8776331096439	16.5563215932225	16.5943831322903	16.2492286024473	16.5824726315402	16.4188717446724	16.4911318645959	16.8016808566989	16.7002962903203
M423.064T58.62	12.5671613893858	13.4126921828847	13.9175511574705	13.434586055649	13.8073741750259	14.1009802994499	13.3585812328514	12.7961625157028	13.4585194153037	12.8835360466494	13.5571708808833	13.4408625375528	13.0980986713194	13.0602147776182	13.2234959636322	13.101717472285	13.7294686843841	13.0993559636013	13.2264761392997	13.4851315222947	13.6121078102039	12.6993771083361	13.1370463526952	12.5892517369387	13.9230713709541	14.2822638804666	13.6381264565574	12.4161041239326	13.5909339452191	0	13.6301532840834	14.3268876692378	12.9083924887572	13.8455846832718	13.3209857446179	13.7728090240144	13.5250425073375	13.9602772459589	14.1207815032867	14.1879632568563	13.7364031169155	13.6293829461268
M423.2538T868.67	13.0238638105724	13.0027139640823	12.5677559363778	12.7780046749881	12.9039936649803	13.2824525199242	13.0113514318435	13.3830177404762	12.9500616669537	13.4487397933516	12.6370580440305	13.3083050090927	13.7529653384179	13.1046018182152	12.3949510325631	13.0175914431764	12.8567302732481	13.5399952873075	13.183369086034	13.51068147776	13.3047904991766	13.0442254389721	13.2230146746013	12.7051771485851	12.5401699570463	12.9444626612084	13.0433946746245	13.1982456620833	13.1141836929935	13.1680134692194	12.8835585609371	12.8335041137389	12.8681674707032	13.0453856414953	12.7426977090173	13.50860738885	12.8286779157346	12.996885875151	12.7721338033322	13.4089083483671	13.0888401526096	13.1849280451629
M423.3274T890.45	11.1219849185094	13.3397744642212	13.4741939514946	11.94799656931	11.982660656532	13.6594166638231	11.6864961322351	11.942126885217	13.412408842372	13.3965051858076	12.411827812759	12.9408116586534	13.6641205863952	11.7221622125951	11.1680189783464	13.4018312369335	14.1035298536131	14.1365181886969	12.2504967249193	11.8662190693779	12.6524886651323	12.6300743110403	11.310700416565	10.428456557377	11.8597125175144	12.2696323773197	12.7606693021867	11.7348424471912	12.8709698291004	13.9400034941509	13.8758594998595	12.3413343112345	12.3935870426518	12.6475649746178	13.413845731675	14.0424422351742	12.0289510976027	12.4923268060911	12.2657923737596	14.1408660678789	12.1916272728508	12.7332652289829
M424.7177T367.95	12.5263807908961	11.3329750540876	11.3260723982907	9.11065993698735	12.2233456227827	12.178105284339	9.9863902409706	12.0964031409851	12.6521534069017	12.2629396419928	11.6564130043099	11.0350398935578	13.206500891866	12.6279533225421	12.5374928247776	12.0687633759316	11.9795331713346	0	12.1510889832367	12.6241470275626	12.1177730409683	12.0489763747784	11.3821087628682	10.4412518716785	10.6132363781418	12.0326896422189	12.3390654454782	12.6578440199347	12.074008447333	11.2870923043409	11.8399174611584	12.6080620229233	12.0872734819405	11.7335267264191	11.9105373471305	12.1182332494907	11.8309350016637	11.7904497884856	11.6829301006435	12.3030580794835	11.4791300475784	12.1747797301254
M424.7555T366.29	12.7336309849449	12.6795620129525	12.8539977363674	12.5782417327265	12.6550526252493	12.4842351695033	12.9940837727347	12.7489183295774	12.4180216853429	12.4671281914696	12.1434458784296	12.6038542530711	12.6757312227834	12.7031694483383	12.3721741427113	12.6151034915152	12.4776144469915	12.6737525136573	12.7150406563267	13.0841976435584	13.1257659096351	12.9621971888691	12.7342498290759	12.933643555742	13.1333632815524	13.4157829721183	12.7328618144645	12.712560291747	12.8173298115059	12.3176530548562	13.0267069676246	13.2964878148903	13.0301524125923	13.0101643883319	12.7764619973574	10.8307481842162	12.6541093289005	13.3283747920205	12.5177507347193	12.8614998067252	12.4358585580059	12.4464560834121
M424.8736T48.1	15.2712418517996	14.8012602440347	14.7196003300848	14.6582258173363	15.0510014325715	14.729475753801	14.8493704492735	15.0955830432156	15.0025364215293	15.4189104934002	15.0678281487661	15.1510848307415	14.848774390752	15.0390388181161	15.1458565856244	15.0135921676507	15.0425076162901	15.6783890788816	14.8957918644272	15.2323676675286	15.209039594669	15.0509521631305	14.6894387116232	15.041927302441	14.9807471602599	14.9878353697426	14.9364941089376	14.7726266735435	14.9839762715659	14.5096529840921	15.0078222337216	14.8696208971808	14.9842438304357	14.7868892621102	15.0401881199906	15.450571709708	14.7784214447856	14.4888768572198	15.3649971503787	15.0201421529851	14.9951298964349	15.2114372059886
M425.1554T313.97	11.0025408195471	13.1968909807742	12.6210258421974	12.4287939918362	11.5845160701488	10.9811594681454	11.9542146583089	11.1567356527021	12.3592693077488	11.9767757913784	11.8592276157279	11.7963510192297	11.4872279000893	10.8708279512045	12.0439049861591	12.0725946011955	12.5338028757481	11.6772372130829	12.5801837697507	12.0808938012932	12.7444421590076	12.9762619721834	12.5338356457695	10.4971640575399	12.3767878650766	12.4546999408371	12.6556829191638	11.9501573300763	13.1260626176805	11.74010259954	12.6622519921796	13.6781270067631	12.6760823649478	13.0858782529028	12.8824404964474	12.0194441914034	11.4014121092909	12.4000311099206	11.6864529661408	11.9604682024105	12.0738453326093	11.4393926491728
M426.0108T62.27	14.104642088741	14.1133024795644	13.8528294487487	13.1535080529736	14.5572398338002	14.2440677853229	13.4505986052497	13.581833141912	14.489657501437	13.114294010692	14.3968065567365	11.9001886757816	14.216699406777	14.2979126206957	14.5604192557335	14.5571244714235	14.2204626350504	13.6643529843576	14.0489414680018	13.2988251071635	14.3139258886354	13.8946896408725	11.4619858352348	13.0739052170166	13.9541923442734	14.5401177258105	14.3206225921296	14.3551783014124	14.1688305236988	13.8045716478544	14.2569389804703	13.839924484667	14.7628329299994	14.130806816256	14.5565302007077	12.8647559361985	13.9573450647766	13.7912019998407	13.5472886847382	14.1475973734413	13.7862640288929	12.6571172735781
M426.2276T378.83	12.1403412520786	11.7850821417199	11.3494367076335	12.231638201637	12.0891061402093	12.6660755137844	12.5610160255796	13.3604778773867	11.9597319757383	12.9464658972153	13.2328349128593	13.0737049445542	12.4621131607104	12.1909089840383	12.0682282354861	11.881235730143	11.2800838248932	11.7765195011785	12.0928572861272	13.279814040462	12.0202877377305	12.4415026504455	12.8664363184321	12.4739611350947	13.0793839875787	14.3063578650983	12.1469237337864	12.9110295386476	12.7052433793973	10.0191944321551	11.6198752375377	11.4865994004586	12.4119492656743	12.4272544798261	11.9790738404524	12.4168455115736	11.9583112443527	13.2385806187579	12.5856407792009	12.321975481882	12.4047793614322	13.018704702159
M426.2633T609.86	12.8026398248053	13.5192566246379	13.007437123367	12.9767098239846	12.6694981830317	13.1841075709566	12.5368715819036	13.6015210346926	13.2809047216609	13.5932625029966	13.1816372340007	13.6888021170239	13.5157079772666	12.2970558144104	11.4844924784896	11.7978580859301	12.7894240569618	13.217369297308	13.5217298391934	14.0645194874526	13.7094723551707	13.5249437201639	13.4360503656011	12.770890143865	12.5507000017699	13.8434969833184	14.0632766279794	13.1599818600547	14.0569279929826	10.7929129264952	12.4326874044848	13.5845629020474	13.6185330543477	13.806591194161	12.9841220421498	13.4599686470788	12.1176485763836	14.1649712250086	13.0848509600486	13.4956459014287	13.5266015815695	13.4681644027033
M426.3181T1054.12	12.4830231066872	13.6142666003227	12.2274415139351	12.9101566717337	13.002502213469	14.0515775407311	10.3958146344702	12.0240978054098	13.2153602380288	13.2316937647228	13.0008695865814	13.2623661800439	14.0039142593687	11.0646076634727	10.771237027204	10.037084563728	12.6681093014727	12.3568416308569	13.0019601127253	11.8813780179049	13.0181856591961	13.1495917986899	11.2934210890951	12.155600078373	11.8234000648456	11.8247978609068	13.0057312205685	11.7072984168483	13.5216392210021	11.7357741864171	11.242256777363	12.1624359377266	12.9963054271054	13.5168590642119	11.1938899284611	13.1703053421811	12.5970077096045	13.2217965460127	12.9316217100647	12.2567727885453	14.0549541539539	12.9120376906308
M426.8709T48.02	14.2514869739953	12.9526222124403	12.0846898603218	13.0662527251247	13.497570705877	12.5892370215171	9.98042971605768	13.8541501768575	14.1083538021734	14.1106827480276	14.1726817701349	13.5077752591063	13.6368351078616	13.694255253787	13.8922483284354	13.8536214755833	13.725928315968	14.6895524274996	13.1872819376224	14.0794978093768	13.9177390571625	13.6160582703563	13.1010325077781	13.8043961739501	14.0749782343516	13.9197653542917	13.9809129892464	13.7078028734355	13.3769695201392	13.5348555665057	13.3434099931375	13.5288034789615	13.8091936388848	13.427096827693	13.3625469439624	14.2873725609954	13.4255128055705	13.4643704135656	12.9338707822272	13.5739040827578	14.0151778540699	13.8029886608799
M427.3598T946.72	10.3940968028647	11.8178513323984	11.2832386369008	9.66142748452439	12.5140157185402	12.8228601398871	10.0138882218626	10.99391007262	12.2652325908817	9.03897556239713	11.6545803342097	10.7102385716474	13.1230077813422	10.8324615648451	9.88105224013474	11.5851228700255	12.3211018431255	12.0934993101113	11.1789303240992	11.0528861338089	10.6784158528983	10.0639208922433	8.7316967987038	9.89572971945375	8.44042929159315	10.3704534104304	11.2322433943066	11.6342865931533	11.5147270553578	11.0557394487371	11.5705970161121	11.2471186023823	11.2437801245381	12.2212369502154	11.5810462707917	12.4811100367569	12.194098750068	11.1684573999649	10.9049606519636	12.932859377802	12.3258534346738	11.6144447893126
M427.5389T385.93_1	14.6774457339227	13.9293798806703	14.1857426856301	14.3242010701688	14.7302116026841	14.1441897934606	14.428459405962	14.6880954363217	14.4375360514887	15.5416496772934	14.74109791471	14.5789748791705	15.6762935088021	15.5310094299648	14.6448026839655	15.2524306051614	14.041905328668	14.8756056847471	14.8646852775432	15.002619843366	14.4534732980051	13.9422389688513	13.7127947945719	14.4742319487059	14.499148072731	14.8453808772629	14.4678957825816	14.6282748836565	14.3910682092387	13.9105374206861	13.5380462016605	15.0125330046375	14.4360809256756	14.3447494062081	14.1766466411639	14.9655197977696	14.3617063546467	14.2687173101176	14.7076451336572	14.3087101865018	14.4651071010168	14.6672171499573
M427.8736T385.79_2	14.476720094431	13.9791478893413	13.9436038034581	14.1187071065887	14.3658939720458	13.8387336497102	14.0915146337246	14.8016319478304	14.2418073061163	15.2004857399009	14.64002695943	13.9923326654573	15.5190483100314	14.9826478123924	14.6829272001432	15.0409097686813	13.7391406110213	14.6734661912943	14.3899728995399	14.769992626575	14.4171503437372	13.6724963358953	13.3624400582886	14.1405500508495	14.3694885788189	14.7202406366821	14.4418994305694	14.5147269305019	14.1266849393786	13.7935670149757	13.3129530026007	14.8547628381492	14.3436738040261	13.778625940962	13.7497282576383	15.0051827951844	14.0499436677889	13.8857477172814	14.4872815699781	13.9455893170536	14.5073944254526	14.4301740229098
M428.542T385.74	12.8719008329188	12.3184195256703	11.9949200948587	12.62715134778	13.0440133870914	12.4718276796934	12.7462284381579	12.9416757702658	12.5556515191617	13.9018743437449	13.1959604995997	12.9408448642077	13.9815780988697	13.7577200375795	13.2952329378267	13.2843115174173	12.0313867200422	0	13.2267380402363	12.9895134790847	12.8695773535144	12.0695342441084	11.9974873507324	12.3633415214717	13.0001885711075	13.279019833574	12.6875987610095	13.1630794352813	12.3191809371257	11.977759202677	12.0095429650562	13.3694051312077	12.5997534637295	12.082267563815	12.412832598621	13.3172506426414	12.799425013794	12.7242542043062	12.8105092004029	12.6332431025663	12.7642429288157	12.8249743723346
M428.7014T48.41	14.9137875420998	14.8640648310183	14.8525938846244	14.9929450409624	14.8301491210241	15.10494869259	15.4036103111087	15.4149871360883	14.9683086656155	14.9344175992594	14.991040079698	15.6433968173673	14.9243286783133	15.1196365043125	15.0902570686573	14.9956599541081	15.0196564584283	15.5782838677974	14.8308193331501	15.1696037068425	15.3457588700501	15.0199912644656	15.2561183166442	15.3783053070843	15.3344137600577	15.439844887726	15.060916769585	15.2168507710376	14.9545105901279	14.5938124988698	15.2556938602104	14.9936520802169	15.0591899738512	15.0989146282579	15.0303352958721	15.6474761377782	14.786817272242	15.3127730687949	15.3152889240308	15.5008203038725	15.1602787557597	15.5148601301024
M428.9797T63.16_1	13.6516459589428	13.9578960441081	14.2031787434375	14.2429946928477	14.2410584884899	14.3512451556145	13.7433696591559	13.4364367450442	14.4437708910566	13.470189583003	14.0776658595168	13.3826805818228	13.7418244797158	13.1859852098958	13.6504870651756	13.951339449547	14.2141941218017	14.2100441356561	13.8014163281597	13.002009493325	13.7963262150486	14.0902690136763	0	12.9211810921629	14.1662918916354	14.0447563178022	14.159995746583	14.0368927178478	14.2769840437163	14.2618893755636	14.6936189351986	14.6954976973598	14.0204817049568	14.3696510833959	14.313196037148	14.4025360494955	14.2989606070558	13.7785580949036	14.1913050688797	14.8843545051768	14.2981687349964	14.3581633971648
M429.027T62.69_2	13.9445229620508	14.5287288446681	14.9510793985944	14.7794766273248	14.5320807378087	14.8780604713777	14.3003870828432	14.1049930554807	15.1696550772339	14.4786731971758	14.6216894821676	13.7210239546675	14.2926646438106	13.8670115335495	14.1089188123877	14.7185759190078	15.074496043733	14.4820520184312	14.3878301876456	14.6033133899367	14.2336663514917	14.4972857133166	14.344845153551	13.6316299216749	14.8574962443022	15.0162105235	14.6359882966996	14.7125395863258	14.7090727649137	12.701145602614	15.2476537626921	15.050271918334	14.4786691952516	14.7684827953769	14.9509621400494	14.6455517281535	14.4457061318163	14.2858571434027	14.8238232692899	15.4735323469149	14.3498921377305	14.1476744780883
M429.0641T48.75	16.3232531447945	16.1446013276476	15.5843219063421	15.5561825273481	16.4641047404863	16.0379757392502	15.527045511756	16.1144503553284	16.0517397818211	16.3519246974811	16.3449661333617	15.7074635231203	16.1722228763771	16.3649086727644	16.6038462851388	16.2964176374287	16.3889979526894	16.2189031869591	16.4005316807525	16.3408786921443	16.2271660710385	16.2819023337183	15.6797157823595	16.0045858413704	16.0804776991739	16.0087013967016	16.282714645973	16.2215306212229	16.0515070764118	16.1699706903413	16.2579639584686	15.867488271676	16.2493895989606	16.2032558552592	16.0799056395922	16.1001607348067	16.0843320297589	15.2731669058771	15.9247389230318	15.8044277503734	16.2912376797379	15.9419266256975
M429.2103T335.9	12.5836733030043	12.714285571462	13.1362636566791	13.8252361893689	13.0229040465474	12.7261134138945	13.3763436064977	13.1090432944796	13.0607606378724	13.3387389803221	13.5364579423966	13.3833868977699	12.7213733291326	13.2758393525358	13.7040940794235	13.096347621018	13.2277771816268	13.3905726869004	12.5806024413528	13.2671423191392	12.9289194070548	13.230266356283	12.9996459980847	13.7248153040526	14.8427492546077	14.7643515881106	12.6859122128981	13.228093347825	13.3669897743892	12.3966103285873	13.1876239297774	13.1197265142138	13.0018836260809	12.921030510921	13.215152268221	13.2880866109574	13.8049714136637	13.8622901837512	13.4467370507878	13.4319203064918	12.6990371574294	13.4499467387303
M429.3753T1150.35	13.9083645782404	13.9562929085752	13.3733993504751	13.0585866809569	14.4477966292569	14.7458252838413	12.4167675280573	12.7918800895454	13.8760589572394	13.4630596540702	13.7581280250486	13.4191463936906	15.5871538008445	12.534026496702	13.0269854384704	12.9282200560895	14.5382711774082	14.1019293682127	14.1201709695354	13.5676782304837	15.7429364893169	14.5248804654711	12.4545213527256	12.6407006117957	12.5885777552035	12.7251434487218	14.4239631804834	13.4921290777479	14.1322866666386	13.047674035519	12.7308180630536	13.6940065790546	14.0930761106132	14.4031487912305	13.1792895469357	14.390415369521	13.4878742229708	14.3252721010024	13.2939742365046	14.1338369619701	14.9718456643764	13.9721063104649
M431.061T48.82	14.4089270214753	14.0756271236829	13.4376611272862	13.7423542613908	14.4638119630363	14.3283364641081	13.6076355415181	14.1535277817682	14.4168757268888	14.5700279216622	14.3791413982758	13.8089290437602	14.1853201453075	14.7201084716603	14.9166912671911	14.6928886735951	14.4539654759433	14.2237388199543	14.78788678675	14.5298646366112	14.7572810468799	14.438842080491	14.1607577634286	14.0370912644775	14.3705426176863	14.2155521098858	14.3518908530293	14.2148745268956	14.1983723586485	14.1255975193132	14.2144293593384	13.9470104580151	14.430816186915	14.125431290948	13.9705661426702	14.0212660913435	14.3071228101944	13.3579435775916	14.0435593560656	13.9800358549928	14.55289115668	13.97187420077
M431.1702T230.57	14.3120856161179	13.6848059559919	13.2911556491762	13.7882869973164	14.0603104924889	13.9965440194054	13.3626937468803	11.3644958805872	13.8216364757975	14.1253918398181	12.4681107793677	13.7224125683167	13.2421856929321	14.2634308456742	13.8470722724105	12.880559554041	13.8185471831071	14.2171789408574	13.6732812132755	14.2975590419557	13.0285032829443	13.8078127668115	13.4978832068755	13.2325994048912	14.0147691696026	14.2214971876992	12.875473976542	13.8011975242138	13.9095326767801	12.4943753972025	13.6021727527692	13.8921061652926	12.2981371447609	13.9831972706893	13.4347840030986	13.2660953735934	13.8672108436947	14.0030394512925	14.3824083198016	14.2148217035672	13.8745184102531	14.2191512637622
M431.2678T392.74	12.4267372806372	12.8574706081495	12.6218911302735	12.5285079037752	13.0031127145616	12.0791180419887	12.4778089347559	12.6339325628883	12.174631854673	12.6530188746238	12.3944817821734	12.2176275360839	13.5177906327883	12.6359435519846	12.4993250388434	13.1769153897254	12.5294662644659	12.8786913337762	12.803437174606	13.2023414744152	14.5641101454984	14.0930549065101	13.5610063181015	12.3659046384821	13.2659072054694	13.764617291328	12.3726106444281	12.4736648742208	13.829775568807	11.6003460216571	11.5656870230697	13.9506974811478	13.4764630208283	12.6000045020276	12.8584567441786	12.6558209868498	12.8219274111674	13.4856086024462	12.2428756369571	12.2067047103081	12.2457979122947	11.9812682550818
M431.3173T652.95	16.4879412266107	15.52178313689	15.0475552042746	15.4622313221723	15.6485898039287	15.0866930793972	15.1380070666599	16.0321658497889	15.7993064261605	16.8195094229731	16.2855270853477	16.7763898426491	15.2952963680463	14.6445089893522	15.2015465836291	15.7077400532663	15.2068364538487	18.1402234503432	15.9978891966514	16.7416777795121	15.1753013903717	15.4769945807865	16.8692274733974	15.1073697707148	14.8032703527718	16.0155944858773	17.0046624588836	16.9186651789937	15.8267887793838	14.5706676587876	15.0630842624051	15.6757324380183	15.3995006020969	15.5352744533983	14.2167569632829	17.8844566571974	14.8202483322347	15.5468561436169	15.9798587730752	15.5742363495264	16.2685222949851	17.4298262881072
M431.3818T950.51	10.8883052525536	13.0245500660169	12.9171356147865	12.5081237309881	13.607325914835	13.7723380613655	12.5078921536303	9.08543786177821	12.957054880447	11.8576768895339	12.9563867646976	11.9342665921012	13.666929529634	12.8563406972113	12.0023852021124	13.3639019218706	13.2882305198308	12.8519516941331	12.1629389770382	10.2943518224987	11.6897467344227	11.924718685214	9.3204645907794	12.3582172549215	12.4875092120418	10.2353453526964	12.0839011029506	9.76967543686837	13.1533796892711	12.4933755007	12.3984696851207	12.6543619263037	13.0314082688255	13.2498081281447	13.3056249856199	13.2959253166749	13.2078188868078	12.0120972964904	13.0514349675952	13.9477448284902	13.8326819766165	13.2107944961719
M431.6338T598.07	14.006843882412	13.3279151694255	12.7108535762241	13.611364580403	11.9791300345575	13.8881423068895	10.62407382308	13.9022777520246	13.453789798671	14.3238307958639	13.7583603208878	15.0138650955662	12.5796394758305	0	11.2090830500306	0	8.76638773305315	0	13.6270709423459	11.7534231581905	0	13.7634891260998	14.2178907623995	12.4298191913208	13.2014649939848	15.1121307769707	14.7158902985509	14.3177439345904	14.3223038914055	11.292466443736	12.7243832266915	13.9228599879993	14.2751893187551	13.7478017652671	12.7456712556779	11.8140052832131	12.1772723921748	15.5361803514912	14.0668731798524	13.0984919185747	12.4820695996199	13.515628201109
M431.7896T399.22	12.4834381401686	12.4146656167362	12.4820968870549	12.5510324712985	13.2155905095957	12.9206672185761	12.4463563566831	12.4225409010976	12.554232600901	12.8368827518984	12.575493491052	12.6257443933868	12.995726169832	12.8088256108949	12.5530869617991	12.7201754074139	12.6237158081475	13.0934425917868	12.7552708785954	13.0938580822203	13.0272173985472	11.7820802119238	12.3157817790022	13.150053644295	12.7241972811981	13.1553709559237	12.965215358426	12.9912061303972	12.7754794721725	12.3718014679601	13.1418965483251	12.5638903541585	12.6737761095334	12.9325799225685	12.5492823871387	12.6999747270064	12.9852437100216	12.8690654583859	12.1440544746762	13.2006949611833	12.0563172701411	12.8357280936565
M432.2449T390.9	12.5085850258828	12.7360602041478	11.7814843094047	9.58035389532782	12.2539788019722	11.8438400998975	13.1785731525143	12.3393755599935	11.8277180044124	12.9982449261349	9.07912957836492	12.3990889494025	13.0291688767829	12.8756614273052	13.1949945968347	14.4829043082871	12.3923113768057	13.6113163038791	13.7430584387054	13.4379395688398	12.9521958197955	12.8279338430028	13.0969275679891	12.3052101348735	12.6290222943623	13.3580347189658	12.9541900166972	12.5767483492989	13.1488560228353	11.7787587987229	10.3383328273549	12.9949247925216	12.5390516005729	12.7108813613075	12.6190244209534	13.0915365557621	12.4927344856407	12.3712588987174	12.3632854035339	12.155205028168	12.5605623066785	12.5870086761697
M432.7531T346.79	12.3191590253094	13.2416889158514	13.4423307131231	13.2217432406915	12.3824949187012	11.8990341567337	13.3066871479146	12.2494608413298	12.6272075957482	12.8172807313897	12.3136550822424	12.6326513133039	12.6601393511961	12.5581623614887	12.495706083575	12.5581686804465	12.5277292159765	11.9232719679061	12.385406492454	12.5162000069215	13.2102540380689	13.1030434031609	13.4001180205777	13.1494057507724	13.5214070260029	13.9866926459929	12.6278800572702	12.3809454957715	13.4507336546954	12.3588171896223	13.0162223714563	13.6642912144685	13.3447254530502	13.3846800420729	13.3482585049817	11.9337377577404	12.3623453145885	13.7469553398053	12.6608913720791	12.8012215632187	12.4184491467562	11.1196046309031
M432.9022T343.6	11.9132749931357	11.9575023025261	11.9907120927777	12.5532297134429	12.2007830514004	12.6559264283594	12.1662159207217	12.6592358631063	12.7986925132423	13.1610416075114	12.7024950137162	11.0607133538309	12.4519950316154	12.7593175281782	11.4848572842402	12.101008490795	12.0957386959432	10.9465994908066	9.735182930799	12.6403214018107	12.184574731353	11.1918646588811	11.7558192629027	11.4358299368629	11.7669412933915	11.9478934589726	11.8293377722905	12.1816466360129	12.5160288281588	11.5713767353534	11.2516165514937	12.6690790370191	12.1815712207889	11.5974116906501	11.7702583752488	13.4450723635249	11.6304335075442	10.3672633041209	11.9984483771036	12.4426458061254	11.4925664116943	12.3697702635594
M432.9205T1194.91	13.0576368741108	13.1386001467393	11.7788077280124	12.9035144973935	12.7159543824676	13.1771427041718	12.2650407715933	12.9605345105764	12.9214622846754	12.7767506176403	12.7032593015251	12.7781765649393	12.5217793099321	11.9019288838201	12.5666650420356	12.1196649908517	12.6105420705762	12.9019313262543	12.4016490983548	13.2048557928773	13.2545571538225	12.4539109486678	13.3283224732552	12.6006528160877	12.8120501211813	13.6940231213159	12.7072734308069	13.2287437086481	12.2219614266882	12.1513711189176	12.7070298210941	13.5598159950473	12.7366790410826	13.212547325991	12.6474498470965	12.9317589379736	12.5649249352035	13.3569751201905	13.2925052511862	13.4933083386022	13.1438997696645	12.591241144572
M433.1101T231.62	13.3718371332541	13.5306131954429	13.41547916345	13.9185407375282	13.7062028760491	13.2747717005493	13.8366456524809	14.0047311532256	13.3239603047191	13.2269537776113	13.627679500271	13.8351979721431	13.7278187958733	13.3652660236102	13.4516839320799	13.4076244281906	14.0534443741332	13.7733835792291	14.1875696671816	13.8556077284086	13.9206315015043	14.0109208262253	13.651848035329	14.1500601190491	13.3884921832164	13.3733225840584	13.251372087162	13.9187463869442	13.7626099251163	13.6280631087326	13.635248466296	13.6609511408251	13.9876673412726	13.8848621073628	13.4031868310064	13.6416829427342	13.7812599800609	13.9927999743458	13.9114769190434	13.7047235131622	14.1025187230251	13.9692760958281
M433.2507T276.1	12.3263688682635	15.8492407874139	16.050609135426	15.8102428904299	12.3272455948117	12.0914376024358	15.7010675994145	12.7571188214327	12.6862283274067	12.7154416319936	15.0906727573628	15.358648548027	12.1221830502973	12.8486546044904	12.2292853289768	12.3983441289547	12.0225508089589	11.9124221478187	12.5339265153914	12.5868049546202	15.6235367820657	15.3557908948438	15.2070713455211	15.3180521738652	15.6042017980094	15.8934558269382	10.549776214182	12.1319935356603	15.7684862564196	12.5644671554793	13.0867253557135	15.8119657581218	15.6102922621588	15.5841150738284	15.5994539854819	12.3363972996891	13.2967596833963	15.986893476507	15.0901794223569	12.6791850801387	14.8824028758889	11.997867867635
M433.333T569.81	14.8449284298728	13.9125134679896	13.6293144593681	14.2347508192276	14.3529939319203	13.8056549129671	13.5874388625419	14.2690132392083	14.0964020929249	16.0077514756744	14.0010837962362	15.0273339441913	14.3502303351761	14.9137815688167	13.6637014808134	15.3182073805589	14.255112464174	14.7745929685607	15.432563674585	15.7767985604535	14.0437407614459	13.5428229198341	14.5009594780516	13.3044198776302	13.8708865996424	14.8785146906991	14.5324502526837	14.7747841351443	13.9348771987507	13.406594204666	13.9211673001786	13.9728817974729	14.4377189060849	13.9299108400049	13.2818453975824	15.094577134901	14.3323647551381	13.6528656767234	14.1327133740592	14.5004777336048	14.917478203315	15.2571746833144
M435.2111T245.47	12.3040841966283	12.1404407366838	12.5244367053693	13.1781830096749	11.3287158040092	11.3188384857748	12.8051555643398	12.3231368665747	11.9627417905653	11.6759673486956	11.2340344417665	12.3896044443112	11.6386700185708	12.0250083545827	12.2219873078248	12.3985665274429	10.4369233212018	6.84073044046556	11.1697244597059	12.3581649404217	11.6268962433039	10.7968566752249	13.0164754929969	12.1769782695002	13.4047189989535	12.0840136190962	12.7091605853775	12.3440952637325	12.9497814848883	12.1142154371543	12.9257194860032	12.8359991823344	12.8686195870343	12.9651591177828	13.3187306242994	10.8290014296994	11.9226174706739	12.9085162625242	12.3752297304992	11.6121934974832	9.62712650349658	12.3415997434327
M435.9794T63	13.5740390752753	13.8066721829374	14.0624905644218	14.1360453515728	14.0484951379984	14.3583558176809	13.637155265988	13.4511766335528	14.0433722781454	13.7522383972922	14.2482841313936	13.4506165837922	13.519976067647	12.6904739225809	13.4574417342451	13.2861426463827	13.8571148622728	13.9093220134087	13.7026612392536	13.6236191512221	13.855988728211	13.7844508438952	11.8973209118526	13.2421312888953	13.7599498019219	13.8857768412076	13.9324701489124	13.6758985874035	14.0004932971401	13.9371872963353	14.2911971590787	14.1802573265722	14.0701251532887	14.2463434255554	14.0813073041986	14.2196513590298	14.0146541721781	13.5316301671014	13.6513977053661	14.1225143500874	14.1626927633754	14.3081565326948
M436.185T107.33	11.9792716842377	11.6447513520712	11.8070449558184	11.8457676165757	11.5621878946049	11.4441129790621	12.2369391286689	11.3586762935957	11.7157597889409	11.8197155111827	11.3496506003748	11.9975844019841	11.5299560947293	11.8820810754109	11.7827849931878	12.1288689316901	11.6944237715056	11.4582793447607	11.6288658645321	11.6786550466136	11.7100779833398	11.7700882724902	11.9704351502757	11.3849732760083	11.7579753540251	12.0194380979434	11.0456477569262	11.8591872501992	11.5643927291362	11.1719893525243	11.8143664869678	11.5589078051883	11.5872894583375	11.9619236994448	12.1013763036998	11.7779492863741	11.6397040913214	11.9436855217929	11.6239247705939	12.0032760748712	11.3563456112771	11.810210486491
M436.1937T71.08	16.0999196255565	14.546090422531	15.8159827809965	16.2011634997231	15.4397554950129	15.4698643876598	15.6417446253354	14.6351026613372	14.9393384669091	14.8956686481802	14.6687482294515	14.8550887018435	14.7737525726312	14.9482297651449	16.5528534279466	15.4350459358384	15.3985029163173	14.0427313236342	14.9967372567595	16.1505176592023	14.409996446242	15.0402221595982	15.1200607321697	15.3360025994032	15.0825424197047	14.6911194872956	15.0738112542415	15.7050899714779	14.7760201325578	15.5719419676431	14.9848148301445	14.9471864592429	15.4648502536486	15.5902082378043	15.2281236436782	15.1436505781397	15.6733383602292	14.7630821096879	16.0244848242616	16.0975810290485	14.4925953962188	15.6616631083836
M436.212T365.01	12.7221452697604	11.4061210956931	11.1228337583342	11.3012005481269	12.5522466827021	12.5750516776753	12.5601425216691	13.4113530121778	12.5488141125959	13.2632891547361	13.8613563912777	13.1739801579386	13.036590806374	13.0377450510834	12.3091544658275	12.6276534591802	12.8431361423931	13.0492413678466	13.1107097481662	13.0983915905212	12.8172927020182	11.8172725291195	12.2411272705682	12.5122590236849	12.6035502274341	13.329306510488	12.1298271263042	12.4587223987474	12.6713797586323	12.8380943644957	12.4184794235663	12.1331143724345	12.5984404661983	12.2585296144164	10.6318418674756	13.4673068872505	12.8994099375065	12.6247149051664	13.5115974653632	12.7750378628944	12.9987555212007	13.8666749627445
M436.2315T150.01	12.1559634597496	10.1843719926746	9.19139340366403	10.15041705741	12.2177332232646	11.6053472968298	10.3468148217576	10.9838485470338	11.4261243256476	11.557261993176	10.0586443734348	10.7501903437632	11.5881525033188	11.8025993540792	11.7468193166703	12.1365394425567	11.4464830652748	8.22932680724005	11.8031095299488	11.454069302628	11.0016767631437	9.91740112639633	10.282168782165	10.1042247508042	9.96609341161217	10.4444554575993	10.6540036062744	11.8996632563867	10.5534824639778	10.2997244944889	11.3091205145233	10.6285853467448	10.7239859265484	10.8623835203054	10.6468887299288	10.5023502850727	11.8430416299098	9.47863063528452	10.0319277134088	11.8179482748777	10.1500829372813	11.0630356186502
M436.8858T48.75	17.0798283880496	16.8054519969535	16.6663226840069	16.5611424854377	17.1113372892725	16.8377703040709	16.8589503790405	16.7754205087695	16.958096983287	16.7773249763209	16.902981018945	16.9898522017311	16.9604559428628	17.0724592217139	17.0914188896794	17.0377434269694	17.0260205217003	16.8096035400579	17.0802441588862	17.0125610151891	17.0850250669552	17.20164873849	16.8525812948651	16.8354906290824	17.0665203477213	17.1780915569942	16.8349212450702	17.0794502731449	16.7481407892119	16.4808835823472	17.0510627853849	16.8494911186041	16.9156721996769	16.9255347212334	17.0551994888876	17.0126283534817	16.8326619027084	16.9769567331602	16.7168702109804	17.1645093214589	17.0031839758857	16.7441319134041
M437.1571T159.59	14.5325593672889	16.4995048783836	14.9904998611011	13.5873468609966	12.4514852115171	11.7183066342909	9.17403530762059	14.9789124830401	15.7902133198554	15.8034593331403	14.2246999103006	12.6969003078021	15.2198779801429	15.3249579941378	13.8764519948616	14.4856367778788	13.7220087103114	12.4411883308033	12.8669766786538	12.3383082530921	13.1927322875936	14.4666203992685	12.8291943183395	13.7485547552529	13.4783976581982	11.6059462587915	14.0470636380939	13.2498730476689	15.0014105883457	13.0279701053383	13.2899274092322	14.2478663563673	13.1320044392692	14.7007540661479	14.3019397366365	13.3056036957578	12.7092289186994	13.635479899978	13.7607845179743	11.7894321559798	13.2775035340184	11.3921497567679
M437.9312T304.91_1	13.6331345635762	13.1901545401897	12.5625408295942	13.2975851662283	13.8317035193523	13.8348077534709	13.2758752733665	13.7724492842911	14.0675436676566	14.1263071540918	13.1182557163897	14.10595320287	14.620496447187	13.3621754286711	13.1950317483566	13.175784756802	12.2468641583612	10.6225019068283	13.3079442198731	13.8186320990241	13.1467766822656	12.2615605390216	13.1495622928647	13.7997653839927	13.5159803341492	12.3721873174341	12.7748139435205	13.4437111146824	12.5261142290674	12.7390710940662	13.7673315693752	12.0223055438849	13.5146813455097	12.95109110474	13.206434005056	11.5522093136505	13.8545286286335	12.6496339019012	13.0912382772197	13.7290589136174	12.800977223785	12.961683672222
M438.1619T351.87	13.238141844137	10.9101562390489	9.230842401862	11.2270953142222	14.251153720518	12.9380268435792	10.9546863336938	12.5464212014233	10.7671801219737	13.7439090989949	11.5238253748335	7.15338465585669	14.3239128859388	12.6909152956718	13.0885152146758	13.3370683118849	14.2631147113698	15.2979005757637	14.6467964304071	14.3355144768238	11.5087472843448	13.4419908649421	13.2576686466802	11.1079353387697	11.4091426220372	9.72600052087696	14.3374510931637	13.8659364180371	12.9921691686564	11.6687771129643	11.5837652001322	11.9079050319636	12.2302998347462	12.954310343311	12.0476265848512	14.0251732046411	9.55196487225821	12.0376824872629	13.4130647341178	12.7371349500058	12.9382877982613	13.3757537993498
M438.1819T304.7_2	13.5754758773003	13.3321355033961	13.1839783910288	13.4858227611953	13.8674378994255	13.8003405924112	13.4686453143854	13.9995092789198	14.2231678604593	14.178319537674	13.5067292772592	14.03285474864	14.7364451417636	13.4268123789385	13.3859359767463	13.4894741350368	12.4156408900856	11.9321149750927	13.5560104800991	13.8077159443199	13.354291122615	11.4897965825869	13.5400761739664	13.8791583938924	13.1903318226715	10.914124766758	13.2379894882025	13.5227568084693	12.4528902680525	13.1364590446416	13.6522139590396	12.1875215418009	13.0128134303712	13.6554299425047	13.5396137893127	12.3976576056295	13.5443859643811	12.9362877591318	13.257739159084	13.3407376989077	12.6732922834099	13.084090945217
M438.3003T693.72	16.5397121116174	16.6705429780205	16.7507182663038	16.831200586159	15.6109289318525	17.0310103567498	16.1799059270622	17.063144751855	16.2002910545166	17.0730150586962	16.4636686361162	15.7373102180876	16.6189447966183	15.8189455986076	15.2458001260725	15.7175068672669	16.1764674916954	15.911977778824	16.0676778842919	17.283253956256	16.6366665711083	16.4236238722775	17.1023326073754	16.162945076612	16.2379750348053	17.1885877131124	17.1825836891589	16.9406087514726	17.2881233994384	15.2610991900824	16.0976660223859	16.909134316724	16.6624422162095	17.042567148586	16.2348123988479	16.1708812314558	15.9948860084087	17.3446815300157	16.2437834242354	16.7879257960282	16.0642314665766	16.18498843899
M438.318T880.05	0	10.7981235540055	8.98112362507162	8.10186141964257	10.1964782317443	10.7733763712414	0	0	7.05562045749568	10.896145018348	10.1517614441625	10.9762774533125	11.4071321790627	6.13031323276988	0	5.42528865724161	8.55211205349349	0	11.5276455487614	7.17120536212588	10.8883391748422	10.8896284640786	0	0	0	0	11.204093503736	6.19675529505187	11.4529556431115	7.50537373416173	6.60309718680982	0	7.51826711559718	10.1442940377714	0	10.4931762879884	9.48105243413784	11.4362280081217	10.151655141852	10.1065052333471	10.5380697359297	11.1732587204904
M438.8829T48.78_1	15.9602768993443	15.6895050221212	15.6366285469661	15.4658224739913	15.9201293889364	15.8391636948918	15.7137528803408	15.7656981612138	15.9275743918954	15.6956957511015	15.9346842688888	15.7932633467544	15.9295069861672	16.0028313572164	16.0309154551025	15.9741035566466	16.0780905868861	15.7460261463728	16.0238019205849	15.853144729711	15.9864226985562	15.9604737365495	15.7097582011192	15.719266746867	15.9720547344027	16.1631484512587	15.7041167071359	16.0162036802445	15.5583859368102	15.4895938666842	15.8830616638818	15.7007378828846	15.8723885858981	15.8462325320581	15.9338544351409	15.967143144502	15.542462575419	15.6661165805979	15.5885009696769	15.976616429317	15.8697274258068	15.5506916239494
M439.083T56.35	14.1062663065119	13.7017033343538	13.1087015895138	13.2965187178615	14.066102060741	13.7752909335312	13.9647858511326	14.0867592979809	14.3454855534913	13.8965464770496	13.4534307796257	13.7983595515967	13.8328556405929	14.3519899636208	13.868701540624	14.1420656337732	14.4296774108939	13.7398727860599	14.1521166931803	13.8554994544527	13.7856227118041	12.993257212819	13.2699362265408	13.8426723472808	13.7573591911054	13.6433982831756	13.7073571807297	13.9425731937734	13.0402642854793	12.5107724700219	13.7936471111461	13.0204191254947	12.9777148066846	13.1327739613103	13.566791537966	13.8710437692832	12.4810575224863	13.6073666861971	13.8393151890998	14.0571380981804	13.4290791440744	13.0075803228845
M439.1034T297.13	14.3594967527051	14.5658128137852	14.8253016786332	14.8246450349512	14.8811364568697	14.2894969447614	14.7937494902686	14.5890651000949	13.6250196363572	14.8150384621798	14.2829956074969	14.4681885353451	14.4058414833393	14.9420348281158	14.034515341986	14.7309368707995	14.1798944318714	14.2475156524353	14.3426400638394	14.2439691756025	14.9749250275624	14.3986975050438	14.7486777497729	14.4373537047619	14.0233826494918	15.0183537196331	14.3730072136187	14.9030572765034	14.7289845076349	14.1704434618132	14.2709370784999	14.7228344614443	14.0971963516591	14.5747564691857	14.7103485902729	14.0797989573515	14.6570127026326	13.7363306737744	14.6461607327055	14.5104465245147	14.1675550336479	14.1765163399091
M439.231T394.77	12.4771430633024	12.4077751428247	11.9219007685757	13.1466425858118	11.6393406510068	11.7254128573048	12.8982280699633	13.4597939551848	12.1949478841528	13.6383852370812	12.8864371477009	13.7077434012825	11.5290263055213	12.2459601155679	12.8154164616322	12.6557371116385	11.8012737725699	11.9739544388166	12.0756954653767	12.7223219306148	12.1178624160573	12.7062247799929	13.3448289697506	12.7537585128685	13.1693444003343	13.7919754081127	11.8324501594234	13.321652758359	13.1303902834967	11.6205834804077	11.675692491897	12.2934305543996	12.2973349774666	12.2262375928549	12.0418696769711	12.9895971656836	12.9253994367112	13.4983495319152	13.1875972797067	12.6967692933511	12.3433983014728	13.1628488487137
M439.3223T544.96	12.5825388234317	13.9051819380173	13.1866827933161	14.1687422815875	12.3664302022484	13.2098749568339	13.4341534724811	14.1772043529199	12.928769429978	12.4986935879898	14.9292441275728	14.3169714348028	14.0530423620109	13.277004077609	12.6959500272194	13.9000068804171	13.2027694219557	13.7966046063296	12.9871920590871	13.3384276439197	13.5133746419353	14.1283174629499	14.045903472351	13.0584564270443	13.0464775302679	14.4876729248389	13.6058401011738	11.2007245105412	13.9744948030639	13.2024643468769	13.5031558014018	13.8216341210424	13.0506263559564	14.2973290303674	14.0157226111018	15.6020404358533	13.3191611759714	14.5586384592103	15.0355161025105	14.80852941459	14.0194463896381	15.0161127128314
M439.3666T607.41	12.9404584328095	12.8519094655904	12.5908473299888	11.8948297671169	13.7653731804308	14.0080476563928	0	14.0157730888201	12.2411250586817	14.0339757279078	9.92321771298546	13.0048915792827	13.1099894231571	11.0343611712766	11.6707708705917	12.9838951775497	13.5314369057248	12.931052084579	14.2967044195779	14.3303953754551	13.9241774516317	14.2356536180766	12.9071652900258	10.8131896808865	11.9578241158262	13.6504612144852	14.2973782909983	14.1816004346024	13.7044606095453	12.5432178746572	13.3124930151689	12.6336582896432	12.8956376895111	13.1300373911308	11.428884511114	13.134006990484	12.9343302375099	13.4577303762313	11.7557735352777	13.5587412400523	12.0920514674932	12.5303035284689
M440.1511T338.96	13.7281886048877	13.7611631817619	13.5045434779003	13.4996645489188	13.9825951390113	13.8630574940026	12.5259313109887	13.3645481828647	14.2265840188787	13.6556213327635	13.5688057679036	11.878322429154	13.8716435837671	12.7196862802186	12.9585482713408	12.3847195818158	13.2425804752693	14.0087555042468	13.190951838955	12.1992460075237	13.1140115654349	13.4352407136397	12.2014761664673	12.965774281713	13.0327291208501	13.9775706488128	13.9387446322353	13.4268474060898	13.9242914931122	12.9990903429829	13.8046143399468	13.9350086891535	13.7191999452782	13.9672629113433	13.9494791434885	13.3543729931655	13.4393641838838	13.4393487432526	13.315235192467	13.1412653721941	13.0349185388295	13.0288223053983
M440.1688T185.96	10.4723796369749	12.0848533487591	11.9607191890374	11.0299366358626	11.3426135620148	10.4403710458753	8.53637938897439	11.6652713050044	11.1945346379099	12.2466486768818	11.9844882735958	9.10463820081511	11.9849825507125	12.4650015643876	12.347476545044	12.9165338726274	11.1779505058128	11.494681050171	11.9310043335848	10.3901470248073	11.7393853980737	11.9528520970124	11.7060018526855	10.3901978349859	11.9123734765997	10.6926940820947	12.0923787268521	11.1997408616761	12.3656308069433	11.6032399854879	10.9426471203033	12.7419404340516	11.4888206718977	11.8983783393273	10.6468939855015	12.8726957467891	9.90175369083132	8.55059901642452	12.7745554229798	11.3147212155736	11.9423189283432	12.2806465235207
M440.2272T321.72	15.3029944785048	15.2724948386918	15.5155734523586	15.5190176053593	15.3870516936	14.8563412532928	15.3086156264044	15.0459477231941	15.3739088599187	14.9809387663676	15.508563811015	15.0541859439163	15.6138557158689	15.5132364206818	15.3214923341859	15.3194297545192	15.2513256896131	14.9931634239296	14.8136415215036	14.8597051239134	14.5769925999891	15.329520245429	14.5572097137906	15.2865644087323	15.8378680056343	15.6274926297292	15.1342588430883	14.8214877826026	15.6246623582987	14.8313834531278	15.5496086046534	15.2836074376863	15.6201264849662	15.6094360093259	15.3456068377386	14.8433220162325	15.1941632027043	15.6979778201085	15.1258396680703	15.2470119871899	15.2828066329076	14.6813997592864
M440.2794T640.89	13.0442461436073	13.8051974625973	12.6675164841421	13.0402667941296	13.0722479646542	13.0080491283293	12.525339859069	14.2353587746919	13.2845379486858	13.7650792554271	13.6075568288751	14.0495724596775	13.7326388755489	12.3798959252425	11.7912285126482	12.1137814244829	13.3884815523402	13.093233358357	14.3788530353174	14.1662993907302	13.8106321441504	13.6847454371588	13.8274290708612	12.8062922395361	12.1283358096789	14.0313584898593	14.7194488183924	13.7252349293131	13.6868445181043	9.3900955427673	12.100311741256	12.9553083720923	13.302828393512	13.860922251202	12.968792531934	13.6541389475228	12.3948665643549	14.0542473034918	14.1249247340291	14.2075991042988	14.5828566150599	13.5681677363049
M440.3158T693.1	15.897282335258	16.3951568706525	15.6973714187186	15.7250060648369	14.8937378049206	15.6224450465739	15.1921550651166	16.0382060016026	15.5046360393574	16.3467898032071	15.527451426158	16.1553291693519	16.0571357099377	14.8680023915572	14.4486390731284	14.8017761271873	14.8585606103718	15.5630156577337	15.6738455066785	16.0796924871526	16.3208073911065	16.4681739824722	16.5476809217854	15.129304906244	15.6821080633391	16.947533576549	15.9395347127672	16.1867104297513	16.6979335114541	14.3529012488052	14.8631678576657	16.2769297270881	16.1554654823306	16.0927290435186	15.4757298055139	15.5357855357498	14.6279730532321	16.788885854143	15.6581782779562	15.4886908905674	15.9246167582546	15.6540251306518
M440.3386T572.42	12.8726098121947	11.5676372475811	10.0317451122533	11.5011326108179	12.8006554410892	13.5343618681857	11.9824681737577	12.544317601834	11.7458294113958	12.170061362542	12.8434076634225	13.9411947431377	12.4658154506704	11.2362893361	11.6049384881258	11.6738004107336	11.2959493769249	11.4352479814636	12.6208844537112	12.9829809426695	12.9755088127078	12.4015714995781	13.0258551300342	11.1689196053838	11.652577528649	13.0818682310808	12.4906140021118	13.2906396841315	12.1342021036064	0	12.397671200191	12.0338004531231	12.4907596937045	12.2696898626008	11.6268659298839	13.5992311860387	12.5780424244951	12.5297343996345	12.0272827788024	13.0952286962535	13.0967794066693	14.0077973488856
M440.4485T65.06	13.9842333919102	13.6951505669571	12.8520421208659	12.7791265207787	14.2827898567458	13.333601914845	13.1769725210989	13.4210685282144	13.0155463682741	12.8079080112864	13.6583319690146	13.186533399014	11.7238835075311	14.5085304052102	14.999311731571	14.9578943717057	15.5957338680073	16.9195720647452	14.6753064041684	15.4459558772815	16.5225713020458	16.106101825762	15.9632198210857	13.4890563722233	14.5254257874982	15.7268514550572	13.175065252721	14.8535574085468	14.7923458439175	12.7433354946486	13.5974001319574	15.1572058620379	15.0214914840741	14.0103161232038	14.3393141714717	15.4148795101981	14.1423289860336	13.9622135158593	14.1729512392361	13.7755051881239	15.3117669384435	14.5299158728325
M440.6992T65.06	13.4125672971973	13.6785946760072	12.9490015377485	12.0252323382228	14.2940378704807	12.910583122845	10.7298161630853	13.8155385395733	11.958755756249	12.8770298126739	12.5575948200386	13.6387394146569	11.0379604361039	14.8422867901865	14.9211149676031	14.6685905026976	15.1556880923168	16.607563884018	14.3432334305824	14.9794912994469	16.1537045865617	15.9714876515482	15.802772120376	13.5620946938611	14.0182404068593	15.2421761983712	12.7436179110232	13.9649836016943	14.1654346659162	12.4854177127461	12.6752658309694	14.7843665331053	14.7334513112938	13.8151122096804	13.4538136874293	14.6881757411527	13.9246423016073	13.6342571823688	14.2572711887769	13.8902778479414	15.2788193591679	14.1115734068709
M440.729T321.79	13.9701845805335	13.8874511254126	14.2966061892714	14.0534994409384	13.9353064764581	13.6735660872994	14.2372599632903	13.7795790543817	13.7835737669745	13.8984158377638	13.8024524771928	13.9532387052708	13.94976063521	14.1469042876542	14.0848447372219	13.7178569172617	13.8837074562263	13.4968633667622	13.5661361818963	13.4744283400857	13.0353155717206	14.1144879732479	13.3799424144244	14.1143051340965	14.3534855879932	14.2868686465029	13.6768995640457	13.1357701126633	14.1589479274695	13.4639439925779	14.0834923232466	14.1510309277145	14.3617846109965	14.4171736618017	13.9825350190671	13.5336827824848	13.8763834836415	14.1410046454732	13.9653676995415	13.6096985942754	14.0356761589234	13.459230598975
M440.7561T293.75	11.5514045344559	13.0601016794902	13.5137842825174	13.3569869487638	10.9844748486043	10.3013948299193	13.2475166699514	12.1321774776287	11.9287871913648	12.2444548470735	12.8055152839691	12.7838553346308	12.1379665559216	12.3993851580758	11.9926798904457	12.2314604770492	12.0533183983435	12.2080888807618	0	12.5053781372965	12.8780407003375	13.0485297815487	12.2487604349007	12.7612821256912	13.144426360549	13.2392868444576	12.1412878533277	12.4097202687747	13.3361567400169	11.9086771495356	12.3569024241252	13.0713370454433	13.3560639095447	13.1529658126355	13.2794558079949	12.1323968368887	12.3374418285652	13.2215090984407	12.644267364284	11.9215424271962	12.8956133214628	12.0406768571268
M441.0097T326.73	13.9541197549691	13.1040197226822	12.9437068991607	13.491587488831	14.2023559134613	13.7362927782985	13.0333354248889	14.4464446311731	14.3924756550459	14.4402190418884	14.0437801262145	9.86818197686503	14.4442826086715	14.2804763376028	13.9033797375284	14.1264708553824	14.3034393454265	14.5771202312095	14.6399258176324	14.3568951077483	13.1259101376446	13.5733469395815	13.5983279008118	11.9941146908143	13.0110671251536	13.6685900852039	14.3011497881369	13.858663353334	13.8162875829508	14.8926024845173	14.3865250986466	14.1151526902793	13.6611623983227	13.8839368609872	13.7153679692254	14.2351103732461	14.1933239854616	13.8077425484053	13.7160976142877	14.4418242657941	13.8369206417314	14.0780028819937
M441.0386T49.91_1	14.2385703521719	14.2832915249916	13.5846347649976	13.7085174657025	14.3821049595177	14.2693733162032	13.5971744424522	13.8271945870365	14.2603095742843	13.5172276447465	14.1158874440422	13.40298653266	13.995074970065	14.2997564149751	14.2242745852393	14.4133338843309	14.0488396573343	12.3818195426322	14.0232973034926	13.3593434824553	14.0058422197726	13.3791071781985	13.4903870187042	12.640697049602	13.2449372905365	14.0632957005054	13.6371186662493	14.2628442229866	13.6555154332425	13.3781217914006	14.1110023228086	14.1688026174885	13.7749757693727	14.674542259347	14.0336055815284	13.3780933432474	14.2166364002873	14.3464744932211	13.9632604226464	14.6375232384405	14.4836554905197	13.2361414844866
M441.0666T269.21	11.9976265632059	11.3992418604833	10.9571449714618	11.8695863016013	11.9441094403621	12.6976921043162	12.0719644158768	12.0340926351085	12.1869540245874	11.1429058379033	11.6791839779895	0	12.2912054832308	11.4243359492396	11.1641454870358	12.0666871307097	11.7040933147397	11.8310517907883	11.8488880601826	11.5378326133772	9.44833039235421	10.2338925960256	11.133620293343	9.64643188691346	10.31415165982	11.1836703408649	11.6907716238967	11.1812550799087	11.3152960045999	11.9417118478713	12.0218403618249	12.1992169005558	10.834156871171	12.1611993118997	11.8512206010902	12.2279935737596	12.8623306713026	10.0975549493269	12.0657538571848	12.3801329481621	10.1681490261819	9.55765124223269
M441.227T280.89	12.3428218992971	13.4169993535918	13.0122968883003	12.4620573338231	14.0607591911736	12.9006072666774	8.71467804506916	13.4117790883417	12.1941044914959	12.9612367232799	13.53824716627	13.7017901198599	13.0566686908066	13.286526883323	12.9771480081563	13.37587760385	13.6376320042969	14.5117145237706	13.856036340274	13.9115646060565	14.9259588499323	14.6190357152091	13.2661697349185	11.9927734179572	14.1369479586518	14.3746177389904	12.9728219140561	12.8444239675058	14.0441469199166	12.7720943518052	12.5135607676442	13.3417316711291	13.7023313329723	13.6845594728309	13.037607465238	14.0727822558508	12.2850304316865	13.3562098796222	13.5288084724595	13.4840963816975	13.532268070175	13.0497674473754
M441.3384T638.35	14.5414808818879	12.9731757264877	11.2548709261783	12.8381539817256	13.0567180494446	13.4550544397909	12.2045878960281	14.3225977107878	14.5350976817552	13.9855148166438	15.1674620289663	14.5001603073781	14.7007092979258	13.8744520426649	12.8244551919413	13.9324364821191	13.7942963755006	14.7053253855417	14.0737039721487	14.2473688575069	12.9304645193985	14.4238885830937	14.2292182368736	11.3564506626312	9.85616268467163	14.429424424342	13.6682097872533	13.5241283034208	13.9281777392359	12.5105336519599	14.0708149194109	10.5995381907964	10.1919199803512	12.4950770162423	13.2224187129094	17.584718792473	13.0862606034556	14.5394451262013	13.8962031528111	15.3865117712718	13.9132143035073	16.5709338340281
M442.2167T330.34	12.3778719237606	11.7755114428977	10.117563579694	12.2331279342327	13.1673359832472	12.9353171563657	10.5663187017702	12.9509699641154	12.2872913736732	0	12.5579837433462	12.5501151226361	12.3011278904496	13.0622727097651	12.185430020919	12.8676040379573	12.3270302477754	13.2780923900668	10.8210078807539	12.9064423492449	12.7817784556576	11.787222468382	11.5392308562495	12.5185560957272	12.8661737907336	12.7756833243736	11.0310727014601	12.8983581949333	12.135754827895	12.2805162037764	12.9159655227885	11.4904220651035	0	12.4135757245091	11.6537069539455	13.0953131571762	11.7684287905466	12.3495463508629	12.537250645342	12.8017626825429	12.6115177823384	12.2386169397242
M442.7244T47.11	15.236501586319	15.0882462796064	15.2879032141106	15.1866824169896	14.9681272255152	15.206436403775	15.3323701109055	15.5785905855202	15.4535981786832	15.2426180855905	0	15.7845796052003	15.2167330447728	15.196698153181	14.6085508162701	15.0500999447456	15.3269303848505	15.5803350763942	15.1379873952406	15.2576299778219	15.4605246423775	15.0175996242199	15.1352332995211	15.5320433710829	15.5510673863414	15.6168973886956	14.0942186487807	15.5849723081417	15.0893194967441	14.5252563295023	15.3429956294035	15.3844016264914	15.1399611445221	15.0778867561138	15.36961389998	15.914805183611	15.2034941525023	15.4876057735657	15.5953660320674	15.3959110491933	15.3108349893863	15.6295000628688
M443.2841T392.44	12.2759243218049	13.3568733217788	13.6955512343831	13.3113962513467	12.2986629673091	12.1825585772661	13.4940360738036	12.624239032634	12.3997864434824	12.3962086541752	12.7921172193051	12.7080059492118	12.7190838372905	12.6899449781112	12.3463695827444	12.5198851402351	12.5374416665664	12.0997220892691	12.4246978838635	12.4221316570168	13.3111025751643	13.3353989842676	13.3925721912751	13.1845579179504	13.3830129782949	13.6878418393702	12.6230321046246	12.4173906007257	13.3080351144749	12.1720600765371	12.6068183839857	13.4655743773392	13.3639248438049	13.2717099085732	13.5202901315514	11.593614072784	12.4671398003462	13.5287623904149	12.7028952095338	12.274105546221	12.6741343950298	11.7057465448079
M444.2555T358.62	12.802180033755	12.7186382299383	12.8692221662523	12.714354082096	12.5510208126144	12.4777926820233	12.6667300182394	12.9029495334401	12.8690344316136	12.7311455708188	12.4679784744549	12.6187547628778	12.8816866333669	13.0033424387539	12.7320353483728	12.8782343883065	12.5572355889484	12.4936616673098	12.4773247020688	12.3162200712296	13.3331026468894	13.0301643223769	12.7553072238436	13.2314701866572	13.0442982732069	13.126057916742	12.7126771322283	12.8867280014223	12.9979963376995	12.2644996445984	13.0114686868295	12.9412496205107	12.9342616655148	12.7978839973192	12.9124934047182	12.5071224081211	12.4792070910182	13.0370963431261	12.6669367868625	12.4167830593773	12.8566477652266	12.1523303541951
M446.2469T343.36_1	12.24881123612	12.4182766481934	13.5447140837103	14.3277490936149	11.5858874100885	11.4064021728111	13.5378049084299	12.7278607605743	12.4124053625701	12.9988815863178	13.3331187446143	12.7927770975754	12.0128901973377	12.594808985506	12.0983226954507	12.6665683744006	11.3660395177278	10.2384777233963	12.1455296860931	11.8189737298109	10.2106930917899	12.3003784683322	10.5421891594275	12.7413976997947	13.3922263498597	13.0758171164158	12.4268220917649	12.895548748051	13.4010610792443	11.3075050826656	13.9548481958316	13.5725448532709	13.71453864951	12.5385192671875	13.2190730996507	11.4893348454012	12.7280509715599	14.2913714666336	14.0049695539485	12.5091466961581	12.440904609975	12.7472133403941
M446.4975T343.13_2	11.9293438000568	12.5250257304984	13.5856243748661	14.1316698044427	10.7312872669615	11.5673937547282	13.5239548531588	12.5727295573815	12.3762472311805	12.5031602732233	13.1111264371456	12.4438059143734	11.7663431485633	13.0296749523017	12.1423008767901	12.8320248249392	11.3773097990413	0	11.9519674280021	11.7323044123413	7.07034127311953	11.9980148281181	11.6490769139034	12.5822757970425	13.2271897989851	13.2334097884572	12.7406843160085	12.6309179219335	12.9322135704798	11.7784116658105	14.0016055147485	13.0254710044664	13.5386468126862	12.5363794874557	13.4336053897129	11.5480045625625	12.4207264144932	14.0270252837385	13.9446412669287	12.4109415630691	11.4846429711888	12.3056801901985
M446.6726T48.47	14.7489360639234	14.6067923675639	14.5569649645374	14.9362584487633	14.1973377605568	14.4534177849666	15.4899270123562	14.8487829059068	14.5781099895473	14.8678522815139	14.6413314124134	15.0773994211738	14.0183958543353	14.9829308957295	14.524491448651	15.0715966597608	13.7554933794494	14.6460825891504	14.4596838158469	14.7846884438162	14.7174767403012	14.9104991597883	14.9688966246604	14.869128638717	15.0474136811348	15.0357177565211	14.2955891869316	14.7039914656058	14.7533142769243	14.2173123085019	14.8475891090273	14.636847692832	14.6401948535392	14.481009228593	14.8007634381348	15.1729810227312	14.4007152854073	15.0379831866332	14.8848665021358	14.5546359213605	14.6940934532182	15.1978880726806
M447.1251T386.87	12.0747021853694	11.8068438765046	11.9569926227863	10.5884089100741	12.8441982128969	12.5333930752945	11.917805236392	12.6703499667087	12.2075466764658	12.4021492393377	11.9291144466665	10.4360965487333	13.0136863115244	12.9261836993497	12.2006089432778	12.898506764842	12.3999856634524	11.6089085940679	12.1475165289671	12.2831061884084	10.2082181920815	10.6042578253394	11.5195664644697	11.6788984041481	11.3799810081637	11.8915313162768	12.521285261173	12.6994361830492	12.0160714430259	12.4161649162669	12.6578018217557	11.9638325791083	11.6494673020259	12.8952594386251	11.9823689468869	11.8931368519882	12.7294865062626	12.5483936892756	11.5626417758154	13.3368059553986	12.0649016948263	10.2688538767597
M447.3124T565.45	13.0942506142828	13.2874525867709	13.5602514443286	13.6137393225474	13.4954995118519	11.517762894299	13.48201624361	13.6362452583864	12.6672533343574	14.7687490899498	14.0328059905209	15.3735307544253	12.0626859031356	11.9087224101844	13.0387103133307	13.8261922106516	12.2778780368578	15.8511985983126	13.6756086728405	14.8787206456639	13.0389675447083	13.1945159356889	15.0814705189801	12.7309720604264	13.4070051190827	14.4606674489167	14.1947168017212	14.864476749981	14.2673980435816	13.0479125250028	11.8013131464488	13.8661620256622	11.8725681013386	13.180624331424	11.8229516660292	15.0731438779718	11.7299846164586	12.6045387872438	14.1830853242744	13.0917225856353	14.9561212985768	15.6754977706271
M447.7165T343	12.4979888399849	12.3205177590957	13.212777188304	13.3353114579556	11.7241870218975	11.8807286986969	13.3699336754277	12.6600502642132	12.5786361652546	10.1959310353603	11.6863924994222	12.7791132488218	11.0457742890961	11.8045661114852	12.7792877161334	12.9134245949982	10.2460322005737	7.43528986313263	7.26309466408869	12.6137606177425	12.7893866224991	11.4541292060069	13.505308675043	12.3656480121564	14.0258499810695	12.1887214750242	12.8138967512846	13.1334289817914	12.9795604660078	12.6126587076076	13.5569423448022	13.9197319861468	12.7494378577684	13.0599797544376	13.0818043653073	11.7739506081848	12.6862276094864	12.91451434442	12.8409284203532	12.2030929639927	8.6919667786149	12.8465644502579
M448.6695T48.44	14.7443077317901	14.5871659870644	14.6282683387175	14.9485688660965	14.3983606560888	14.3900489464784	15.3073234430479	14.8697208628192	14.5264376858719	14.9452358686285	14.753566302971	15.3117785612551	14.2520518884565	14.6767714410101	14.7181809901626	14.5556816226531	13.8532122854091	14.7014719743109	14.1225269182551	15.0478349511485	14.4295312976578	14.7558405208539	14.9009074253012	15.0023112017742	15.357655790096	15.1157939927731	14.3942332631564	14.6041686671325	14.395805788621	13.9329616645134	14.7484888137963	15.0188397579071	14.7930710799106	14.4912731413415	14.6870587248545	15.2098023502927	14.2750004296896	15.194527422359	15.0048932938106	14.4725594714524	14.1283724027708	15.0713133354464
M449.6693T367.9_1	13.7756522258685	13.1262948673608	12.8599502904478	12.9709599454305	13.6741244069044	13.6690157415342	12.1476708508929	13.7085873938786	13.9106485407458	13.9022292447513	13.4487472449883	10.9926194654906	14.3641558347254	13.7675116483618	13.7302854557576	13.8644897978819	13.1322761783822	13.174561710815	13.4980858657443	13.9223016747532	13.3788762542056	13.5553712797148	12.6761804992163	12.7030327470339	12.7314146607347	13.3847501180851	13.7802565325147	14.1224442459522	13.2274277911231	13.0190984777527	13.1308452881433	13.7085379119286	13.3621575457972	12.7551270942236	13.2421877498868	13.5744400400973	13.372505621222	13.2801244187649	12.748471881183	13.4820914933812	12.6184159938342	13.0524270501736
M449.9648T301.93	15.7729733374843	15.1892417016286	14.3315802462307	15.1245971918814	15.4246022454399	15.6267872276853	16.0164897132095	15.2243601768398	16.3837995222026	15.332506572568	15.1802014247585	15.4983604003727	16.5545781792478	15.6982075287708	14.5844179465677	14.9963318163007	13.6233025305597	10.9320727709583	14.6279663543723	15.0507271974747	13.7123022857555	13.735961037463	15.3694132710425	15.5445034455468	15.3479405055614	13.822275364877	13.7588902522163	15.0613120918528	14.4648064299303	14.8292907892344	15.8265546214328	13.4759654163781	14.8907826190335	14.8656558892055	15.8482255997431	11.0335805713946	14.6140990174085	15.4471423576007	15.0151081140146	15.1481335051818	14.2959694659009	14.6370774486326
M450.1714T367.81_2	12.6715977662336	12.1761277409986	11.6238647881726	11.5991989906216	13.154772237359	12.6755183658309	9.3647316686154	12.6390244718828	12.7182134494345	10.4971428363526	11.6190152990567	11.3835409075794	13.1816077808236	12.4128521027865	12.760103858692	12.5052627163426	12.1696749039614	12.2124165759619	13.2562073467454	12.8454344637349	12.5731586513787	12.8666091531282	11.6670818492721	10.995899387138	11.4149335684309	12.1842301354717	12.5907434814936	12.9325495397295	12.0731610199918	11.986587954799	11.877453661537	12.5948785373308	12.2520505688654	11.830116677532	12.0056068012985	12.5785944202869	12.8341972576761	12.0314897290389	11.7463722696132	12.5242619513764	11.8080165516284	12.4727830716723
M450.3598T630.83	14.2835007568634	12.5683612348705	11.6310122705045	12.7123552286638	13.9930058063036	13.8125825887211	13.7638512285563	14.359093673559	11.2914031834992	13.1255613001909	13.722545978239	14.6713886167579	13.0171662201329	13.2798492833486	12.1844636503772	12.6426651623917	11.7554194142397	13.2457800921555	14.1615378743691	14.8331685062557	13.7196443202569	12.9096716122327	14.2117650446243	12.594873688723	13.0569843940012	14.4585687328881	13.4848893058423	13.7559190591279	13.1087159438043	11.3059413683336	12.1825334634938	13.2853921171035	13.2852123005244	13.099756170674	11.1475146527453	14.108470838428	12.7940175121797	13.4642263153422	13.6953542858976	13.4277310149535	14.1663822491522	14.7373401092947
M451.2291T301.32_2	16.8128379792906	15.2998768312204	15.6617324273792	16.8592863915583	16.0017715730519	15.653088771083	17.82200268898	16.3123652837876	17.4527574028105	16.568851657592	15.7122134733171	16.0142521984516	16.3956194320239	16.7873219057103	15.6989710563147	17.7557807973896	14.7646710331194	13.9382372855728	15.2486568421359	15.5440070705359	14.0848840474811	13.1532183553837	16.5955870099324	16.5405167552581	15.9665590280784	15.5568115156498	15.8096963504224	16.6659995038382	14.9503524798342	15.6956057580604	17.607580139297	14.1423056046236	16.1192472416497	15.8847834077748	17.0873957173161	14.5931000493438	16.597987789477	16.4029891066696	15.8503378302203	17.5858114831862	14.2364563955537	14.8631124276725
M451.3644T735.22	12.8097334886156	13.5778460492229	12.3464377207896	13.2425618282853	12.9046762647938	14.0226763338284	13.3602137027786	13.3541621230249	14.6519068966885	13.0183924050059	12.9275863277118	14.6737265282252	13.1307157623555	12.2984922062078	12.1450122205467	14.1590369888948	13.0502333171255	12.0569262991383	11.2159104491166	12.8420667752373	13.8525268851535	13.9070440778951	14.4769425450676	12.5334689548939	13.2133696250029	15.4021431708156	13.3115746194671	14.0479628327266	13.1744893075675	12.5367349058913	12.6631813261026	12.4174717978304	12.692962650179	13.3433745112854	13.7546013643877	14.2193257441087	10.5261103285675	14.2028550871727	13.3308054378657	14.0962435709525	12.9152632499088	12.434412517382
M451.7285T307.02	12.0597325208022	12.5635437525437	12.7089361664754	12.684460227943	12.4525553304269	12.2621974315159	13.024107929884	12.6155968802326	12.4864630869092	12.4950511523226	13.0273045269599	13.1082407962896	12.0610398041838	12.9000159172546	12.1979732906117	12.5116866381506	12.0163950678365	0	11.8519291809279	12.2251313392329	12.5259982729641	12.0164884730514	12.5495853169662	12.8571859824659	12.9882881913453	13.1863262973978	11.8519006646446	12.0826820950525	12.6814100286398	11.6369275526196	12.7691159247431	12.6562081329139	12.9678540526717	12.7783268843414	13.0079216667024	11.6653400935074	12.6251816150178	12.8645744264868	12.9462038020794	12.9065312357358	13.2066148046911	12.6826824349197
M452.3159T612.48	13.9062233619156	14.2993869693611	13.7808825832853	13.8769627206703	13.278135001796	14.0523720318782	13.0232199924424	14.5379568678146	14.0670788352238	14.7069227131775	12.8066625577406	13.3384041627737	14.3527676826092	13.247898120365	13.1291258202505	13.4030864007647	13.618414177627	13.0535100945441	14.6692980610797	14.7371345149175	14.7301798335924	14.9958408701378	14.487800662972	12.4997184299845	13.509256043365	14.7532736531614	15.0191400219903	14.4052088128702	14.8703344678689	13.0266540222467	13.5726997254115	14.5193409067905	14.0515349257156	13.8302164525859	13.6131482139812	13.3524869222988	12.862235001461	14.9247627167978	12.7779634359562	13.7599267822253	13.0359697510344	13.5570892818274
M452.7399T351.82	0	0	0	0	0	0	10.7346281407431	0	0	0	0	0	0	0	17.8319608728841	0	11.4354218256945	0	0	13.1117356952759	0	7.81803786105599	0	8.28965689434964	11.083727850763	12.2981806098558	0	0	0	0	0	0	0	0	0	0	0	0	8.20510896616046	0	9.61366445676975	17.4275934949419
M452.8602T48.94	13.870269884416	14.2800613328461	13.7796253999966	14.1733172809895	13.5075485578201	13.7418086828388	14.2280527603928	14.301125327454	13.8205172962745	13.5136145101149	14.3005914009209	13.4034785233499	13.9565226832827	14.1499453225546	13.9641892762677	14.2331168819764	13.6347811779466	9.28558267741534	13.6769818121034	13.8880469976312	13.9949165995797	14.3869595528565	14.0924860642335	13.7579200766501	14.211265874553	14.2994501855862	13.9804193906501	13.9474182598605	13.6930887781152	13.6157217926928	14.3766672930225	14.2227061727207	14.3276057073329	14.0969393916056	14.1185493062056	13.3054136083246	13.7428588064745	14.0614793985965	13.9524250705899	14.0268870438346	14.0214672010372	13.7582125425844
M454.2946T660.1	18.846585501949	19.4393684782862	18.7181371946525	18.5874355556362	18.6790594147247	11.053461706359	18.256842761364	19.1687781877617	18.8441053340923	19.0046007982937	18.8318222236528	18.8895810564466	19.2817378910463	18.3491091162686	17.422058754953	17.8178558402672	18.2916896516872	0	0	19.1180040263437	19.5513827327623	14.0168820869171	19.1624286894023	18.3465912971892	18.2905956128502	19.3537822757979	19.1246680253304	19.215008220575	19.3041055013252	17.5801128638852	18.1001065619395	18.9362812778583	19.0210700372765	19.3038507005246	18.6601820711222	18.4881225743994	18.248630679413	19.3972177156637	18.3901590686601	18.8432584333167	19.0500161776115	18.6741700961569
M455.1661T587.84	14.584020398504	14.0955991100433	14.1124378088596	14.1817394249227	14.1696103073017	14.0142175878953	13.6718331893454	13.4441086250482	14.1425523297188	14.0739809998632	13.4019205403228	13.9964579920367	13.8997210219921	13.2128309813747	14.0364354327452	13.6887772293948	14.0183800720688	14.2379140356132	14.4673670064554	14.1889531514533	14.5437678386026	14.346537444758	13.9971939799845	14.1172736147184	14.577505135241	14.1026417863168	13.7000905086339	14.5558211683255	14.2013754410861	13.0727909329274	12.9285966087415	14.8447911570384	13.905964233083	14.4697902289992	13.7441804859213	13.6945486705566	14.3687440399792	13.6239950657358	14.6086678830902	13.7800574237504	14.1892112745922	14.1957470531343
M455.9542T302.11_1	15.4440034086547	15.2971271135293	15.2486345448223	15.7911687833179	15.6961320072724	15.7794725065832	15.7969725606601	15.8460147359745	15.8343733027353	16.0279915340557	15.8993928981154	15.7321916812779	16.5815213585741	15.3602229573362	14.8984871620182	15.3422592543805	14.2434634665651	13.992181319326	15.0646418720877	15.4016757350676	14.5066322535321	13.0369540078134	15.0379057823375	15.9228614020214	15.4738264456706	14.7450927965268	14.4830321493771	15.5081363444985	14.9405540939783	15.0604115540996	15.696519906662	13.7423278375571	15.2654094877776	15.5214380599961	15.4495574459084	14.9505192003708	15.7018474971663	15.558709984359	15.6491291685629	15.054624429272	15.066637963538	15.4284364002883
M456.2055T301.93_2	15.5121398289787	15.3392880728257	15.1470736734217	15.1230645605111	15.6526145186196	15.438527944639	15.9084990661748	15.6502222301644	15.5777963721882	15.7278187471346	15.5708787331399	15.5564540630315	16.1032259626582	14.9206726550971	14.8876316982695	13.3443722115803	13.542667904755	9.63621871865305	14.9127287384955	14.4654180267635	14.1235594107318	13.759701169932	15.3206304893114	15.7380157119102	15.3748542803984	14.9603452052228	14.7758909418878	15.2785267540852	14.6333615521445	14.673632227512	15.6581005574375	13.8654048722937	14.9109098404227	15.1708570393271	15.1766299838743	13.4994153785236	15.2392279487846	15.621348713859	15.2196232983493	15.7967925864048	14.6517579316727	15.053184380115
M456.2383T394.9	11.4787282388106	12.6408761354936	12.6109699578249	12.1902180247922	13.1127684870928	12.9357783952568	13.441629502099	12.5508738574008	12.7649806108457	12.9358547038848	13.7387353255691	13.4739282298777	13.4079657464406	13.1549194145771	13.3081473540896	13.3486834911146	13.5726119907447	13.8628555896198	12.8767058461116	12.5724728038069	14.6479474010682	13.1788728454448	12.0610492467308	13.3596066894523	14.6218995760785	14.6520380718362	12.1168601956482	12.0517916238381	13.2644423437935	11.9807921128679	12.4901307278453	13.4480967179594	13.3627301419014	12.8675864429661	13.0939934984516	14.1360701361518	13.3205885427391	13.3412000353012	13.6980790165835	13.6334323424931	13.9427742445729	13.7281906949966
M456.3338T525.44	14.9315746797965	14.3348346218329	13.797969101976	14.6321335252784	14.2090121380495	15.0633704134212	14.4026975994235	15.6107338743168	14.4316598092333	14.9211231991026	15.8772873236725	16.0132559953166	14.4398100019886	13.9792466712495	12.6547326994308	14.0110268690809	13.6792724377291	14.7693828836163	15.0296422974064	15.4251177121088	13.8815768102108	14.3205494566191	14.8390451694251	14.3173769794519	13.6331652834052	15.0840250071789	15.6539009437431	14.5628162821837	15.2848714735461	13.2270704034197	14.0924630282297	14.5353386514813	14.770963156568	14.7138144978365	13.4463296978724	16.2307995658577	13.3974744859984	15.6297078918685	16.1993558592753	15.6957271296671	15.2813444848416	16.035393709466
M457.3332T544.8	14.7851566610071	16.0024835763386	15.3277902299102	15.9760372747564	14.7506752013752	15.389247258305	15.2628923843508	17.0176246293329	15.1555932518916	14.9405208388712	16.8805031870387	16.0070740688611	16.7116537820059	15.0190426631846	15.9671448319238	15.5491042178157	15.8208969939967	15.7612185834467	15.5966252797889	15.4560957918347	15.6370764668697	15.9232162430801	15.7162861326718	15.0203196593632	14.8328139522552	16.1642245883757	15.8947104402167	13.7769144375423	16.02551866371	15.2515986631755	15.6491310298714	15.89945614851	15.4444475820474	16.2279211197096	15.9884912308359	18.086854504479	15.8184637201616	16.4263760869576	16.8809777561691	16.5123710594447	15.8952098184345	16.8453136061641
M458.7881T46.57	16.0619230911698	15.4067295149898	16.2530675490761	16.1939735000306	15.9823962574423	16.0117174571492	16.1593960556976	16.1659419755597	16.2870048712218	16.0300751120428	16.2780108128948	16.4730525470552	14.2407627031547	15.4645896730558	16.101184433137	16.0248835569105	16.0438652148204	16.6577641996551	16.0601048129342	16.2773041930714	16.455284322347	16.0795976253063	16.33839569896	16.3640060092085	16.6396572012301	16.5834025356159	15.901652066792	16.3151191590356	16.426442591723	15.6274516984287	16.0619026169125	16.6872759220323	16.3133865228051	16.1629709488171	16.3485918383009	16.5677327756332	15.6456845120268	16.5616734924914	16.4833809023898	16.2959153609169	16.4182389162935	16.3555633099397
M458.9249T409.93	13.524657947287	12.7910459261024	12.6934644959823	13.1630944037427	13.3351188052164	12.9933920160734	13.8813783216774	13.5064698606546	12.8424910355974	14.1051712388115	12.4704895801006	12.2162799130729	13.9812698057203	13.9363964871653	12.0470771920266	13.0464888442083	12.5310648036843	11.8840930053618	13.1828463366174	13.6019738322235	12.8689623005893	11.5549588262103	12.1467082353253	12.8164251367224	13.2641380366341	13.6787653686578	13.0890799839465	13.3830958761769	12.3100335679797	12.4755280247168	11.7147643766432	12.9115088430075	12.4498663402373	12.5024298536926	12.7489511665119	12.2384180268765	12.0360712524208	12.5782631106608	11.5626741331837	13.0830451702434	12.0766470771692	11.6732170125025
M459.2902T346.99	12.9494502385303	13.4021474899497	13.4048320689082	13.1702646738254	12.9284890970056	12.8087786531242	13.3580784341678	13.3675500468707	13.027819644153	13.1727556031931	13.1025952163523	13.1974039065163	13.1405301183862	13.3726222882974	13.125377136721	13.1481640811197	13.0336347328954	12.4464222620125	12.8165975228241	13.0779160801131	13.5304535319111	13.524212232338	13.4602803985531	13.1513282614942	13.5251143980658	14.0747200464943	12.9876983516556	13.1882274551507	13.4347978091245	12.442206916993	13.3146831789583	13.5107831203585	13.4108828687955	13.3180637936778	13.3192813533966	12.6068039331497	12.8794244300967	13.7433739009922	13.2585579947954	13.1074357920475	13.1139996288954	8.53489780708166
M459.7918T346.8	11.6809967466766	11.9754757665905	12.2799778348402	12.0587796410968	11.2174121796781	11.5469005426654	12.2148400096021	11.8543948117987	11.8049076552176	12.6196175432578	11.7658939617871	12.5593834356465	11.7974244031688	11.9640543422683	11.9362820240974	12.0689594805574	11.7469687987816	10.1825912812863	9.55241353654603	11.892505716397	12.3010641419528	12.4843823719018	12.4021007838183	11.8614698175567	12.1360219023045	12.7747527364541	11.8947275275161	11.9404775611446	12.1620993354735	11.4374384882264	11.978594894168	12.2512078916221	11.9651726230874	12.2723478781213	12.3127378746639	11.7297219330201	12.2583831921898	12.5814651133513	11.9492374888131	11.8973665521086	12.0046035364531	10.1654670512467
M460.7851T46.54	16.4283133493055	16.3394983434277	16.432839796546	16.5389162895963	16.3983495495572	16.4569174674729	16.7701894328099	16.4702991127649	16.5879636046487	16.5885441590824	16.577004633282	16.8936642660929	16.6220811633091	16.6033922226246	16.4809073552952	16.5110457662905	16.3758720452358	16.9304257596264	16.3420939707417	16.621868277996	16.6853173562998	16.5404765216127	17.007568958098	16.7390832716779	16.8427650267198	16.7502469832704	16.2669698979606	16.2968558109404	16.6838407963351	15.6754117475654	16.4195864168345	16.8458396262093	16.66419975003	16.6512435046753	16.7647109148326	16.9219957851655	16.279176418424	16.9493567354625	16.7555201520009	16.717175179157	16.6902819819813	16.6765366327393
M461.2399T370.88	12.2370851693576	12.8228872819097	13.0683917828996	12.9648095557802	12.7846468956668	12.4134904067003	13.1275368691407	12.3470295727882	12.2282913079941	12.289356597988	12.5810006565421	12.3071147920245	12.4051101638842	12.4125733544977	12.4182930816259	12.4361003411753	12.3587071302586	12.1253490397845	0	12.2874330755793	12.9578859125638	12.19669067134	12.3092297576879	12.6340270835543	12.7630747235325	12.9848512843937	12.1506483995185	12.6552619631679	12.9708347356857	12.0689626474099	12.9610003536893	12.9684667466128	13.2117114493021	12.8372247661383	12.8938997507493	12.4105708796781	12.5104934373219	13.2574913878719	12.2843380342844	12.7178391390171	12.5219340947784	10.8522201736801
M461.7596T398.16	11.5936933907484	11.9208315582523	11.989813729433	11.6991473439164	12.1125710418035	11.6903576190633	12.0912505695712	11.730483563042	11.5288761022052	0	10.4507061948922	10.9712789946676	12.0541420780074	11.9234008518669	11.6366361519112	12.029129075486	12.1248359726487	11.6172997227574	11.6495099404429	11.8704759217544	11.8894617016883	11.98310491618	11.5678192089784	11.9869111951499	12.1217913016857	12.0974263318248	11.9322853068434	11.3931814893313	11.6713638202679	11.6317690936923	11.966458958914	12.2182122495491	11.983980611139	12.168467159026	12.1820310184511	10.7368892762741	12.0402101097041	12.2750743027767	10.2750338316606	12.2321886421543	11.0091991884361	10.5875610179813
M461.778T48.41	14.094039009626	14.7678937802082	14.7323167540293	14.9804939306075	14.4762116169937	14.3861349917311	15.1208997022409	14.2295868803478	14.568139961048	14.3788907188062	14.5073707759473	14.754505913224	14.252255739915	13.9694696034006	14.0917208277808	14.2847483700152	13.8444230797004	14.2135286970159	14.0069293453689	14.8346832156714	14.5328969593991	13.8032306074394	14.8623041678202	14.2180914578703	14.558601067669	14.6161249446514	14.1853196718313	14.2551122082024	14.4032161137236	14.361941107235	14.7247970370265	14.3147867169051	14.3237070137796	14.3912637630132	14.5472182020128	14.2268789468061	14.0936073734069	14.4863909131709	14.2951930694999	14.595753344199	14.3502722123913	14.6318385518591
M463.1074T229.84	13.6711559506802	13.8178217358081	14.4170099124761	13.3893001756791	13.9913716359259	13.8598122304602	13.8634936255918	13.834427423057	14.1229597910456	14.8513643029731	13.2124676946117	13.9661378806457	13.268932480199	14.3402838685441	14.4533112188012	14.8862930640713	14.4247325242064	14.1563108190377	14.37648144536	14.4425046844703	13.4854430138548	13.7799603677091	14.1901313717849	13.9350268888526	14.402085196684	14.0830655527098	13.8997794185839	14.2842213197219	14.1238895343652	13.6078176932321	14.5685209215262	13.6806100223612	14.4781513610864	13.9347620624284	13.880831179548	14.6090794857356	14.3426004725503	13.6234577194703	14.2608556740596	14.2212179686748	13.7178428336382	14.5474921096338
M463.1926T301.9_1	16.820911042383	16.299923286216	16.5318153475769	16.9570512290918	17.1005222028606	16.6932184952576	17.440553350569	17.287907312886	17.2277942325102	17.3457842804911	17.0530758287369	17.1815011845268	17.626319307397	16.9493125161053	16.1249876462694	16.8990756028561	15.0715605904196	14.9703096124003	16.4585653203966	16.5755289582425	16.2954663088083	15.4383519505876	16.5738462551346	17.110487625155	16.7722465993244	15.9640718957236	16.2458938438327	16.8792949074694	15.9386044095975	16.3986164688811	17.0184651704809	15.3839745204778	16.5753758295904	16.5412172076433	16.7165939774784	16.0867259348279	16.3604740569882	16.6178284489995	16.5245597977624	16.7444850847547	15.857090676726	16.3941945382005
M463.3207T851.62	11.7350781748176	11.7990781614731	8.28061006697386	9.75062601399455	10.409926261568	10.1739716319	10.4882367847682	11.9723311773677	12.3755986551285	11.4276928369081	9.40776469939227	9.05734969110049	10.0196630030335	6.48837316053513	8.96489447464802	11.169376590484	11.9164956054633	0	8.97802525811553	12.0978284939277	12.6474693408612	14.278533083469	12.9218574030572	8.51719904790728	10.5594190059986	13.0022561812961	13.2953261138196	14.1053525083412	12.6166851881118	8.5095468650557	12.4682699362668	11.5830356928512	0	12.1621743275395	11.540560551339	12.7131445604874	10.4833099671527	13.5188149118439	11.5227103444739	12.6914067287672	9.75503305018045	10.3217445750272
M463.3805T839.01	14.3187680772412	10.9739423504333	11.0994224155318	10.6165738196421	11.3021530054254	13.0281831378165	11.444073887993	15.5439478902971	11.9405188174701	13.9596562531131	11.3692965816642	13.2025264709	12.5606686097019	10.1079457093055	9.20155972179199	10.7932043740931	10.1928656851759	9.78302649927966	14.0430262856456	15.5089155579682	15.2470213728863	14.6084335486644	15.2418184794075	0	10.5860101380246	14.734772457833	14.6881258562135	15.6865137162488	13.7103587241969	7.90721784095971	11.3673948754197	11.5716556168155	11.1617898999974	11.8269933178361	10.822776766097	11.6770269032574	9.02344465314942	13.5401743310503	12.0701167179142	12.0110223237797	11.9621440138921	12.9791837242224
M463.4437T301.9_2	17.0640551712222	16.6713005806096	16.7540970881798	17.2223301855099	17.1307220036315	17.1820327264115	17.6479493687506	17.6096894837073	17.3013979289939	17.7207441062152	17.4037059214306	17.4988345109404	17.8178199195289	17.1133289296897	16.4052395467673	17.0648933965247	15.5208789083879	15.6097665475575	16.7106080530804	16.9938905197878	16.5921175941873	15.9247291112091	16.8938290351027	17.3733909076468	17.0466979054026	16.1815317850242	16.7179271484422	17.1274256731338	16.5414229803646	16.3983806992699	17.1111081906648	16.0691338223785	16.830443272093	16.7723361373955	17.0917765041412	16.2448850797498	17.1129257950054	16.9421785453314	16.9180332888706	17.2274462681121	16.2431176397662	16.4465327174806
M463.7749T48.41	12.2160035221146	13.9917318745296	13.9795609593219	13.9931696585912	13.850938521711	13.7994301176621	14.237361240554	13.8678623750833	13.9322796737766	13.3548506634264	14.1872121917323	13.9329529762518	13.4416407326489	13.6912493489323	13.1770564821528	13.1923476279713	13.2213919229411	13.577601529154	13.6332747663964	14.0593099990735	13.7993645586022	13.4512920059278	13.7578691545977	13.8517312342588	13.5358978889059	13.6768917723688	13.655295215681	13.6283778538769	13.9739773667957	13.5112311513558	13.6373574646461	13.9559075713946	13.9983150976342	13.8749863266477	13.7519902736573	13.6861962179717	13.2681270157785	13.5892525794768	13.5728834545425	13.7760964950229	13.6800897143714	14.2228504939838
M463.9453T301.89_2	15.3567691147881	15.466993447288	15.5989882999216	15.6289222940467	15.4261135456488	15.5920686838667	15.8844233878866	15.9988499213235	16.1033169183904	16.2030509778108	15.8067825355602	15.710011997546	16.4604517994173	15.3276256625474	15.037074056964	15.5954247467418	13.0859355157532	13.7649578364096	15.2183466899549	15.6151791336449	15.270336514429	13.431834161852	15.1305882516931	16.0716192986515	15.8763969453457	14.3908813779969	15.1556419943615	15.3665862347881	14.6808874748697	14.8243010424048	15.0223868267418	14.2210573466839	15.5638138074942	15.4223470895251	15.6479985780012	15.0224418333616	15.5529984713707	15.3155955483927	15.0735323105253	15.3048300406874	14.9185635911573	14.2785438442363
M464.0321T43.36	14.2900115769543	13.8280682161458	12.7607650812239	13.5272113985969	14.2058556555118	14.3107342840829	12.9744088013745	14.1733195000189	13.794072462536	14.1662743357795	13.1979754121717	11.0496001835915	14.0592724384717	14.2226641799081	14.2597912506502	14.2600708777588	14.0505789413015	13.5842384784793	13.966105907171	14.1408336193234	13.5284863834081	13.3094473000809	12.2781853589386	13.7115618324384	12.8738050091722	12.9047185886983	14.1952986736234	14.6363479163043	13.4829297999631	13.7069738313855	13.8656549858032	12.8895700410163	11.4565345399271	13.5529922126697	13.7444918677896	13.3874102673595	13.3956558685568	12.2365244168552	13.5314733509229	13.936464157992	12.3622386886418	13.3085772431701
M464.3148T707.96	15.4657396875685	15.7589411171121	15.2877269464297	15.7611322273984	15.2305368281881	16.0630820624936	15.280097761806	15.8949735567488	15.3995999181605	16.1908853291643	14.6315084393437	15.3808322646414	15.7149897920128	14.5689383209459	14.1186538369275	14.7781291119544	14.8748112119501	14.5558315335416	15.2254894390407	15.6328780638383	15.4503539904005	15.7205732457596	15.6928706282004	15.0638557668693	15.1472018625555	15.7117244483711	15.8922566149689	16.020046714421	16.3258814016346	13.7891017537115	15.0215065131273	15.482930028957	15.35696702254	15.4329313213038	15.0999658780621	14.700961865447	14.583016707927	16.2004732977752	15.133732382807	15.8833283838029	14.4261444354403	14.9934850848954
M465.1465T359.45	13.5457209099146	12.5029221029971	12.3815583089244	11.6521222214013	12.5616242708965	12.8570893824587	10.8916986695857	13.0111630785934	13.2912491714916	12.9035386254473	12.2909245876855	11.6202845941823	13.6133433557622	13.2534061078956	12.6655479061174	12.984702817255	12.83144401253	12.9141801278662	12.3961731168628	12.8947862558662	11.9563817826515	9.53418331991808	11.5481030811526	10.5433410342222	11.1989903423881	11.1759257403432	13.0510552555788	12.9318629623082	11.5827153927935	12.8472066242901	13.1146725505183	11.6609376655412	11.8923622967987	11.6782588388078	12.1970164626361	13.0711055639939	12.5603513372645	12.2857083331021	12.5732134459485	13.1735985993256	12.5129722980903	13.2851758948374
M466.294T656.71	12.8920723393793	15.0240060889955	14.7508929830745	13.828639865036	12.4776445045531	13.429183701547	13.804141900036	12.9096243967639	13.6378093730162	14.2144509315488	14.6597934942405	14.4762771633519	13.7364146292721	10.5373150624566	11.6524760241239	10.6749072595038	14.5846610028666	14.0303590756052	14.7758233710653	14.5444930751162	15.7250369176264	15.5281229008046	15.1351684462439	13.5246663127465	13.4416833201351	15.1152359827287	15.4117967990515	13.619572075033	15.7104341866418	11.9441361868856	12.7248805983641	14.8704770076463	15.3195416803707	15.4393471145252	14.806595084461	14.4507490632845	12.9189466929676	15.6767080840852	15.1661329636856	14.2572934076978	15.4016228553922	13.7998804193812
M466.33T707.96	14.272136513717	13.4344130090991	13.2355384051166	13.9607144164005	13.7129133325582	14.5897372400631	13.7349554718013	14.7569002992162	14.4044076281762	14.8843027079302	11.7752647577476	14.2569012038652	14.396184166055	13.9838121092317	12.8914826417896	14.1867016554545	13.404938252015	13.8903378684808	14.8543272912039	14.6615423199364	14.6303163164886	14.5244995034888	14.6885008892837	13.6512836430253	13.9258686514473	14.9378036252436	14.9382837936636	14.9531634053438	14.9289920372328	12.109818743047	13.4280065341122	14.05852554436	13.9466558863916	13.7935131118806	13.5863872044181	13.8997052239437	13.0527969412353	14.8574497684834	13.5328488031521	14.3576694011515	13.8116816713774	14.0340029109823
M466.3313T770.49	15.115833424999	15.2239179094594	14.6981651133468	15.1537408089171	14.9379627746119	15.3772972488345	14.4247991118098	15.7827482832586	14.8402684930001	16.2043694849774	14.643439179308	14.7568770561831	15.5123653220122	14.6037781064874	13.7886040347838	14.3949740458986	14.2211400913431	14.7905514511466	15.375839227543	15.6359914829362	15.7215365018682	15.5753374301529	15.5761950135566	14.0203028892786	14.4729963491222	15.9708034170628	15.7934000975562	15.6918652760259	15.913304253917	13.0171852477734	14.4813744966252	15.4489851570175	15.3043954517936	15.4458170241565	14.6294778971179	14.8555109805575	13.5480020800165	15.8048200621959	14.7912705690827	15.2912856544507	14.8497974946324	14.8572921401642
M466.3316T640.6	14.6662346514895	15.1850862899937	14.2126806732419	14.6214585487879	13.9389708202091	14.9607765171518	13.8922129040037	15.9126617475593	15.2825560411897	15.4842223266899	12.810279935372	13.247655046435	15.1550435279906	14.4614654212321	13.5283795427018	14.0202309003452	14.263437250219	13.9613450821494	15.4718650199974	15.5865863616422	15.5521354764119	15.4282888912935	15.4893301851246	12.7674423380228	14.075562315146	15.464590529886	15.6214079072345	15.3553089267872	15.7809215963549	13.2295610352401	14.0991679995383	15.2278228703474	14.7410613077826	14.6116726058377	11.9355434369025	14.2647146938788	12.7939527097063	15.0630439155898	12.3080571892594	14.1193898541087	13.2359921732329	14.5778412885091
M466.777T332.24	13.4113101898056	13.0343628270283	13.4034892097579	12.886927532978	13.6589344660004	13.2172248494023	13.1528933906166	13.5391265622226	13.551039655928	13.3199102043217	11.5292160377135	11.0046345224914	13.4873939186577	13.4964092132846	13.1538151859476	13.2930204222075	13.2029016213357	12.1408608304733	13.0042311110369	13.1532931629589	12.6223160801927	12.6474449645813	12.3705304351096	12.7575304453867	13.1580020643727	12.9569200289412	13.1519587544338	13.2080830180413	12.9104229524406	13.292214842043	13.97886284784	13.3167362378311	12.6493516536692	12.7674200879277	13.0998291550861	11.8544458408101	13.5668653786904	13.1690607986495	11.3550616985184	13.058411227026	11.9142262353484	12.493040192862
M466.8234T895.25	12.7799058329066	12.4909962164681	12.2230222691472	12.1540513023127	11.7297059254958	12.7044530011895	12.2093968042165	13.0155213981006	13.4128591767503	12.9413913347073	12.6679451332176	14.305273051185	12.7076205657153	11.1518116371788	11.2622137692877	11.3368690638342	12.4444601614243	11.6169955536773	13.0024315757966	12.781985239136	13.3373331734449	13.0199629077462	12.7564795771806	11.652360093181	13.0247312249	14.8879003498871	12.5305859902027	12.4336204172004	12.7710878088015	11.7327272448012	11.6532054442767	12.5162302996686	11.9979558481609	12.3751106359602	11.5692389311332	13.8990774786379	11.3953112920112	13.1250858969456	12.8741724296323	12.7085832744879	13.2291779043082	12.04599052972
M467.1542T497.3	15.1642147002198	13.5071077702559	13.063503948434	13.5086671718443	14.870594528156	14.7517356746709	13.431584727744	14.8073024377479	14.9526414484354	14.8090494456378	12.4926023404896	12.8336507384501	14.6668946884932	14.7781198587233	14.1353734080494	14.4617396120644	14.553563945619	14.0495970096586	14.6443049735767	14.8224676328188	12.7432923637787	13.5218776841491	13.129851405328	13.3008061771772	13.6531602106264	13.7093307315144	14.581665343274	14.5682742371156	13.5622063702049	13.642421367188	14.6226711599725	13.8503408603774	13.4319897653859	13.5905008162685	13.0835597915732	14.2056654548234	14.6508071394056	13.7761203844334	13.2532482771407	14.6761045829543	13.5789527758342	14.466893161681
M467.2528T281.7	12.5050463979904	13.2573727288096	13.5010630665869	13.9171014809181	13.4681744851146	12.5644113971144	13.7608943470152	13.1979233765225	12.3839506015161	12.5158004415451	13.5414184503892	12.1665393379076	12.8533376954759	12.7018385672596	13.2166459699001	13.3303136827382	12.4645970598849	13.4121260723948	12.7635082361455	13.2777926466132	12.7528399236494	12.593510489382	12.8125135555769	11.1563431274753	12.5433576363042	13.2180069682984	13.1138857949143	13.0979961511374	13.5597400333823	12.5085329165251	13.1967158922177	14.2792824158613	12.3647942503159	12.8067357959819	13.0221814157927	13.597125070469	13.0651628183628	13.1807575570308	13.3965954603994	13.7409687781646	12.921712319199	13.6677761042588
M467.9655T49.01	14.8671967560924	15.3925352420481	14.966395810075	14.8252725721028	15.0901991193277	14.6305684740035	15.071352486388	14.3806309976565	14.9803361952591	14.1541493359438	14.7508928688173	14.0496207746064	14.8481849233168	14.6354408404273	14.8037664990387	14.7435315539522	14.2047882327303	13.7352498906423	14.5062520722547	14.852820088067	14.8221384207519	14.182920115419	14.7672334350717	14.1162455072523	14.7648398301022	14.8040509672553	14.5483882370818	14.8806975878253	14.8820038100738	15.0463506182254	14.8962919756358	14.7059436545331	14.7498027552085	14.8117893890638	15.0731006402345	13.8690382403283	14.5814908648722	14.5707169578924	14.2632578435736	14.5416676540839	14.3459582169063	14.198349137379
M467.9939T284.31_2	14.5164936084767	14.0390431937478	14.2637183612746	14.5990483222482	14.687110193536	13.8980580768912	14.0346719911166	14.4512875094826	13.7419129376496	15.0067460906385	13.4702680285031	13.7764734186771	14.4095031176602	14.6637272996021	14.4801230252861	15.3316964748785	14.5024053834361	14.9132640423235	15.0757454034805	15.0772444685392	15.1236845841553	15.1001268800044	14.9451476120626	13.7036075391857	14.6143513007451	15.0091442764497	14.7671159865848	15.0573628133483	15.068569360803	13.9732286078604	14.7616095438426	15.4344642080705	14.8455002417772	14.8329673464386	14.3265069344963	15.1259715633719	14.4828181415921	14.6890912455545	14.4638266568583	14.2602834506714	13.624513472204	14.6054484109043
M468.3118T707.57	15.4408115722852	16.1990682364137	14.8523215192277	15.1159883378656	15.2961813864762	15.5683869881532	15.0701379544827	15.9884678708422	15.4940039272024	15.9719981369965	15.595326993636	15.8122553575178	16.058915663929	15.0705609206408	14.0373162398488	14.9102153081372	15.2709867834811	15.5059633700448	16.3124393104758	16.1805492015165	16.040211599612	16.3165225435681	16.2768483153041	15.2094207952085	14.760468132784	16.3324533382406	16.2527974917279	16.2436630742089	16.3842657856418	13.8547811181292	14.7100934666332	15.9088371839826	15.3953412502094	15.9318571286263	15.5231810193859	15.9594530215084	14.7028164338797	16.2200460947121	15.8817663306955	15.8885368451642	16.2884079394536	15.8731890288953
M468.3469T779.62	16.9639974034347	16.7751867006474	15.9849179392747	16.3818947059316	16.0802108178534	16.7122694002164	15.8218799118444	17.0790218994984	16.644961429778	17.149766034138	16.2518557681154	16.5315719663983	17.2012699711761	16.2288762258302	15.2010410919658	15.9155480385876	15.7289003124738	15.6418781578467	16.8294234311476	17.078572517608	17.2448880953095	16.6648782940538	17.0913577332799	16.0015002068566	16.1916454686648	17.6559416224026	17.0376123826474	17.4932135258258	17.1127818145489	15.2268139064334	15.8738488464915	16.6687040441848	16.5875042190732	16.8542981151378	16.1289614780044	16.4400963363921	15.7687403066602	17.6780224001724	16.3036730476097	16.6912777533595	16.3832546207255	16.6271659946419
M468.4954T284.29_4	12.4622468514673	11.2483079277466	12.4499643655528	12.5543642963846	12.1456528831568	11.3363188636134	9.73856606983373	12.1294234269433	11.6632088693352	11.6304994057961	10.5205236561739	11.2003825511687	12.3740314142162	11.8588835202133	11.7444030809643	12.6695680642182	11.9214209699885	12.5284333906153	12.3295817156793	12.8238443222794	12.9040610437293	12.6963729321156	12.252243933661	10.9662159598149	12.8197999949681	12.6394092527215	12.3308698756741	12.5139881109122	12.7789503332887	11.8290937200921	12.4268354836469	13.2659858245816	11.7503356246593	12.2094285686458	11.7008027392286	12.9280037221601	12.1766356201892	12.2897277442588	12.0434967868864	11.8728387368458	11.6343037116994	12.405723257852
M468.8169T46.16	16.5816325566004	16.3209825429847	16.5741627117865	16.6374156132579	16.6641323605664	16.4706167972356	16.5712273829413	16.5048535184478	16.5784485536368	16.549675808912	16.5227431747772	16.9384181231947	16.5868063117595	16.5656413386288	16.4787194860514	16.5191138924885	16.6826462267933	16.9348800254217	16.5422597505488	16.5672082875899	16.6591108961506	16.5795456701699	16.8435470639259	16.8454490842591	16.7174457014775	16.7142227079221	16.3042001336472	16.6944707502937	16.7133311601657	16.1883337319325	16.4661523164541	16.8694527385009	16.7355455852697	16.7354272879661	16.6849575740418	16.8555144430311	16.3264240278628	16.8581816024343	16.8434495505397	16.7526627078023	16.7387149185729	16.7756708995991
M469.2305T360.36	13.5905332735617	14.0049043416252	13.6879632242812	13.6890196363638	13.8846932439721	13.8358878546759	13.8236551038634	13.9904833148598	13.6472255821181	13.7258397597296	13.5972292300485	13.4066660435521	14.1731963394129	14.0254755701163	13.9087032192909	13.948544124562	14.043159095057	13.2792206156853	13.853323042134	14.1287084932783	14.3341567917165	14.3710595485938	13.8982191142831	13.7916542900179	14.1992468462209	14.1639271827955	14.032407475848	13.8995113418282	14.129753330678	13.4610181282187	13.9465418576042	14.0252105512825	14.1785036666898	14.0111023752915	14.0415340144185	12.9809461532166	13.9476739671599	14.0009801099124	13.5147114260351	13.7325722268167	13.6173799641469	12.877766273364
M469.7322T360.22	12.2881435465428	12.7186095909588	12.8124082216278	11.1075269542521	12.5520399515957	12.7036676030964	12.5166283346557	12.8613921471003	12.4453693237293	12.6842214884938	12.4044763506338	11.0659371786585	12.9992532272065	12.6162927823638	12.7406470739253	12.5600981103888	12.8377861325838	0	9.38503250475881	12.6974001838245	13.2216462602141	13.0463076663964	12.7904363132306	12.7199498576164	13.0043249170174	13.1471599461183	12.8766610944466	12.8252153152628	12.8496902279136	11.9841977178557	12.6982553960709	12.8860797219459	12.8582194168462	12.9159157070233	12.7642993387916	11.5837881078605	12.8307591031241	13.0019253385799	12.0468089580544	12.6352445057541	12.3555906915861	11.2240866859632
M470.2893T620.88	13.331803671712	13.5744543806303	12.8248450770265	12.671585951365	13.2947083020776	13.9143481716258	12.5115718676927	13.8634781383835	13.6457895684239	14.3318314902082	14.4901146536114	14.3828641224229	14.1435042942769	12.9207981184997	11.9317426131408	12.6761666514414	13.2769659952002	14.1726982945803	14.053760340844	14.172812340795	13.9381258266566	13.8503904077993	13.5682208949186	12.9842565788383	12.4135846268874	14.0049952562039	14.0144267543543	13.9460827414481	14.1430510868973	11.4900465642121	12.8979699948969	13.2260129780489	13.520873773006	13.854528306805	12.9588157136253	14.6278533132404	12.6517075061202	13.9548015415455	14.2298992559065	13.9538955016832	14.7079036956377	14.4875028709858
M470.7013T273.45_1	13.5115925472999	12.7981120042651	12.9886977470405	13.5328089877386	13.0965416653509	13.2465164172464	13.6329763753379	13.2996554110565	13.4124184291689	13.0392151066918	13.2686902354026	14.021334029207	13.7760649753551	12.8622934924848	13.4821677953687	13.2369886389754	12.0389930692701	12.8810590901642	13.0848033149005	13.9448144806871	13.0912105481838	10.3658611021553	13.2681858646731	13.982097555323	14.0011945503012	12.9441024910313	13.0674653558417	13.9982209209559	13.0432971629132	13.2026439409534	14.5084106193304	13.3308211807681	13.3332447412048	13.2369621240769	13.5487345334234	13.3076485365631	13.5820361754777	13.5920996430824	14.1746322725717	12.8990048287418	13.1378108535921	14.2463057973488
M470.8139T46.14	16.4307094731558	16.4554071394558	16.4540907922857	16.5722124393327	16.352877058722	16.4532399569582	16.3816931823247	16.4487154622584	16.5475905638128	16.3824312812763	16.5375755057823	16.7953813932762	16.5013013685974	16.4766082581334	16.2512883937985	16.4255252046006	16.4148077269272	16.7420314520012	0	16.4316469981975	16.5578230328967	16.5159043356908	16.7215759433648	16.5589029413575	16.7242917130605	16.6993963531409	16.3933736728384	16.477244795658	16.667948800568	16.1559206654549	16.3014784236821	16.7668826937075	16.6264505047216	16.7254545903177	16.6187061497331	16.6781277582632	16.2674045796629	16.7516435966405	16.6706542741982	16.7602385287885	16.7185621900188	16.6751325741993
M471.3488T578.51	13.1617783877977	13.9326723923859	13.7562757011785	14.4031271405415	9.12827555940748	10.7646740890817	12.5778623587867	14.7560463221269	14.3867133953608	14.8577475567132	16.7036688623024	15.8671203712105	15.9157415890723	13.9033260231114	12.6931324403166	12.9169412023496	13.178324763177	16.7891659768948	13.8729772234073	13.028714591744	12.9503882412454	13.8709155782431	13.5390645922904	11.9090736488273	13.1512902981684	14.2310437715362	14.2850291633537	13.6409387279184	14.8517661622509	9.85693282769394	13.2477685815419	14.2534186118622	12.7297083129905	11.2708231690439	14.4691919802768	16.7710664443898	12.5682552889751	15.0329114059069	15.5616815006234	14.8446341600603	15.9806441015036	16.2368035666828
M472.4392T931.18	12.8333189814497	12.3379747339118	10.747245548045	12.3682624834632	12.2588165703272	12.8623661961028	12.0099995535021	11.4633340646433	12.6780837718719	12.3831472337863	11.4265912196817	12.6757776655218	10.5809704781191	11.8302611185733	12.6655297241536	11.9406296759769	12.1432119230793	12.0260644600077	12.4990390054482	12.675785714925	11.1206281604043	12.3654339799584	12.2920686995875	12.6105245626456	12.4882850467378	12.5890950230521	11.7193450428415	12.7858582529017	12.4186088431115	10.2668296499268	12.6617410161969	13.0078473210699	11.7159586782	12.2453361813325	12.0737178778062	12.5280185087238	12.1746260567207	12.5829569122001	12.5175948680874	12.237993801058	12.6502154368632	12.6183119299944
M472.6825T337.7	12.4977290376195	13.4798844501778	13.4852657241401	13.4234155333514	12.9608009058774	12.7155791729444	13.0449482665154	12.8089272063408	12.6572805616131	12.640113007553	12.7260189788397	0	13.045301581346	12.922578056306	12.5810446574446	12.2605017167387	12.9367774371964	12.1517261414111	12.5286485706954	12.6349142058141	12.7320516205251	13.4468673087362	12.7070434965912	13.2250550257482	13.4712024219799	13.4799192095999	12.6511235603302	12.6150693832637	13.2892397497605	12.1470007832165	12.8835235305934	13.6264414653906	13.4981594240071	13.3479702028797	13.3478593797207	11.6828689809773	12.8853316738725	13.5940559023717	12.4785357696751	12.519791007141	12.9736838338205	11.7811110195292
M473.3284T552.19	13.8772680997111	15.3217976690836	14.6212558658912	15.5132642213573	14.1702623353853	15.4704397728352	15.3250410926716	16.7623189390072	14.0242942527859	14.6739587808874	16.6696964705319	15.8518878597223	16.0300000581953	15.4819946177466	15.3032660541905	16.3317811167104	15.3511751200539	15.1888000533763	15.7489066316002	15.201916990205	15.1968672302489	15.4863533131954	15.848703049166	15.0717870835565	15.131613781305	16.344708466772	15.7414751956771	12.4395886566734	15.8321040587832	14.6039814369706	15.6737501526663	15.2837195364076	15.0027371260946	15.536454909314	15.9420474749238	17.0096067642487	15.6030675933754	16.1263267532764	17.0348575689055	16.8842241837687	15.8139171802823	16.3466422249629
M473.3629T943.13	13.994020333291	12.607320018575	12.4428089383566	11.9977540785827	12.6669547173233	13.6763046628471	11.5165269782097	13.9898155965281	13.6081974746545	13.2136398474482	13.4468316577536	13.5495922125716	12.5442573219204	11.6032530377462	10.8876224377822	12.2211079932608	11.294512981754	10.2806953215505	13.0025730991151	12.9818262143216	6.25712661529435	13.7715430340782	13.3243842214179	10.5610462737983	12.8616500792636	14.2562615133182	14.1097494377423	14.8116406745873	14.1199830709441	12.0301365752126	12.4875195871561	13.6855690915727	13.7427347382015	13.9830904627026	13.465741258087	13.6686300320087	10.4981043690256	14.0299027928551	13.1752877292177	12.9939579332902	12.4257909336027	13.8773846782096
M474.3314T551.98	11.7831306045519	13.4943878747836	13.0769022920193	13.5929840505169	11.6952556482446	10.0665737720922	13.0723499707293	15.2183703965679	12.4530390953479	10.1716494821034	14.8529218019226	10.9037976138081	14.5065675966022	13.5838254904515	13.7422773048176	13.8718977920841	13.2295986661617	13.4033677827361	9.73315799375726	13.6385791143597	13.8314067589962	13.6304166305185	13.8756893928322	13.0183365875969	13.2922079110357	14.4018460136741	14.3413488678216	10.2816805045877	13.9673724082257	13.0878604670272	13.7891649120542	13.5959030523402	13.2851822233042	13.4396269678924	14.1028729779857	15.2341923979767	9.61493798270277	14.4794905205005	15.3261942728196	14.8043566866769	13.9810295511228	11.3584440176748
M474.3498T734.83	14.5040673062338	14.7932142756084	13.556112314068	14.1242206385441	14.4433614291529	15.2118105084459	14.6173681185018	14.5430889329313	15.6565872644081	14.3292452111677	14.5765097342072	15.4630378019956	14.3673701527205	14.5840603946587	14.6975045444322	14.8340848895709	14.4932416023988	11.3377091983237	13.8265950727168	14.1799203210976	14.9871044175069	14.8880752966136	14.6947109446302	14.0766604899405	14.5716524655395	16.0388403567525	13.938062797121	14.7589387104788	14.5487415299893	13.3623726963588	13.8785844666007	14.5881268040687	14.1187293552872	14.3192255699609	14.0763671117332	15.2104768145161	13.373157514104	15.2273267621037	15.2177479122988	14.8331988099686	13.5176847653813	13.8282831722952
M474.9428T1194.98	13.1123842252163	13.2454579195623	12.6139213228915	13.3577553118215	13.1713605499861	13.5993941470192	12.4380515288747	13.4811362779683	13.1781386521763	13.2130870075202	12.860865344637	13.4235733918055	13.5664720989433	12.58769605172	12.6602987560246	12.7646076679585	13.0992743326281	12.8327802744664	13.7470328894692	13.2744628801406	13.9898294524045	14.0488439710458	13.3053752417808	13.1332224792484	12.5777837186534	13.5593442968148	13.2220203914626	14.1095102484542	13.4323232354303	12.990536923828	12.9669009265121	13.1289652224693	13.2458111671577	14.4344786654788	13.7657117441024	12.995519413068	13.5306987318898	13.7278902859139	13.8469387742435	13.5688411813702	13.6909507969841	13.463496601718
M475.3438T544.08	14.4477898692453	15.8071647002999	14.8896657387065	16.7936343321271	15.2815437588672	15.1114463645852	15.6676881591521	16.0674797862419	14.6138638515943	15.8572891737064	16.3769113963703	14.859583480287	14.7654335467225	14.242494119253	14.7863034846139	15.5563600611698	15.1196988507156	15.560419710169	16.6553185020611	15.6533311795643	15.0614707790356	15.9062171877042	14.6520800931062	15.0432010594976	14.128978100659	15.2768594569631	15.905901694732	13.7745128695764	16.2700008653503	14.9504017297606	15.7415396020816	15.7447188505285	14.1068066417062	17.382446911868	15.1830512257885	16.9615654617033	16.043442120963	16.1840805902637	16.2091918584555	16.5105998175236	15.1520110594653	16.6714572677286
M475.7942T384.94	12.6955469536087	13.1295834381124	13.1558933403888	13.0517997229349	13.106190018991	12.9768117598993	13.3654235848598	13.2681314813638	12.8791667059062	0	12.9630864421925	13.2920599109902	13.0475399436278	12.8553440814147	12.7791596161787	12.8928399906102	12.8665524850582	12.7818336105713	12.7569321385878	13.2328432577435	13.7985401847406	13.2243960034241	13.0372958482503	13.0520291616938	13.5452213920903	13.7345563800076	12.9050346359319	12.8540005039973	13.2942993094658	12.127821698632	12.8873885602909	13.3045055289587	12.9488992532466	13.1902432617976	13.2178095438037	12.7578769471738	12.8944489549159	13.6254407634116	13.0544735296919	13.0937072404559	12.6350057773009	12.5126893759163
M476.0786T386.92	13.4208167435744	12.999828700559	13.3617143550518	13.0920276062353	13.890006147688	14.0179245228214	13.3291979782794	14.0127536724419	13.3035533179009	13.1258225401331	13.5163827565617	11.9938311441876	14.3929301595096	14.1020132372448	13.601932451438	14.1137454367021	13.6365144548192	12.8188425136968	11.7878075140141	13.4775295428846	12.6419411706556	11.9297227811233	12.8206845212308	12.637317046996	12.67071615404	13.350861958759	13.9518198370143	13.8460566742078	13.1921532182148	13.7066749344899	13.7699094687606	13.4096982517297	13.2620831670201	14.1118148999365	12.8634609810297	13.0927446072369	13.8195927810968	13.852473883627	12.9035367349909	14.4584529179069	13.4200869830219	12.1474145123294
M476.2434T429.47	12.6861850038207	11.0208327714253	9.87235422230663	11.9426773078453	12.8196109520691	12.7374643780788	12.7498921523433	12.4935979035881	12.7499780889704	13.429681205799	13.4978119271013	13.4420752368173	13.3111773199968	13.1700267592674	12.2689779069806	12.8172507969576	12.0801036005195	12.9105310858971	13.0737305469441	12.9798978606358	12.6020625843206	11.574190576489	12.1781863886292	12.8019793209399	12.0744807345071	13.306395285321	11.8661950879314	12.2881655748837	12.3134675219395	12.8875704852938	12.8812953607739	12.2883405686814	12.1482449045638	11.682939839965	10.426679731065	13.9054062789679	12.8988212353055	12.1838836093104	13.2106226556672	13.2468539651537	12.8119255901252	14.197241270969
M476.2797T535.78	12.2933969980472	14.5743769112859	15.8334635646784	14.5322390967512	11.9824793587786	12.9430700005603	14.5739047772521	13.9786361556001	13.8828645357756	12.6574036920655	14.4838582531332	13.9655113978511	12.1309924736127	11.6353776596504	11.918555808633	12.5855775498846	12.9136077866519	9.39950810024184	12.1738424629343	12.5395569573804	13.8878695932573	15.2784636912313	14.9728002048143	13.8901867330726	14.0604343796875	14.3684425252528	14.0483998810402	14.0579140635115	15.4937724513267	13.5822984775374	14.671072457367	14.4891698349781	14.7975462943411	14.513368095841	15.0654655412458	12.6730568961107	13.6452017425697	16.1679135353573	14.7899995883164	14.4829648593355	13.5822452291229	13.359208275317
M477.0161T50.21	14.2388369311788	14.0605070760393	13.0950220904982	13.1507701662615	14.0993960609396	13.8749534144342	13.5338528158558	13.3697757331668	13.7586125281354	13.0301113171651	13.9532059638718	13.2760496314465	13.8678582094655	13.5443510967769	14.0478512586443	13.7430397061068	13.7092978119888	11.3647778599641	13.6557963854415	12.7458927584869	13.6961811335329	13.1373197965093	12.5227803483498	11.6828911977232	13.5628413875002	13.8329185279171	13.3878968972179	13.9175939229576	13.1447384975807	13.2065270015456	13.3093358667671	14.1014461932354	13.4698980350122	14.0962505558724	14.0236607585325	12.8556184941446	13.7355856603852	13.8924231561624	13.5465985845356	13.9954365683522	14.19975754095	10.6157624484298
M478.1993T546.62	13.2132152813058	13.255791232052	12.1167905046888	12.1667964835319	12.2685797476539	12.7129686105491	12.5476123369595	13.9499591823175	12.3750926346358	13.349319417558	12.8345917177359	13.1632805807998	13.2290534287204	12.368897969981	11.1451673778473	12.2408912023117	11.8208542197979	8.05405628578749	12.5939879095263	13.8522915642646	13.432064544685	13.7561309659039	14.2232225624976	12.4697474814973	12.9274225599649	14.872113541901	13.5654798200203	13.7422343500543	13.0805986635885	9.67295018387716	12.0790687302876	12.5717294352651	12.9370969093734	12.7416367156509	12.2966042623729	12.7420131046375	11.4851693764833	14.6952797403807	13.1257715747028	13.101911219432	13.3752118482901	12.5479684423435
M478.2505T415.19	13.4825838101369	13.963309297382	13.9879750923263	14.0305186190053	12.7737122851624	13.527744697431	14.1916548864704	13.5421803114307	13.8300158239304	13.6956043799542	13.2671895743134	13.6005137700909	13.6970298734488	13.7770071667881	12.7040132669643	13.6231078369461	13.5914463524524	13.2037705410455	0	13.676800294059	13.7695764090787	13.6191053217485	13.8065316960574	13.6189260043867	13.9057731285994	14.2855570869631	13.4776503798178	13.5606740700478	13.9941273360022	13.1937963183443	13.8942030185552	14.109182884592	13.9913014467941	13.9561576701414	13.9742573142953	13.0025907560835	13.5636207262036	14.1287269574835	13.4571327748161	13.8218250224243	13.5896676190624	13.1425590427317
M478.3134T871.33	13.3234425575241	12.2734581557522	11.3255771723019	9.94890830892173	10.2030631411978	12.2319815621546	11.3576293741491	12.5756115272247	11.4407716454356	13.228687513658	11.8873427002577	12.8518134956816	12.6696539004602	9.32628841381584	8.62523723316864	9.62511805422283	9.65073148686689	0	13.2697947904979	12.8221703389962	12.1657005364004	14.5746070722258	13.2672771785862	10.8992468550724	11.884841459361	13.9305325380434	13.2625371998687	13.4314788279747	13.24801572764	10.8802339499644	11.1282087408998	12.8383735413777	12.8543896898679	12.6803061377624	11.6715634736055	11.9487828505234	10.8507736628929	14.354608185421	12.0690436126954	10.9684568725711	12.2415895674765	12.5963625616453
M478.3311T696.89	19.050914123863	18.35409034937	18.1141872701459	18.6326765857115	17.6137420653896	18.8755058058824	18.5249878260111	19.0332265454444	18.6003020093832	19.2436118802231	18.7762420651248	19.0918448442882	18.7254509116592	18.4339651819768	18.5544251739623	18.9408156471045	17.4797824479836	18.7141873553962	18.0212035920645	18.3266459012847	19.2934999130595	19.1090871539524	19.3774427299979	17.7268246928281	18.6567665342263	19.6477413093863	18.32596922129	18.4022033540802	18.5183135836414	17.4186187976729	18.535822617331	17.9949295309793	18.9815078263121	17.7743277538459	18.432812032931	18.8297057936946	18.6507319218535	19.0806708454622	17.4522832390346	19.1027937759315	18.9960354025467	18.904365740986
M478.8458T45.75	17.0036759216789	16.9516570919683	17.0782242577061	16.9177857782443	16.9907663123813	16.7905812489022	16.9599019460816	16.8842443057461	17.03357516252	16.8936525790913	16.8156159666634	17.2404053763506	16.8973016342306	16.9806617399738	16.8642031870042	16.8182794161988	16.8854959333233	17.2753717684412	17.0056135585193	17.0324992767174	16.9240047778982	17.0804180010815	17.0878753388913	17.1227915823223	17.082733888768	17.0521491503733	16.7652226380895	17.0907559972195	17.1290404003024	17.1366827713436	16.8465092839079	17.1710005754563	17.0593735536236	17.1337151617774	17.042864607204	17.1539395155649	16.6460702339232	17.163074110336	17.0478483634299	17.0013981122188	17.2268562407836	17.1020686203569
M478.9055T42.81	14.0490782847605	14.2351999653447	14.4698678238324	14.1109708345242	13.5374235160547	13.4817812552548	13.9198234094949	13.3381041850825	14.3003836108483	13.6421047201978	14.1942906733866	12.3881157936883	13.9899744536398	12.1668440750717	13.7312232775992	14.1158689832369	13.8259200340788	13.8978613405561	13.1970787061582	13.8618669429041	14.5536271954737	13.9758211832947	14.2394202568317	12.9969341821206	14.0489610920829	14.2656906521735	12.8016074347937	13.9060214181481	14.2215330375255	13.8977666309764	13.4500257635377	14.2484326536441	14.2075253030066	14.0647339690882	14.4233424074806	14.3985112505058	12.9326568433352	13.9730104299986	13.8937088893005	14.2638410258033	13.9929348810665	13.9585713423089
M479.1257T371.67	15.6387226851886	14.8749027974542	14.5359067842464	14.2026839938777	14.9294620509594	15.1405823472356	13.1563304731116	15.2404884835842	15.0611728549206	15.7894997384609	14.5376715350788	13.6044520357242	15.747056419453	14.9146756431667	14.6082476797166	14.6499793095786	14.816944241883	15.2713545388527	15.0256175563851	14.7085865045441	11.9730097944802	13.3825564490642	13.257309166428	13.3961170539806	13.2497928324109	13.574244495233	15.3497613049905	15.2879442628864	14.3210991798895	14.3633697348499	14.8451242609424	14.0652734330308	14.0377340555371	14.2897936329394	13.910826266831	15.3985778347307	14.5136104808675	14.487462331928	14.6789495050936	14.9496992516165	14.6284526994028	15.4794870527147
M479.1911T505.07	12.8448986919961	13.7503098805168	13.0533345035954	13.0364115299723	12.4396809204909	12.2699329924359	11.3307384585036	13.548133633556	12.548884941505	13.1430837194614	14.1470493634065	13.1280947307809	13.3507922900227	12.1617816925648	9.91733236508003	12.0273402543368	11.3207262495945	12.9310103068803	13.3504158751898	13.9410184390156	13.735435316765	13.5787768385731	14.2145875423924	12.388844884699	13.1653774896161	14.8326565814635	13.1211562969662	13.0347420815138	13.9251634529072	9.02589993849244	11.0955480792509	13.8842553042586	13.5677211294909	13.753178973627	12.3490199634448	13.7250744755662	11.054442555989	13.5970714336261	13.1643361529149	11.6856667147641	14.1755137127033	12.9620460578468
M479.1915T530.24	13.1953129412713	13.953909011415	13.2587257828323	13.0181324730871	11.8769368136694	12.5881574666912	11.2160473427904	13.5151328917523	12.4779835157802	13.7577929033702	14.206788443064	13.3528169986712	13.5846406674005	12.2573844947956	11.1676876816335	11.8611725174014	12.5149540378987	12.788039377117	13.7115674052005	14.2819464712159	14.3785954491673	13.8846578555886	14.40991637535	12.3289037720827	12.995703520743	15.1482229936603	13.4015180557573	13.2778556802787	14.0340516589205	11.4876442709409	9.70315929999253	13.8488461658435	13.6403861205657	13.718242362504	12.648342551678	13.8305053050493	10.6446886170283	13.8113420321475	13.387139771633	12.0914183411998	14.1089249675479	13.331745041201
M479.3265T625.18	14.7457478057558	15.5314575796822	12.2321827558437	14.4104590457574	12.6222100864127	13.0263844556443	12.6548446705367	14.4561035468834	12.9607223465339	13.4806524382098	11.173860849816	13.9229056930379	15.4259341355406	13.655877583073	10.1908328935234	9.42714583893011	13.9958249163044	13.1297362382282	10.3086399891262	15.7289841773914	13.9275641707035	13.6233871664967	14.1119348246267	10.9715579287357	12.8760956457627	14.456886558898	13.9481000234683	13.4299338937526	13.9728129569397	12.7996964490914	13.027081722987	13.4725597562179	14.2120274085804	14.9057805219871	13.1744752670768	16.3210772746767	13.8403251497804	12.6047754400671	10.6919365119642	13.2362943468102	13.3342672668648	13.0745762291095
M479.7559T388.92_1	19.520155626504	19.0053375563233	18.6138970937281	18.8417729022413	19.5049713294777	19.3139920843238	18.4023167951383	19.3667525701955	19.5136834734957	0	18.8353403695409	18.3485116656214	20.1697723833953	19.6587015152224	19.4469588089257	19.6839192684442	18.9776180909909	0	19.4379956833616	19.8046332009293	19.1152860179728	19.1572565180192	18.8878300692732	18.6257895812277	18.8684421235793	19.2524193367359	19.3834284588411	19.7477700004668	19.1168852004938	18.8112141622688	19.0355627487167	19.6961944401771	19.1570380860626	18.8930260083242	19.1680547055643	19.3213513030766	19.4372541558864	19.2517528824887	18.8068767191724	19.2677197272264	18.5877427121418	19.150495366472
M480.2157T584.76	13.9311811721149	13.8654592876528	13.1310647528836	13.6126672348246	13.1772961709989	14.406052823268	13.8660315492417	12.0518319712621	14.7107522138015	14.2413572973467	10.085086221656	14.5194287446386	13.8597580333795	13.8883054457397	11.8543725146741	13.1659935952102	13.0100619478626	12.5721199024842	13.57271296644	12.6819697957955	10.9356757817428	12.9449698469196	11.2350021113044	13.2647832289647	12.4019394593264	12.7387583403898	14.0305583205748	12.8782349674236	13.7352870399134	12.6136090154625	14.1492324562474	13.634697457695	14.0069216711612	14.4313939379814	13.6992797002752	13.9289081328098	13.7670802216418	14.3387872194523	14.1258892135259	14.7572929563383	13.8102374196951	14.3229727666082
M480.3466T731.84	15.939097033037	15.9276245883548	15.0950325506504	15.2731371066816	15.4611114847296	15.9911789491541	15.1310033823217	16.1321576567803	15.5796613880981	17.0153430349131	15.3244575017502	15.879141201019	16.5402225740029	15.3543260599039	15.1833053813649	14.7646618714541	15.3471766071196	15.3212900017787	16.5704067287325	16.528466355808	16.4270357968133	16.2456516239076	16.7380526822062	15.1292487787495	15.5396623838479	16.9801077219266	16.5097944039015	16.2114135487839	16.6421905410773	13.1035313258091	14.754397711196	16.268542456048	16.1196785770272	16.0318585741429	15.0982561046597	15.1120039267146	13.7166554116338	16.4079758245555	15.5297434151693	16.0116183848309	15.1229025363058	15.5178836198994
M481.1143T75.6	16.8233401333147	17.1790393890116	15.9880790257387	16.1582064498912	16.93094261007	16.935988377066	16.3310361393806	16.4050455649962	16.9416062504419	16.4754925963856	16.4693814529071	16.4940530313404	16.4377773228686	16.6855658731569	17.1897746158215	17.3205898732185	16.6930668034704	16.2493142797413	16.6763098884559	16.7951647320331	16.3072568609058	17.0054660613109	16.1649549565649	16.2672438079868	17.1596308958139	16.8696855839192	16.5050872197529	16.7823904575912	16.6880964728432	16.6601748487644	16.9153305946018	16.676807693435	16.7692854570303	16.5285191050531	16.4942042225303	16.9682442822191	17.0889177213417	16.0707403900567	17.0529051510407	16.7709876630818	16.698476231328	16.876120653728
M481.287T870.27	11.4161455645668	12.0764282991246	11.3628745240789	11.4885114298138	11.7395279839954	11.989735076991	11.8195388605596	12.0012761894948	11.6112704570146	12.0633636386971	11.4462551608071	11.7792157272072	12.2456002627098	11.4577740583268	10.6170740384101	11.6095923315192	11.7510017749743	11.7467523021175	11.806326590419	12.3596141756994	12.2115657276107	12.1242373384903	12.0474601004472	11.7843594452797	11.1216432161253	11.867117763503	11.6812650601831	12.0522183931003	10.411075892268	11.7067388655507	11.6403458429182	11.7912286967326	11.8900398369749	11.976051077202	11.6688582581399	11.9855290548257	11.7792085984682	11.8673516810505	11.5010247224182	11.722293222512	12.0572863241801	11.9699517172431
M481.7035T300.99	15.927300181647	14.4860943843571	15.6224797623615	16.0155099091485	14.6091704726803	14.9623093819488	16.1673565033308	15.3921297101932	15.6468004161245	14.8538783618124	0	14.826990350685	14.9251822744019	15.3324821947624	15.5648608989056	16.1283831876247	11.8459710697579	0	13.8525001445331	15.1979069800861	11.8600876836012	11.0011050437403	15.6533911731641	15.1208087949727	15.5012171682338	13.9878848174533	15.7594844103923	16.0996324129147	15.3127159279374	15.2232902183246	16.7722493324344	15.1308523376437	15.1414527372073	15.2359077579224	16.0329072641498	13.2634144734025	15.7502446035855	15.5608838611586	14.9995644575977	15.5818165109307	11.5145422287515	15.507861750058
M482.326T644.98	17.1601339753481	17.5720566231168	16.5418968827914	16.8445016804128	16.7205812161779	17.1124005295999	16.8227676037983	17.4977157999484	17.5178290203174	17.9330146900665	17.5985923839639	17.6680450560371	17.7698928490404	16.4240528199452	16.1462210572025	16.7664820266624	17.1180698470887	17.1198541229169	17.9306812404935	17.9137849646377	17.9168324768687	17.7284863899963	17.8035481243749	17.0376501132795	16.8864197327577	18.2548397184502	18.0350691999225	17.6263604665024	17.9364001583587	15.6272398506471	16.4534157292735	17.5597410081089	17.4476709862538	17.5808552974105	16.8830435737661	17.3389854132609	16.4058862514312	17.9732054464226	17.7599850302105	17.5973914531598	18.1829584069423	17.5462159454593
M482.3263T728.83	18.1490585660124	18.4341034483899	17.2971179479161	17.2789791304949	17.9919781223302	18.2318902664475	17.0941233147227	18.6639047514403	18.0606589466929	18.4840295409289	9.39679896160539	18.2567882135095	18.9100337686846	17.4620320618397	16.4033948667092	17.0228141347561	17.4105697048569	17.3135402240778	18.3648276065313	18.644063116869	18.6931349413927	18.427735429849	18.3396012659326	17.4028789414632	17.2658082249724	18.8938792499112	18.4966295213161	18.8665442386237	18.5345238570255	16.4905471190261	17.2174636950255	18.0362245368015	17.9442031865849	18.2636620699142	17.3696442496152	18.0317278109724	17.3533309941979	18.7059909152857	17.7356920656697	18.3426606833093	18.2791959407112	18.1514215871355
M482.3632T1195.86	12.3671190343467	12.542448769437	10.7475574663895	10.954569809568	11.9481617264454	12.8510440357848	11.415819842338	12.9744219133265	12.1356016249187	12.888060487906	12.2521047417107	11.9633140334913	12.4118362501745	10.3106342510873	0	6.170719966006	11.162717944078	11.2944960596335	12.2056438013942	12.8969483704282	13.919765720008	12.2559443065008	13.4190531527156	11.2525705241692	11.4014631804314	13.6147855854669	12.475266221283	13.2260108350138	13.2316147293366	0	11.3864107041043	12.4394209893766	12.1409925764616	13.2447063745462	12.2107586104404	12.7995834896673	11.4905546459785	13.5072958695886	12.8163583001056	12.7514479585032	13.6681479112687	13.1577094698129
M482.8323T48.31	15.0706566865998	14.654860138006	14.3134658240617	14.3955534377486	14.7539765811918	14.7418294306414	14.5252882080827	15.1843312193706	14.9560164197671	15.1918315578158	14.9899332680953	15.0037883008338	14.9326227502761	15.1699952847553	15.128039368921	15.1838928729191	14.9902794721597	15.4590122450186	14.9196452614971	15.2235263075302	15.2184556789745	14.924942662456	14.7285458173826	14.9101951719518	14.7992814815018	14.9129072937459	14.9692164634298	14.753835941581	14.7910404172882	14.5311446371481	14.8540451917651	14.8171246380448	14.9960530263587	14.5738373554649	14.8526292682418	15.5082214995537	14.5783527971323	14.3982428993593	15.0592637018164	14.7972682371171	15.134255495986	15.2557400760191
M483.0015T282.93_3	12.563730064323	12.0579531545027	12.2838130388691	12.6129245901492	11.8750596228648	11.971854532874	11.6353209310861	12.8571070720386	12.0322856846961	11.9166788402221	11.3463927321486	12.0935823979399	12.1235494385964	12.7247143262277	11.8912099601633	12.229979558294	11.6481136792059	11.9295088109809	12.1466579713722	12.8492803989798	12.9702447579522	12.9120084464912	12.5520251828157	11.5879706430511	12.2868314756869	12.71493523597	12.6989384131109	12.7181428511784	12.5262248398133	11.9446765038306	12.7870908933175	13.202298563674	12.4067182270395	12.7307025118365	12.5233163549604	12.7958154543865	12.2746991094161	13.1477706852786	11.8076644305225	11.8583545121882	10.5434105844121	12.4578694196053
M483.0532T114.09	13.82015289716	14.2504248944379	13.9609510696543	14.085989711466	13.3812605058219	13.1506451964184	12.7855416879866	13.9104001441225	13.7439496709207	13.9940271430238	12.4196678789422	13.3514272780209	14.1970353632477	14.1169772229435	13.4123881261463	14.3308289487658	13.3033376396101	14.7043657679348	13.4693940748684	14.1997578658176	13.8809442026981	13.6178183280494	13.7436369468294	14.0310008856107	13.8121872740581	14.1338172768847	13.7513298207456	13.756098038046	14.0243110011128	12.6642062541083	13.3351306158434	13.666833344815	13.865026741968	13.7229241587171	14.2822982493849	14.397662826364	13.5236374115222	13.7889461567503	14.512080373705	13.0308073239091	13.9335518826631	14.1380572309054
M483.3476T896.62	14.9105296653933	13.7403088285632	12.2858630819338	12.1683161943747	13.9425264638165	14.9346863202234	12.4771197078633	14.8843263293269	14.1787920445282	14.2341659397762	9.49354709047677	13.0800057934718	14.9739348344982	12.6824261647634	12.5990437830874	13.3608719410203	14.1765847917339	13.5116205859644	14.2176616637057	16.5117532669549	15.4652643332519	14.9030280131005	14.4359582322915	12.3855167850758	12.4771572083918	14.4216973452261	15.1834611448552	15.9527770702246	14.2516739548317	12.2985461759324	12.8938857049628	13.3790510932707	13.0850160209252	14.235358695675	13.4847278636178	14.5062567808564	14.4066212407653	13.8986569857035	13.2361024167515	14.8678384291459	14.6544853775071	15.1065886766568
M484.3329T658.54	15.1963789846378	15.5937443618251	14.7307280277058	14.9778304503065	14.734419386666	11.2841002825671	13.8574589038913	15.2437821505437	15.3927129193943	15.9941953421149	15.311532352884	15.7400299050665	15.8051700575979	14.5144967556163	14.2901507488618	14.3218717836557	15.374288729981	14.5830471491311	15.8378732623554	14.9552585208065	15.9191460493752	15.4207259579357	16.1057142784018	15.081941093607	14.8134760333195	15.7972080832468	15.7782834493213	15.6212227344512	15.7336224238994	13.2742384326932	14.4381649754568	15.4392076482082	15.5562845976546	15.2997589056266	15.0252917368127	15.3142660830221	14.5041470511626	15.8295416835892	15.7720266309482	15.3972374113771	16.1069174644449	15.4230121284392
M484.4021T869.31	13.5617913072715	10.0113188651587	12.1982381480157	11.7557413492657	12.5091047811673	13.6360799075873	11.5466584525174	13.5867392231274	13.4228128316545	12.7412784475492	12.5162223599651	12.5724915604607	12.3762156184022	11.887626425537	11.6106312906314	12.0875701517656	11.157530868566	0	12.6110988884421	12.3836901392917	0	13.2982038861826	13.0039301820824	9.61222001292051	12.4123744363734	13.366743388961	13.7309806999126	14.3131248157366	13.4144748200004	11.7589104957847	12.6351421504419	12.9366451580661	12.5039380962637	13.3574577980152	12.9353559725865	13.1967307289715	11.5387487204128	12.9628274514045	12.3377047525815	12.1047549707477	11.6860771310018	13.0766251374346
M484.8296T48	14.534594678143	14.0908315003022	13.9979237678669	13.5199728106458	14.2727362069895	14.0734895534161	14.1676224346119	14.261836005612	13.9562495368698	14.848590853588	14.5526781810829	14.4924061149416	14.2599338076213	14.4035189105516	14.2876789975657	14.338936367606	14.2309842897236	14.872144046664	14.4660214876075	14.6958330319517	14.5533929460974	14.534224754654	14.2012816419485	14.1991617944495	14.2016916454481	14.1166278215143	14.151058828047	14.6202366399841	14.2050589572686	14.231501215959	14.334688489986	14.2170678126166	14.1916250341718	14.1566310629895	14.1953845121803	14.8837822774299	14.1697977692265	13.1144134820738	14.5407806951252	14.2016864985615	14.5915733872237	14.3563568323677
M485.2915T743.85	0	0	0	0	0	0	0	0	0	0	0	0	0	0	0	8.33918457809571	0	0	0	0	0	0	0	0	8.96885372977528	0	0	0	13.6355609434513	0	9.00561764098805	0	0	0	8.29133806169464	0	0	0	0	0	0	0
M485.3055T816.98	13.6329258136984	13.5332662782021	10.3029337422344	12.8065226339355	13.1731536056543	13.2619224594881	12.702452947335	12.7435698463576	14.5716391330883	12.1633071768805	10.3842098155181	14.4728506748784	12.3663161312887	11.8636455871755	12.5776563491197	11.2741065629404	13.0805222327911	0	11.1546285460765	13.2720877544572	12.62594401535	13.1759647253395	13.0614101429714	11.4137315836958	13.9182474816574	15.2878822623173	9.49244806796311	12.8086609366192	11.3285635758241	10.3105684762669	12.4791801493101	12.7583408221404	0	12.294001750914	12.1375237465646	14.6736810507479	11.4944170187535	13.8919509882557	14.009218478822	12.7959494270575	13.2640326869542	13.0972525033569
M485.334T743.41	12.9912035702536	13.1195640956895	12.1445757679803	9.74492446712237	11.1101102666859	13.4177728317438	11.7649729869003	12.8852824630436	12.9286070485143	13.1573899187926	11.8768028367674	12.5424992332241	13.2601357664821	12.0379094451445	8.32548992624402	12.0091211363315	11.3354552828101	10.9407777969925	13.2314368432208	13.4866273857263	13.5503139661879	13.3681238944951	12.8756442777166	10.7886277903239	11.7997627465351	13.3483301662664	12.8239491072377	13.6284345633197	13.7685379615771	10.2136787535009	11.7133831026674	12.2458295581394	12.3514897071602	12.8693070244464	12.0020065688576	12.8524412586144	12.220366634804	13.5131616081567	12.3215662379447	12.6980594883415	12.9685376599708	13.1747238797428
M485.3631T917.93	15.9517272876592	14.914583847841	13.9971137176801	14.0755564074089	14.6996608260544	11.6929199681693	14.3977881357656	16.0229147018113	15.2378407977856	8.26354817034555	10.4604581693386	15.2147325458999	15.3685854443831	14.1002677245187	13.5244237068479	14.6043711109056	14.5974979997479	14.2309738464343	15.588426937241	16.3999873703477	16.2807382082059	9.18455332150939	16.1299140801483	13.7998939703649	14.4955053455164	16.431137903958	16.16659298281	17.1437978439728	15.8144159483911	13.5510246641966	14.8565057884689	14.8875004770501	14.5316067330121	15.0878880518162	15.0521469462069	15.4311082502151	14.871880789638	15.812044815894	14.8712048138679	15.5722829921949	15.522104159999	15.6033124254953
M486.3223T412.4	12.2312547849571	12.8927937566209	13.4929818968077	13.0427927502177	12.2157671336826	12.1873801005023	12.7140912929861	11.0413546783458	12.2066655066239	9.94402444875236	12.0390367475251	12.345271839605	12.4558121311024	12.1526876137372	11.8141062421285	11.5573932746607	11.8934885553205	0	10.486389619258	12.0488735711304	11.9949592566369	12.4640737059978	12.1284014205834	12.6252192499356	12.8285386199726	13.0400996898799	11.7525186843666	11.9476707255218	12.7932552693462	11.9405146422979	11.8783714261289	13.1293901633243	13.1272802667134	13.1025395412317	12.5814734271084	11.2754503918506	12.4917696557837	13.1599381983512	11.8388210384106	12.1338730182644	11.8692969814463	10.919572969978
M487.0231T48.84	15.1473869936075	14.5695031147575	14.1642144498134	13.7590002587381	15.188643686415	14.634242189865	14.4765507273879	14.7857771152909	14.6780302353793	15.1191957503378	14.9878143898587	14.476258717332	14.8202846110692	15.0601368889179	15.4047589980724	15.1177097019651	14.9147261858363	15.2390861614852	14.9140951006516	15.1594464686826	15.097966113053	14.7383553092674	14.9468542966567	14.4322759951932	14.7804515145611	14.9130549855435	15.0238929763263	15.0454142458732	14.6195440364136	14.9190988071032	15.1042637269363	14.5713503570344	14.6415702443349	14.9760867557568	15.1145392085511	14.8282708982708	14.6923250808083	14.1437199533984	14.790002731092	14.9047036166862	14.8552472012912	14.6171113700611
M488.0194T327.62	12.8178218791344	11.7858841110951	7.18470930033946	11.9344137837989	12.7717154774824	12.2455893232104	11.6828246088352	12.4694001395308	12.842350646049	11.5849465655481	12.5399333283694	0	12.2903475285834	12.6700362923694	12.7751051055942	12.5913306699116	13.2495844180408	13.423925157499	13.4231432094738	12.6455619196511	11.1164351264641	11.9624923208195	12.2350491046556	9.84197925893676	11.3336639714927	12.4840943804929	11.5076595818308	12.0990468840619	11.9385344588083	12.3749298453261	12.8900791700334	12.3973838293142	11.9766712440158	12.1455178397007	12.1371185573647	12.9183708781545	12.5557532020249	12.2657568889287	12.0261565662316	12.7724271654031	12.1746762840264	13.1933199530474
M488.1005T293.48_1	13.7257794814794	12.818175740791	13.0052210339322	13.7185181141039	13.3813649180116	11.9497945667205	12.7461805753493	12.8192415910954	12.3158371563568	12.2347092171697	13.1360665868731	12.3916292347716	11.2153629284079	13.569686407238	14.5392753260505	14.5192337900608	13.1956358720466	13.8668168323836	12.4772245946207	13.7533623394602	15.1491339231843	14.3030097866918	15.2571206578516	11.5384755250953	14.0186144377242	13.9718802070025	13.5681426976278	13.7077776016104	13.2791411495684	12.7998732696372	12.5641905112076	14.6893992069536	14.3503975699538	12.9607183389244	13.1072392036353	13.6468219201048	13.454197393599	12.2188733641875	13.0974643738709	12.9188536636658	13.2847321462843	13.6460764438464
M488.2675T293.49_2	13.4833564496252	11.9766368975888	12.0190661984265	13.3169659085054	12.9308334658893	11.0126348909354	12.0706038055656	12.5186973442154	9.79746886608212	11.7789476482574	12.3246595875015	11.8084147353673	7.56860090718442	13.3130570433054	14.2499790007655	13.9546241393545	12.2385798071747	13.6361938721814	12.1214604787636	13.3284847873268	14.747712198232	14.1740736443067	15.1855866012587	12.1415664433305	13.7515472556674	13.5011066666059	12.9028183349157	13.0320797999568	13.0761112095776	12.7040147230678	12.183969403366	14.2726867354603	13.6714433782826	13.0471614484377	12.543648169308	12.9816179010762	13.2659478021327	12.2005070954488	12.8882900515298	12.5901409581218	12.5230587560952	13.1015760917826
M488.6575T48.42	14.9967944093752	14.6955299973199	14.6951471640143	15.0036203884312	15.0658402268131	14.9990475959461	15.1424743370913	15.346059829171	15.0131356863173	15.1936875374661	14.919803510666	15.6973372458958	15.0644331091943	15.0836412446378	14.7702627999347	15.3236946350353	15.2753352704885	15.7722299690705	15.122138358094	15.1876414014388	15.2888755110163	15.3409802819038	15.1513704268801	15.5285419191744	15.2558271628153	15.2472660617504	15.0071594152278	15.296659051015	14.9785480863093	14.6697722376672	14.957118587344	14.7455705264045	15.059764021804	15.0316260145641	14.8628369631945	15.924787523209	14.7100751715361	15.1518613565656	15.2815899991365	15.5827372578751	15.3906874566778	15.4933766604162
M488.8747T45.34	17.9382630181168	17.7279929467507	17.79144207299	17.7468459385945	17.7610119148489	17.6941394407154	17.7537985035053	17.7955829092214	18.0076334562886	17.7533847913289	17.654709500914	18.0427987737934	17.7993116063888	17.8515470571852	17.7542083189076	17.7684741119141	17.8974906898144	17.9307591727623	17.9161681281506	17.8797048072682	17.862943027145	17.8006931946307	17.8089867558369	17.8787165919906	17.7366421147036	17.8324854917839	17.5008160150622	17.9431923774198	17.8352941485997	18.0565932090548	17.6067743075657	17.821404063515	17.8653540965593	17.8403106229207	17.8253731061755	17.8149577052238	17.4347025678933	17.9485127559144	17.5703307402894	17.7686230085975	17.9035952357281	17.8439034540615
M489.0198T48.87	14.3231689895122	13.7927477226608	13.3275970069316	12.849111256787	14.3764895013201	13.7924523558647	13.4717457764317	14.2091972057289	14.3523175381911	14.6112686983825	14.147607612182	13.7367166514048	13.8340939616872	14.0389214705473	14.6016890451187	14.2866468791418	14.0251562382926	14.3353131249171	14.3756352587725	14.0820357935278	14.5527016357642	14.1282291015758	13.8718838321537	13.6568324157269	13.8343292359337	14.0176421838991	14.0188804065809	14.1672121973173	13.6970886647293	14.1729931104727	14.023852293952	13.8858019367712	14.0525819022636	14.1219422894077	14.0951219135717	13.6336134571902	13.4519649194905	13.1601763772696	13.7818962866896	13.7544571232637	14.3373180768223	14.1529976890364
M489.2378T533.48	0	11.8927834837175	0	0	10.4980996061978	0	9.73034956957049	0	0	0	12.5988603892937	13.3236741029227	0	7.75560302537534	0	12.2482821980322	10.5065243684528	13.5996434570129	9.64189987950613	9.883048518901	0	0	6.89905977185038	0	0	12.2039744563152	12.1077882377718	0	9.81159774773437	0	10.2404880243821	11.7630566120233	8.60731206731836	11.1784359479132	0	12.9213775165881	0	0	13.7499771421437	12.6449966940915	13.8791977984267	12.9634922846407
M489.3234T501.49	12.6902959601661	12.7163254501077	12.7258932132911	14.1797264943649	12.9100223307118	14.3684642298775	14.1378021468932	15.5932777860595	12.1067223978822	14.6823486991651	15.1714127041182	14.2118429278213	15.4677410545752	15.1100491842802	14.5469335685941	15.7566104888838	14.4069222161695	14.5470756298414	15.0150031139128	14.046586494622	12.9322557054223	13.864505234111	13.85966301427	13.6610168621433	13.3512296926564	14.168905812803	14.8698308238609	10.9202467153566	13.8745122899115	13.2446651864425	14.9508048292771	13.9588270781502	12.9412627129786	12.5836061522663	14.2611817646901	16.3561792922341	14.954402372362	13.5708111822258	15.7705393709204	16.5440643086765	14.2314143002909	15.7373213830814
M489.358T866.48	12.9451303024408	11.5788518181911	11.6875280046027	12.0426171044756	11.3211628575962	12.2918890270327	11.496643832341	12.9957169264818	12.0514345233524	11.6749255863073	11.9256705748607	12.8400108700943	10.3573243142004	10.0127407525152	10.0989119854635	10.7287886596278	9.67459375991575	8.36539564373499	11.5304208496317	11.6835354388812	9.50825595471711	12.9190040101374	12.8725852468552	9.25853115684522	11.9705807130735	13.4491274442673	12.8155939948346	13.5002953189941	13.1359599041903	11.1303238931849	11.9489028866221	12.9233712340676	12.1778223259376	13.3046347321647	12.1585669951673	12.6807901970802	9.93075481081934	13.6561240178481	12.519754504513	11.7822753543667	11.4907883243776	13.2637546689602
M490.9687T178.48	12.8049094202673	12.918310378139	13.0527549340072	12.8492644214368	13.4421759665675	10.8143041386733	12.6725350203369	12.5848379979331	11.0504627241108	12.7998114712047	13.4075844472357	12.4121270220615	10.2906896631823	13.9177598547319	13.4998366187445	13.3362016944569	14.0557064767699	15.3299656798622	12.5572760360385	13.3288260369734	16.0213538556445	15.1160805600716	14.6237514086978	13.2688357262935	13.5312861293064	14.4503821090887	10.9634673605593	12.7818043058629	13.0011957775669	12.2385214977767	12.0788616078486	14.8312542214803	13.8693422586159	12.2553435031806	12.4767351614423	14.3604715868843	13.2187002998793	12.7191970138599	13.7748521042696	12.0362576186549	14.3376471591195	12.9947655815373
M491.2196T179.14	12.501867899503	12.647515806803	12.7644424145232	12.9064686583122	13.4548723622168	11.0860503127317	12.7045704150546	12.0777405586	10.6000062043114	12.3535628695845	12.0571656554475	12.4439754249236	8.62562399049805	13.8582297430194	13.0953234427558	13.3360245847966	13.9414776957195	15.2317141387456	12.7191613860564	13.1492045965147	15.8483698913598	15.0068549511576	14.7122714738938	12.8270249881002	13.4883644895169	14.1790907776459	11.81737596221	12.2376702429979	13.3218794625416	11.349507029406	10.5812476126974	14.4577552287467	13.677165800964	11.7524767211113	12.6048301634801	14.2103918665812	13.2557821604079	12.3387217530361	13.5462471514961	12.5490358622135	14.2969838825763	12.7203153832157
M491.7348T388.71_1	13.69954081954	13.0013447036184	12.8421831541353	12.7371739623332	13.7258023866087	13.3948359212796	12.8956276555842	13.4900448299992	13.681694167268	13.7168064444402	12.8910449383907	12.5188783656872	14.3597747470236	14.0025544705528	13.6719768629308	14.1003101272349	13.1931187118524	13.3724861159021	13.5583729633505	13.9200032883055	13.0953972629845	13.2536863309269	13.0124161520515	12.8480252195877	13.0734579952476	13.4648404519618	13.5780564188681	14.1222503803883	13.3281389062819	13.1993344185045	13.2663182438836	13.8012540904248	13.4463166890555	13.0247170654822	13.5340631160585	13.5625844997946	13.7133394254874	13.2300524955135	12.9541408523279	13.4080534907023	12.9930847064931	13.1346262706311
M492.0309T326.51	14.7232317533392	13.9805973635405	13.645869939858	14.5726530867807	15.0001935387496	14.6539309170762	13.9714558155399	15.0463228156807	15.042901684383	15.0169346564775	14.9450396860443	13.1873623361275	15.0089469777116	15.103320562674	14.8084834507824	14.9147256965455	15.1912352768067	15.334818448473	15.0994503377342	15.0845751287491	13.9253531759512	14.4604467289449	14.4062954687835	13.4939549263442	13.9071261684654	14.5314486503808	14.7769747974433	14.5812541600825	14.5612928512609	15.2510940230949	15.0898906360322	14.7724894711656	14.480102776878	14.7466413967798	14.5193767355175	15.1075644368389	14.8750732585686	14.6758983962417	14.5986648283704	15.1375665639525	14.5123045555263	14.8482022529777
M492.3102T603.54	14.5639238647716	15.7925972745411	15.0582217064436	15.2891662997486	14.4392177928027	15.0656983365876	15.1123916310191	14.9793720720645	14.7164561378018	14.9820973308313	15.7949959584195	15.8439214522962	14.7686914793844	14.8012919595328	13.6254225385919	13.5372627358261	14.4203204308328	15.0431010016219	14.8408970818223	15.2063009326917	15.387306998853	15.6985096454786	15.4753524599365	14.2308015611164	15.1525363408601	15.7906474597035	14.8731497868312	14.6687178573298	15.8634696860516	12.971390064043	13.706595566681	15.3296285920493	15.4542184337394	15.7599207201342	14.7467835688555	15.4880577810923	13.854774324228	15.9119869736081	15.3908974197159	14.9816841234077	15.868916971853	15.0587136776834
M492.6077T410.37_1	14.3731366838672	14.2307760423107	13.6328853818043	14.3596760679624	14.4911915328761	14.0180576831524	14.7540800785139	14.5787144299123	14.148366279213	15.1893600292808	14.8930089379311	15.2305344965156	14.8926484769943	14.8587566391905	13.38576305247	14.308635856305	14.0327182203531	14.953302770869	15.0454513293269	14.8759422890093	13.9581570392867	13.390408412674	13.4514916653238	14.5868232482233	14.2538280390359	15.1311083389049	14.4212417901972	14.5564526638843	13.6139518826263	13.5272717857989	13.2256093501572	13.5387203776278	13.6073952269641	14.1076773518915	14.0952458010134	15.1571853546475	13.6148057172776	13.5006319541834	15.1313717990625	14.5716349972143	14.7398162102905	14.25870854958
M492.6516T48.41	14.5119540963829	14.0934764651126	14.2156517572063	14.4483864967348	14.5596388197688	14.5302208973452	14.7163005791996	14.5781647771732	14.5581596022423	14.6752151649016	14.61221975379	15.203779952468	14.5753239367321	14.2729728358329	13.9785155422971	14.5201033344024	14.528280626494	15.3510992352132	14.3004478924766	14.9425280558368	14.5392865957033	14.6452019809303	14.6360397536804	14.9064194920427	14.5361421871739	14.6555311695585	14.2764931283731	14.6006337433165	14.061904072058	14.0915768393021	14.4149924784569	14.7373093674086	13.2573768443392	14.4961888875914	14.4243225265028	15.3895605166677	14.4797536912203	14.6439012316108	14.7984386812219	14.8612946122984	14.788026614147	15.0693508117895
M492.9421T410.36_2	14.1997826959739	13.8057906338649	13.4572272437025	14.0585304509207	14.1264359201548	13.5968585166139	14.6857365325456	14.2624883515252	13.8413024481066	14.5930076380725	14.4091486755746	14.9526301044227	14.6987578108673	14.6957872971316	13.3933015325078	14.0599494117506	13.8056267397638	14.6354281207357	14.6926503854229	14.5075583383752	13.682323302559	12.8145625061638	12.6832530680221	14.3435487313127	13.9872148383826	14.8229898862686	13.8472556005543	14.4594452063517	13.5130219756218	13.0739680678488	12.8474502067107	12.9122239316661	13.5518537101426	13.6824709483146	13.8253225600607	14.6485299104621	13.3760163462356	13.2724544927812	14.705547754216	14.3183161814299	14.360953724581	13.9959689532474
M492.9746T327.62	13.3694762590073	12.1934037187533	8.6792037460672	11.5237927577274	13.62636231294	13.1288012449065	12.0907743416011	12.745592899406	13.4055593137108	12.5811502006387	13.0026283113763	10.4147346508823	12.3604149003349	13.2684506900413	13.370703208805	12.8164239789147	13.5459653820163	13.3942079298656	13.1669144245693	13.166949858934	11.7927356753388	13.1208405910873	12.7240456565739	11.218433456916	12.4634923546445	12.9005268726747	11.3663390348194	12.5212137767093	12.6499258293574	12.2330212797612	13.2414910829947	13.3364874298113	12.6149002156002	11.2137840045418	12.6156481279167	13.2167193619874	13.326208403125	12.988048114161	12.9678818511504	13.3633722145124	11.7204594456427	12.8569462407978
M493.2764T410.22_3	13.0011868730807	12.4823587256927	11.6984546174994	12.3216061106518	12.7581444164094	12.4314565561216	13.0806283530691	13.1419205654856	12.3969449459606	13.4107116131564	13.1359456558003	13.5855136955264	13.508290070934	13.3930588456457	11.9926900376048	12.8427758155623	12.6381124904429	13.5935410245154	13.1936089920226	13.2355755728696	13.0366993459846	11.5096901440601	11.7327098314154	12.9858310344609	12.8577074448087	13.8240053033467	12.8247003107904	13.2048766516292	12.2339233639477	11.9327317437225	11.6648383611896	12.0157500694258	12.2992000199025	12.4647502264249	12.7247840890086	13.8447907946935	11.0931374542007	12.3432665435192	13.4411638785882	12.8349973375001	13.1424026313875	12.7278137858128
M493.851T48.87	13.7084935517981	13.6452981600953	13.0363765032141	12.9070454837791	13.8430058401752	13.5416420166395	13.5259057271257	13.6951912008498	13.6096962235623	12.4755887348425	13.3725209238109	13.249473978832	13.5634770826381	13.858067807926	14.1723292490899	13.894206916416	13.7337831429444	13.5761937915822	13.2263442316933	13.7641869951342	13.667264580306	13.5697627075416	13.6021894835391	13.2294492892034	13.7471468194347	13.6293654965845	13.5281300917939	13.7727071158858	13.7097361123433	13.4428689284108	13.5471733385847	13.3740669207136	13.6999668438659	13.6240318929755	13.8031646888146	13.8486474312278	13.3723721920217	13.7511175171467	12.9784512493614	13.9416188249009	14.0263526794503	13.0657488694909
M494.2442T298.78_2	17.9700986960926	16.8050928525689	16.967596559498	18.1578813448006	16.9656910140304	17.1498913811647	18.4463988807439	17.6669982890037	18.3076404062112	17.8374388621566	17.1964982832063	17.7512375418676	17.7882807073258	17.4015020578353	17.1742238815605	17.834526765631	15.794360921225	15.0261145467418	16.548262366378	16.6503539486686	16.1998802941008	15.5877654993876	16.8255407273401	17.5826235913097	17.544822220408	16.5223687776991	17.3554837483459	17.6576242503403	16.4139593613269	17.0721609019976	18.562074390698	15.4767070938746	17.3531996374422	16.7815745177366	17.515293553239	15.8420554079026	17.8872187821455	17.6913222267819	17.2989566608927	18.0554813863805	15.7082322829117	16.917080041081
M494.5783T298.71_1	16.5344462801602	15.5353980649726	15.608667315829	16.8335221273898	15.7389420699409	15.8694014911404	16.9858850602605	16.4253011482839	17.0369116179059	16.5555455319454	15.9288278216407	16.5287818195493	16.4151670541774	16.0335089066316	15.8284616445538	16.3306513308124	14.5632395026409	13.8477382576732	15.2024938157446	15.2475334809109	14.9199340809425	14.1416102501024	15.4895546951163	16.1280922019297	16.254768146525	15.1135971870147	15.9843337857285	16.1638417378178	15.1736353425285	15.8072023928758	17.1393468217123	14.2268106454878	15.9165055495239	15.4322799692081	16.1519667333854	14.4523133108724	16.4924078521534	16.318190065837	15.8611580442572	16.5235437741214	14.6258212491247	15.7763404835367
M495.3098T397.83	12.0126952956311	12.5902103857578	13.1551782822519	12.8242644723003	12.380385564954	12.1697007789893	12.728509218906	11.7382273719722	11.8766323210302	12.2361769319506	12.1285329768711	12.1585138546391	12.6374096102152	12.4107662539999	12.2620593187754	12.3473841394836	12.2265887117151	10.5164798121366	12.1817558691623	12.2494970116105	12.494666673424	12.5112841212887	12.4943719307331	12.6113657821014	13.0400451516836	13.264108606264	12.5005964298971	12.1219675109016	12.8407503141065	12.0533514762923	12.3246941904428	13.0333749881276	12.6009589697519	12.6387170175129	13.0326917657134	11.2761714219724	11.7115164484582	13.0944454948744	12.4455890968395	12.4207626788421	12.3684574203375	11.893792110541
M495.8485T48.87	14.6125931464801	14.1677053364151	14.2084912608284	14.2000741550627	14.4349805528752	14.4547351367517	14.3539664325438	14.6774601019464	14.6370292432549	14.318258461459	14.0849114159761	14.6274348041203	14.8092367106515	14.5550662119018	14.7448133416827	14.4354598838134	14.6846484659038	14.7136636400425	14.5683121696385	14.6816940364914	14.6405847084302	14.2271031159864	14.138907367523	14.4727688293607	14.4236784301593	14.5241173784396	14.5521349261447	14.8648572879962	14.4579860040938	14.2330939262607	14.2400633407023	14.3723342150112	14.3391892943168	14.5659450480192	14.4077387864866	14.8532354938609	14.1500103613075	14.6029394299167	14.6378793894323	14.3796778061216	14.8346326472867	14.3728836161244
M496.0856T164.37	13.4508731280111	13.1457546426192	13.1773666478452	12.7653491241944	13.3766070991486	13.0512906976177	13.1489101553854	12.295937831497	12.9410028897256	13.3289080872258	13.18536072254	13.3501478002062	12.3342158166174	12.9435154941995	12.6818549297504	13.6773753071707	13.4437610976421	12.9843431299638	13.6442949546652	13.330289432423	12.6878812632921	13.4252309605329	13.0366724694583	13.3558575938472	12.849325910645	13.6392872920111	12.8983567188365	13.4028082239644	13.2123922562215	12.8892628473885	13.3719872149842	12.7912397510702	13.2479045442589	13.4990705688281	12.8692019710327	13.6937464902567	12.3447926604573	13.3001720188265	13.0009561047459	13.7084538174363	13.7133150426692	13.417594820488
M496.2335T378.71	11.561031659267	11.1678084284332	10.8265105961196	11.390327479376	11.9020239109056	11.8274783634367	11.6306217982793	12.5649254568894	12.0650014605064	12.1214973045888	12.2069244659414	11.2345544620406	11.958159565017	11.5706547295689	12.2162149798341	11.5956559982052	9.29993518993201	7.46056352920387	11.074348296772	12.1632175918374	11.3524944444175	11.5841877967225	11.5096473364931	11.3267242177097	12.786242201842	13.5775325504989	11.0079989721281	12.5991314960031	11.4444121031904	9.1563703964092	11.3792171212061	11.5020231411759	10.712669117472	11.5397502583375	10.7499848624227	10.7698914501476	11.9863693607731	12.1551656933838	11.3933905730604	11.9462743949408	12.2281365205021	11.3675082564773
M497.2824T378.65	11.197061029429	12.5556624227945	12.5396008799649	12.0905155953401	11.4393107807609	11.6121061725543	12.5668346397953	11.6431459825519	11.262432893525	11.6410436920483	12.0480818802682	11.6051824457951	11.7818833442879	11.7992839169675	10.7888364641296	11.4009524487391	10.9189399673236	10.8150814708644	11.1253642401092	11.7311648766216	12.3517884885359	11.7440503774239	12.1538808316921	11.9500251911098	12.3283793250868	12.7256306223114	11.2810760248707	11.011377945465	12.303247650691	10.9599638990939	11.5839044799475	12.4089709395288	12.3549735405101	12.5028280277248	12.626972736593	10.4386933439747	11.0286166665897	12.7439719916119	11.5794689189691	11.5913911624109	11.642132341634	10.1433701035252
M497.7742T367.96	11.3509220114506	13.3502163999983	13.7548999380861	13.6996652853077	11.7887833954287	11.9330544792992	13.3661085262632	12.1582029550462	12.1887628622589	12.6961167530357	12.3973265211224	13.2001466676025	11.8985945846829	12.1011924715128	11.8962028246795	11.9009640114229	11.8260791246118	11.2056080131966	12.2632187425974	11.8127208448348	13.0889815170684	13.5724898304528	12.9706044773021	13.0241594630928	13.0226730635685	13.4396025885956	11.7016775081052	11.8377221511495	13.4172692994477	11.66678876833	12.1927532309122	13.4580003367974	13.39034378443	13.4329738444249	13.2162245126247	11.0875277301391	12.4879862157772	13.7620731843956	12.4564982827299	11.9859955790488	12.407534970057	10.4526014231028
M498.3223T683.81	14.9465326975218	14.4167961254292	14.1352153329273	13.4413098472863	14.8258137610393	14.8965142027203	13.9897663495523	15.050013910874	15.0789163607474	15.3325748506792	14.9866606956112	15.3547346470583	15.5014178136115	14.4501713598866	13.6617967838447	13.9906840067225	14.2995946008477	15.1116042512386	15.6551238311701	15.6672593589273	14.7873036217857	14.681427689213	14.9097536991129	11.7190233806827	13.402267572767	15.4696012711503	15.0240013028158	15.4424807506376	14.8812112670153	12.9999251952717	14.2268397813906	14.4913380046895	14.0473592572419	14.5219753943785	14.0057565794539	15.7345397618319	13.6531899707914	14.9693904382027	15.6050623711469	15.2449995220582	15.3653230950318	15.8831281666964
M498.7847T360.47	11.2631405748326	10.6493183136155	11.8440798346591	11.6115165617938	10.7261144490785	12.0533343617057	10.7241797262804	8.93919819190502	10.0131989575431	10.9463155801668	11.3395863679353	10.5661261644517	10.1605424271633	11.6813960034503	11.0095388905966	11.1048743976911	10.7649584656605	10.3150182550155	10.8205557621371	10.7387451842201	10.8482055801054	11.7730622871497	9.13819242433689	10.7103448923463	10.4899260515414	11.5874008975971	10.3037186365263	10.9017198330523	11.5543777815701	9.04450359658554	11.6780946476983	11.9294948969406	9.98305774597066	10.7083247507639	11.2951779071624	11.7972567463601	10.6107226363304	12.8302473524877	12.0267261783077	11.1544151990566	10.5087710166296	12.0726220307794
M498.8388T48.79_1	15.9899690389179	15.76436093541	15.5799093029521	15.4373743462497	15.9950987001175	15.8771102229269	15.8925793680962	16.0583750626933	16.0608616130584	15.5135391601738	15.9169813557552	15.7795365020441	16.0311770116822	16.0321918121927	16.001411620595	16.194251773179	15.9998472654289	15.958737747691	15.9491476562118	16.0337423093646	16.1811497727973	16.1126368627946	15.7568889647599	15.7066082158475	16.0268027011316	16.3454147146483	15.843234221822	16.1841502028167	15.7737590903464	15.5637646450456	15.8362452496084	15.9245438039408	16.1658235571473	15.9894092880252	15.9418672698998	16.1542104058869	15.7639180140457	15.8650459328757	15.779998072823	16.0250311314651	16.0928083356562	15.7051778211063
M499.075T163.71	15.1620465956187	15.0928179658874	14.7689877795618	15.1327153560512	15.0734909592856	14.9157856343723	14.9308091688418	14.886998754782	15.0561495524762	15.0414806235744	14.8483554001139	15.1301227362994	14.7553661927155	15.015973873682	14.9004958124196	15.0591594454731	15.2038681440008	14.9636910283303	15.2418831096591	15.2285375133195	15.1462316072001	15.0061070158172	14.9663087970144	15.0852880191086	15.1241468788105	15.0706714578315	14.632530771247	15.1984212334544	15.0651592090379	14.872669731481	15.1735758333713	14.9461588248799	14.9364604005363	15.0876513114474	15.1326571109943	15.2374757770276	15.2125844968515	15.146321592919	14.8191795569468	15.1277781035757	15.073135839969	15.1719812680267
M499.0844T231.28	12.8735901034114	12.6388068846996	11.7514310826187	13.4655899826186	13.1565827662124	13.1850009844015	13.3185213157632	13.3375706983407	12.7685213355644	13.644548866604	12.1387239204978	13.8691694632887	12.4647791417982	13.5379958858231	13.2977399528656	13.7466926205836	13.4931785588286	13.8916779086278	13.4168465797248	13.8357364106695	13.2359424959359	13.007145584784	13.3008681132433	14.0577130749488	12.1238367873741	13.0410596998585	11.5165010176776	12.5379983374208	13.5797270201701	13.4400755358463	13.5696624934153	11.6755826888639	13.254390455675	13.5496357725008	13.3145050398028	14.0988873801632	13.383977001905	13.4831297304738	12.7113775776856	13.9582338223064	13.4810858025688	13.7467120906768
M499.981T815.71_1	14.005503675332	13.7004820292504	12.3318863213552	13.2383648447188	12.7645223711251	13.521708998847	13.3764972546643	9.51465814280629	14.9548327837798	13.1446171060954	8.5002643540649	14.4437925466042	13.079184308024	12.5473387624894	12.9047270179589	11.9143433387855	13.0325076034671	12.6723364605307	13.4615474796332	13.2892372076437	13.0087003645388	13.6138594146808	13.6921943144943	11.9385388999591	14.5622260300868	15.9028502881489	12.2952318148271	13.4514893921871	12.4402621104707	11.5130203916259	12.7392766835116	13.2249061131652	10.0910167609252	13.0377865280661	12.7969247698247	14.9468943568781	12.0860144601107	14.1821405505964	14.2381539896807	13.4376711749429	13.275720979942	12.1019906186318
M501.431T1026.5	11.183558819857	11.161976214872	10.8871688945623	10.1402470874567	10.8407456461695	11.4437431818933	9.20739795228999	11.1887143102596	11.137125143094	11.9769797666494	7.15719800525965	10.4818569071892	11.5603043951918	10.4769615611715	7.60531756415236	8.89520567582794	11.1598328584891	10.8839073772402	11.5184778032438	10.948375097212	11.6892808375408	13.3092930769116	11.5385238919014	6.58582936469745	8.54463626921852	11.0923878070002	12.6040107233531	11.7906666442883	11.9266646842455	10.5720778847878	11.5140389888763	11.1714870955352	10.554578508502	11.9232327707684	10.9414771083034	11.8274937319914	9.55433836889089	11.3826425699365	10.5770945022098	11.7696830495733	10.5353412064259	11.4548453222043
M502.3299T662.57	17.2734416155187	17.2816196729506	17.296096137091	17.5277874662977	16.9425722770045	17.1527649583894	17.7085544197938	17.7168307129336	17.6562688800886	17.7927113704855	17.3951097619012	17.8064601080589	17.6770413894446	17.3732595879659	17.0484162588228	17.5075181463286	16.893250303204	17.5656202939679	17.9111186314107	17.4484336057592	18.4185192784672	17.4702384039823	17.8295917147979	16.8666573914086	17.7764781867027	18.3554839968567	17.7004435020319	18.3566840398781	17.6581965375332	16.7672166065782	16.264046942023	18.0281205931538	17.9089309114296	17.2571167313105	17.456871419255	17.9567126136278	16.256384202786	18.2753726170655	17.8653007774058	17.8617324105097	17.6383482625802	17.9613469548304
M502.8769T47.39	16.2107396236303	16.0794057148535	16.0098384497446	15.4938386830401	16.1775865084726	16.203408469433	15.7750761859586	16.1005176747344	16.1980571429517	15.9066444350908	16.1319026506419	15.8400285914407	16.2220135922058	16.2526932132402	16.3929074254205	16.2762150306271	16.1164350476608	15.9716146087857	16.2347662107288	16.0655596239659	16.3612355681341	16.2660156696478	15.8900459344618	15.7901508751298	16.240241840827	16.5030212909892	16.0825649891718	16.4413130273448	15.9617000150328	15.569484279802	16.4128508805706	16.2653765229833	16.2642890335387	16.1905946334778	16.3288900544849	15.8039172126419	16.1377318089815	16.1496972838447	15.9517118733731	16.1337205823052	16.1408360577809	15.5853701428159
M503.317T620.82	13.2317393121995	0	10.3715877699658	12.486185249244	13.2842096012076	12.4027902439719	14.5690683976509	12.7490192699138	0	11.3664979556977	13.6224192015442	14.9679717741657	11.822886507736	0	12.3041036866095	0	9.67387255655424	12.6816019772502	12.4710025832196	13.8876795480049	12.993564840299	11.9655328915274	14.3104320676321	12.3619306847605	12.88280237724	14.0105187890635	12.2852467420175	13.2652736616755	12.417080157811	11.3087783092969	12.0673438965953	13.5155598700911	13.4256679637225	12.0015534439915	0	14.0480362992331	12.1405948717766	11.506794202395	12.4966001783225	12.4354773002321	13.6720042313071	15.070667799902
M503.4719T662.81	14.7152482045276	16.2530809556289	15.4915063305074	15.1027101493397	14.4818600922065	16.0183454315479	15.2281300033736	15.690997716072	14.5628420355759	16.214280548618	15.2937780567865	16.1240576096544	15.6826926890477	14.061296654288	13.2835020976439	14.9520976652488	15.2623048576205	14.8796452131309	15.5977232381593	16.4605892566967	16.2303254406501	15.5200428829659	15.6941976468347	15.2939483628045	14.8177923980455	15.772545760082	15.260217855225	15.3449616121198	16.9219916003034	13.0914923548788	13.8806186224301	15.1423400534814	14.7313909250351	12.510101714287	14.2848811942155	15.9342543730445	13.8444919314218	15.209821825464	15.6155303060589	15.5590203974335	16.0749224556017	15.4009351088786
M504.0588T176.38	10.0511149892626	12.1199358364862	12.9864047845663	12.286802623422	10.5390756300426	9.63567631194616	11.2294405822922	11.4311194620082	12.1926753825467	11.0630171479032	11.6624769650014	7.78901760013617	11.4978581265193	9.43386597986339	11.3987607023893	11.6770041129653	12.6367267974268	11.5080026674731	12.3552036722101	11.6912570320945	12.7784736654443	12.7970146540823	12.0406153167097	9.35036487257902	11.2137120061185	12.0824144955598	12.6975630109087	12.1078505396351	12.9096911427815	11.9040721491217	12.5243122131592	13.145051432032	12.6822535276375	11.9280151400429	12.7731894807154	12.0332224953635	9.43750953355886	12.2415175945854	11.7754062826619	11.9715950535267	10.7626268339485	10.2057567826768
M504.3102T684.64	16.552201659043	17.2258898437328	16.8201195157431	16.3963019032515	15.895599592286	16.8831369118728	15.3183083205675	17.3343766464102	16.7381139794393	16.9838972249955	17.0786213151644	13.8692146459581	16.8454952735026	16.3639654799843	15.140731860304	16.234597300445	15.2679232092096	17.2745478436191	17.6469263906119	17.9200188895744	18.1065500693851	17.7671893965967	16.1656069888287	15.1989105700117	16.9701166697959	18.490532286486	17.3848029790576	17.0489394356496	18.0439164438227	15.6312597651679	16.3172763738081	16.8875155134265	17.7634972446576	16.438486871294	17.0616820041304	17.2010232587957	16.0289926939336	18.1783772140608	17.3543563342813	16.1073052777637	15.7800794881251	15.7160351485157
M504.3447T713.86	16.5980228592679	16.3941985624379	16.9355588582028	15.2632693379418	16.9004596077963	17.0893531152079	16.678999545193	16.7750695777312	16.5482049526434	16.9315869617073	16.9496785127371	17.6829170800949	17.5769767114886	16.7447053275031	16.248824172728	16.4832431414931	16.0894052636258	15.7282957565094	16.7529887100587	16.5768932014072	17.6724004627368	16.4602254172436	16.8156207450514	16.8280337437885	16.0444593870934	18.0747537199767	16.8796203470172	16.990651216705	17.5726823139811	15.8922729506972	16.3208839612619	16.7813035498952	17.0413718687355	17.2522513632619	16.7225296462966	17.2239364188476	16.1671936540044	17.7916509292732	17.320167971086	16.4781947064295	17.1028428940666	16.396119466418
M504.3449T741.73	17.8907865879857	18.1051258227056	16.6478503168425	17.499675707229	16.8760919765718	17.5076413010281	14.7364376511933	17.6146524720114	17.6223986098009	17.9450858310466	17.4195687397795	17.9233159638194	17.849311269138	13.8538579841261	16.0867066665406	14.6032077643223	16.6803982592636	11.8611445758647	17.4981148204081	17.7167287342367	18.2458726207423	17.8155697529496	14.693505074601	17.0463623339554	17.7656815039483	17.928664319517	17.5542273277667	18.0121079437944	18.239827123609	15.6959648053405	16.0021316471637	17.9986578011027	17.5321037365708	18.0515115561417	16.8122942222189	16.9736711583011	16.229090053685	18.7688354658249	17.6043809590585	14.4360203806628	17.9192256342002	17.7269779530216
M504.45T1043.66	11.6047445467234	13.6602560477589	13.1249322807844	11.9568864949205	11.699142724689	12.6020733946177	10.3962718087142	12.2449675539878	11.9812564135468	12.8329429615245	12.7380942647246	12.606918673983	13.1142073895032	10.8783988959292	6.63450991954829	10.389193274637	12.2998858907935	11.7415766236562	12.5608938882728	12.422384155114	13.9294134365517	14.6370925911422	14.2675130820585	10.9603135532447	11.5074844569398	13.7584665025971	14.2167189736631	12.7666837107059	14.4397382717113	11.1338623740998	12.3042393981136	13.3591890163222	13.0058047478656	13.5470892939915	12.7615195303535	13.2170247881248	10.8730854683044	14.4780047933952	12.4203565565213	12.6940573807296	13.1295866850884	13.0489006327366
M504.8738T47.28	16.6207486134767	16.29478812345	16.2344816106213	15.986093757163	16.6684881333648	16.5965822220243	16.337728180071	16.4798454093886	16.5825508473032	16.137535644408	16.6849842889092	16.3288213197388	16.7131741218417	16.6659215795748	16.7546715664111	16.915949326338	16.4991561255185	16.2536150621425	16.6017747513862	16.3064775258412	16.7174023651888	16.5255116132234	16.3867815279333	16.0464993258264	16.4592807618983	16.8661218957091	16.5106475753238	16.7037948972333	16.3056372013051	15.8423774517226	16.6535327222024	16.5620498049267	16.6366434125824	16.6064255175635	16.6178770975179	16.2692538570568	16.6447162135247	16.3701303838423	16.3191585671064	16.7612099798112	16.4865514035172	16.0035389477424
M505.0667T176.68	9.24216199100491	11.721876803672	12.086025309675	12.626066865353	9.24526776172645	10.095620073364	10.9227307599094	10.908703788315	11.8135198478183	11.8402098385991	10.9774512703411	8.09958537805147	10.484624716176	8.69066078392474	10.7701674482607	11.2606454331328	12.377252072293	11.2996589197909	12.7708147217655	11.2030937750936	12.34363902567	13.0212464320861	11.7998784124366	7.2889770891113	10.5425183279756	11.4376757060432	12.280182124987	11.5761714181657	12.0763482013814	11.6329657614807	11.9924297720864	12.4775825395761	12.2915768225686	12.2823151276612	11.9417460585763	11.1229815088042	8.20702866906209	11.7288867491083	11.1444612261898	11.320120821341	9.04646066562117	11.2728317059373
M505.2069T174.48	11.3166769043851	11.1428623543575	10.5261607901632	11.3229041003199	12.0272919499409	9.71894380434094	11.2073209895372	11.6627219489699	10.4671234850662	12.3685296198884	11.0106850209081	11.2816782572638	11.5589954820587	12.1255612446259	10.2815772809571	12.5401781900921	11.2882928560188	11.9047129498846	12.6780964977017	12.4914336779574	11.3335722171119	11.5153292043495	11.6547018522356	11.2339984721055	11.8860283932783	12.2633377678935	10.9996983508212	11.3962989401225	11.343265763832	9.70802992815053	9.80058011150774	11.3839604822649	10.5783200303307	11.0488095165471	10.6072818164993	11.775642651808	10.2366807277304	11.1313549936198	11.202519087154	11.4047755362213	10.6720517402912	10.6123184411143
M505.4623T948.97	10.4018949419605	12.2136553431461	11.530753986357	10.2653992317558	9.21377634923758	10.9770241553465	7.87181544135714	10.9592035767726	11.8448101275442	11.7997858405077	10.8255598739974	11.1459245605441	11.2690396192551	8.96391388810122	8.58135372614603	10.7418620436485	12.4276545159756	12.5673316176878	12.1909602894887	11.939429240879	12.7928490161835	14.2108971193072	12.8639274555735	8.09276556500433	8.56543776095117	11.6949093111653	14.4306732612206	12.983149512379	12.926597907594	10.7559832079945	11.945955284975	11.7215241150653	11.2995369468375	11.4458965510431	11.669924717021	12.7852774640745	9.99345691180446	12.4232322688649	11.5411803480733	12.6060415705438	11.1291608742505	12.0672496982433
M506.0395T287.06	11.0318966360595	11.268415192015	11.4383153244207	12.069438867239	11.8497524835811	8.75028720787171	11.9223667453941	11.1359403627252	10.8426218054222	12.6145144438838	12.0296433492004	0	11.2601882458732	11.8851789571412	10.3088946319951	7.65116428546554	7.86505563724484	11.7406187654629	11.4695179515206	10.9750726460428	9.94970737065434	9.13571733628273	11.0871536164372	11.5555146404219	11.4101522391266	11.7732597897919	11.4236793199493	12.1111476163694	10.497612232284	8.89380545101661	11.2405113903029	11.3443122223269	11.6257048052741	12.2724698934851	11.291958123853	11.3770422764816	11.9082369008072	11.8285422085655	11.7152947387145	10.3540163245552	12.4222600027174	8.74298611466687
M506.3242T705.23	15.35939743296	15.8990510862645	15.0424921491785	14.9450129241822	15.2478690787087	15.4307403687295	15.5100286085653	16.0234132361664	15.3762378123297	15.7615360336852	15.6983465145068	16.495783837221	15.6531334570389	14.0781581395983	13.7047502541337	14.3811136920627	15.3323027186638	15.6243264690733	16.5750833709862	16.5866524468201	16.4802712707632	16.3395727059823	16.2377664103228	15.0001287348343	15.2600721273318	17.0131532920097	16.08420311318	16.1130593072826	16.0165068738453	13.8242334735964	15.0128177140102	16.0077758210759	16.0820394812211	16.1039123855659	15.5553366195734	16.1112723403549	14.8330200180367	16.9041025867654	15.9956489214261	16.2841755147166	16.2794040905283	15.967720205109
M506.3613T689.47	15.5313905560292	15.9855812982476	14.3755709466186	15.6805677434419	15.0530647407375	15.4093095999243	15.0492593147003	15.1259049229498	15.1122275484066	15.7469874690538	14.7114566971657	15.5387139169899	15.4564885049175	14.8482246217358	14.4248521292193	13.7101624470606	15.1881492399764	15.0202143954401	15.6306231879132	15.8913160455947	16.1245801389316	15.4562869163928	17.1221080580255	15.4955275109484	15.1395659056083	16.5510942841663	15.4407046091487	15.9691682258135	15.9804208693454	13.661294284649	14.6189205553409	15.5057716558574	15.3831096168956	15.4479345748316	14.583478510806	15.3830752517227	14.7259561665733	16.3186404242076	14.5288552538912	14.830016831142	15.2698661162031	15.4319667403321
M506.8709T47.24	15.279121525236	15.3350251751559	15.0595853953157	13.7378900422932	15.6666026724764	15.4513080438372	14.9317026576456	15.2796037772792	15.1691115044403	15.2333175195526	15.3565470646216	15.1682585521788	15.2879635453881	15.2899962067266	15.6074574629735	15.7718947001897	15.8325746621927	14.7986337486203	15.6377518206859	15.1682255665337	15.5045993069309	15.4365519621141	15.3960807824012	14.2901818210607	15.3092470793709	15.6387229763384	15.1473321487149	15.4960346856801	15.0779956013023	14.1319156726774	15.342038518191	15.4150189585744	15.5524203621066	15.5619791140544	15.4637462117695	15.0869575608248	15.421907441304	15.2402308030689	15.0683655782963	15.3676121507501	15.2880414230985	14.7982063401968
M507.2153T388.64_2	12.7257287580324	12.1396217076095	11.9637242549506	12.122241866224	12.6694754926583	12.1945864762462	11.4085862791873	12.7465710949199	12.706045481645	12.8634186463816	12.2743645019218	11.6143453898262	13.4602880237786	13.1552619656177	12.8536990503205	12.6466328408625	12.3055438065929	12.3384959109445	12.6776101982954	12.8815516642031	12.262088017537	12.0821245324261	12.0098992848878	11.4545493138659	11.8930458529008	12.3815060150931	12.8024966530557	13.0392271088397	12.1083254608105	12.3435995262868	12.2579769577154	13.0147146432388	12.3537657245735	11.7860137811914	12.5096445485538	12.5071704194142	12.4094536314738	12.4116686469746	12.0039882022275	12.4042035973596	11.8905648132699	10.6232375248093
M508.2484T323.6	12.6508193733565	13.0032545919372	13.3778088415573	12.991612535156	13.325963682929	12.5026482013095	13.3879284465944	13.3056302883179	12.9704275861103	12.5762584253564	13.0685341920614	12.9453427032893	13.2717656450383	13.059801413719	12.8238392470211	12.7638337984426	12.9805496558948	13.0359865115236	12.7532517429333	13.5499223007315	13.9322970358945	13.4426755013405	12.7448403550362	13.4082384064033	13.7599912923954	13.7501083027192	13.1580073329194	13.0757191227788	13.6769940478394	12.7658437186203	13.0826445821837	13.2961804298796	13.615666345241	13.4051329530717	13.4191623714607	13.1238166703654	12.6829020195977	13.5716487344299	12.7674869485589	13.0065228904343	13.1270747972757	12.6861491536671
M508.8218T48.82	15.5315843933798	15.2014907022525	15.3100788241474	15.057392270568	14.9999529190642	14.6944299929679	15.4773514692171	15.3638422539197	14.9888278071163	14.6906335020325	15.1579484130199	14.9082068994824	15.1016926354096	15.3191174594365	15.5008701620005	15.4092769431772	15.1228251069821	14.7918323430837	14.9893884672102	15.3152014557033	15.3283910216552	15.1180215997401	15.2246547705136	15.1273211980535	15.4835367719826	15.5046932293979	15.0266862584349	15.0607187033482	15.2609858408078	14.9168546829746	15.4750878580505	15.2059916412524	15.4160441932383	14.996690282517	15.2744957545634	14.9375105125861	14.8903168679509	15.2634971353925	15.1612204623414	15.0006106267583	14.980250994549	14.5832713580871
M509.0216T42.35	13.6419762927655	14.5025667098652	14.0026699739052	13.8284452669493	14.1681511414052	14.1297116670239	13.1218301784163	13.7858394899898	13.9261319273874	13.5903456656112	13.6103249623189	10.9757305329373	13.6928848763637	13.3875139838451	14.3659106880073	13.9959038744984	14.4222754840341	13.494796803603	14.1554669993485	14.2946218139638	14.2062946499974	13.5931981275717	13.3082522246096	12.6858118073423	14.0810546414689	13.8639895433538	13.6811548097961	14.3540398814579	14.2361537386542	13.7252639613328	13.9145503555913	14.1293093173633	13.4303163616647	14.0975982287327	13.7035971470331	13.6449338611572	13.7484928396073	13.2492187521556	14.069763902468	14.3937402776225	14.0267638319204	12.8248836328082
M510.2492T391.67	12.5642663714799	12.0910285747899	11.5331074533157	11.8803676208535	12.70736308823	12.905633250064	12.7806609370878	13.3314458643078	13.202664050528	13.0775518092915	13.3078806759994	13.1721019524015	12.8592957306187	12.8472038590502	13.1024327831528	12.5132540869906	11.6443142896693	11.6806113213019	12.1583858075696	13.410174500518	12.390245734629	12.6497025401307	12.6290988685293	12.8998528550239	13.9021904900354	14.4132344827725	12.5208009041405	13.4561846078768	11.9861949511065	10.6587746117354	11.9939891152763	11.7801386946881	11.7241369107119	12.1733772960485	12.1016085135526	12.3279569636214	13.2124708768099	12.7061765134735	13.2981188333165	12.9680349910758	13.4485288189282	12.8602544754408
M510.3577T743.06	21.8716523720933	21.8099134920997	20.8310946951291	20.9276844371807	21.3376167193742	21.8859934594667	21.2078275132534	22.0535207161912	21.7423355636724	22.4154066418211	21.6677070640975	21.8242374569481	22.4565308905046	21.2161708367832	20.6652130413555	20.7319195713241	21.3288048850142	21.3122804115443	22.2863554453115	21.9237147839473	22.109025779467	21.6770610262729	20.4726031903293	21.2286745829022	21.035682179395	22.5169931763632	22.1281085134629	21.7772256820284	22.0561666520944	20.0360456430696	20.7157589517198	21.7522758998787	21.5503851581326	21.6151778989884	21.1516516013208	21.6869905960425	20.6159290305265	22.0620303815449	21.5669942483818	19.7932291212051	22.1627522184491	21.9441830424512
M510.819T48.8	16.0612603676401	15.9953747503447	15.8819880973522	15.9420112692859	15.4358565447231	15.59907054435	16.3138014511786	15.9964083400528	15.9157204096909	15.8140111841486	15.9907437157601	15.844065351268	15.5562778683399	16.1805986008936	16.350677327525	16.0316167293783	15.6591999097993	15.4553791680971	15.7864179227792	16.0572001016105	16.0963397577945	15.991182396283	16.0117310690918	15.9145737038366	16.3176947281346	16.2815530147807	16.0190991852663	16.2194721541767	16.0362599409474	15.632182856034	16.4228399738076	16.027726781877	16.2788634267175	15.8536860942641	15.9912883182027	15.8658186323274	15.707401738675	16.2057814279484	15.9500247126335	15.755969787038	15.7043852671117	15.6659976590894
M512.2286T380.04	11.5268677897283	11.3546645244286	10.1266448665274	10.167607123255	11.4615427044241	11.20239815959	11.7673791925796	12.1056762818983	11.7749839440968	11.9371011253658	11.7361798553851	11.4247078310631	11.9022063025036	11.9200370137325	12.0248993372354	11.3834955561882	10.7370413182035	7.09405801794987	10.7321820315981	11.7187869142167	11.5629489504985	11.0794746964954	11.7058062743275	11.5998221117954	12.770386158574	12.9506368001549	10.8817519343342	12.4426344180376	10.9408922735265	10.0251482151963	10.9277332477072	11.3400933538292	11.1290379670576	11.2068868265521	10.7524079899633	10.8382265739368	12.1862745451374	11.7932913364889	11.2832996457162	11.6203782271744	11.8131796989603	10.9906163047464
M512.2704T508.59	9.46110240562234	12.2419511887057	9.63379320424574	0	12.9028240962913	12.5595729230693	0	7.83063539200192	11.9465961605348	11.7665866001408	14.8130535165084	15.9103198630694	11.225951516232	9.756988669994	11.6652119933056	14.0311691311825	12.9072179328059	15.299055348769	12.0887237740804	8.12939116174148	0	7.88061622399511	0	0	0	8.87327141592964	12.6401523972185	11.0423381239197	0	0	14.4112183898606	0	9.7489169440891	0	7.3789687245806	17.392608175582	11.1101311320837	0	16.5310177940017	14.3148031222606	15.7471438863191	16.0483405624592
M512.816T48.83	15.5348666209545	15.3433906843036	15.295687254358	15.2996058709865	14.9964511355933	15.0826476337692	15.6718980598283	15.223803369538	15.3458462382907	15.2382225842564	15.3453976053676	15.4617029789126	15.08127149179	15.5126029049466	15.5403786951953	15.5044299634546	15.1508947286701	15.1045205204523	15.418482716057	15.4739749011506	15.3942676451913	15.5489043112873	15.3756196930519	15.2747910197441	15.5153859401127	15.6790504592404	15.3783563935607	15.4762577654717	15.1939309213709	15.0387381033028	15.5455117201001	15.3468655059701	15.4291469299587	15.3209635618095	15.3330990876436	15.471051572973	15.1206527641027	15.4969314036473	15.075562227656	15.0956108703168	15.05488400784	14.9943939113937
M512.9058T46.97	16.2789576944352	16.027015648815	15.92066168062	15.6053320543661	16.2637287470243	16.0877922811649	16.0469375965617	15.8566122820123	16.2770027742813	0	16.1276117226775	15.8171530419328	16.2539435738399	16.3047491573023	16.4175658887528	16.3305877414269	15.999289231548	15.8665556910805	16.2446364517013	15.8073701041558	16.3619634626011	15.977996622543	16.093743825933	15.7100601366836	16.25915985607	16.597373326107	16.0354601799611	16.51348072714	15.9549672836969	15.5881133069819	16.2624448231043	16.2927335471218	16.2440414874822	16.4580687667871	16.5010123371454	15.882525997255	15.9243772120333	16.188896119663	15.8704535195121	16.2516989885735	16.2164020717118	15.5409741190516
M513.7183T332.41	13.0064589756352	12.9753757115142	12.994570523879	13.1756493861311	13.5944933832373	13.0163478783382	13.4573538902225	13.1073517273522	12.8684059010867	13.100279898236	13.5438038057707	13.3068624889759	13.4292350734428	13.3035001432837	12.9372607266176	13.0073789914731	13.2564200366825	13.8369567184045	13.3667820739526	13.4098834821326	13.650430761219	13.2342443877723	13.2280219076892	13.0776898050783	13.6839731467819	13.8312171435995	13.4920889111991	13.0572063299153	13.0746595359698	12.2918146995074	13.3485535831838	13.2175121782728	12.9427249747669	13.3349973132974	13.4869609623535	13.3664798890414	12.9646518821506	13.4113255296448	13.4537572477663	13.1301722164916	13.9665792252297	13.3220893985161
M514.6565T814.07_1	14.0008390913144	13.8463513366823	12.5428077603667	13.6894845793955	13.5928506889056	13.5644202690748	13.396470549048	13.5562802707615	14.9570423352836	12.7698910539562	13.3438178237365	14.8367017762964	13.2518026235069	12.2026890749026	13.1589128590216	11.9025360851559	13.2092979763818	12.9600325089161	13.6558805664522	12.8770396467286	13.2069683970178	14.0760685475902	13.4900795710244	11.6403546796967	14.5294956073819	15.8430117716568	12.0227649175729	13.3525920572032	11.0641164518253	11.6657824133256	12.7421502940808	13.4253886154618	10.8101619674725	13.0122919589679	12.7265171022277	15.2507972255916	12.489693300488	14.1695318701167	14.3078943715363	13.3282880254776	13.7920881219734	12.7160471833097
M514.8134T48.99	13.9592769762579	12.7740351424686	13.8046255039043	13.3022268878429	11.8625798125375	13.0881331102845	14.1035767012535	13.6226697708301	13.2285748380689	13.299351498564	13.5058650407323	12.8703066346104	13.3581711078861	14.1644431837566	13.7828166681343	13.7241046021358	13.3101800998356	12.6909488520996	12.7749632216551	13.5005824398056	13.8064327599557	13.2399923823334	14.1218456332762	13.4861355338115	14.3069794124084	13.935767167607	13.3329502115332	13.9191637816068	13.6773962660383	13.2026683737699	13.8740087368078	14.2307152842161	14.0968069783313	13.3041189382583	13.4414622718125	13.6155712677877	12.9249752027655	13.9242935546922	12.7701376885132	13.1652401269884	13.1108640034584	13.4057845352389
M514.9027T46.96	16.0885377095876	15.9937498047988	15.9289654311022	15.5100271516486	16.3842709214955	16.0657057035354	15.5953346830032	15.9152208634767	15.9900022138449	15.5810954785914	16.2917749109188	15.6807464957687	16.2740427161115	16.2242858967665	16.5109962289068	16.179343436557	16.1009225112842	15.7608421493424	0	15.943368408208	16.4769029167859	15.9906569385004	15.9159351972551	15.6686849798194	16.1273362129536	16.6356160326689	15.9664811647874	16.4284218939572	15.8316659092925	15.4692499837963	16.1502801578235	16.3124580977097	16.3659109133156	16.2038344019583	16.4094669314833	15.7071540499621	15.856615878716	16.1032143106295	15.8099016965932	16.0937401552973	16.2526501126653	15.4986107927109
M515.2793T673.38	13.9426761198763	15.1312009987451	13.9820670714155	13.866920419015	13.9224368964021	14.5354818916564	13.7834752795992	15.1011366824711	14.1550679871929	14.5727990283699	14.5149896648082	15.0019180367402	14.8393870812676	13.9326137554524	11.5171969947099	13.1776464216112	13.9779199338174	13.988873688165	14.8123202838488	15.5811860757088	15.3627560840296	15.4855898010847	15.102156795167	13.0588578021101	13.6921462658061	15.8376718420689	15.1100505921443	15.0380772440793	15.7756086175622	11.2631895316192	13.4586285114632	14.3350746785161	14.7531526492292	15.2051108997942	14.0913397845104	14.9938860604834	11.9693190561078	15.5788977005058	14.3996442591656	14.5327223712376	14.9117064882597	14.7063390783975
M515.781T673.34	13.0256992895665	13.5825915626087	12.4248009610701	12.0249249341117	11.9453877574784	12.1862421467798	12.4716325101331	13.9288689361665	12.9318636508904	12.226653419094	12.935033578196	13.4856413202644	13.960566241006	12.1669273663227	0	11.6296827623598	12.7491659407232	13.1433582732878	11.658445383975	14.1565130364677	14.5509357063503	13.9545988682709	14.054947372754	12.7312011954412	11.7637192958583	14.8411945334345	13.8164533206299	14.0213262034573	14.7309555869411	8.56009043264608	12.2141769269919	12.9327489240042	13.0503995288236	13.3643086569289	12.5244812734016	13.5176773965037	10.6075363117768	14.0132733210827	13.1451684095471	13.8025042092846	13.6780872217918	13.1686321022484
M516.3108T597.29	12.7712242298244	13.4097317153544	13.4514895798212	12.8485608304727	12.1701525184267	12.7783066594226	11.9860771150389	0	13.0580966389168	13.3569149755697	13.41698084552	8.59932909936857	13.0814182914963	9.74842623260816	12.0242121044132	12.7320844636459	13.0764367577931	13.588412507425	13.4450241826849	13.6672150117971	14.0641186723696	14.059110677529	13.6176107722658	12.9662663379625	12.9839075982846	14.1895413559592	13.8552553007811	13.1938205491485	13.9776186293778	12.0800508461117	13.0005756957931	12.8692434573897	0	13.6949466477432	12.4429994885593	13.5850212836145	11.4581459097306	13.5868998351129	12.8572307040219	13.1218040886033	12.8800383649106	13.3400013406089
M516.7725T288.44	11.4919008271446	11.583213487321	11.4046483639918	11.9884488850772	12.2157169204216	11.4661811315063	10.4538290662278	11.6429333186621	11.8136083639522	13.5370284160248	10.707817410997	12.4019320986407	12.6439642845516	11.6808030429812	12.1665973721215	12.5692229593321	11.9738473972457	11.1678362011261	12.6659814252727	12.383081805586	12.3819694150805	12.9247128084472	12.1873067510928	11.3563686463917	12.1799144384199	12.4574845944248	11.6212572898054	12.106706954238	12.288585095079	11.6136508941644	12.3018833194534	12.757747376035	11.9944897609378	12.1516704452277	11.8477156759064	12.408401682486	12.5696097817754	12.2166094315597	11.3591844839523	11.6622079229071	9.90664525456208	11.9174370877017
M517.0627T514.07	12.0623325639638	11.9805321741114	12.2783512211379	11.8757474449018	11.9647218879056	11.7788916874289	9.24217096216966	0	12.1835404007546	12.0951609925425	11.279649039306	11.7766534478281	11.4069988804666	12.055222571006	11.7271306440949	12.0632768473576	11.7979271758961	12.0069300314105	11.910909505073	11.9279394782444	12.1728175091184	11.9283410215863	11.9738943587913	11.6427941015893	12.0358609081627	12.2669588103342	11.8552705298067	12.1054016463983	12.0539038783123	9.75658859358597	11.9896383787018	11.791795196976	11.9627717534446	12.0162291567559	12.306587329719	11.7168512271062	11.8102587254504	11.0192563688695	9.78290762136851	12.3377571157909	11.6507644771391	11.7585581080936
M519.2934T557.24	13.0013174952241	12.8887826066415	14.2511882998463	13.7913870527458	12.4591643121208	13.532173829447	13.7838605033512	14.1723799676183	13.4262416400965	12.4524942656152	13.5914358057463	13.0204444798291	12.1954480905603	11.952933849063	10.5352561135749	12.5686775825066	12.4441045473869	8.74015960002539	12.1032286049887	12.6271683679826	12.5083285001157	13.0956176754438	13.7370003923944	13.3440745646455	13.6073425527858	13.5179793592665	13.5407610369042	13.8250892723859	14.1931118063641	13.1096965193883	14.1136803386337	13.325849836488	14.4557725248013	13.6723033626823	13.4050157986102	10.6461951749058	13.687612052189	14.8922287260987	12.7766739254801	13.8901795492692	12.0576071814618	13.4381486443673
M519.3277T827.16	17.3641718726738	18.0213507955191	16.4025279887335	16.6175760733725	17.0659469251374	17.7893354461372	16.6352391033323	17.8568496133111	15.0501449970254	17.5158687040053	16.5511606235785	17.3902228098389	17.3161377090296	16.2032610130715	13.7331247984502	16.2857334704965	16.5870800121388	16.4144834946685	17.5394485716916	18.2240574771316	18.2479942885245	18.6095659214489	18.2261247992766	16.0993803538316	12.9396350399712	19.0363821959282	17.0913050348776	18.3891232676668	18.8464700347546	14.3580494644423	16.605799880865	17.3654435658319	17.4848312049269	18.182575199774	16.8858665805706	17.1961219971599	16.5523775604545	18.7754871349896	12.8907073680658	17.6341838054623	17.2431092847911	17.4734852611983
M519.4413T869.32	13.9149623947964	14.1572699203735	13.7331917339363	13.9765682886409	13.960480997632	14.6159466834593	13.2821407585629	13.4931297793377	13.8280590642435	12.4181874505267	13.7189933458481	12.5848298155876	12.9912975436927	13.0663944493608	13.5903433746619	14.5925062734848	14.7257491567224	13.5367735092443	14.1331178687124	13.0419509105171	13.482457128746	14.2511666649666	13.6452086507992	13.6286810434863	13.7905404157083	14.044427184943	13.5942650925379	13.9307127571075	14.0909156402671	12.5476185064901	13.5588732609054	14.4116594023913	12.1606574710738	13.8018838396604	13.4368420576732	13.8304488282804	14.927471132219	13.9982368193664	13.9223035094978	13.717207070437	13.6036407640553	14.6981930367136
M520.3425T662.51	27.0696947018379	27.2707499390574	27.125693465967	27.4091426462417	27.1959535238549	27.2901714034427	27.0592100865151	27.5710328197543	27.2488496882481	25.780238800437	27.394806117361	28.4213293640106	27.4219295629083	26.7667441370181	26.4090538585127	26.7895402246334	27.2291626816387	27.3621740390286	25.4733909614098	27.7332939478464	27.7084126281043	28.0857134769279	27.5957724995794	26.9193362610546	27.1925355236959	28.112518358477	27.6471710740816	27.6996717266747	27.8736777638526	26.2254594700794	26.9152870653043	27.5192900683311	27.3228750970894	27.9309467570001	26.9801318323242	27.7032616219537	26.8647180680729	27.8945479793774	27.4996024638622	27.542305440051	27.5915305089125	27.715366469384
M520.7982T363.76	11.2947716781605	10.9614091785663	12.3239822721694	11.9968457037482	11.1179767691675	12.5127139359019	11.6757595035367	10.9257258225844	11.0526117226038	11.6043219198331	11.7139790154208	11.3483419188545	9.89475740102308	11.8156916180162	11.773927597534	11.4426490093765	11.2705940358597	7.2496085932692	11.2000094014834	11.1897258966366	11.2724673730762	12.154065136122	10.9567110374449	11.3789079569599	11.3905020814116	11.8412373263331	11.8056687104447	11.7217552836765	11.6937857817486	9.45092991148669	11.7207072497021	12.3137201910992	8.90036388374324	11.3895941230334	12.2035156815792	12.4177139995507	10.742437158509	13.4282239210246	12.6780112183781	11.3439263308607	11.4790651291626	12.3207705256737
M521.5226T343.06_1	12.5054255944289	12.5928224825662	12.6052581539266	13.2384720201842	11.7721934753664	11.7172405866904	12.6775184294022	12.2752004692908	11.6664015471968	12.0559064224011	12.2635050093562	12.4735056786661	11.3250116552294	12.1331404974363	11.9094612555313	12.7338416972498	11.1843719946285	10.3562020960059	9.56261667066837	12.2331834537472	12.2364336195021	11.6676721502195	13.3338943206525	11.7232738402736	12.5703932096948	12.1750172321317	12.2837621739703	12.0873091281939	13.6794464135088	11.9746149869218	12.8907490510676	12.392518896396	12.9417610916439	12.1191401246665	12.443821163912	11.4626703436859	12.5793982786839	12.8005960309707	12.4791864175746	11.0436449286936	10.8963101697363	12.8811295853498
M521.7734T343.1_2	12.6504357226183	12.5806697306961	12.5341694119796	13.7960426464029	12.2929928321894	11.1317576491479	12.8872644655479	12.1173610211633	11.9239762687301	11.7000888379088	11.9599611804059	12.2084247385799	11.2853091043288	12.2498529712889	12.1412435596763	12.8811498971715	11.0336393840299	9.32767265194921	11.4329479707597	12.2803565058924	11.954633329365	12.1227286913277	13.2852357932004	11.8797127521314	13.1185382759271	12.6822262035268	12.2370824160687	12.262849752858	13.3963940476684	12.2395695373134	13.0395963952614	12.5397727614235	12.8587547328752	12.2176595215375	12.5756504750918	11.5541944704773	12.7097416144846	12.9811501027086	12.6954170929635	11.0969285698436	11.4003861748989	13.3425479476307
M522.2882T487.07	11.6831398829888	11.2223943391577	9.07931817209218	8.25819835241662	12.5908895079731	12.4941683029134	7.39868551431165	8.6927281020221	12.7916182104151	11.9654411155669	11.8944781877265	14.433661095896	11.2011817454893	10.5782175390793	11.842873335596	13.4663526790143	13.5820227159204	0	12.811731805292	11.7298012059785	0	9.13540924286977	6.74698177738519	12.8633888461021	8.77351629848824	12.0871936182057	12.4104839870991	12.1533765325128	7.88015041285668	0	13.2417767621047	10.6504655445152	11.9010907374082	12.5402845987854	0	16.4817979188904	11.013552512856	9.10938716366923	15.344960319276	13.3316545241698	15.814749627849	15.0086738282668
M522.3801T73.92	14.8263351108105	14.6431492002469	15.3257073848416	14.9616132849338	15.1772692716869	14.9921785646142	15.1995355011592	15.0938825610214	15.3270598227184	15.7265538626087	14.7006080884045	15.1056096828506	14.6559872278919	14.9752560769182	15.375052716031	14.9773269204756	15.2475254316843	14.8862651457372	15.5138200509652	15.0301212071119	14.9862248902845	15.3325733435373	15.2563937196459	15.0398783521959	14.3812051470769	15.4393534463985	14.7443191646384	15.2937553103056	15.1297055859791	14.80500915091	14.5819290757712	15.2946786390059	14.8715083012976	15.1434120727018	14.7044466418977	14.8861774798605	15.5185338245909	14.9481364872884	15.3859747038825	14.6594253400413	15.0175158745102	14.9015687222792
M522.9346T46.68	15.4042426641887	15.2347423667729	15.0370921512366	14.4555654685897	15.4007618326842	15.2925600692595	15.0463162767151	14.6922321379209	15.2823428462215	14.8853125865699	15.1668131399953	14.7382385427077	15.3271641577575	15.6620935067198	15.6966263834153	15.619248393108	15.310164044295	0	15.495011975582	14.8965208161352	15.4554125209871	15.2334364580075	15.5219012943947	14.4250274281628	15.2461244330954	15.7046840420664	14.9384528240826	15.1847948148661	15.1851828192496	14.5601948694092	15.380969835651	15.3408937557824	15.5388410244053	15.5472796045212	15.6729472058792	0	15.0350413102512	15.6897815484074	15.0799408465173	15.2584021290418	15.2531500413437	14.3521636181916
M523.8016T697.88	16.8043276178535	17.2240292425714	16.6876356771779	16.2948397029984	14.9539946519449	17.274366871502	16.9483679594984	16.9399464716856	16.6427827391584	17.4551355394224	17.0577924625316	17.5378203916061	16.5997907063064	16.6219377316517	15.8260418016611	16.5649612526831	14.5576532415276	16.5053516739554	17.1068548244701	16.1292148141074	14.221626763134	17.6224968012387	17.5159444016572	16.6164725899198	16.5583217134568	16.7434829311146	11.5375306834546	17.2767022363972	13.9029388528568	15.206694771783	16.3800455670831	16.6523523774316	12.1646884823497	16.3403016797975	16.8505065162972	16.868992355962	16.5068202766201	17.2528223201945	16.4463423587376	17.1305320941005	17.1873623755105	17.3607004911027
M523.9272T48.96	14.414849693073	14.9383027269818	14.4201971706321	14.6549184639436	14.7133704178266	14.5524605180049	14.8317746098149	14.1937896625715	14.610491073152	13.7162479650033	14.4744550986166	14.1864710618645	14.4234710981847	14.6943613491819	14.2380953028351	14.5696676630931	13.9484628601622	13.6871912135946	14.3345813419392	14.7486360009774	14.6366760585592	13.6936963842036	14.5764906601137	14.1069512266981	14.2890781278708	14.6567829889709	14.4056428116042	14.5997642928865	14.2893854033696	14.568515274806	14.808142425002	14.5275805637929	14.7695714559077	14.5423383978153	14.7480321822068	13.6465987835216	14.0156180710743	14.4860014574777	14.0008149826732	14.4386690856056	13.9499027841036	13.8337077473007
M524.0802T325.05_1	14.5485893142039	13.3339426582442	14.7158221039123	15.7135735616341	12.4388922955793	12.8292340087411	15.1065415563391	13.5826858805607	14.0529786682808	13.6175322363543	14.0151021718613	14.0060463308252	12.5176643911671	13.2043990562846	13.2630166770382	13.7019949565841	0	8.63850899665464	11.4000971683718	12.2476314625524	7.65442642091384	11.0380552968676	12.7086700947264	13.6776694167325	14.1478204001479	12.0114092024965	13.757528437344	13.3370448593862	13.682358406321	13.5975470670329	15.6191396733303	11.7046496285766	13.4814352113459	13.021369916434	14.3752037016503	12.0361634758671	13.960450011137	14.6969717532166	13.8411897357432	13.0251616995701	9.96226302351251	14.3064759632918
M524.2807T324.91_2	13.5871143533194	13.2144078591727	14.3272548182849	15.2901735021171	11.737946022955	12.1130902920241	14.6683911830202	12.9551320415938	13.6770231639805	13.0360346531988	13.4683314833279	13.5206801569131	10.4983623859646	13.0551638990818	12.658823050148	12.9827191443455	9.1208466280822	0	10.4714160008275	10.5809756914817	9.36936399475027	7.94104176554997	12.7343115164715	13.4966769585758	13.9418172596606	11.3419715962044	12.6523100424791	13.0128372828623	13.3766461901854	13.2486080787265	15.0509164479625	11.6758753520755	13.0575807672086	12.4729006689347	13.8018363046707	11.3446787322745	13.4031860248657	14.2712194091939	13.5100812155824	12.2640627953126	9.50266256427588	13.7351725046831
M525.7674T309.78	13.3566735306111	11.8420727023926	12.3429382040197	12.8974045355466	13.4315178457926	13.1559338800327	13.4679200825839	13.1961428393128	13.7071156198095	14.0428231635226	12.5868876424778	13.1198470952811	13.121454262021	13.3518953968355	12.984313554409	13.9791909404243	12.6008429653485	12.6484149785509	13.3845985264464	13.4182530300495	12.34566666779	11.7477880514106	13.2300028319386	12.8827248140305	12.9714967151424	12.9903987224677	12.709959250623	13.3727996044231	11.5195787884899	12.6848888194949	14.1069280428202	12.0095253737485	10.1635772880353	11.3707479333185	12.2732375914326	13.0681634906793	13.8991548874775	12.4444269063482	12.8005363819631	13.5915370668137	11.9823775914284	13.3026800347272
M525.9242T48.92	14.5155182447102	14.6773455304302	14.6703753018682	14.354944947329	14.7498137479644	14.3238340548262	14.6910210578516	14.1144531346203	14.6391356429513	14.3394795633759	14.744873479665	14.2584803426725	14.3680437839876	14.3575499348282	14.396862434485	14.0431557877587	14.1008301840121	13.5174377436419	14.2619953124838	14.4521999306327	14.7361356068765	13.5518998962624	14.1233980255128	13.7013708803072	14.4892650860077	14.7656647843375	14.3556473191002	14.6193700571951	14.5067229211713	14.6257030339839	14.7228765167501	14.4324971370472	14.3866249970416	14.539685534846	14.8080087097594	13.8433492925175	13.9721946601789	14.3899081999318	13.9023591975199	14.0661247027379	13.9356342957302	14.2795873029177
M526.244T387.33	12.3074605700016	11.4126044177111	10.581847825466	11.6070192682577	12.5108864345692	12.5798731480823	12.2499136678216	13.0512433496897	12.6849831213311	12.7183757912351	13.0274556351968	12.2130142603379	12.7876019746345	12.6276944300122	12.9662600928967	12.1398204848315	12.0276002486216	11.8901377883902	11.5600728256369	12.8925760495188	11.779310154377	12.2827232758194	12.0682712674335	13.0401458293683	13.7361666545321	13.9432877585885	11.9744459669827	13.1225191761011	11.8874842220141	10.9382674827986	11.6758246381834	11.6737313867995	11.3177657291619	11.7504291148395	11.4786313970139	12.2681695694113	13.2168502138033	12.3219976114558	13.074450537779	12.7688822915499	13.408623245528	12.5824792829227
M526.2905T409.84	14.7619854990588	14.3921654705513	14.0389562822888	14.583800914153	14.8214442494723	14.2550649681661	14.7310383408151	14.8520594910117	14.4815031098159	15.322625216203	15.1367511690479	15.8263149105384	15.1864555836426	15.3524380942598	14.1376564165851	14.5468365229438	14.1876749146398	15.0451140410162	15.2653248573173	15.1286667424454	14.2274549961235	13.4807426747579	13.9273506111164	15.0147288346873	14.7139337820345	15.8112654576173	14.5863015391528	14.9212473244606	13.9758560959926	13.7938263520042	13.6882033921652	13.7496483140529	14.1120556200311	14.4210539870011	14.6017478191954	15.320815828272	13.8932151883269	13.8798670992726	15.4277081532219	14.9899613982278	15.1529190247432	14.5126418040186
M526.3039T697.77	17.195324058846	17.37434263314	16.6306251283642	16.9396358683917	16.6950856054478	17.4996268423703	17.6040830677002	17.2680335734788	17.1563765985811	16.9955791488607	16.5808722801926	16.8872288189045	17.4246211455734	16.6487567375106	15.8953771327799	17.1465691035386	17.0195054001961	16.7652072769345	17.4440047569422	17.4870218240093	17.4437693044503	17.7376299091246	17.7473136669165	16.9273120330543	16.467279306475	18.0000546632665	17.2501000381808	17.2114633821432	17.384357025529	15.5202827081271	16.7195322132647	17.3961392023076	16.8497301859465	17.8172143913371	17.0092071366554	17.1602570891669	16.2103523371056	17.8127759025039	16.790969264353	16.9248334438052	16.5729775378299	17.2518086008868
M526.329T658.2	15.7722022188838	14.515280735499	14.4619691310016	15.1999784413577	15.3459589608231	16.0755243538901	14.7073787779177	16.4197525194701	15.536436526118	16.1175989894076	15.9962537267679	16.2728303606536	16.0332973934689	15.3500281584612	14.4264766365266	14.8100966974095	15.7253351988118	15.7857290936404	16.23387207204	15.86781364157	15.5060417511117	15.6665287103382	15.4892227157184	15.256402403894	15.2898985101196	16.0051300018044	15.9469327838264	15.6957230220505	15.7401752833921	14.5412879924824	14.929765788631	14.7771363108436	14.5545901163517	15.4282312192749	14.3777345740638	15.8303949411708	15.40803857346	15.1937331819315	15.8943350716152	16.0478560861451	16.9447505436912	16.2827088689543
M526.3653T713.55	15.669038416854	14.7682269922696	14.657565175905	15.0167172458136	15.0883611959531	15.985976094095	15.6071949570267	15.7947600089848	14.2505699686536	15.5188634170315	0	15.926426801635	15.8360647349278	15.475670539605	13.64575831761	15.2380190540395	14.6623566108502	15.6431910930385	15.659499000877	16.4823915650278	16.259849505022	15.7299920572549	16.4676071627979	15.1664129804691	15.618896257077	17.1773078635795	15.0439204502396	16.2658555561039	16.0707839708735	0	14.8942883210562	15.2886926167649	16.1170221594852	16.1309374257572	14.62800327565	13.0589479613246	13.5528700928237	16.1010828017788	15.4712264361955	16.356654508756	16.0192845469441	15.769161483599
M526.6249T409.74_1	14.6121655021116	14.1791105141207	13.9959682271459	14.2677613284329	14.5048660349031	14.1183967246832	14.4050317863392	14.657463909498	14.2615034799052	15.111765449113	14.8523511541183	15.5288925388201	15.0546426349273	15.2191520606791	13.7487959587513	14.4171255919611	13.9565891143369	14.9294593482097	14.9017362325029	14.8353953921255	14.0125904968388	13.202310343394	13.5796485082711	14.831715555375	14.5942724516229	15.4809213879601	14.3858359286904	14.6848653296011	13.6999630446142	13.7613160635469	13.424262850029	13.6361918076471	13.824337727192	14.2306868546173	14.3880399955844	14.9120059248481	13.6550622085408	13.7406798851131	15.1975980606383	14.7184992186289	14.7419144401605	14.3193339308746
M526.9592T409.75_2	13.3036839555471	13.0487269481109	12.708707686853	13.1682184538512	13.4171382657582	12.9692646283987	13.4258815919704	13.5574168345588	13.129799324631	13.8376798595489	13.7693848336422	14.4504627664348	14.0355807293445	13.8324467497345	12.7376943054832	13.1169798782685	12.9730933842689	13.8921185546134	13.935942867633	13.8915775316499	13.0190078631449	11.9693290659284	12.6182277682841	13.7212233350731	13.3895354852502	14.3615924233145	13.1902535909497	13.5347650252168	12.6840024649276	12.2290588075082	12.3495262262028	12.3948132992685	12.5458980123089	12.9938326710963	13.059898433457	13.9412219826206	12.4888064836528	12.66493779444	14.0439978381308	13.5954250988848	13.7878151341426	13.3130857165799
M526.9949T63.16	14.4627595542386	14.2678666886795	13.9416163463179	14.3579237333047	14.9406765984954	14.6886324734585	14.354057125115	14.3714743528947	14.7719943455186	14.0258719685069	15.014450573011	14.8239593905778	14.2054134854001	14.151011174331	14.5787560259533	14.4617567271558	14.4415594176334	14.5672706531914	14.2871280166955	14.6878448610807	14.4205126710089	14.3492655948859	13.8536375299463	13.7255146149623	15.1469691306228	15.0561402606558	14.247718508095	14.7093462698707	14.3823425943552	14.0306448076121	14.6101084565734	14.6446223817376	14.5335761652174	14.6286680401679	14.5608483505991	15.2054293347862	14.7364988370967	14.4878826316549	15.2016938295323	15.1673896350461	15.2313973288327	14.9999062987625
M527.0371T308.64_1	12.3129658519272	11.5598242843105	10.8311988562423	11.9020578078274	12.8624156313768	10.9043895351254	10.2824032651493	11.6615466887472	9.50416508738049	10.9630002294338	11.0817039678417	11.0573907067544	7.17367124607566	13.7503386699653	13.800273075609	14.5094775241436	14.3132791525225	15.290602918194	12.3122186450513	12.5617280210367	16.32878038374	15.8074233673059	15.3544124714636	10.4977896091467	12.9130070251327	14.2867452802609	11.9883680798887	12.6398608042469	12.9384183733299	9.95463453554944	10.6781568594891	14.1688314730598	13.5560703878609	12.372626434041	12.2704547156771	13.9361930418662	12.7719565639556	10.7660010853342	12.961442388873	12.2791356325417	13.9187949059486	12.3382263493327
M527.2877T308.59_2	12.2976942239702	11.8860124393051	11.2074334378638	11.7207453771888	13.1463021665877	10.9523903955057	10.6422993915222	12.3750435898598	9.32932592825333	11.0858111639746	12.2496051742892	10.8681798717161	9.30555356110978	14.102981216362	14.0775542054089	14.5464113396089	14.3868183784041	15.5451246119484	12.6678564064454	12.6164119209128	16.5676770192141	15.9310535444038	15.2030110942354	10.1156438354046	13.5417231788076	14.5310101509797	12.4593709229926	13.0828216618287	12.7413358070291	11.1295141200162	9.97721785607266	14.5305089719284	13.6516568262231	12.2516612105633	12.0385131043252	14.1181173732898	12.884779016258	11.0713469169015	12.991824792858	12.6949002198195	13.9960204944967	12.2171771110016
M527.9268T298.08_2	18.9331391969428	17.7782443673474	17.6263737162847	18.7583073966531	18.4597963748578	18.3013275935898	18.4959245224609	18.5693704855877	19.0011075000256	18.5565544132403	18.2808857361342	18.6754481572258	19.4300316253888	18.4663103377994	18.2242857826401	18.4162972534474	17.6518676874459	17.3834789712171	18.5000595151626	18.8079570532601	18.6213761352843	17.0534694163481	18.255812967018	18.254525318883	18.7138825753887	17.5444605342687	18.5679640086547	18.8203259401391	17.5420897886588	18.077473141973	18.8946122812602	17.0589351024326	18.399095664708	18.0694770350966	18.5390199995385	17.5568735140228	18.801824774269	18.3764053553265	18.2821953976022	18.1722447558166	17.4752881528696	18.3313220911744
M528.2612T298.04_3	17.6686716883144	16.4227498465252	16.3101792371483	17.5862764623851	17.3675602469452	17.0958294540144	17.3447058224571	17.4016051729718	17.8160814171022	17.4395867015065	16.9511185738751	17.5364421408871	18.167921701463	17.3585773657902	16.9384530170261	17.1983943577065	16.4341681752533	16.0859195109574	17.325001143079	17.4036295399218	17.4427681859064	15.9054910581007	17.0368549362824	17.086259325803	17.4644148204215	16.4715269230775	17.2715408534229	17.6777161441889	16.2394070767148	16.8014319249725	17.8198996288576	15.7644363851825	17.0923477249816	16.9317692188603	17.3928095518379	16.2725557485611	17.6313867890568	17.1712110666044	17.160120844096	16.9348118263022	16.2835219694949	17.1608375280702
M528.3107T674.71	18.0441423024896	18.9371143684616	18.1520036102852	17.8194354912824	18.3554477920916	18.5413271839598	17.1081846039259	18.5804769281421	17.9690637448941	18.701314109898	19.3097794495574	19.7855756747632	18.5357612051469	17.0503609789529	16.5775615122689	17.1177046398484	18.1993725855251	19.0016726724209	19.1689659444444	19.4798231435169	19.3869285287068	18.7804682696282	18.685424352107	18.376444657555	18.3551231303144	19.8629922643492	19.0275339401536	18.1654117188832	19.1619483371175	16.982732751037	17.8339074894949	18.6468734246561	18.9188826028774	18.5264361156463	18.1367481164165	18.9188159973112	17.4780571245061	19.3373968497701	18.9783390111387	18.7450099571931	19.7911079563301	18.9268624537352
M528.75T644.91_1	14.0999344712727	15.0391728989768	14.010186781142	13.3040756968887	14.2012414483146	14.2235459396	13.3907050374321	14.6951262281075	13.8205058522631	13.7865553449751	14.2509495803142	14.4701250005628	14.7077149842244	13.2593654657972	12.0671880571192	13.0428780084025	13.5847296888626	14.2458244590384	14.9279479575707	14.9924101176338	15.3460166062554	14.6261280642938	14.7514754402097	13.8469989738315	14.3294549075223	15.4923648714193	14.7851536589307	14.9191173049427	14.9540154830583	11.4599568286406	13.2203671909478	14.5253600572816	14.6656046639177	15.141592814255	13.5545135048773	14.1899075931036	12.2044486306078	15.3363384030643	14.2553959013451	14.6766935725316	14.9557908098174	13.8017346008802
M528.7729T46.26	15.8291094497812	15.8436599302365	16.0616151113594	15.984492758441	15.9401068405712	15.7351356972949	13.4680052984767	15.7567207546816	16.1964990687502	16.1049225048844	16.0296631008111	16.464735037179	15.9780711096058	16.1732650032259	15.8392001033542	16.0559079432738	16.0275251540919	0	0	15.8464146453796	15.9915853495662	15.946187753068	15.6421728022379	16.064745398032	15.9711423497867	16.2757071286061	15.5734060073592	16.1474723739629	16.1452696225572	15.3646642816117	15.9143243450775	16.3325823155266	16.0186411204468	16.2066806048664	16.1717495181601	16.3535201462924	15.7795874032143	16.3153564410025	16.2025922265737	16.2579819275672	16.1817270874806	16.1605699287952
M529.2097T642.61	14.6869001927173	13.5693889403425	14.0959039436591	14.2025699189855	13.8634090093921	14.3122384693661	15.1206461918952	13.9268709147768	14.0334704481332	15.2510510148757	16.3932765898326	17.5470518083956	13.3873695291786	13.5053199191971	11.673260728724	13.8556569929785	12.1228844061757	14.2532160851535	13.5576156098707	13.6631867527966	9.29354747571695	13.7648231836061	13.4930431818246	13.8695514198244	13.9966971463552	14.4019931337168	14.5596927806411	13.1529433223456	14.6768239380183	12.1102364521904	13.6664160060003	14.2890205031348	14.4321463590592	14.3283442938487	13.9765961551298	16.1145289289157	12.1197277803376	14.9697351925599	16.7985267576103	12.008211704893	15.4344433845159	17.095115919304
M529.2533T644.94_2	13.2512238414258	14.419970723957	13.5348062564366	10.8158076687879	13.771378585919	14.231022790282	13.0354091326096	14.32137295311	13.1541295721421	0	13.5414088166999	14.291238087945	13.5794817041733	12.2873894684384	11.5866447042651	12.2579876861103	13.7858626837864	13.9317551948967	14.4163785215711	14.7409640340058	14.5646960278898	13.1324900414734	14.4978496277856	13.7034365287097	13.4136837572598	14.8348196116347	14.0489445478952	13.7444566520124	14.2524616274917	11.0124006384851	12.7619380510094	14.4455171952213	14.3123413744621	14.6562705703213	13.2305487117421	13.757080036595	12.1888264177763	14.307968144832	13.5841814065719	14.222760883865	14.6422436272832	13.7817561105886
M529.2788T271.72_2	13.1929263203678	13.019592571644	14.3284646533244	14.1647751659828	12.6177018328941	13.1638810746957	13.5032356108016	13.4124699923392	13.50920449521	12.5497885135849	12.6481146264405	12.3505764200017	9.24316288741154	13.329642159845	12.6448364956626	12.53781235517	12.2987962571263	11.2076679738795	12.0671801292716	12.7031077904204	13.2002189028173	12.4198347446593	13.1422636818889	12.7269835876402	13.8361337219643	12.5961170905337	13.2017189619787	13.0739170820415	13.5498533119217	13.0108331670096	13.5469137303915	13.6879649347159	13.9191753009621	13.5065211441477	13.2742997129189	11.9336266465056	13.4722297881786	13.4516101975956	12.4680526629916	12.5227695045138	11.0764929681803	11.8677567286151
M529.5293T271.77	12.5811021418995	12.1180592914888	13.4667666110462	13.2440884235369	11.7469587149507	12.4946227160675	12.8940875666954	12.6954784552127	12.7196179686951	10.3492216916506	11.673965876517	11.8197587985219	7.35786672065932	12.5433827557693	11.7626537346924	12.1089265606344	11.9922211562583	8.45624726705883	11.1773996984018	11.9133594367142	12.3192526885082	11.785941535429	12.4786102519871	11.8043382746492	12.9731087873733	11.6054289153368	12.0443504817511	12.6411873039447	12.6743031390786	12.2971852331913	12.8038699487577	12.834402171534	13.0709256520532	12.668138330905	12.4138515017837	10.1579540108948	12.349785216661	12.8901804921248	11.5399787913872	12.1565343664581	10.7065522229067	12.0473332330017
M529.6666T812.47	13.3458686543221	13.1435198122734	11.9346196019948	12.1315127155299	12.4357597700748	12.9264201198211	12.9568393985268	12.4196939025194	14.7888530180762	12.3230432459672	12.9526682980837	15.3079698005627	12.4492382971385	12.0995438256249	12.4091005534446	11.7445302289757	12.5404670447342	10.2326162484038	12.8419430957065	11.7806571154172	12.4325828559981	12.9383059416783	13.2731202376788	11.3045617288226	14.2409046103095	15.5571299597759	8.5698023497773	12.874044948887	0	10.8666353054737	12.5250868300767	12.8061617714055	0	13.2560665325484	12.4808056847675	15.1230472665305	13.126702913821	13.7889055095871	13.9612409327868	13.1911230845465	13.1484320740368	11.835623901821
M530.194T603.01	13.9563118753542	13.3069942556554	14.070061296832	13.891599329342	13.5903591490508	13.5162845454913	14.196766998744	13.7049225609163	13.2131528678243	14.4326469868507	15.5327894389752	16.3894768252408	12.9131634325778	13.6780132229333	12.9528195561812	13.5178891839377	12.092913675367	14.1341677197474	13.3896098900018	13.2747200968563	10.0652749027271	13.2391965221611	13.281477314665	13.373941543264	13.7259923986418	13.9025197247683	14.2436522582985	13.0482932824446	13.9617707871475	12.8836762565858	13.2471860224542	13.7636671730268	14.1575726301357	13.9495513207777	13.6230330368665	15.4943832802555	12.3469167266031	14.2991930654659	15.9204561561888	12.4115299899559	14.722626118195	16.2434817515383
M530.2551T645.17	15.4240119984491	15.8325979422487	14.7355492907497	14.8029438678212	15.269283952934	15.5235029815004	15.0176171768167	15.5510122617451	14.9765151423256	15.5999326502439	14.9624966526184	15.814590005394	15.5051816146966	14.2911338304355	12.9050731164185	14.5018310847883	14.7013499520868	15.0333585528301	15.9961354153614	16.008017951408	16.1846113001241	15.9773735156435	16.2339463828949	14.6952890678164	15.1720336456737	16.6658791889646	15.7080774901426	16.0371071589264	15.9711458076103	13.2045556983548	14.4769901968081	15.5876897024449	15.6480026988966	16.0341557611738	14.9818233350798	15.2275110394164	14.4706305088132	16.2604801100071	15.3388665003332	15.984598805117	15.8954757309425	15.1796953200871
M530.3249T676.29	18.2848462255523	17.8926289518868	17.2399352723209	17.3104505360129	17.0637070649438	18.5863042089162	17.3630065960601	18.005019414559	18.5573014658371	16.6516533728417	17.9156922630937	17.8983108845279	17.7596358261162	16.4545762430393	16.4430159458602	16.31514648057	17.4019359611228	17.4991842339012	17.6620387308473	18.335655848618	18.3082232561065	17.8144019744806	18.3053827139456	17.5039011499459	17.6272406518038	18.9858698436833	17.1373546318802	18.1035661351329	18.3829457962773	16.0514612026542	16.7930417267455	18.0238266918022	17.9987326020029	17.9503148153564	17.476238033315	17.9456150839598	15.4871839647326	18.7042559185777	18.2976356775657	17.9029199151061	18.323283122389	18.3862017281491
M530.757T645_1	13.9844302727951	14.9817299220236	13.660359173132	12.7867025454355	14.5623645697573	14.7265809835626	14.0293928485765	14.3024840773043	13.8096320279091	15.025543084975	13.8138660680011	15.4327211881741	14.645525119705	13.1360443311983	11.8525452993388	13.2093021432796	13.9260566066873	13.930729172998	15.1966570329545	15.1185413199477	15.2595627412002	13.115254953628	15.0132026950086	13.9245063045679	14.2951083082219	15.7038866639791	14.7547736958729	14.8970661060306	15.1682746741823	10.9440692926116	12.908774345856	14.6380519203202	12.8662808206048	15.353337546472	13.9723679082075	14.0749155567898	13.6214024161125	15.0993005367594	14.4111133888995	14.8560879041352	14.9142369233996	14.0918750199579
M531.2525T644.99_2	13.6465760509499	14.4723007367384	13.4754185538782	13.2199110748565	14.0323579044925	14.2510854640913	13.4514236575841	13.7721338261286	13.5949978152732	11.8850719610402	13.6547184489165	14.3508591097052	14.0651982821805	13.2795742537222	12.3243712458795	8.72042815985338	13.4128261929815	13.7915110247501	14.2845176543958	14.7773631519799	14.879325349489	14.3362086636045	14.7107772045781	13.658338341125	13.5353010767635	15.1863137361047	14.3890205796674	14.3001026213069	14.8699508949047	10.9710851972568	13.3020630620754	14.0660174212276	14.2085446332945	14.5238014838348	13.2571085898179	13.8237193163627	12.0492915592648	14.7708399821546	13.880542181618	14.3340414849242	14.018221021702	14.012367473716
M531.3061T383.68	12.14728596651	13.1354592229323	13.1297505337062	13.0269769625707	11.6609530715861	12.121465828379	12.9522036711337	12.3747284122459	12.0376181999985	7.03303336579666	12.0258509729427	12.3926904934869	12.2128827223617	12.4825470707858	12.0548943880135	12.5673424190601	12.4163157740429	0	12.0227307890644	12.3763814072286	13.3926792581661	13.2343365360423	12.9348734353281	13.1534988485471	13.2560631466371	13.4132793693621	12.3624943849325	12.4246296242401	13.061550523815	12.0997405713619	12.0558291608018	13.4035473150074	13.3586105887159	13.2644461170822	12.7707926163308	11.4037930094138	12.3040241808446	13.5078533066279	12.4443872471911	12.1949232684374	12.5975978127779	0
M531.8735T329.46	12.8505363178834	13.0743984195523	13.5483248212017	13.4663120409166	12.8539209903088	13.1625392623186	13.4011307535352	13.3586182244902	12.8344585248598	12.1627354255433	12.9325946542472	13.7448151883865	12.5840539442639	12.0855324700213	13.1670930659101	12.5037958413509	9.45755641158751	10.4933701220444	10.5086539860181	12.9891937941784	12.9791226089695	10.2862983024396	12.4952179746419	13.3044570714564	13.7879514478377	11.7911756018692	12.8842470443755	12.9315161668859	13.1114707601799	12.9242668100824	12.9858811801073	13.799284380776	13.0939075236262	13.9008795134646	13.655810744158	11.6708039839038	12.9602959795149	12.675537616284	13.5404378327696	11.5904750667135	11.6190641184937	12.984855998218
M532.2054T351.28	12.5523429295424	12.7979813282405	13.0060410117341	12.6891599422467	13.0878824833124	13.0566162971458	13.1916732534998	12.8831397136288	12.7219494712332	12.7641480871613	12.6553601741587	12.4245856919968	13.0899822296156	13.0615083944997	12.7072588947042	13.0052590372099	13.0192333997459	12.6279787123325	13.0381980209748	12.9701995566837	13.1476351325059	13.0125748545495	12.5571443833378	12.1883825909307	13.3997778038369	13.5466217838488	13.1066213918093	13.0832031118657	12.9136252145074	12.336862558971	12.9211276867718	13.2269646140197	12.986985905809	13.0320516159239	12.9624095945411	12.5076722364984	12.5445797256441	13.2345895924505	12.798520988283	13.0630018094745	12.819835366738	12.3998856548305
M532.3395T742.99	19.6354072381991	19.2584660142766	18.0401649274393	18.3710877455666	18.8091191416346	19.309863671149	16.5918853004594	18.6953122907879	18.9959217584127	19.7441400082422	18.9545387956891	19.1810996115984	18.9825483259465	18.9542804338738	18.3685164523539	18.3929216502437	18.1613426561129	18.6503048703664	19.637476408591	19.9443008953057	18.6544875519038	18.5555271548887	19.6962573655045	18.7132309234744	18.8467737731537	20.1183907811338	19.3277015085998	19.489465499246	19.4346167853636	16.5470333662538	18.2085252198682	19.5753001375247	18.8508714948229	19.1050688896725	18.0337588372454	18.4865032809259	17.4666878001524	19.8432955912661	19.3597552504915	17.5932299169625	19.5634372826652	19.3941447298559
M533.3435T742.96	17.5904221218261	16.6128691429157	15.5899575624299	16.0579372656977	16.7634307698058	17.2599538170363	16.0553039365754	16.8755213064965	17.4975124924969	17.7613172751415	16.9087254946918	17.0860173135369	17.5228611296844	16.4920634117532	16.3453903035878	15.9685948620857	16.3121682866379	16.0620981917613	17.613922056989	17.3081744743959	16.7174617528409	16.6894907757861	18.323870841535	16.6471876221135	16.4267638778425	17.6793021951696	17.3051448281757	18.0408659799816	17.4335161191997	14.6507894076933	15.8389158460837	17.5472120048434	16.8724979457969	17.0612374951731	15.6981289585388	17.086876437896	15.6840554369832	17.9337586500448	17.2301028261904	16.2824232399626	17.4848968688125	16.7679018510341
M533.4572T869.53	14.614952955736	15.0781544245604	14.0832969168475	15.1798223806629	14.1116640702055	13.2958971179544	14.440812502505	12.8352255501572	14.4835851136313	14.4060130630392	14.1114805344007	13.891594876746	14.2026916255773	14.1146270464538	14.0061253512299	14.3166346867278	14.8770884644471	14.9556849121982	14.4567850706935	14.0102676952193	13.7024390747384	14.4671209645135	14.9059007048763	14.8950950223726	14.457234397143	14.6372215230832	14.1779369579722	14.5413386203748	14.5005586354974	14.4040684390107	14.3887965367307	15.0159108478384	14.2549340506619	14.9404724726832	14.3511195278934	15.2701218217865	14.9710349936953	14.9270559517325	14.5850918832739	14.7021583160191	13.8179602914312	14.6259399917989
M534.2971T697.34	19.216537167887	19.2518824151392	18.4954898193094	18.692729742264	18.6314494287647	19.0662520955071	19.0010593812484	19.0395734596827	19.1578281355416	19.0226210732995	18.7406394754702	18.9531686437745	19.0767591618978	19.0199848241683	18.3338217207844	18.937173731021	18.4702192652355	18.3846240328819	18.9914023787403	19.2765080203264	19.136695014497	19.1430597265104	19.1977240573938	18.6674119476623	18.9683778542036	19.7200677233669	18.9745343807705	19.5230026352111	19.3316484374164	17.4500007178506	18.6177833245939	19.1013746795055	18.8384453544315	19.171764350283	18.9843430774586	18.7452160602664	18.3735144525928	19.3006603415423	18.9101746885567	19.125425665663	18.937553424323	18.8772329007721
M534.3214T551.7	14.2713743978226	14.59512416345	14.7438084349695	15.0722428721931	12.3382598212156	14.5782342029711	15.0611320062853	15.9551847875156	14.8642814914357	14.9190706641043	14.7379272565316	15.1227188996435	14.2518842713204	13.7918810669622	13.6334038044112	14.2646676671055	13.9315805208881	7.75168021770337	14.6157878282621	15.5155720030062	15.0381692878312	15.009265962034	16.5810076746876	12.9890977578429	15.7170192680487	17.4827575928065	14.888575720162	16.0959534459539	15.2244246516386	14.0010813521885	15.0802701617519	15.5853368916366	10.1947884223327	14.4234047951051	14.6357030011999	14.7685911391448	13.7109947613337	15.8877063199833	14.6196723971149	13.7614966051202	14.3518564537898	15.1115933614222
M534.3875T866.17	13.1065034085838	13.6148834927043	12.7663154853389	12.1492217176659	12.6550199398357	12.93950630004	12.1782376473071	13.5589266674273	12.3495302707967	13.3699206109608	11.7877018049542	12.5083672852452	12.7770168584536	9.58642093861571	9.1742037511581	11.4843701466591	12.346664576264	11.5724070720781	12.9354555580961	13.5570786864843	13.5851684661668	14.2953544131911	14.1142486775539	9.91565991614767	11.5683636757662	13.7930273267009	14.3396637326388	13.7712148519812	13.6481188399114	11.2671509689095	11.2012672147694	13.4864435231751	12.4480082347776	13.2979580437321	12.1798296198319	12.5015004729937	12.0545890092002	14.2465584534629	11.6687505497014	13.4427164900126	11.5809376257156	12.7663330026612
M535.3048T698.9	16.7635791033024	17.2342639239121	16.0771250968898	16.0699486568993	16.0597623228712	13.8077165807025	16.1985888446027	15.9943412943305	16.3270737944408	16.6843748793026	16.3085100343785	17.1441195429601	16.193324605653	15.9433646050761	15.7111451308928	16.3116271705563	15.3116204150757	12.752496292577	11.6682949445413	16.7152645509447	16.9805076851929	14.1725788968681	16.6488481124632	14.3531465470913	16.3925480640019	17.2630511939677	16.6567880832363	17.0908833865547	16.8812423161776	14.908903099493	16.1096190704927	16.8277473412162	15.2258869624699	16.4624818188852	16.4475125941594	16.9420835794378	15.8587370306683	17.0494238400805	16.2640945320943	16.4543423232588	15.4950104590762	15.7637633486651
M536.0227T514.43	13.2281390321177	13.1606889722657	13.3659670427379	13.4095710741404	13.1482530041089	13.2427691064265	13.0338162782704	13.1070381716416	13.3326474609261	13.0419971103859	13.0686395780515	13.2138031742824	13.0389808446622	13.3469328803016	12.6495951410152	13.0575798457861	13.1665421824911	13.5968918023951	13.1890882702453	12.9507150274647	13.1115689465155	13.2642738393987	13.1727932357039	12.946735403555	13.029605391804	13.3312206785989	10.1171901510535	12.8445027846391	13.173405811989	12.7971715105132	13.0907256539168	13.059676129377	13.2515634930385	13.5120180076292	13.0905669286954	13.2071988339548	13.180351376713	13.077382228332	13.1062946247768	13.2935781975899	13.215264224803	13.3437631821287
M536.3004T684.17	14.0495420448865	15.2831181655239	13.1832866812754	14.0970747177402	13.4426425850735	14.6249118773738	13.4348006586817	15.4311427344365	14.3793895880018	14.9402791240208	14.2386542845242	14.9793511215184	15.308867921085	14.2463297463052	11.5800050243537	13.177363983961	14.046431332649	15.0861124627266	14.9355016631617	16.0231238787291	15.6703170959725	15.5547883402526	15.6264676868633	13.8189713531355	13.5716690809125	15.6060199288204	15.3775455180453	15.3853815937414	16.5736618193094	11.4162695632136	13.7371961549467	14.6903779321559	15.2129625582462	14.9330876235448	13.9035614500195	15.8830971695202	12.505795440496	15.7259077718343	14.2193580560257	14.5966734680233	15.1580750408077	14.9276349261438
M536.3735T760.29	17.5361199596109	17.5941135493712	17.1488242802203	17.3232741125784	17.3083002906452	17.8518067262191	14.6235848823806	17.9744591357469	17.6324107510908	18.2244389504583	18.2128661157796	18.2703663114863	18.1943276912596	17.5695967345334	16.5584509748428	13.8684267872538	17.337191625892	17.91372296651	18.1669881248861	18.5119551869539	18.3012406272275	17.8395770747948	15.2227667609876	17.3063370422635	17.3120217923523	18.9147990200688	18.0951664283337	18.1182933125514	18.2696453597586	15.9811581390144	16.9028915356605	17.6023340476146	17.7650561502203	18.0416624809534	17.6017040254507	18.1101735634739	16.6413026084561	18.2856374459145	18.1107944969881	15.5977341584749	18.3725606595678	18.0482567006523
M537.3103T711.65	18.7315206637466	18.9467980578271	18.4925393977302	18.4272442188104	18.5221988078688	18.9120574705315	18.5499738540941	19.1189483883036	18.8653749821008	19.1079172643113	18.9557600035677	19.0824371229623	19.2717801212547	18.9601119093326	17.2179216830195	18.1446003355974	18.0773118438804	18.3429887638107	18.964517477223	19.4400417619959	19.5800411212641	19.1864617652033	19.340356950341	18.4711701061541	18.5320146899466	19.230185374297	18.8585046257774	19.1440507515823	19.5112433378327	16.1706925925321	18.3120845921308	18.095201703961	18.9197965552244	19.2458575370385	18.9581619081922	18.7993745235926	17.7847117926174	19.2010040287662	18.867322764375	18.9692132814118	18.942567326656	18.8956245197119
M537.8106T711.98	17.7404984803518	18.0500865772859	17.5292306117344	17.4918266142954	16.831687437598	18.1872231038261	17.4189134654299	17.4032178271471	17.7776146309427	18.0437946564882	18.2625274711592	17.6618813548711	18.2059850638282	17.9335945084861	16.2380587059193	17.0823370130122	17.1277719670326	17.5075145057277	18.0655517137345	18.6352050777749	18.633611630982	18.2968307842765	18.3342074256062	17.57528497946	16.8394422553722	17.9933159711866	18.1168118628838	18.0483650404189	18.8305562759819	14.703799337844	17.2476929207791	17.6991422966509	18.157104552235	18.292689642664	17.9410653530234	18.0775094909971	16.8930257366146	18.7415975966659	17.7520525893141	17.8783072229972	17.3081837449582	18.0785318933324
M538.2828T445.13	12.1084170999826	14.3646890431354	12.7209480417563	10.4656858907688	11.3076029066264	14.0544451918744	11.802282272103	10.2067751863552	14.8723061484208	11.1234914105567	19.3605694536355	20.1924793485238	12.8687472280033	13.1805115131576	14.8070391965134	16.7261378279485	13.5393547948164	20.4197514658968	9.67756790451643	11.6066512047464	9.05603844404923	11.276989842246	10.6412007843519	13.0135835559831	12.2048210347562	11.8484244278137	15.1411329108139	12.8300285013592	12.0182174921399	12.3834876202654	16.1854677359959	12.4122955110443	12.2823920026955	12.4320662002107	11.1973063064894	20.781363028	11.2718732714497	12.922011955221	20.7258240802308	16.5363971097971	20.342454950999	20.0264812400294
M538.3012T521.04	14.9478189734447	10.6372369351277	0	0	0	0	7.72503541899783	16.1712499111094	0	14.080553104464	0	12.1480638319157	12.8508282891403	0	0	0	0	0	14.2691504624468	15.8358749597218	16.1953499900238	13.8813707503426	15.7294519674367	0	0	14.6918885463452	13.4980134592311	16.0027031629347	13.0127272676378	0	0	0	0	0	0	0	0	10.5764640580113	8.58281630375224	8.19826923624415	11.2125356174758	11.5904285252008
M538.3527T638.1	14.0971623914175	13.0495572647636	13.1384776006661	13.2160284299614	14.0700756494165	14.447931048865	13.2365177692586	14.3191793606069	13.8687106765354	13.8502414890373	12.1683593312275	14.2422910502419	14.5668330643041	14.0847609928301	12.5924728846479	13.3813038066787	12.5819514336349	13.2513490881189	14.3329604601659	15.1052527788224	14.3941307291874	13.9412344909924	13.5997510221714	13.4544721963895	13.2346854945781	15.4257450333927	14.2052701772533	14.9315826207866	14.4823608084612	11.8394603616178	13.057870470445	12.8103271490556	13.8619791982253	13.6421780133939	12.8493354594862	13.8119733314279	13.2817993400382	14.7012587639024	13.3740036889147	14.6077559238598	14.1258485166894	14.2890343849718
M538.3537T553.48	12.1015679642526	14.7854256830225	12.2936400366111	14.7120925670436	14.246391122024	14.4484175920255	14.3562220433174	14.585444859206	15.0165002991095	14.9711167156174	14.4315021221586	13.939534428544	14.8959622930227	13.7072244710106	13.8340952494318	13.8390328690414	14.6328067119684	14.6510490200082	14.6428436862229	15.3212499038513	16.0166841640969	15.3002393028869	13.8268373377255	13.6306484829255	14.3387838267372	14.6722165392484	15.195213445916	14.4777499428005	15.1541407401441	13.0291482210992	13.5800686525671	14.6613772065525	14.7656598277692	14.7836315266821	14.3619971266398	15.4854168245878	13.2502815963558	14.9553062657806	15.6418071358042	14.9158280026774	13.3462665509091	14.6609900244141
M539.3297T901.81	12.2518374611503	12.6369450165626	11.2045601917099	12.1939823795026	12.3959736530755	13.0758880358698	11.2388133176274	12.5575155982066	12.3163644926976	13.2409327974767	11.7975042161831	13.0640980199955	12.1305229942017	11.2671408925878	11.0219930384902	11.1691906390607	12.6367920284022	12.2146567029116	13.3490023148912	13.328348861824	13.0658582942754	14.0135815949365	12.5411903632185	12.2897592044951	11.5039318124808	12.9204155633274	12.8093489688261	12.3672748076077	13.7034382552318	10.5821897651838	11.3553866718008	12.100201017191	12.190421734123	12.6156406531113	11.157823392434	12.4907613474772	12.7188019126887	12.5864766944638	11.578458560326	11.9787519165589	12.5051938674317	13.3908614329313
M540.3695T574.54	13.6766993175822	13.9961221977282	12.1284317546691	12.2906213128943	13.4546869755951	13.8865422050856	12.2108994569212	13.7941887135269	13.5715241700927	13.968379561334	13.5686007381954	13.4611588758417	13.9316506542234	13.6276171241399	12.821155465441	13.4762498698487	12.9650210237799	13.7973265331768	13.6321852118618	13.9992803691498	16.4850085835376	14.3351458872984	12.5843620862862	12.3864259048514	12.2641326737654	12.7856503619497	13.6781606092064	14.023335242028	12.3514047263648	12.4385324657815	12.6864678331608	12.009083899592	12.1843680770437	12.5236530736023	11.0568548779531	14.1464528712095	12.6976098366755	12.801540623057	13.9856377155568	13.6164498948225	13.4331343697482	13.9011122400724
M540.4288T865.45	14.2084828247671	11.6887683219376	10.2560812628485	9.44136756368091	11.2603889097657	13.0768136952746	8.17394544047189	14.1994958973888	11.4650861681772	13.6390178904417	11.3184334832155	12.3181667461327	13.4554510103144	7.6566532247969	10.4903850661883	0	8.91994093711422	0	14.0738623810848	14.493532998674	15.2027164118453	14.4183333228615	14.5604552834385	0	10.3188777667104	13.5660439574079	14.2011135345448	14.5058389334704	13.2318373698471	10.3124060611484	7.95883103654566	10.9160968062623	10.9164827421359	11.6315691498839	0	11.0307765061832	10.2175096900374	12.3837999838915	11.3386287992011	11.0285398019851	12.2181228358007	12.9348681653016
M540.7913T48.39	13.959338408366	13.5136467824575	13.1345512272252	13.4592656585163	13.8136209903763	13.3541348606647	13.56247233671	14.2740408180107	14.1093034799054	14.1211949306509	13.5468107243641	14.2749712900924	13.4103818639428	13.8258149954636	13.9877685869481	13.9786412367179	13.811799866272	14.6165720145021	13.4737548402538	14.1297619331647	14.0422014977666	13.6750228457367	13.2819825538559	14.5256797000143	14.415058061131	13.7606730962992	12.7649277509947	13.3328155402156	13.751135969134	13.6055647074229	13.226033464792	13.8082568406197	13.6224661209084	12.8035138173225	13.5587828715875	14.3073861508201	13.5457153473316	12.950744827275	13.7246831916117	13.8800557182001	14.273578964143	14.2413678295746
M542.1886T66.78	14.1524622737528	14.7350837915849	14.7112509073382	14.5354738945962	14.4415464182547	14.4721958932799	14.3786167490348	13.9324645813898	14.2821371724603	14.3279011257958	14.466264638018	14.3395460366391	14.323808100374	14.297487634051	14.1649839940353	14.6312669870023	14.5376725877041	13.7686069547351	14.5430347566269	14.07979741794	14.4250946916975	14.3495614980532	14.0207335793376	14.2718903260388	14.4479139396558	14.5856174016591	13.9630411144185	14.2747122170198	14.584942643624	13.7031368324677	14.4297920133272	14.8210335860164	14.6986709226385	14.8419748532799	14.8889997220381	14.3904595555559	14.9681016624087	14.4111292438699	14.8903942517238	14.8213758354535	14.7994768914854	14.302426154388
M542.2455T500.16	0	11.5948618591919	0	0	9.00773283251212	8.19067458339877	0	0	0	0	15.7569353401952	13.4687258658553	0	0	0	12.1052236144017	10.0640978585993	15.2387446285832	7.30789026128323	0	0	0	7.55477297458839	0	0	11.5194987223463	9.73254553220694	0	11.6572830287437	0	8.73188097378176	11.1283437817825	0	11.0583096531653	8.36018628964424	14.7763926269775	0	0	16.6886973157135	12.9783007169591	15.4839368622353	12.5003989317212
M542.2851T308.88	13.7736419798842	12.4579793809811	12.6287051693326	13.8688824916427	12.245405338888	10.7618311992718	13.3408670393524	12.5701584443562	12.0478978709207	11.9385452405819	11.7901532298404	11.3180602190595	8.34300028587521	14.4473840243494	13.6032149527399	13.9629092698435	13.8085807353346	13.170870358325	11.9969442646586	12.8040722312415	14.1556154163342	13.6251968893933	15.2869072759504	11.887420120695	13.2573770113543	14.0040722245359	12.4070459320555	13.37271871852	12.4192168220334	12.2842121702916	13.5587603428525	13.6999870202533	13.9674680953272	12.234412950319	13.3489509175176	12.6243349198766	14.2006676937383	13.3015264407554	12.8647045618275	13.2558103278701	12.5222508575226	12.9209884255518
M542.7883T48.03	13.8999455952339	13.5306990788082	12.0366456027324	13.1985872809837	13.6370310942079	13.5107167681113	13.0137863731581	14.0724931268138	13.5201266754141	14.296286818228	13.6849640637205	13.906509554352	13.3407081549356	13.3657115161507	13.6899132803455	12.8070187777925	13.8109795031163	14.2400470835571	13.881653448632	14.0078060622653	13.8491278108933	13.7994561489244	13.178659448398	13.8127675463044	13.517891509258	12.1823617030567	13.3731587091118	13.61365622839	13.6465004162708	12.6243716190527	12.6022772984997	13.4684101440935	13.27047864961	13.2354951106883	12.9901406093909	13.9333060081843	13.7090734892283	13.3802947672693	13.7651433731866	13.139451444701	14.0726107151291	13.7450296347185
M542.9306T1194.46	12.8981092101553	13.5835638920836	13.1416863291322	12.517250856875	13.675162808831	13.9121959390034	12.6647580461371	13.2265258408149	13.2289153386044	13.1596651387015	13.0906596497903	12.1324462738003	13.2156057403325	12.6877020258881	12.8878889362635	12.7626438397334	12.7409758733564	12.4484605676138	13.1020228129849	13.4241487681522	13.8775269908997	13.6929353332858	13.4431206932788	12.3489047664133	12.4216320289217	13.6166542771084	13.0277630110703	13.5280406854169	13.2683267196559	12.910706764096	12.9219837447844	13.7208992260347	13.3265519173396	13.678114817738	12.9551530555316	12.4454520531685	13.4151626852636	12.3825721943362	12.8566296239294	14.3169756339574	12.8849253650954	13.5590822950914
M543.381T725.42	14.1620712646314	14.7587384667455	15.4087903136412	14.8426361363426	13.9777469307927	13.5659065806413	11.5998067189273	13.7483085137797	14.7172381571727	15.1636666016035	10.863176543599	12.1080047708838	14.7888261664034	13.9876193381738	14.3430478167886	14.2836293979936	15.3714379199932	11.9100791781739	14.8459418800236	15.1029677571473	14.7080004823187	15.268951183885	14.675370281128	14.3066821191592	14.8128268716972	14.5794928001843	15.335870691806	14.8170708748204	14.8279962433436	14.8461097712119	14.6729502804791	15.5124825063434	14.6794378121218	14.2400670583932	14.980714172943	11.0298871249419	13.7200847263223	15.0090120634682	0	14.1826030678174	10.18682335839	12.3326688584107
M543.9796T373.23	13.3450775085411	0	8.67638158005936	0	11.7392772046643	11.7172413223872	0	13.3570812382786	13.8520804105524	12.7767743921944	11.0202738797802	0	13.498399392118	13.8871090578452	12.4429710532236	13.4608228849728	13.7568659585311	7.46608924847453	12.4096006932985	13.4489519364977	10.5487062296686	0	9.41697874621394	13.2845777963914	13.7007831555969	13.5542653056885	11.7441766516372	13.0819628378738	0	12.8881523372065	12.3112368365734	11.4208409115563	14.222967579131	13.2959401772259	13.8693565920782	8.15789698362431	12.6875601361092	13.1057819402013	13.542068670568	13.5991829023256	13.0591906170417	12.5634922859035
M544.2895T383.97	12.9555796422073	12.9091427718682	13.1735873552883	13.4500869441364	13.0455240779944	13.3476568919954	12.9080317628527	12.6512038767141	12.4887347704451	12.8938298670737	13.6036512987531	13.6796184199439	12.65246903916	12.6273536975734	12.4194545664698	12.2759156560671	11.2959915820214	12.8553848274205	12.0796448754758	12.6061581709714	12.2173661568547	12.5808878195116	12.8795155305556	13.4181159312312	13.3737172213608	13.5088428096965	12.2738233766793	12.3909319360009	13.1804815256936	11.8808915573779	12.2932370977354	13.1183799063348	13.099242602115	13.5204299078201	13.4557123106773	13.5603806722553	12.0416643969342	12.812536329675	13.4711857445092	12.3831665444166	13.2573069403131	13.156386766549
M544.5403T384.07	13.0143909047405	12.8915237171897	13.4052728982403	13.5389165879033	13.2652461889312	13.354341217923	13.5637246381035	13.130727266459	12.9678689432217	13.0132222216492	13.7500950491057	13.7570871348899	12.7692598757221	13.0059991103587	12.7301004636851	12.506339962908	12.4350054262272	12.8325855927783	12.5751753048485	13.1673871356397	12.8936996467109	12.9581033403983	12.7766287827396	13.678980183982	13.6135880788856	13.6802438069151	12.8217277467372	12.496007314001	13.3032131909995	12.4990120688739	12.9375211342482	13.1675742455956	13.4070014018801	13.6898751160062	13.7833929403108	13.871038668507	12.8225403345575	13.2668794512572	13.7458360767964	12.7688363868715	13.6823282556022	13.3007170104986
M544.9819T48.87	14.5013972626758	14.2811983910296	13.9743232433291	13.5446543413157	14.6244982687224	14.3364824377579	14.2014210331816	14.359345547124	14.4462664385171	14.669183530285	14.6648205597493	14.0395052683092	14.2506439024623	14.5433667171369	14.9138887947924	14.6995476582248	14.7403115968747	14.6901646156948	14.7032246270565	14.6047960617534	14.5457368405272	14.2631235469077	14.0774204286036	14.3869301001472	14.2432312724774	14.2075162653121	14.4059633372776	14.4116900735821	14.2851585334746	14.5288761029085	14.5602510181756	14.2638326912982	14.358565220064	14.3754437985921	14.3259868081282	14.4313237869462	14.4512129059846	13.5066569566245	14.2184688490942	14.191787336407	14.4999079438403	14.2268380015177
M545.153T230.61	13.4935912110014	14.2145286254498	14.0552027638886	14.0787013820183	13.8949876143581	14.1601114742322	14.0912300703738	14.2765221107747	13.869041121445	13.9054967012928	14.118410040192	13.9001546823627	13.9261701687543	14.0437945782475	13.9469391176206	13.9207923661097	13.8201203261525	14.3627182775535	14.0987836476076	14.6641100032473	13.4474760926684	14.1523624629998	14.3630154606372	14.4474418457666	14.2121447268332	14.2726423129828	13.9192114368559	14.1280603348511	14.0202193094306	14.0258171671167	13.9627853111868	14.0151593596548	14.2784578340433	14.1195038884347	13.4420358681491	14.1309403088344	13.9650524610284	14.1032492105655	13.8808779226314	14.2746968772429	14.5899403818914	13.9925900984297
M545.2887T366.97	11.6451418854134	10.3771183860356	12.0586918453307	12.172498022868	10.8471729812406	12.7633138077888	11.6818342257318	10.7636596515041	11.6743860110857	11.3729223570189	11.7196358912161	11.5501520378459	10.0724697587501	12.2577955686391	11.6641097582855	12.0310455907997	10.7629660047665	10.2268174527591	9.41865602031924	10.3774632906147	11.3185546190635	12.3562298962787	11.0940335069907	11.3926378359365	11.5036276050577	12.0323681511259	11.1159563758754	11.7118508834126	11.5611018092594	9.75329310232	12.0328990110539	12.7990308419704	11.9674947715712	11.6792314548498	11.7934857619417	12.42366160036	11.0893141248454	13.4457259638489	12.6435865198379	11.6956636614527	11.4465318944136	12.1552512550495
M546.2548T170.14	12.3806342514176	10.2823091844935	10.6881154303627	10.8372204227686	12.3052156134052	11.9800072640119	11.7834189812831	12.40884840054	12.382698790875	12.737270456584	10.7293861131352	0	11.9002259931201	12.5213690369705	12.1903621074539	13.2229340907062	11.9593354002119	11.7942627414148	12.584329984733	12.3995072785183	7.76871272761606	0	8.91574821819933	9.76777539684447	11.1613960549052	11.5724204866181	12.2540274833795	13.1127847465427	10.7793307063393	11.4701750167274	12.9470026868898	11.6089091968661	7.65603929741992	10.1695337232143	9.69885300963855	12.4245321585914	12.5610616808696	11.3749172671113	11.4691126785605	12.7849833382158	10.4895850366673	12.5223502402785
M546.8931T42.85	13.8010108199155	14.1502561771284	14.0671526059628	13.8880826639998	13.6501109586186	13.851737156912	13.7862010615874	13.790490010121	13.8773946061366	12.2769729055365	14.3095656404504	12.7230047485605	13.7829142140798	13.0636467826	13.8974490987763	14.2447174158791	13.7290333896796	13.5718725060682	13.6247189866491	13.8944412102986	14.4228068779179	13.9725842321043	14.2351280891619	11.6657866412788	13.6114336877934	14.3541021652101	13.3071054857317	13.7558000219723	14.0344276532879	13.8376063494282	13.6674560009024	14.3718890452638	14.174323343871	14.3592840203169	14.3900991271003	14.2187975974414	13.0507111779955	13.8752208197454	14.2702988111064	14.0129692929882	13.9299304317034	13.9250570467631
M546.9789T48.86	14.6102289440907	13.4178930760376	13.5304330788917	13.1730535927995	14.3670140224127	13.9177609505472	13.5567253271607	14.3112815573743	14.588910437137	14.3934333081865	14.2977938348561	13.9329947354912	14.332177523699	14.541997834567	14.7186198250983	14.6801144382139	14.4007071213959	14.3834815139157	14.5092595814922	14.4682238343341	14.7618511809731	14.2366476027033	14.0187037770428	13.6482809165871	14.3882316773827	14.442519600452	14.372989177919	14.3409025256899	13.9810339235165	14.3049190682391	14.6208836942578	14.0539954419056	14.2680723419823	13.9801004824949	14.3235903699132	14.2125663309652	14.0819489239504	13.1787234230912	14.0879526900326	13.7940307838111	14.4682357079393	13.649111176115
M547.3481T714.03	15.9939429857428	15.885043480895	14.9871690919594	15.7011194029728	15.6553287493118	16.0577838260994	14.6270923580654	15.7305274953255	16.0457457208183	12.8505442333874	13.9844726857269	16.1025203407145	15.9908738007879	15.4630394492156	14.6538090758419	13.430244615719	15.4398394832861	16.0079611054631	15.7101480616958	15.8732217607594	15.6623080419517	16.3994675213703	16.0282169125874	15.4721077207216	16.1824535268835	17.444358837987	15.4649330940576	16.5573947916029	16.4312734913273	11.6387565448234	13.0522224935306	15.9934723971115	16.0775567071133	16.5460593469732	14.8671445907111	15.70380050123	14.8609505504903	16.7241007021462	16.1310110402701	16.2911603266709	16.4188176707771	16.0972931959279
M547.3504T658.34	18.3091298991357	17.1964087280742	16.9389619211931	17.1347725928399	18.2136859510421	18.6573447960775	17.0601700383577	18.5341561377526	18.2478486264766	18.7857765469677	18.3479653425555	18.8980693343157	18.8219497721775	17.8615360738367	17.3910347388526	17.7073015281784	17.6271027447826	18.3775294493106	18.5216966325711	18.8421695986724	18.0740814866267	12.453924969714	18.1044501345113	17.6248375125594	17.8957145156476	18.994579807309	18.4051598067851	19.1110172945174	17.8788385692116	16.4933338295113	17.5079864887419	17.455412660882	17.8454811915459	15.8590425209717	16.7058384568535	18.6777967588425	17.3433785659196	17.9711392186001	18.5953048075378	14.1275432535245	18.7176789218663	18.7297951413416
M547.918T326.05_2	16.5542421339508	16.9863738447913	17.7595573588943	17.7570028661364	16.640638276053	17.2771118635775	17.763548812086	16.8215915199288	16.7298675541885	15.9454524762334	16.699506400709	17.6274708136499	16.4916192119093	15.9740149668136	16.536340552671	16.1095369860246	13.842837815012	14.731760265975	14.8876556873753	16.4687076133514	16.0581538705464	14.4140065297962	16.8092974633615	17.3336191379226	18.0289583917684	15.9581755381416	16.4997825209616	17.3768601641704	17.4220079300151	17.1727624122533	17.3239275234278	17.8949391645336	16.7427939001999	17.7557886238654	17.7320688457661	15.7539364953415	16.4079798470659	17.1720198541483	17.303299064419	16.0353267448605	15.0128328714491	16.966635858957
M548.2522T326.05_3	15.5204385680394	15.6792015862021	16.6143678664446	16.5670391839995	15.3822160565908	16.1303829235593	16.5445925677858	15.8092986590645	15.5238675159867	14.8357581331696	15.5067853379403	16.5667278103043	15.3149419237901	14.9363686734051	15.3259916123483	15.05588532336	12.6188993818908	13.5230239200034	0	15.363042408198	15.0179821686172	13.229315348068	15.5709866452054	16.1649266211687	16.8457505004463	14.7504537228505	15.2011250874884	16.1824499107595	16.1395878487149	15.8650437592164	16.2585634311597	16.7768829587374	15.571029966761	16.5579359203794	16.4916483987881	14.6395961608575	15.2159670494178	15.9231514088092	16.1309896410525	14.8216564283335	13.6527789371766	15.8826431661248
M548.3548T658.01	14.9174984679846	13.3575640306012	13.6712634906477	13.2532069664968	14.5527281604537	14.9677660085204	12.0960716891271	14.89553545302	14.7788129155727	15.0445145864947	15.1012666310436	15.1997624957376	15.5969285566605	15.0834467552569	14.0770361038672	16.275894513848	14.3827331875751	14.667062464045	14.8073923193657	15.6561031482171	14.9607563844092	0	15.1095467699346	14.1456460359209	14.4324073995199	16.3546260863491	14.9429490243632	16.0218165473722	14.7368713076347	10.9363858240963	14.3743233409675	14.1913851732362	14.5740451713666	14.1842317338508	13.1177056695237	15.241165801947	13.8878104623506	13.8374672781762	15.2891425176468	16.4788009321794	15.0593401962822	15.1312981754839
M548.3739T721.01	16.6184215409948	16.8260504592677	16.6770380698092	16.6897567567743	16.8948513870117	17.0835664632421	16.2799364662639	17.535431609671	17.0623797136497	17.4132294291055	17.4861239969797	17.626027747351	17.2302022752043	16.2709764081795	15.1634885860845	15.5972361043719	16.5347406046356	16.9461950055496	17.3265463331326	17.8369332630936	17.790277880854	17.03141280606	17.0348213183359	16.5157061332216	17.0725619674112	18.9578182064353	16.9629448278859	17.1477566151946	17.8042777323182	15.6771510295709	16.2873281158368	17.034902683528	17.3665017667346	17.594627230826	16.5485365126103	17.3031341107313	15.995400535635	17.5051153205675	17.2161655572441	17.0921555878096	17.512624133012	17.3732059243801
M548.6135T48.41	13.9692711385461	12.771184077427	13.4531072605329	14.16948345572	13.9616646161189	14.2099843514927	14.2539791332101	14.2450050785798	14.2024107213767	14.3548532385519	13.9351437863803	15.2440284570332	13.3809680556809	14.1439704112636	13.8361232497451	14.2015231018417	14.4976978401074	14.6765029064565	13.6986176349273	14.4977659837264	14.026668046784	14.4948206216421	14.6038497659069	14.6872165523677	14.3223554146366	14.1620903401742	12.141914113638	14.2309284326004	13.9944712382055	13.5878942784047	13.8431046918173	13.8977094483494	13.8153176864813	14.1008325909372	13.7559082841642	15.1420936665421	14.0214690248064	13.9572462680835	14.216122428453	14.6601866231122	14.4981027522139	14.7223797660765
M549.0831T114.07	14.1223871708943	14.7075985023565	14.3356984426716	14.5902122598138	14.6846456464503	14.2180457317164	14.36548856299	14.2087614310272	14.3896601217121	14.8659668300943	14.2505661496428	14.8792131765872	14.0958918819745	14.4039119323807	14.4068458170916	13.7884138001595	14.3118912470911	14.594240482322	14.4657289150036	14.3576591580226	14.1513237615008	14.698150638336	14.1220011665448	14.5250875554972	14.5997899995148	14.5760732482011	13.3960694733874	14.331244247476	14.7699944078676	13.2054075165503	14.2717312275665	14.4111092489871	14.1099637305696	14.6116946295622	14.6237172134585	14.748149293965	14.3442850667465	14.3670345836967	15.0713051441681	14.0020216297731	14.8615197987814	14.8586145350388
M549.2404T505.46	0	11.5052242371628	9.32425491364722	0	9.88281029219546	11.6076835630957	11.2899263583979	8.97713662997535	8.82072374563642	0	13.3206834573464	16.64668328143	7.63394240872455	8.07203399700211	10.0062136994019	13.2240960046327	12.1591382081518	15.5449387353739	0	11.9040869516207	0	0	8.65249805795848	0	0	10.7090052768563	13.7111113144394	0	10.9272567101798	0	10.3070827964334	11.5214501254995	0	11.7207740940519	0	15.5219784787366	0	8.72295546252928	15.9594009961407	12.8500776958189	14.8793381713561	13.0498361854991
M549.3111T507.61	0	0	0	0	0	8.1109198169199	0	0	0	0	15.6592565951933	16.9840784019109	0	0	0	10.7499907131851	8.32763047764891	16.9016661348986	9.67823194619078	0	0	0	0	0	0	0	0	0	0	0	11.2649086650875	0	0	7.42124197523327	0	18.0381242482316	0	0	17.9808969401621	8.94005975562417	17.2926475909949	16.5473026702387
M549.971T340.95_1	13.2837214093596	14.3081694799546	14.2855416245562	14.2992456833595	13.4929856474727	13.0590187129351	14.3515584111364	13.2469913110893	12.932977625056	13.4976403502508	13.9226003193794	13.9939729923084	13.7309721079384	13.6541663824668	13.4260232727647	13.1362037517146	13.5183293227521	13.4742340652381	13.4076984894117	13.0377334875925	13.851984012288	14.2326518805419	13.8230429922134	13.949850792726	14.2977371454465	14.2050906725929	13.3475842856876	13.1801720751584	14.0843658610147	12.8007423123158	13.3947163624122	14.489741348254	14.1972704190954	14.3673781774793	14.0806383423186	13.2811605860409	13.2618144639601	14.151708845404	14.1816546276399	12.9118180052176	13.8963311443024	12.7753531987525
M550.3055T340.91_2	12.8185016097059	14.1479500920821	14.0216280065077	14.0780868660994	13.2308225050535	12.8362917615551	14.1050805567999	13.1353401148321	12.7167774390092	13.3881462343828	13.8755623037427	13.9330830192174	13.2894531790539	13.67410311775	13.0764524677569	13.0224302880749	13.1300837146681	13.2486906683718	13.1030327096964	12.9312251786616	13.3732504616275	14.0544834492311	13.9787407389401	13.7541728247407	13.9905747438662	13.9894916498134	13.3682958333469	12.7668432607478	14.0040810788217	12.5238424565195	13.1622479464071	14.0997218272161	13.967755673756	14.0928076324004	13.8469546680983	13.0965066906623	13.2039526915222	13.8841939217577	13.8360520848975	12.9515254073898	13.6095394893669	12.5444983748659
M550.3286T653.49	15.6269240710555	15.292642256971	14.5832193341413	15.2888182572336	15.6549768692442	15.7754421900091	14.6096213048679	15.4234090117723	15.3876055524002	15.6674107195859	14.6376830825085	14.9865827036798	15.8936404008606	14.7357164723655	14.8347922403519	13.8892323002347	14.258794947384	14.876844538241	15.6583583956192	15.8821912574591	13.529000956526	15.5065452626452	15.4701992489973	14.7573064745498	14.8550138495248	15.8113630761757	14.7633126960853	15.8725560439183	16.0226006405486	13.6972583524552	14.4960469370229	14.9622018907759	14.8995794806918	15.1464432384203	13.4092879603365	15.0972037186601	14.7131387180477	13.5413530402049	14.1351904226656	15.4571546112968	14.7745679463836	15.3723890435354
M550.6396T340.94	11.9916796497556	12.9248409662567	13.1824235335238	12.9474924444351	11.2836478863966	11.607021539033	13.0583213175532	11.8787993106261	11.6610863536103	12.4852502643425	12.8543025222436	12.9440812509504	12.3264163220325	12.2019783448818	12.0063526332361	11.6330560867135	12.3115734979207	10.9420020884481	12.1031500491624	12.2194714428098	12.414649481251	12.951990047176	13.0004234854786	12.8238068810968	12.9859749383313	12.828442996127	12.2150354324724	12.0177605375754	13.0628302016993	11.5010806715454	11.7144471510845	13.0760703550255	12.8986394036374	12.982528508603	12.7173424357275	11.8781502030034	12.2461036003038	13.1095271312148	12.7298437509001	11.3419274706527	12.7303418571663	11.3841723830228
M550.8066T48.79	15.3345575397014	15.0324754966281	15.3102029925491	14.8742767271098	15.5236823483884	15.3215134706631	15.3764386038909	15.1531922204427	15.487605405132	15.3975797104465	15.4557009657123	15.6287117749885	15.4831008387174	15.5405925408362	15.3195198266436	15.3090527828395	15.5935491948556	15.512180948308	15.6013681251866	15.6663542184798	15.736563807959	15.712327376955	15.3197649728416	15.1247674974738	15.4171505853201	15.5913170435857	15.2044842284137	15.4686961609254	15.1757547055771	14.8168241415396	15.3563784926202	15.258049184594	15.4491069278409	15.6112599065382	15.1930013348	15.4976095927085	15.2779248102671	15.3461482838395	15.1706311630371	15.633739848911	15.4897430731115	15.4051550619189
M551.3729T878.87	12.0692535414887	11.9167183585214	12.4011895810496	11.5172383420783	10.6171239661376	10.3344780940701	10.5993431773478	10.9884430376401	12.2206349902455	12.5631953527311	9.99978058595492	11.5529403094701	12.7635903540702	11.8350557379577	12.177818162846	11.3444697074963	12.4849544643407	10.5619801897566	12.4227612503039	12.7272938466743	11.9627569603671	12.328316242292	11.7876090242233	11.4053329306645	12.3167083991572	11.7769053652239	12.6638159620245	12.3894146459256	11.4531768018717	11.896330751755	12.7529140857785	12.3926730732132	10.7845896430913	11.319879996252	12.4324036305486	11.2765353908486	11.6511362407421	12.7582122845324	11.0090895055697	11.66891309752	10.1947358457896	11.737837598345
M552.3321T497.7	15.2945073096413	15.2712078713646	15.4973053607334	15.9978424279396	14.7484195852559	15.1563114015203	16.2267715865747	16.1716527471645	15.8616612978025	16.2288765904888	15.4626985906665	16.3841508441027	15.0232253486423	15.0430445312258	15.7906688961154	15.6906644715708	15.1914948470029	13.6273884504867	15.6514178861117	16.0401514210072	15.4063856620755	16.0949090186375	16.004942139936	15.7959451923181	16.1859954521491	17.1343204445961	15.6450067042962	16.0308086210679	16.1109822103957	15.6582279428011	15.9111796142164	15.8715625246686	15.5260847281519	15.1952037603984	15.4436812369736	14.0410360029139	15.3526415406959	16.3544855456044	15.6461532063578	15.761996034129	14.8175599043382	15.9136194010668
M552.6079T251.1	11.7679623968859	12.8986219219369	12.7179359517447	12.4908682828233	11.5740939044872	11.3280202455156	12.7370877324348	11.1679843279562	11.3597416846948	11.5641925536715	12.6986119676777	13.6115296436247	10.9238266794934	10.9387956519633	12.0887641695076	11.0483180902034	12.2597077760642	11.3448764650992	11.9107046647435	12.5810179075974	13.3009558276087	12.7052909950269	13.7002964242126	13.3391063032514	14.0451029684336	13.624540919751	11.613635371045	11.5649366748952	13.3399689786975	10.6231036138387	11.0979311286977	13.1483586564811	12.7518356146303	12.8293465899607	13.0789199551758	12.0740539842233	11.6606998677253	12.4171540704992	13.4681438253473	11.074874292736	13.5116140254611	11.668848974217
M552.8037T48.67	16.5342946627311	16.2614831804546	16.3245765343821	16.1115836793079	16.5803928855076	16.3883123267808	16.3285307094682	16.4771801820617	16.3807787527193	16.3936912503754	16.4067763934305	16.6082794582631	16.570736214325	16.6400022580309	16.3875774525184	16.5272796418407	16.6120186974242	16.4240792128872	16.5299043048011	16.469473997533	16.6309850109822	16.54828977193	16.2766694072671	16.4293373416008	16.5055798412556	16.6824278170566	16.3086812523727	16.5184663591872	16.3068557320502	16.0356795034756	16.3868322227895	16.3359206441505	16.5304354253898	16.4432184727588	16.3885700498394	16.6609919723633	16.3391705611103	16.2795287203949	16.3278748228462	16.7052412721363	16.6445817523176	16.239511645571
M552.9423T251.53	11.5858628362644	11.9815874304276	12.4819490095747	11.9782499611748	11.9179746175743	11.04496871518	12.3760353099768	10.917420138989	10.7010146044483	10.1631149217267	12.2987432062506	13.4032806245402	11.0395207974817	10.4279454939572	11.6259814904258	11.3432599791983	11.8003321322999	7.46924069286025	11.8225969718957	11.9670304243978	12.738790371459	12.6102559509822	13.3019026990032	13.1228572876184	13.3735553844542	12.8310252105894	10.1771498849097	11.2443469629849	12.677188144792	11.1226536847496	10.5196506323376	12.6927554164222	12.6496248953521	12.222518397058	12.4764444847291	11.2120037833458	9.3426370200825	11.8415556805752	13.2162602444661	10.7832203392715	13.256956512115	11.6281495225263
M553.3845T844.02	12.5714411678541	13.8373592862924	12.8639997767794	12.3995099174854	10.1492022705212	8.44710341598423	10.8648186741517	9.27512633801822	13.4049079915129	11.4732980750586	12.6103457262813	9.95939473245988	12.4422060159585	11.293768083912	13.1277710089553	12.6399381963732	11.7799318295773	15.6933781019562	12.8363255684745	14.7990242700823	12.9439228352394	13.2139560289664	11.5855904867517	12.035408225051	11.189731377496	13.9618251456654	11.5418375667016	12.1220548309488	11.7613499894465	12.5540896613561	13.244105264351	10.1547318009678	12.037375446979	12.0690483335597	12.8743296212419	12.2156877056809	11.1868910132917	13.8502162803611	12.0213387122256	17.4831624252777	10.2471207584889	10.3277601921264
M553.5952T131.54	11.6078519983605	10.3354831181278	10.2771427967514	11.0267579186677	10.6962604514083	9.25741709834585	10.7790481988706	11.0823275949871	10.9307865248005	11.8620263026442	10.5195066121915	9.97038533700084	8.07988167408183	11.7274811703059	11.6128529244273	11.1526443008362	11.7657055753173	11.9018748711598	11.1795449409019	9.58788256627387	12.3952920220697	12.2473996359655	11.7923369440188	11.2538091369805	11.6736293733223	12.2638960605151	10.5954578969949	11.4835016682123	10.5098347375867	10.455339509061	11.1253101308091	11.9786852929165	12.091315348692	11.563908554464	11.3480199997761	10.5338031879975	11.5514248326951	11.5296854045211	9.12470078103369	10.9932375994715	11.3935282197015	11.0485057162982
M553.8702T373.46_1	12.3405140659652	12.1658882243706	12.6409991289747	11.9349593571131	11.8934723664776	12.2099252315727	11.6189865916534	12.3352120153231	11.6136130583369	12.3332563608728	12.5437665674774	12.3498253926543	10.7068393410827	11.5137767037388	12.2918286759997	12.2483004339343	10.7011187769006	12.9722730358004	11.8098548126133	12.0768621546732	11.4445804052447	12.6054010773418	12.1428678579568	11.8262804216272	11.5040395636944	12.3865471593524	12.7442858869566	11.8519671122185	12.7221734020142	11.4676586612969	11.9943012266977	12.1726265115007	11.7583990783707	11.8839057336433	11.9161909518136	12.5252949183228	11.6801748362318	12.4708233869695	12.4650972525518	12.1155818693949	12.6049349169155	12.6252496358764
M554.0129T373.29_2	11.3962500506536	11.6965600413145	11.8174383242606	11.9938480995029	11.4724255546275	11.715063374667	11.5666937751782	12.2966408731722	11.5274306097463	12.3544455176116	12.6371437513653	12.2902481619284	11.2376339887465	11.3751797908625	11.6132686560184	11.060169790039	10.4725231098773	12.3760913924214	11.9317612885645	11.4992031106901	11.9099865935364	11.6989711825294	11.474627581856	11.9730313900452	12.3391073850504	11.6336399305821	11.0469361678039	11.3996728877454	12.7398104458398	11.769429457419	11.0335986103719	12.0455054922575	11.6467647368709	11.0785101005053	11.7590943390585	12.5036291324111	11.4962705884214	11.3680285314103	12.2699332547928	10.9747375182603	12.2077372603477	12.3229742761196
M554.2756T440.19	10.9940533645048	9.75992182665686	10.33735028968	10.9190789947456	11.7216751982398	11.7362601037346	11.8600684212412	11.840195739671	11.6340516386416	11.4626803470704	13.8394165047091	13.6239510336638	11.2910232058536	11.5439002248478	11.2348010272717	10.9117858218728	11.0421504467046	11.3284361880463	8.56145858256094	11.8016501660094	10.9291870493478	9.56983646624535	10.7896594291645	11.9761091380367	12.7235954132413	13.1225052815241	10.2475261575692	11.4061370421913	10.3559817648833	9.01452355383509	11.5628322369267	10.2208543815628	11.0899914108688	11.4123031191479	10.6788986184446	13.5241498100707	11.7563990682492	11.2031718134103	13.0602525253677	12.0864877294958	13.722242371274	13.1270603815161
M554.2782T311.82	13.7525016413712	12.4993727616396	12.75369937082	13.5076271579224	13.2860233928417	13.1968590284553	14.1518354374003	13.6953482233892	14.0266864358998	13.5871519608686	13.51286454509	13.8467978111373	13.0978948898246	13.4305288157539	13.4958968751478	14.361621002743	12.5446128927692	13.5008371606395	13.1858432579122	13.6836551018181	13.6229867009648	13.2550508435682	14.4025428953414	13.9519720181982	14.2333568773202	14.175021588606	13.4386779755864	13.8144322595409	13.1227336617345	12.7996302751797	14.114615692327	13.0222255857352	13.3420960406802	12.8214924776064	13.4417136105503	13.0432968506365	13.5691834356938	13.3554747359008	13.5837160183174	13.4258143165293	12.8071946225883	13.4468203159317
M554.3119T429.65	12.5438035899236	12.479512391163	12.485491802881	12.3081799479715	12.159792857224	12.4380064032015	12.7321148489289	13.2023055299784	12.743703619592	12.6373801271593	13.3582394208121	13.2096152324192	12.4990907118041	12.525101735675	11.2489349048166	11.5497261136151	11.4273900781893	10.7237517211278	11.8106148478193	13.0597220398355	11.9665206440691	12.9065369204319	13.0543542663373	12.4281876530445	12.9122270082758	14.0013104820606	12.2703996571196	12.9194499985748	13.0076732013878	10.9321035663076	11.8236351551317	12.6455418854768	12.600696969014	12.4323438250075	12.2145302801894	12.8627700621077	12.4958388306143	13.3200494494019	13.1348508205306	12.4224834310104	13.1927913766539	12.6627915145572
M554.3232T657.33	15.9077145800722	16.0838152643237	14.4064862709129	15.1926659870902	15.7840433667364	16.0468195164521	14.5562575065334	14.5290325183406	15.8548421157417	15.5831842835296	14.7427356607925	15.782142360828	15.2931872268943	14.8377561615738	14.6440516398327	14.0283742274925	14.9146206321237	13.3203554995713	14.3147203190028	16.7674543025346	15.7210089075872	15.8692070928701	15.3960648600966	15.0803013680349	14.7066392854816	15.8199830801557	15.6303186766715	15.4921630945542	16.4205159550745	13.0818540696476	14.8288609065248	15.5611594718133	15.577604804123	15.998316327137	14.8763501957931	14.9569762416205	14.8298368202086	16.2219028014688	15.5505032931337	15.9166436224772	15.489342861619	15.9523030660717
M554.78T311.59	12.8356011648794	11.3922603405718	12.0117570826931	12.7969982681782	11.0532446115331	12.2315317971271	13.5140286327218	12.8100945232651	13.1472637504133	10.9335552678866	12.6439024581633	12.8905075843788	12.3094396693445	12.7631753957546	12.3444948016699	13.3874573521166	11.6070090917328	12.3925838123071	12.1538407763899	12.8465447223741	12.7231455983809	12.2559255830833	13.7301407721971	12.9859252035199	13.3066925165296	13.3198779477773	12.7278242562293	13.0386688727079	11.8282774880087	12.0765363402247	13.2609906683713	11.9089123906315	7.54709363639104	11.9542815624774	12.2587694618941	12.3427235064967	12.473400548928	12.8071055920049	12.8081825994442	12.7290865196919	11.4975614739258	12.4388165357932
M554.8008T48.73_1	16.2589212772294	15.8165488021991	15.9171148847639	15.7271211529816	16.1636641663292	15.9944922624257	16.021950658013	16.3490631095028	16.1322213960087	15.9483329337264	15.9098958148715	16.2669771119904	16.192026321508	16.2589140679081	16.2469686299985	16.2365968258528	16.3474979655409	16.1911343391279	16.1398275504595	16.1852307355048	16.4274444646923	16.2463045691242	16.1125010349167	15.9137124568444	16.1105210240311	16.3336525532869	16.0774603852754	16.2786182036628	15.9599827304463	15.711278846784	16.1372761446697	16.0878403258926	16.2327862551204	16.0869404913362	16.1586143128901	16.2732169014317	15.8947431720261	16.1380677610481	16.0756028612418	16.3496938162424	16.1665497219258	15.9663568090266
M555.5696T326.07_1	14.504335943703	14.6580667761578	15.6942505817553	15.7341033627842	14.6296761269019	14.6144105013304	15.6059359336531	14.4239088953009	14.3052818042031	13.7030403191874	14.4719216071491	15.9191730765457	14.0921690125957	13.8260416456517	14.5254400051452	13.7800997654255	11.759722338297	9.32392621329398	13.0887220403224	14.0058036321709	14.4382573056782	12.8950450713851	14.5081048007141	15.3101106124686	15.8367499482112	13.5552268359239	13.9523194000527	14.8127651280452	15.0116845540827	14.8100936054036	14.7606834924834	15.3468466841328	14.818756256487	15.7276992689661	15.2688070392034	12.9976369181935	14.5404548283684	14.6304276307202	15.0404114000854	13.2524696359957	12.9164773350162	14.9686527933213
M555.904T325.98_2	14.3343451524921	14.435169384352	15.4464502678902	15.3124202392877	14.0697036872254	14.313481837905	15.2537196537808	14.5671551162299	13.7756659199854	13.298485506744	14.3450855314798	15.5005514586656	13.7605654600619	13.5819057164814	14.0920923030403	13.7708049839247	11.0612582774067	10.5953634225866	12.3285247887292	13.7265226537084	14.3063683099543	12.3245981583495	14.5245858584761	15.0951792362389	15.6527896659431	13.2511084730589	13.7782803383909	14.4909422250616	14.8573167267652	14.4468760626611	14.3640437545381	15.1329101369447	14.3700550201113	15.1445616815259	15.1168073881279	12.9047305848327	14.0624164283384	14.4251721489523	14.8421221578514	13.0528458964555	12.4637169546301	14.5125006990067
M556.2383T325.91_3	13.2730864984796	13.4351133735762	14.2058735465033	14.426768027669	13.2185970038624	13.5537089614682	14.0696952094543	13.164709836094	12.8926740288092	12.4858389681425	12.9308526881798	14.4544406846786	12.7142536813425	12.5331551146055	12.5205326250439	12.5570565552342	8.72522261457238	10.1689484410132	7.84006905268136	12.8653681053201	13.0078632770065	10.8768296186672	13.4223883308114	13.7865392393377	14.2852253449844	11.8286491978611	12.4429415585295	13.3209321136196	13.7049640883783	13.1771124680606	13.3085209660437	13.8923100215087	13.0689579484588	14.3946593658408	13.6655532267511	12.0768670246491	13.2936483402791	13.2361668889948	13.5065792978051	11.9270858300491	11.4869352889056	13.3745213362556
M556.3646T114.21	14.7449301137845	15.042644551372	15.0254618902516	15.0122937976298	14.6390136142571	14.6843296804349	14.6949790536623	14.9824057819507	14.8597291940929	15.3344871478212	14.5475774185746	14.6839823827999	14.590471951958	14.8680014576629	14.7886257952336	14.6211048113271	14.8531343694583	14.6196346538372	14.9481732073029	15.0355401734982	14.4775384758339	15.0356264878455	14.9136254823051	14.7903777609265	14.8789353648518	14.8198286352859	14.9671022826324	14.623855607912	14.781313056377	14.3315023914385	15.0325761575	14.7154814509346	14.4456611574414	14.7348036871096	14.7822005992049	14.9973736229386	14.7082116566718	14.4277270079788	15.1146630245646	14.8724443552083	14.3438673642715	14.8966637094533
M556.7978T48.81_1	14.6723196725645	14.7122028829813	14.3640816042781	14.2208658417211	14.9446266049407	14.8746027003923	14.6003548622271	14.9057641407065	14.7587876393213	14.6100409993227	14.9622604129427	14.9204353033435	14.8306842913667	14.9715219949153	14.9242766306871	14.8590832096691	15.078418854741	14.9170743664578	14.8627681050175	15.0426738084456	14.898713916054	14.7761901839935	14.8646000803757	14.7161254543461	14.6703960751439	14.7714256638197	14.8053232724868	14.8689058830557	14.6544433177579	14.3749703338498	14.8750523196978	14.7201420186919	14.6530997399296	14.5475983743513	14.555324098592	15.0364295755406	14.5760007450206	14.5323065909133	14.4619798266191	14.7362042151972	14.6543529748514	14.5990326046161
M557.0717T162.82	13.9610845973367	13.616450975061	13.0333817177331	13.070117666445	13.4672037225209	13.4518855824804	13.4932105145768	12.9613392602889	13.6171618826728	13.2670579422407	13.0343869679707	13.5986706811028	13.3766619041188	13.9623768037868	13.6440594118302	13.240946660342	13.3477531844503	13.7002850167074	13.3319729085868	13.3669402048557	12.9935324145824	13.3650208866161	13.6341119098888	13.746380523693	13.8849876237439	13.5747665978161	13.0773975834919	13.6817773534114	13.2931094163056	13.2229841895512	13.0222999843525	13.2297554522454	13.2045188728007	13.566867465531	13.5264296124429	13.6017854614977	13.4687712062283	13.3787987915394	13.6749493217491	13.3901894147351	13.4576679345203	13.6127366684062
M558.2145T644.34	13.9949397141821	13.8789900096425	13.4925859353018	13.6338136325369	13.8168031102446	13.910299333212	13.4941954926561	14.0259063226424	13.9854554240403	13.8877767470819	13.7653688553898	14.1685691707702	14.1790940519469	13.430955626055	12.8230153408518	13.2625418334079	13.4686994297054	13.8537808584379	13.9248843227859	14.2476000639355	14.9538475174126	13.9533475800358	14.2075688873246	13.4339760820068	14.0669520534012	13.8279682087186	13.8731063619208	13.9591249167628	13.9029689790391	12.57843836816	13.6656558728744	14.0044821149211	13.8342479195293	13.598701194618	13.619641790176	13.4560490637417	12.9831900094456	13.7645465283184	13.2629424080935	14.1094531816409	13.6364541610805	13.3778198659122
M558.2983T662.85	18.1442059640273	18.2486296852112	17.9417653083529	18.1092925785893	17.9655648624922	18.192655923588	18.0742867938983	18.2232118544338	18.2541789281609	18.2549309951516	18.0337352626287	18.2582222273006	17.9580923379361	17.9026209327682	17.5049797404036	17.8576798987493	18.04232090925	18.2219568046215	18.3000019766974	18.4732733211316	18.2677591626076	18.4219166848111	18.3700637409625	17.835024952521	18.2742748749463	18.8144834189312	18.2373843084195	18.5872822259797	18.6061670321839	17.0837089199142	18.0505453506417	18.4830172257855	18.1109383491658	18.4805093955815	18.084389637805	18.4646773129742	17.4449673529295	18.7257253193431	18.3948588453849	18.3880802502064	18.2932369616163	18.4230419143647
M558.3556T760.18	15.4696225079692	15.2118337154935	14.3124371264283	15.198847711099	15.1506864438256	15.5022527229834	12.9789680602574	15.4471562275196	15.9324418495746	16.1527668754311	15.7021275496832	16.1951678916967	15.624015237075	13.6543086640487	14.2869764146988	11.179461378146	15.1660820734118	15.4687454676956	16.005006875591	16.2553139635997	15.5797143326652	15.9426464267479	18.7395743654782	15.0013444734616	15.3657345962452	16.3128842978898	15.4531175314516	15.6742173173391	16.0618320454107	12.5783160782218	13.6162059592689	15.5544857862079	15.1949911834351	16.0510032912592	16.1792428750575	15.8462277802058	13.9549707222266	15.9184231843936	15.8607698253096	14.6446653326413	16.0837897595469	15.8895441846985
M558.7975T660.26	16.6286297873352	15.6504987560668	15.0173678071302	15.6261630057622	16.7366594080807	16.5834967435807	15.8817381878612	17.1553358151971	16.0004666542565	16.1962890570894	17.0974429970174	16.487817788031	16.7894629345801	16.1701781806434	15.5241939976338	16.2856902502019	15.851355003955	16.6018444125606	13.4768294114467	16.784171828574	16.5382915250272	16.0750984140704	16.1514589091585	16.6122563360617	16.2653583583502	16.9746291160172	16.4046361073231	16.7210781749105	16.5000017693936	15.0839098521136	16.0399936301082	15.9622876742949	16.828858674553	16.113794062514	15.4814944049612	17.0883751534728	15.4581825984655	16.1520763478948	16.2297997767667	16.2191210991196	16.9464547898067	16.8307936358756
M559.2998T661.1	16.9665893002136	16.4564547155452	16.5924896809905	15.8249863289233	17.2494551312716	17.0892493913083	12.5383262557405	17.1012265118099	16.749343878029	16.737942939288	16.9182922561493	16.9406344917843	16.7129848688394	16.5935954278163	16.2568227730286	16.5293097845052	16.0429736693818	17.0675697070561	16.9677178683825	17.4232353660781	17.1404221781006	16.5648034218777	16.7077740891822	16.5400604853249	16.7967749233516	17.2209661642883	17.170784636349	16.5739908528415	16.75213578876	15.6295839568491	16.515899522353	16.071085608114	16.5686789981324	17.0739844742616	16.4958304721938	17.3456078954466	15.7923103627376	17.2259992648577	16.4458124969399	17.1712393414541	17.4738046567955	16.9438580070606
M559.9945T49.45	14.5337761423552	14.0965459758145	13.7806404798613	12.3937035600209	14.533693577286	14.1551223007901	13.390743114597	13.6783059383496	14.2843692120028	13.6871151099007	14.0909467960241	13.238006731377	14.5170210198723	14.2862220616745	14.8234682260717	14.1336777636467	14.5218436582027	13.79239485174	14.3662249516245	14.0776692506021	14.6031928028068	13.9391589414304	13.3476445003518	13.5279190208412	13.9557501707036	14.34940984442	14.0176415545723	14.6220569228076	13.5559730853265	14.1763455232988	14.3450178112569	13.9971075548724	14.4434687967938	13.887983204288	14.0858938425991	13.5903715862904	14.0516101873805	13.6689589727173	13.4609011656416	13.8440594570386	14.0357092061912	13.3094840848732
M560.2643T490.24	12.2030972875923	14.0423678596263	9.73361123400998	9.45582239257579	14.9371777908891	15.2670099114149	6.9399775516479	10.0824478082356	14.602990385024	13.0136535416718	16.6079077117791	17.1554226279663	11.9537137652056	11.4734702595294	13.6765032754381	15.3498486720749	15.7722555315281	16.9590652218285	14.7624483064399	12.0942674710739	7.48333827036542	13.0578676626886	0	13.7208964349976	0	12.8930605423735	14.3463746528138	14.2429810107003	0	10.5463037158185	15.6929944675598	12.0366823467169	13.2919285037315	14.3046640022724	11.0815466233878	16.6664918248884	13.3181223149529	10.3785942610292	16.7741570383332	15.1975216151982	17.4403546091139	17.1622664370715
M560.3011T660.58	18.1927396994804	17.4619056482002	17.2108322920178	17.2774074525174	18.0572488797111	18.4743134202737	17.8627706408292	18.5063757828638	18.2998045371103	18.2391255860177	18.5781166291772	18.4786040697992	18.6852586344117	18.0752481092238	17.4929310875612	17.98152977463	17.7346552714487	18.3778021641508	18.1248462760453	18.5210041552179	18.1909564614782	17.8579243005332	18.1954339645921	17.8993983814266	17.9341547659576	18.8288354649496	18.3169515058434	18.756907517765	18.088954543411	16.9677091534365	18.0117865670987	17.9180823232018	17.9841280144	17.8878376046678	17.5452973349178	18.6530111545882	17.135597653528	18.1343003702126	18.3684464320773	18.7720701394797	18.5533468622909	18.6334728477503
M560.4684T888.09	13.1541960835452	11.3736829705711	10.8701189626347	10.8090814519148	11.5758439150655	12.9645109645916	10.6694323694688	13.4858993932799	12.2734125758362	12.7584517700446	12.6681012175809	13.2295035084567	12.836008915411	9.85672949932977	8.35705110276226	11.0619947298845	10.9717929551889	10.6730876465218	12.0678898883485	13.5183043433733	11.4147823763425	11.6435155463598	12.6009557161652	11.04399954372	10.1855791526757	12.5671944069927	13.4582073652672	13.5605668700231	11.8780578360017	10.5778681621624	10.9358764278226	11.072691279174	11.6609636750783	11.911399503833	11.220720599017	12.5847413962955	10.8843679758115	12.7759154671977	12.0880618116749	12.2840146010752	12.3847384481142	13.7086737040108
M560.8021T660.47	17.4495167844218	16.2914664114446	16.191184728385	16.4525145841178	17.1209764786526	17.7509597617888	17.0679732111833	17.6365136207165	17.1518381725802	17.5957119981107	17.6367546520435	17.7705285597256	17.6315821722552	17.1935342244021	16.6613167820669	17.1370465855921	17.171084331886	17.494171379191	17.091581219258	17.9006473392917	17.3736586608338	16.715625033146	17.056064531698	16.923288645178	17.1324880736363	17.3073746650932	17.5195328656953	17.8789272868726	17.0284761218688	15.7379696987285	17.2233576237678	16.9084728100411	17.0614171587899	17.0652889177491	16.4399965311968	17.8793881236165	16.3346511399309	16.9786068415603	17.5692073806002	17.8716579104283	17.8821702930855	17.5057268191435
M561.2674T491.33	0	12.0665384736615	0	0	12.9391493824038	13.0219509105632	0	8.27108365630615	12.5912001928033	11.364854821137	13.6625195966752	14.3789133603666	0	7.77458875461538	10.899168543353	13.5886716023521	13.8364766680886	12.3023427987236	12.7380289383996	0	0	8.91289299834826	0	9.16898724046022	0	9.65435077900454	10.6393151341233	12.2168801929536	0	0	13.8025146969644	8.51735420216938	9.88971028255305	10.9199260844801	6.99910666905426	13.8583306010583	10.5588226423773	0	14.6880993063391	13.2665081735186	14.5741166663756	14.8861869136953
M561.2892T275.95	9.16285029566118	11.4984978434485	12.1892844909911	12.5503631834383	10.0247903662108	10.7007291812914	10.4217050163379	11.1416505194978	11.7294948871509	11.1324010397316	11.154816532162	10.7934677620733	10.6338651118316	8.84668483295284	12.4589678842601	12.3021270576058	12.9554228873455	12.4924859637695	12.1224584304565	12.4156726431361	11.9808446433192	12.3903642707686	12.1237001316288	12.6873974296341	13.2920815323218	12.7949371677259	12.6585336942297	12.3212652805373	13.1885561246216	11.4947284048211	12.6339972516517	12.6671410869897	12.915239534449	11.6422698523367	11.7885397593356	11.7557752416527	11.4840120137924	12.3110150166345	13.2027431379556	11.8777898089983	12.2416985816291	12.7683772566702
M561.3015T660.94	16.4253635352568	15.1896863636101	15.3641158804938	15.2996031507661	16.786056861453	16.8975999982446	16.029834390845	16.1037833081274	16.5672022987132	17.648282596998	16.2962923842414	17.3779586985069	16.3637014328248	16.161339140304	15.3175464435277	16.1605732932527	16.2239977570366	15.4674365968343	16.6865735116992	16.533993645604	16.0491371886477	14.8111509537031	16.6387743678246	15.6535254581099	15.9150586978222	16.8891214973475	16.3698766046888	16.7577539976546	16.0218459360756	15.0576616463019	15.9477242385998	15.6262630317651	14.7552888906643	16.3503565190365	15.3836709061613	16.6331903990046	15.8775782088579	16.5436022622951	16.9035423309221	16.6871556319501	15.5992701127831	16.9375988605295
M561.539T274.15	12.484577868241	11.7251531391558	12.6309033001283	12.6867121635734	12.4059159946751	12.2383912360041	11.5705482856961	12.2420088525306	12.7876791481063	12.8565931803708	11.7573839937242	11.1605319173899	12.9459170740637	12.8444992711666	13.603148447127	13.5780413036117	13.1560002542772	12.7991259425472	13.749176505971	12.9574006595576	12.7135710019349	13.3058344324798	12.3093311905618	13.1124361492832	13.7714006153663	13.1673900320905	13.3814016189771	13.5037023146206	13.5475224679865	12.1384542896536	13.2576921215799	13.5729737887332	13.3226551360836	12.7197492198899	12.7851259747499	12.3907513711315	12.7265578592047	13.2462596804088	13.4768611679969	12.4515776238233	12.6195054854049	13.2949115281683
M561.7894T273.1	12.4913356174355	11.2061073591949	12.3199202370038	12.0274559535504	12.5481158498059	12.2258855013227	11.3130902734929	11.8908432564146	12.1152769213917	12.8851552089886	11.7675752450474	11.4090098257181	12.7007065164997	12.7599898660157	13.1803826924039	13.7663516275536	12.8442149631566	11.7101551125833	13.608375899233	13.1642260453982	12.0356893083458	13.2656577495423	12.0071994475221	12.8263847293358	13.0852068389243	13.0022131931311	13.0699286261362	12.9803853712463	12.6165568524686	11.3572200413876	12.5342274331366	12.9767600752596	12.6469745458433	12.0018750590514	11.9827922028218	12.3576944677041	12.0066194775396	12.1511572262434	12.6844794698781	11.3593070900996	11.8100098996084	12.5064429542444
M561.915T743.77	13.1360649797409	13.7980397423968	14.8524339306765	13.6306817809676	13.3621137996613	12.1107552131528	12.6486781446012	13.2586522486826	13.6705101014339	14.3358151125126	10.6206721030085	9.98322213869712	14.1008952357544	12.6211965727424	12.9619769976664	13.6578127763224	14.3243160239605	10.9288544061766	14.2410639801737	14.4247697912326	13.9915013516629	14.3952429930216	13.7144855271297	13.1867634833844	13.4372904874553	13.6229945595098	14.4146173923033	13.7575401763621	13.7690748687527	14.1410435084553	14.0172769062676	14.0843974487462	13.4936988112888	12.5884214681377	13.9582851123446	10.176526443385	13.0551017124285	14.0905115716984	0	13.3851944848139	8.62570536233216	9.63397422323497
M565.1455T868.96	13.5561027061723	13.6479896335698	12.1654208125124	13.2191294200975	14.1716155020395	14.00135545726	12.7372435041984	13.583415747383	13.3236943505603	13.5078398597861	12.8607117851921	13.2899943176458	13.2764791748862	12.607860802195	11.6683956827532	12.636906612795	13.6837365253084	0	13.4768504558993	14.2251019249403	13.1776406295491	14.0146824986663	13.5232870006949	13.0749138958896	13.0020242118922	14.0383263539283	13.4971397647952	14.2103025944577	13.7363895762299	11.754342744662	13.2825040481045	13.4635095604034	13.2803828678491	14.1320806632252	12.8679748892772	13.9947636429797	13.3736980084569	13.8936615630528	13.1785815352938	13.891382334441	13.4851823421469	14.3293842162312
M566.3267T628.26	17.8163076475533	17.2215498730682	17.3284773784427	17.2872084768806	17.2977443845866	17.8458153572111	17.4927507909864	18.155847876786	17.5630630081446	17.793885867258	17.5794230190795	17.6387497405847	18.2507531503803	19.8866628853521	16.6139162546351	16.8513668249438	16.8386476319677	16.7980069804939	17.4441987221723	18.0040747556564	18.1867683539885	17.3818286032648	17.7230561501727	17.2918118286237	20.2343654683543	18.6649293143083	14.1504231347719	17.7154466390519	18.0169795443817	16.5208876279642	19.8898277276867	18.3366945415173	17.9795081486873	17.7826360309105	17.1587115609608	13.8704412073713	16.4893577470136	18.4862418887809	17.0953619127719	17.5092799955741	17.4604998688855	17.3358487521885
M566.3271T561.08	13.8981630405701	11.6348176336229	14.8129601973279	14.9245752012926	13.5375626399102	14.8166345391791	15.0876923024238	15.1344508113023	15.0106419335452	14.154357071741	15.2079136477885	14.66267900322	13.7057352508901	13.8447602406432	13.7167835788711	14.3879566962301	13.2965009416427	7.96967304902352	12.7501952167076	13.3285461927291	12.9538313398261	13.2655629286312	14.459271075472	14.6603410045419	14.4297537831216	13.973260027292	13.7432437343677	14.9825576309335	14.8452690272597	14.5392179871254	15.6087791128403	14.2894948030469	13.1313805861783	14.3178940462544	14.4029495265276	13.6067583343826	13.11587736597	15.8266253145258	14.7444990299678	14.9357575606772	12.847727923078	15.5214984449554
M566.6037T304.61_1	18.3676364983293	17.9105666722431	17.6144411969254	18.1952160268517	18.4581161989851	18.3654265659111	18.2674667398169	18.5812871219899	19.0301019453899	18.6106965539038	18.3083471325126	18.5920120018719	19.4796938008362	18.3413916204224	17.8702310891179	17.9685052582636	17.0914121874262	16.5886562090826	17.9379134710622	18.4549245970899	17.7370473465978	16.97058586381	17.9642067666895	18.4436792153905	18.2913140975278	17.2022443403289	17.950921159437	18.2909228954085	17.2101109415162	17.4929124533854	18.3693716811998	17.0113602750171	18.1711947305984	18.009672886054	18.2518184289941	17.3088706549955	18.3803859328627	18.0252779290293	18.1312299552327	18.1981188149609	17.5473838329595	17.6963077899921
M566.6915T271.96_1	12.976151002693	13.025926128714	14.050529256441	13.5720651433374	12.6545848180221	13.6813279758903	13.09954460251	13.3430016153162	13.0005178101718	13.0278281206892	12.4457881962797	12.4322249791732	11.8695744535262	12.7303242395609	14.0430033322602	14.0822531230778	13.5161289168603	12.6309193253426	13.384876344373	13.6577988065596	13.2225680258334	13.8374228141503	14.3499209862144	14.3313137132867	14.5538694104168	14.1247306005727	13.8784527805081	14.4567900470263	14.3859402786674	13.4534039980293	14.271772039596	14.1552937285796	14.0433160667397	13.4270889954311	13.8948061830134	12.9307631234967	14.0409585541933	13.9321986887132	13.9326694531333	13.418135179469	13.0979455824894	14.1014105667159
M566.8921T271.84_2	13.5083831146177	13.8409375147974	14.603761575362	14.1268288988926	13.5621740048587	14.314041140953	13.5541518066054	14.0316269138116	13.4126972270634	13.4221296240363	12.9317683233322	12.8849587590097	12.5447776497883	13.306684507913	14.4856341447407	14.6602824498304	14.1763157247091	13.078415966971	13.8694363077364	14.186828891616	13.9070020081596	14.1933750795126	14.8563425177526	14.9640555462963	15.2856247587218	14.6008965542975	14.3083092748895	15.1292722494217	15.1534931665278	13.9696183969852	15.0428392160255	14.6161091805959	14.6450085205514	13.8755605494258	14.5433534895954	13.3466340909916	14.7022453706646	14.6268683396473	14.4061098907711	13.6696195416032	13.6980976807366	14.7940918608837
M567.0926T271.96_3	13.3644843459736	13.182658572843	14.410602426276	13.8582948909122	12.823930393643	13.9692456557811	13.7544148678258	13.3672280891958	13.5714986522285	12.9306581865862	12.6055051203802	12.6075365248181	12.1202550241671	13.10627671419	14.2234506140111	14.3407535538899	13.9862202068121	12.6757094263415	13.4588334699579	13.3865290303918	13.6397034053656	14.0885802713744	14.5044390245487	14.2221526064032	14.8837572046377	14.2429250350661	14.0441843445867	14.7582853307856	14.5943796076707	13.862292921365	14.5305502733302	14.2508688144415	14.322878799944	13.6158175478276	14.0812058891293	12.8067054861573	14.2570230652758	14.3353207552496	14.0187563319341	13.5767049280456	13.2146893638461	14.3314275389167
M567.1973T960.08	13.2355210374271	12.9028183882211	11.2415309721109	13.1036944032285	13.0509879039225	13.1039653814035	12.7481841426195	11.7737474201328	13.0333239637151	12.8537835518013	11.9398299407568	12.7977477726847	11.6470044734806	12.7571395654144	13.3782637738156	12.6673980336452	13.2615127323083	12.6936795772155	12.8670496372771	12.8972854275364	11.8581428665161	12.8925240544298	12.4648400554731	13.073757959843	13.0697465167729	12.9922078336889	11.9678593063854	13.1044786551763	12.8530147222529	11.4196176787241	12.9095405016475	13.2884684336047	11.9429504374435	12.980955253288	13.0123626208739	12.7289775269447	13.0755403461791	12.9889258994353	13.1681879498962	12.7434167531854	13.1098603542253	13.0033543075483
M567.2931T271.89_4	12.2428365572404	12.4430210400211	13.3970529894541	12.877576612834	12.1771639035801	12.9428664502958	12.7722776171825	12.5827874318448	12.4670804955115	12.0428249974389	12.0076407941174	11.950381258745	11.47656242613	12.1892915457245	13.2733317182889	13.8218856180242	13.1920036044661	11.8006763831431	12.3520531509809	13.0052493636883	12.1822239891933	13.0550040063032	14.0274976840949	13.4898927610244	13.7482504254728	13.5553497765702	13.0817366832911	13.8955012387507	13.5880354888764	12.8503141986364	13.8568735756665	13.5827303810144	13.444136278907	12.541620982294	13.3565730933022	11.8223746234964	13.259305526899	13.2607464437584	13.2455098728568	12.8397790736667	12.3797696871267	13.5275028787375
M567.3303T628.31	15.7360028579914	15.6260460241479	15.3147560406413	15.6771382750835	15.6705813242903	16.1677585732456	15.7773623342903	16.3101373804889	15.659994655725	16.1401170975285	15.8381506008032	16.0888796144683	16.2711166030009	15.6031966464695	14.9867154107738	15.1301029733308	15.1242183077625	15.0299638204535	15.9604668675799	16.2701542173257	16.2583121579494	15.727582616937	16.0653225325049	15.7072538694818	12.4180192467808	16.8114487176901	15.4317763542912	15.8325215772423	16.2254675532339	14.4861990665036	15.4612552610433	16.2736547079494	16.0976013090121	16.2639658092819	15.3874704444695	15.3895097634778	14.7129866459147	16.5753223649535	15.3690384532087	15.7748959155986	15.6991248397555	15.6633275579682
M567.8349T373.24	9.98889869902804	10.9925486614232	12.1261924653507	12.1093323526308	10.6670111545762	11.5131069605544	11.2214957455584	10.9615419927948	10.9663426561639	11.7620449263181	10.5035798980538	11.1347937015523	10.5144401966746	11.5668022697132	10.8555939036509	11.3275288259575	11.2191287961623	9.6282877642154	11.5368374706846	10.8935805567063	9.91352796145029	12.2196120340943	10.4532498930884	10.9884890677982	11.1555782134063	11.8126013801236	10.5177275410554	10.8097590763617	11.7416471056879	9.94019398579697	11.7725518753506	11.8852225524817	11.1120125973214	11.2417022389312	11.8142839707664	12.1966006406363	9.6024877823083	13.1190291890291	12.1793459441789	11.2659754878673	11.0651651789102	11.9331526277356
M568.291T425.9	12.2984441247897	12.6462478211658	11.7397920904972	11.9318455281651	12.0076931855393	11.9095637199531	12.5570266791603	12.9520032971036	12.4765101215898	12.4492310319085	13.1430625215585	12.3156023092331	12.1798357093718	12.4525965395895	12.2925831628602	12.4312216446134	11.534387902594	10.6321358527625	10.7046038071065	12.721102519231	12.1913737346367	12.9092674710098	12.9965278733403	12.5401692317994	13.9530215561613	14.6756609892905	11.4124419460089	12.8989225964629	12.3780277587238	10.9838171995564	12.1235994885864	12.1310857325224	12.2828950640214	12.3794805981439	12.5272338540622	11.9708131023092	13.1671346304264	13.2718863716152	12.7372429577015	12.6657939162163	12.8545624174999	12.2697920552232
M568.431T890.19	13.4165071369379	13.6778594600089	13.5597759918226	12.6559966812484	13.4946688911115	13.642090406188	12.139913184074	12.5101417758469	14.6271226723683	15.4357392081591	12.1122263616227	13.3682510008246	15.1520524644153	13.2001477801711	11.8351591391989	12.4221666202572	13.5824426003355	13.1335565280376	14.0564097447017	13.4525132549746	14.6164366401518	14.1345615569353	12.332840208675	12.9887105343025	12.8512575346847	13.3912692964534	14.335000219968	13.0064937407633	13.6816104664089	12.7775981798615	14.285393028652	13.9106704418268	13.7491686062238	14.6173747777413	13.9970790821844	14.7794847499861	13.5795346856676	14.1783754720696	13.8415303998098	13.8510671549325	13.7693281799637	13.7677778622266
M568.7777T48.79	14.3814097806091	13.4829527352864	14.2960220994698	13.9016278799733	13.454740908721	13.5697123207236	14.362581419539	14.3860353139697	14.0960385537582	13.8380294380687	14.1529792649092	13.9126715032319	14.0460914241438	14.0305675024871	14.1704781235432	14.2309326010148	13.3418393136815	13.9124078113559	13.6922943905738	13.9442009736313	14.0602655583268	14.4240136029733	13.6362807531715	13.6604570502535	14.3911445429205	14.5108189338717	13.6748756850038	13.8269137666591	14.0269032822641	13.8491337223388	14.317137670802	14.2755064501396	14.4186814345496	13.8488312109938	14.0215539806779	14.0644101391058	13.4914829898976	14.1662236309596	14.2293264686172	13.789650809329	13.7214667042201	13.8390027001638
M569.3048T382.51_2	12.907618394524	12.5290467168837	11.8620681899467	12.6999828080876	12.945027452133	12.0820325512583	12.9708780449099	12.802097879824	12.3919339617011	13.8578855070092	12.3337516896133	13.1777268434348	13.0952394151646	13.1564620801019	11.0734319980013	12.9991793036797	12.3884710395736	0	13.5958851439864	13.0505828363018	11.7978463754354	11.8743577498561	11.670308097446	12.6096601811399	11.977121766564	12.8735270105511	12.7455216072813	12.4963003675665	11.6067311615731	12.1550424346189	12.3238022612202	12.3714246900431	12.130228950915	12.6795645848936	12.5609833262941	12.8973333584561	12.0067998488195	11.9010445475697	12.7767530591734	12.616544192097	12.2446972231961	11.7699668952935
M569.6508T425.24_1	12.4691942854289	13.3516044744145	13.0504714269947	12.5752112197538	12.6803063118499	13.3005263797537	12.7476570559012	13.2742174915086	12.9136694663195	13.7483600912832	13.3646989794965	13.2795190608408	13.5767157385611	12.4578238537423	11.6757309933112	12.5488923763759	12.1960944912706	11.2852859727441	13.7706549482395	14.3937593296436	13.5742125251056	13.5058655555503	14.0656680228306	12.9835011084172	13.5495299315495	14.8156179050355	13.5627931903301	13.5313968881656	14.1042315362497	11.246961182296	12.7293192649921	13.9282021590719	13.3988635076871	13.2544364181332	12.0168673705426	12.2177942194547	11.9523076618212	13.8422766243685	12.6652636860291	13.6760940609116	13.4379126654322	12.5423903660386
M569.7345T425.32_2	13.200338016058	13.4877790341855	13.5356953206023	13.4140299265405	12.4497140521765	12.6646050977855	12.4622552969716	13.107124608715	12.9934561379187	14.0623859686333	13.1663551281321	13.681476797124	13.6291284526059	11.592465064817	11.7682263660719	12.46688358747	12.5960528791527	11.9818012738236	13.7637451871162	14.4685586328168	14.1748289988502	13.8494616659099	13.3335358844744	12.1161789396787	13.5841118435428	14.2080204579749	13.4680619157917	13.2880339409564	13.6399424248262	11.2273591078786	12.5530239917598	13.7786367835162	13.5858928237326	13.2056881035363	12.1155708858916	12.1541698418656	12.0503268807426	13.0182830346311	13.4114479648745	13.4587606102634	12.9885709292497	12.9699322803082
M569.8181T425.2_3	12.3979429301022	13.448380603848	12.8777595024279	13.2003612525471	12.8090722002338	11.9006956950254	11.8474918168532	12.9649241243828	12.5523682681693	12.2416042396724	13.1735719703486	13.2114363625287	13.5673791237039	12.1692822031427	11.3311171113395	11.5801796352779	12.2109806058973	11.8195701501412	13.6687926416803	13.6861405796001	13.3899839785241	13.4084498390584	13.4363720507339	12.7683787612162	13.372827337965	14.1848374133354	13.3304174397155	12.1184749876595	12.8460814349495	10.3990928028516	12.0760734642289	13.8171838745103	13.1257235242513	12.7745265375937	11.5284516981977	11.3071227971387	10.1796861540013	13.4939945542566	13.0097130540978	12.8890011600171	12.7065244974571	11.2364871174305
M570.2843T713.9	16.6482075804726	16.8676225201085	16.4639475810847	16.972828552521	15.4842578337544	17.3044339178344	16.9802598882616	17.1701077480542	17.0888337312902	15.918637063605	15.4377017321824	16.9230494587564	14.3384175457993	15.6702293958328	14.267198046349	15.4295477769229	15.5312185563205	0	15.6068178536701	14.9958967720059	12.4219419245872	16.227259120249	16.4171691940146	16.3083835315903	15.9004891944667	15.7704957368347	14.8556946486109	16.5399418449229	15.4878312181113	14.7809776486222	16.3613076574833	16.5753524904436	15.8889879849904	16.0521089534033	15.929667105904	13.7208404797017	16.8231788025248	17.494403226698	16.2420270439975	16.2626935909648	16.233813649608	17.0898737727285
M570.7204T896.3_1	11.9016728377197	11.1565498449788	12.1993253568373	10.1360629817072	11.4560960364277	10.8846004810251	10.8503725807593	11.7222089581555	11.5553607216067	12.3548841172881	10.6900663272652	11.7552554456948	12.075869712974	11.2419248122851	11.508798265045	11.6127862319275	12.0876441270521	11.2287098115304	12.9417876599564	12.1349253462157	11.4364285420414	12.6008149353609	12.0235751798748	11.1616559771011	12.1800307422082	11.8197990876749	12.3482260265473	12.1744725941536	11.3959712700278	11.5304711739438	12.4105313414626	12.2780748994155	10.0299216961948	11.6971301770789	12.097694266554	10.5698107383621	12.1241557956403	12.8031712479673	10.8016941256129	11.7388169395602	10.4447292656529	12.0567617196907
M571.0549T896.18_2	11.2883350743475	11.2759347954807	11.9951628768045	11.7160693039942	11.7586058387696	9.27085182551765	10.2699506743434	11.0953728069417	11.0207496787113	12.5139729830497	10.4760983821614	11.3389044909655	12.2406797382136	11.3368921976405	11.5523024134435	11.335149278989	11.7515067281342	11.0605167973245	13.039736777234	12.0161349031663	10.6343734870483	12.4436442783148	11.4746528938878	10.1135329587039	11.9539134053124	11.8181339173725	11.8644364209575	12.0613064773287	11.337568261703	11.5479468518398	12.5449755240117	11.9477737351944	10.3917756947946	9.96313557431925	12.2058260573766	10.9411006950641	11.7498732022588	12.7433887886206	10.2405822100776	11.4173199521934	9.24923990875785	11.6508491521969
M571.8011T657.79_1	15.1074076789893	14.5621464918274	13.7605434179592	13.4182858763925	15.5113301486243	15.8683691771584	14.8592585088336	15.6515986929775	15.3391224531807	14.7706233781539	15.2843954331465	15.6852401809071	16.3542372086731	15.4047211052549	14.6626292418364	15.1325824389098	14.6295877531742	15.3659539307153	14.8740091806113	15.8560226084613	15.1566543704941	14.3467467232861	14.5246465979511	14.9474411938774	14.8966065981763	16.3055609655426	15.4496288102427	16.2709557149066	15.4018901647957	13.665832438752	14.7762231964352	14.6487836642406	13.8305497127291	15.1246574777014	13.8875644574426	16.2160478230136	14.1197122987676	15.7858972904095	15.8712165470375	15.8627287895042	15.7311758845112	15.9712148844188
M573.377T713.27	17.0347679934856	16.8070883663171	16.7156068602777	16.8835676025025	16.9605535836472	17.2314500802429	16.9381699305283	17.5546039610316	17.1141218888641	0	17.4770817760152	18.0459442688118	17.4854104248373	16.7966091188185	16.0636762071878	16.6545317946713	16.9635677413383	17.3400238388557	0	17.911136877399	17.8187213784244	17.1428267686982	17.4346355188471	17.00112125545	17.1391353111082	18.353852661517	17.1589831236438	17.4562520550546	17.6878229694738	15.6796321554102	16.430470961626	17.2682098049878	17.2954104001344	17.600572357417	16.8349923862386	17.5530861183206	16.0396606011142	17.8016279610581	17.5379683176056	17.5011235501423	17.6964432188899	17.4289035579381
M573.8015T657.64	16.8717023967841	16.1294662987229	15.6150449620303	15.2506031577374	16.6644133589028	16.9582440215957	16.0534865025561	17.3920082715251	16.7282101053202	16.9519378605854	17.081416454744	17.1390603661492	17.32797672083	16.5285899014294	15.8088461982833	16.3427604855631	16.1516086681909	17.047462065803	14.2320901983678	17.5027647778904	16.7329157876141	16.4480954712533	16.6596583637925	16.3194750515547	16.5248536659699	17.4476303727662	16.9729492880855	17.364921089283	17.0427324577415	14.7984596829462	15.9593300473412	16.1245640045978	16.8265295690883	16.545589681897	15.6273517081237	17.3687705472119	15.711407362729	16.828168683789	17.1334153692115	17.0715492599151	17.2734947294933	17.2934176937349
M574.3192T687.09	13.6981262271477	13.9807431580865	14.0289717444244	14.7471569313867	14.8981907670203	15.1224583224452	14.3862001965799	15.2954450812318	14.1967311669899	14.8371844948721	14.959683802276	15.8371438260816	14.5526327753717	14.5370055821576	12.706921211055	14.0307690257217	14.5349565771732	14.6036071732644	15.1908743241347	16.0935608343364	15.4373109548353	15.2025471751336	15.0467967690676	14.8429547942739	15.1329047746275	16.9077790385244	14.4599311222243	15.2103879593335	15.9513179980562	11.0942331028933	13.8237257328812	14.2493907126106	15.3980321372674	15.4699308564466	14.4627978135613	14.9102525171745	13.3229957665821	16.1846452700339	15.5178234865559	15.6064015343319	15.2753524025861	15.2462356773339
M575.9393T43.37	13.9914617981711	14.1206600933947	13.6744277443237	13.253859169091	13.2258766773188	14.0995397383034	13.537058299571	13.5581311848835	13.9976799890123	14.2702169971018	13.8003326435005	14.3722483959161	13.5847085392377	14.6188804714343	13.7527898729726	14.0028236443257	13.8696832439364	13.9820091692168	13.6729630338239	12.654727940136	12.5170335668618	13.813714433832	10.5677643464517	14.299350650889	12.8522953403997	13.4548180089752	13.7009350405655	14.1417324374437	13.1654391938195	12.7488931775543	14.1005485369049	13.5631438814684	13.5049617208604	13.7202530946102	13.5699413940206	13.1694855679485	13.3516557932127	14.0383728863992	13.7392689710165	13.845260401443	13.6528769972316	12.780145806878
M577.01T42.38	13.9649278168076	13.5205527663661	13.6888072550191	13.196992501174	13.7324432521813	13.557375993496	11.2701775711819	13.6029702971396	13.9896632346379	13.2562007545091	13.1517910898147	9.65304702769258	13.3343254930189	13.1531194324275	13.7843568592315	14.0350328402432	13.9182058257363	13.4638942775278	13.3678198225954	13.7401460559985	14.153336907491	13.2393665926976	13.2432843488659	10.9690503745924	13.3748628719027	13.9087401859835	13.3872138193587	13.6788196528675	13.697257493754	13.3848293593037	14.115961282042	13.7137070179842	11.8612535094989	13.5907624518615	13.3609055389489	13.2922656939349	13.0922062686849	11.8701278500919	13.9948103180473	14.1986365202076	13.2776511064487	13.2724917547704
M577.4475T1042.92	9.64865163261929	12.9029938964078	10.8432794960642	11.6263656839966	9.6279235896558	10.4745923397767	9.45179083284397	8.7413222786485	11.5965122911216	10.5979183896124	10.5741252789069	10.3758839102473	8.99553482446138	10.1589090767146	10.5043027666957	11.7466134213213	10.6099202299827	0	8.37905802047038	10.5313048459567	12.290619455965	12.5691912852699	12.5245566514888	10.1670855562794	11.0270992600518	11.8774963143429	7.64304683474926	10.3805540720975	13.5137471620544	7.64060222888597	10.1664507147318	13.7847601659749	9.50072277281257	10.1139116758885	11.3706530112446	11.1559906920026	9.88011481279248	13.4363137678488	11.3801166220168	11.5266101478423	12.6153312758222	9.31193787355804
M579.3149T410.2_2	13.5455082710187	13.1266690331727	12.6394997342394	13.1761663350014	13.5553031529965	13.345365865022	12.5302531371414	13.5835565767922	13.5969995816093	14.1768183215192	13.6799719748024	14.6231781671673	13.9250114324895	14.0342519698015	13.2627617249867	13.6493678911306	13.1643471252263	13.7155575044732	13.9745357097824	13.9837617993081	12.6584178199082	11.1823799403391	12.3183473393753	13.779833873788	13.2939627058536	14.5865518038094	13.4571614030902	13.7336122926994	12.781586415303	12.6904322502803	12.6031556470446	12.4805831920911	13.1025446110646	13.313412840267	13.1226293940571	14.0082371380035	13.0700926361322	12.4509348812671	14.1172766766862	13.7631079066463	13.7378305130011	13.7011143853824
M580.3628T733.22	17.7123964911092	16.973731132844	16.0356146409193	16.2438002350021	16.6428584811581	17.2638235969214	14.6441963611148	18.3923670447528	17.0522341013467	17.6564652007424	17.0202030165625	17.1076064259019	17.4787977001477	16.7297121771344	15.7951083153256	16.6589016101657	16.0178270341554	15.0552580409343	17.1621960788017	18.0258599731654	17.6728579122899	17.7530438490238	18.3555037026185	16.2497664970316	17.4070279320406	18.9757178649498	17.2802004182599	18.2955976196884	17.3779469471181	14.3633586647554	15.7562693689276	17.0944266793606	16.9960291342662	17.0147486770341	16.4331694216818	16.6933302675115	16.8235278225532	17.8104930675552	16.9284918907864	17.0884461030625	17.4003655277715	17.4701361771511
M580.6222T302.22_1	13.7057652737141	14.1635974809767	14.215953984858	13.2240568079511	13.9702967097345	12.2558983489622	13.145808367958	13.7999200898354	12.9890464340247	14.0043105919188	11.6661128498477	13.9495543167344	13.943342109602	13.9456728760428	14.4967334697406	14.9595979287626	14.4606790718229	14.4340296067908	14.3836553666712	15.4634882642605	15.2214659990978	15.4351048515787	14.9029724139681	14.0989842991479	14.6225224851825	15.0503937197037	14.5272214806865	15.0107499536644	15.4302660678022	14.3982609170081	14.8547964055772	15.8917184678919	13.8855553553077	14.7168807663084	14.7527552288693	15.4059147637193	14.3343078380088	15.3296525604243	14.4096987091896	12.6485915144265	13.4148488899148	14.6427772325774
M580.9572T302.05_2	13.5304471474819	13.5713861984516	13.9341996332141	14.7823059935161	14.2197587580805	12.7080864689196	12.6769602631045	13.989650994819	12.6901855477568	14.6228206058896	12.5159928820444	13.7664583370235	14.1579584623578	14.7519515565443	14.7360947693029	14.9854794560538	14.0978795943946	14.5872866683912	14.2252701654457	15.0066841912431	14.8325762489228	15.527598538241	15.2677663686649	13.792373449372	14.3632016904059	14.8771053400072	14.5287351665901	15.1141688462681	14.8376391567332	13.5349841363346	14.6609219926421	15.5085374853876	14.4166391489295	14.856345632463	14.6053385601778	15.21046994267	14.4679573172613	14.9086557151048	14.1211232817113	13.7387353507093	13.7351231783003	14.5839058921696
M581.0518T875.03	11.3165686766945	12.4272448368943	10.8263487174633	9.8108678320104	11.1915866386759	12.3953329267137	11.2571765558167	12.6783400066228	13.3545024190214	12.6070720140883	12.1544548817427	13.7992577050227	12.6327835791883	9.78200944640204	11.8064203464765	7.31842387986417	11.3852334558092	11.8237820037849	12.6230254095133	11.2599811661174	12.0943484857493	11.8311293518011	11.9815465788444	9.31452151651893	12.0145065260749	14.5715878479765	11.256343826775	10.7150083046801	11.0906979307714	12.0221497735907	12.819896750395	12.3564520820115	10.0941483508358	11.5132336021871	13.2820371426216	14.201489607074	9.5337796410492	11.8896406433063	12.7971091840464	11.3984288442995	12.5732651541464	11.607238249842
M581.0739T67.3	14.4046312861595	14.55406683516	14.1799957013472	13.9227227746467	14.6034665281581	14.2102993099293	14.074248515112	14.4940847284494	14.2822108791691	14.5591268200531	14.5401273942004	14.9939087349741	14.4810007037993	14.6787615597474	14.2519624926288	14.3419136448873	14.2801481943406	14.4880098579259	14.3925109639888	14.2110932113593	13.8723235629074	14.5452732219628	13.5124974004592	14.3765309421905	14.7902255688482	14.2666492771742	13.6182547948741	14.3996331411528	13.8557307236362	14.0187611229302	14.139630666598	14.0044450191201	14.2780822814849	14.1998027974205	14.1218005400186	15.1767660262136	14.368092145093	14.0486489893223	15.1493613760407	14.014774172095	15.1147766842571	15.1578988007348
M581.886T48.93	14.0597685481617	14.2747654486156	14.4360810204177	14.0845745720021	13.8782018999497	13.8643527380164	14.6539060822404	13.4645324518058	14.4943138151579	13.7966968396226	14.2267815298996	13.6291669847344	14.1912057160466	14.2851525215539	13.9609578816519	13.6479646411083	13.0240489978812	12.147249059527	13.8528109772005	14.3127056638122	14.076751854367	13.5337656530602	14.3615988684956	13.773172139874	14.0351985853118	14.3585604778476	13.6675531106548	14.1693487823492	14.0166224371759	14.2837651360847	14.8458230904267	14.0779994535265	14.2031587738688	14.1266815875499	14.2865722122236	13.4438523889654	13.6738315631565	13.6328792384823	13.642912540018	13.9470829053198	13.950074760671	13.3265355278793
M582.2147T641.21	14.2921665779011	14.6457402104954	13.7744197507353	13.7789921237887	14.2285089918941	14.0617216953237	13.7103460171228	14.5124404152055	13.873866040299	14.194012605346	13.6789869362851	14.245533664419	14.4725365968624	13.5801538350301	12.897334294317	13.452698190134	13.5775641748953	13.5920227724557	14.5086238746757	14.3598111175823	14.3764410572572	15.1135286503635	14.8122699162312	13.6740102520858	14.0253799012499	14.6103249123706	14.3061451415732	14.8274129850405	14.3634333901422	13.1267042616613	13.7211128937236	14.7446244662666	13.9678970697052	14.5642368879295	13.6510412040064	13.7978177466692	13.781658491871	14.319060963767	13.4866486704911	13.9652161609304	14.1144830274899	13.7821104211555
M582.2992T658.08	16.4714557539459	15.6775188553967	15.1111071900309	15.5633944899195	16.3081732667054	16.5237398975363	15.8015491296189	16.4337007046985	16.6250665293302	16.499568411206	16.3390214563023	16.6049833771167	16.404849337036	16.3015615347695	15.9920923784398	16.1906351991569	16.0483684673096	16.2652231126162	16.2085688358111	16.6084314578386	15.8359826360175	15.8825113061395	16.1760903333231	15.931394593635	16.0734338943498	16.6133319367342	16.094715296629	16.9309358971134	16.1106150733615	15.0230424968847	16.2872821978338	16.0430126775854	16.2074076750175	16.0685089807774	15.6274463592837	16.6762367718931	15.7203304058094	16.2495223016815	16.8454358332572	16.7038378081348	16.6404411553423	16.6774176505127
M582.306T445.16	13.6123891095521	14.7616470941193	14.0576111424949	14.3609321031273	13.9957440564413	13.9206268120047	14.5773120489935	14.5462623330221	14.5677851279613	14.946145656698	15.8114262984001	15.7584970180234	14.3670258867619	14.2605453330894	14.2206176472251	13.8668042024617	13.3346979054991	14.8808962027784	13.3379182338081	14.5707353053634	14.541161673287	15.1018053129878	14.5970328816712	14.7545510268343	15.8033591503206	16.2427950939936	14.2684062666591	14.7921578797792	14.8161322605813	12.8202246630808	13.6178437958985	14.3683476706678	14.1008043706341	14.0682967168499	14.2359276003824	16.0113520535912	15.1100281676654	15.1588372722637	16.0450648036117	14.6607344026803	16.1284086296087	15.3615644846622
M582.7961T656.81_1	15.2889485280484	12.9784634838269	13.6316274552101	14.1998421148917	15.0981668296454	15.5946213016325	14.2459421709839	15.59502730408	14.870578275438	15.9983672576462	14.8810047732049	15.6674741323473	15.1256334457386	14.9967731729986	13.2457959088018	14.7868809390525	14.177326890907	14.1387223204519	15.9711683351049	15.6960727243736	14.4797256203221	13.4840751298682	14.4294711900814	14.3192539387453	14.4363032465062	15.5262995323622	13.2456282290749	14.9011684636168	13.9960870358593	11.7169281469982	14.0767918980906	14.1981396162011	14.6093660661624	15.0574929005091	13.2814296935914	15.6182368625983	10.7888270607271	14.7793674577487	13.3649347325617	15.4639784079856	15.208193154989	14.5609787691956
M582.9471T43.37	15.8535092246823	15.2627603566204	14.9674280887354	14.9272031967142	16.1197982795194	16.155843009823	14.4402356711651	15.9945668490538	15.5983145648017	16.0638472341556	14.9367338418028	15.4671216315379	15.728900359213	16.0666067745931	15.5642848613999	15.92084165786	16.0715025281635	15.5893761650609	15.9359234853628	15.708816221536	15.4042583979491	15.4143423785654	14.697487760772	15.6204003025692	15.2354780832422	14.761393359611	15.9420574771042	16.0464076974461	15.497599705791	15.1851006327408	15.6443277489588	15.0123053460291	15.0809151305974	15.726421691146	15.0969069718549	15.2524016032426	15.4109116695593	15.0574342840906	15.0433798475959	15.8677025936834	15.2529554630362	15.4040555617949
M583.2574T509.59	16.4432740545609	16.1999454700568	15.9679052313299	16.3687548749651	15.6634412081176	16.4417727455312	17.109881041405	16.93982568569	16.7416704336991	17.2350558784258	17.3218149996132	17.9873190722709	16.2761445212931	15.9118061185964	15.3832243414809	16.1855397621384	15.5286072744068	16.2224154773081	15.8477242394924	17.2424419791844	15.4684947207612	15.9417952200753	16.6444474089104	15.7105958423132	16.0595588537105	16.6578651849035	16.6834735258263	16.3595483163162	16.4150272260342	15.2792166612209	16.415182466748	16.4884237421156	16.7963878734056	15.9246714598003	15.9191291937882	16.8958461633132	16.5732971303966	17.4131221000836	17.2254853049355	16.8001239803524	16.5148523538897	18.3352912598061
M583.3015T657.45_2	15.7604825182218	14.2731240655655	14.1181912555478	14.8787535931753	15.5979591912842	16.2270779338126	15.1118704574422	15.5377000370634	15.6206962964194	15.7938442627175	15.2778440403037	15.9536256400939	15.8233804724706	15.6431505206301	15.0188608253071	15.8505247622826	15.2194546618307	15.5227273480161	15.5978975153385	16.2297062833328	15.4067810066175	15.1172917418888	15.4920763418805	15.4013085190435	14.8992253893401	16.1918296458101	15.5085161296795	15.9615701621228	15.6480686648855	13.0600194663995	15.079303067446	15.1323995816196	15.2355659104491	15.6146721883793	14.8662524164688	15.5308197029401	14.8857203548208	15.7392525173149	15.5253244028767	15.9649281720509	16.0696611503341	16.0322687666498
M583.3096T443.82	10.5885949145274	11.5497811310303	11.8674963309151	11.3465550813511	10.9510121703905	10.6206816318103	12.2572301298299	11.6051581135546	12.1591329676055	11.9919949596263	13.6590833980468	13.2740563707825	10.8534353612481	11.6848485279158	11.8108596417996	8.9961275123689	10.313790447318	11.7298078012582	10.3466317453617	11.9198386783978	11.3279216954565	12.1624276670599	12.7468044705543	12.1872126046162	14.3796412769994	14.9202999096843	10.7045159598296	12.1946462424343	12.0020900071035	8.85746469169256	11.6142622103825	11.4600863779432	10.4313392002852	11.6520156520918	12.149890319551	13.5025733625215	12.4995573900231	13.8753185201977	14.8870341526874	11.3592413058284	13.5385325958774	12.3183118004316
M583.8818T891.12_1	12.4319485979671	12.3599866515663	12.2909935053684	13.6164074712168	12.8421714066442	11.1855216639938	12.4230001298008	11.607674615358	12.6740511586126	13.1269107505399	10.0626490715387	8.99053024505033	12.1874620844355	12.5332687326142	12.6648212439788	12.5599394891731	13.278983767154	9.61126767588976	12.8848568002942	13.407333058271	11.6402660791644	13.233470067874	12.7603630310513	12.3658375501934	13.1397104457833	12.6029299077886	12.2110222760603	12.9299572739837	12.646922613975	11.623434198712	13.1050704474412	13.1333592039013	12.2985704253054	13.0116997003174	12.9950413834292	10.5014204706397	13.0868985987589	13.1178037488483	11.7092631343032	12.3971187466215	8.92269347812055	11.2770049647619
M583.8832T48.92	14.2916125381154	15.0804015598063	14.3439183592325	14.6444915898468	14.7330356386193	14.5242768672005	14.8387513750845	14.0783333937076	14.6996338625846	14.2815207400914	14.6373829816105	14.2182295227441	14.4677551684919	14.5496395975377	14.0815322112429	14.5503113710038	14.1202849409358	13.745697406234	14.2837489488049	14.8054211394238	14.5927147758811	13.8746729318019	14.3990419775376	13.8367582139378	14.4596795186763	14.4114116597314	14.2038559910478	14.5455714306459	14.5258548022369	14.5842159488598	14.4798977082255	14.235258750062	14.5428793909957	14.6664665598547	14.4021544802162	14.0470944300549	14.2097695157469	14.1624672074566	14.2249133934904	14.2981551689671	14.1756555348725	13.7421850332065
M583.8959T743.45	14.3598405686269	14.6711320264759	14.8099370647379	14.4149115957882	13.8559240557882	12.2360530793471	13.6015752509149	13.4425007720321	14.4293305214194	14.2417744714864	10.2218987023198	0	14.2434133568736	14.0800690287272	14.5846459529941	14.2653808202054	15.0470843316733	12.6470000918875	14.6083031203359	14.9090245993309	13.9722737453618	15.134981395562	14.5889993570037	13.0587062058983	14.6381534047674	14.6531991752423	14.6278833046864	14.6001322192765	14.85879585181	14.1411871721192	14.7216562759691	15.3110656945378	14.1518703924119	13.6286789073187	14.7857450374412	11.9777163689542	13.8502565004167	15.1322368086477	11.3096395177902	14.1215718945091	9.74566774259126	10.7202793470856
M584.1325T891.44_2	12.2584111225249	12.216036877416	13.2401424324165	13.1334446570207	12.372973255857	8.82319061761819	11.7853662722734	12.6764748208795	12.1382634251047	11.9002633890927	9.65731305241015	9.16631348205024	12.4644975407124	12.1076525071258	12.2001727406242	11.7897024918834	12.4831508453008	8.43572087272303	13.1368885928746	13.2482703454458	11.3005054028233	13.3479974069245	12.5476424812014	11.4360552539707	12.8430090060368	12.4440762163897	12.6271819243408	12.567245936771	12.6685825998492	12.3556909603137	12.4130082508011	13.1517860212683	12.2816199278703	12.2205420149942	12.75089599106	8.67455332427032	12.8322825192049	12.9277401625434	8.37504891858426	12.0284169820224	7.94740505012807	10.1875445666099
M584.3209T355.4_2	13.6539925791822	13.6561627814649	13.8083899982551	13.7911848851884	14.45825899555	13.3398524616051	13.1157577366156	14.0973170769458	13.2390353204448	13.4843922728105	13.4502691597932	13.7645586875214	13.1662568777131	14.3219858405752	13.3520430875887	13.6538901972319	13.6416108644464	12.4324775120399	13.4514464177723	14.2620029600904	13.9307928579342	13.9865410166768	14.2153436737941	13.3684600194959	13.3345936208605	13.6902190699144	14.9952767135777	15.0109069832793	14.3644099559018	13.6110213628916	14.1712762842221	14.9445896873956	13.9409081790925	15.3628704788107	14.6147079764423	13.9728889564729	13.8262965276171	14.2759440871953	13.1551818466163	13.4319609262363	14.156253578995	13.546639078147
M584.374T649.46	14.9559060858502	14.77120553437	14.164426724378	15.4136850914875	14.4762378970025	14.7629165800785	14.8268472312873	16.3738931820495	15.6245643691685	15.4077522908196	12.982066840659	13.1056638029971	15.3148614786927	14.2847199588833	13.8352166276573	13.8464943101943	14.0075228422257	13.518691685523	15.2807104183013	15.6665763476909	15.3857067657442	15.147129361104	14.8626080932143	13.6537720825369	14.0588324284255	15.376461954716	15.7093143700732	15.0545166212718	15.5580445820602	13.6792943481865	14.096333844799	14.6482530670503	14.3954290983628	14.5924685971446	13.7232594604019	13.3461745131332	13.4424808167597	15.1846609957905	11.1449258005005	14.1816805977628	13.4359028660304	13.9070970452302
M584.4879T355.43_3	13.737659365717	13.8544178852645	14.0649245739961	13.6138854815351	14.6287584362038	13.7033357230431	12.778739377917	14.1313748537622	13.2745130245651	13.0224660359517	13.6740339807233	13.4815065577202	13.20316809833	14.4108365410866	13.4008763239263	13.6571730913338	13.5407580778758	12.8126816258143	13.1435182192151	14.2996046529197	14.1336159598068	14.1366071335596	13.9957237001853	13.8343358962666	13.1875412954726	13.2539160419513	15.2023916148229	14.8636810755519	14.7719333997195	13.7200590285065	13.8032892068883	15.0496838461977	14.1303643115472	15.3704260248516	14.53799351432	14.1525509687305	13.6695833801137	14.153052816884	13.1027201627963	13.6417169471428	14.3391489145158	13.951850671372
M584.8224T355.34_2	12.040538189616	12.2354498286775	12.2861298150418	10.7876528986902	13.2698922374449	12.055283252743	10.4679027302266	12.9610503123853	11.5583629177234	11.3917962727394	12.0731734864904	12.2993512414813	12.18218590517	12.2772356621255	11.3044453405321	11.8875588362026	12.0693959651481	10.6641104506437	11.8828431737838	12.8925127405074	12.5941843995663	12.7685324015825	12.0908700821826	12.3869866745352	11.7928592400594	12.0815306669985	13.9164364753406	13.3968846524335	13.3854436673478	12.1944804717024	12.2253572263639	13.5298363301328	12.9308954128578	13.668515123375	12.8305223122881	12.2267371643813	11.9318217399758	12.2474524636715	11.4999529447911	11.9856514588766	13.0060521826817	11.3904014924113
M585.2732T470.27	8.12163735836122	13.6097421454147	12.3473644691026	11.2495783998297	12.9565569680481	12.5759399719336	11.4155568953413	0	12.5325199599498	11.2775429376469	15.2707387203261	15.1385714529733	13.8173648082531	12.7352502113644	11.0719599461947	11.5733620177579	12.9555479837664	15.6351054904042	0	0	10.3560620784456	11.4976036293677	0	13.0281297251477	11.5657743274618	9.30707775145697	11.1967404201481	0	13.0002702935611	10.1187591694083	8.81380970890373	12.6315020977394	12.2496938006595	12.7331030037011	11.2565576309442	15.4522679288644	10.7843030481894	11.4078804943603	14.3244875699493	12.4517688757433	15.7273921017904	14.8255031546319
M585.2991T656.72_2	15.2143961079648	14.639812748726	13.519878365202	14.1886347589954	15.6132843840232	15.1235369076655	14.8458322394322	15.7077780827406	14.9217828974988	15.6358666115897	15.1020008903661	15.0807789118797	15.678962448427	15.1913664782161	13.8388721141652	14.8955114584882	14.6959444145956	15.4568160630201	14.4676313897298	15.7564394756755	15.2158916313661	14.7176984083002	14.6361064782429	14.5829931776623	14.7640742188604	15.8870092575718	15.0628430390172	15.7177628433572	15.0268609867462	13.0185753917435	14.4600821108856	14.2625052793209	14.7287292249272	14.8071601702198	14.4497782060656	15.7348059060242	13.5465370340198	15.2940267289241	14.7818382548129	15.8928360131484	14.7361956157399	15.2496762536195
M585.3183T293.01	14.5226862346059	13.1618516733187	13.1810942064755	14.228356745616	13.9863570877521	11.9629623099412	13.0181614386106	13.0738169586926	12.4421984305531	13.0141197930127	13.3545500513989	12.9152460927987	10.7755607214462	14.3157820075931	15.1404772141309	15.1488839632199	13.4976249430603	14.2417122940196	13.3004132941763	14.1178649995445	15.57293761191	14.8679442114855	16.1717505927928	12.5104552069619	14.7798394002221	14.8523413759693	13.8426395891455	14.1661779313607	13.7400174415436	13.0658609918383	13.3584235866101	15.2171715590986	14.397394534344	13.5373495752199	13.6399430432973	14.1192160624441	14.2635802619846	12.8850562011353	13.6103929641351	13.7106668724901	13.6445646132558	13.7564705715759
M585.5188T293.09_1	15.1116927116089	13.7565619856846	13.5192233704688	14.9440976659365	14.7282240827989	12.5756139658434	13.893232684329	13.6948355258111	13.3259388533291	13.4925346803099	14.1454440592478	13.746425561417	11.5219176508381	15.1288603375211	15.7347291791492	15.7848896996268	14.1040424618571	14.974514933614	13.9722064680466	14.9051280118014	16.2560707927752	15.6291449055309	16.8052708695962	12.989832786992	15.4677499029678	15.2051679228779	14.4837208247645	15.0182665691474	14.755351326287	13.9860923584561	14.2833395094259	15.8244562160866	15.0417386813464	14.2656128290604	14.2515580264351	14.782126222051	14.993010875043	13.2285649466355	14.4695813217139	14.1058712288182	14.3062443109984	14.4057131061838
M585.7195T292.93_2	14.8080894372983	13.6595930546343	13.546307650597	14.8018400773185	14.5771633137725	12.3279939939146	13.44282249124	13.5048632528989	12.8090971011342	13.4670684171568	13.7202613054033	13.104045207334	11.7401727389713	14.6761824455223	15.5016758151073	15.3566902179801	14.0085854881491	14.8415516573849	13.498463410104	14.6605523634206	15.9428640050002	15.3264745829477	16.4735975596968	13.0608299947152	15.1072310899619	15.0440004558255	14.179156991194	14.7287752657155	14.5028879652642	13.5458421065406	13.7860159904799	15.5172701531602	15.010862753904	13.9645014296134	14.0994354588203	14.5123596125893	14.4631866630316	13.2053442364776	14.3009904638134	14.0392194162204	13.9656115890779	14.2340469719608
M585.92T293.03_3	13.9047205393898	12.5391288862983	12.8013828106256	14.0040073105998	13.6773284046534	11.6475147661532	12.7341410067469	12.482170605853	12.5483919668346	12.226913029528	13.0924899695676	12.7140396305284	10.4465676055316	14.1039038436669	14.5280289023304	14.9263585014895	13.1876858506509	13.8626010694189	12.9244372788424	13.963121506565	15.2358899194306	14.4535298673163	15.9985134058233	12.4829232357425	14.3397847611543	14.182463863394	12.9004547093438	13.8751169904004	13.6974155055674	12.8817016830094	12.6317511253198	14.7039679099449	14.1743015461751	13.0244369094181	13.4045299382415	13.7377734566935	13.7609169418752	12.4683686656095	12.8971298251432	13.4683879791305	13.1410882684477	13.3455260811396
M586.1205T293.02_4	13.0508854815227	11.4975761436288	11.3349393506615	12.7657049473559	12.8069400222641	10.5911231185128	11.3994836113754	11.5635582046721	10.4593986873494	11.3389724914537	11.9933773404779	11.3984705628047	9.75113510990201	12.7614246155588	13.2748108641867	13.7069054122886	11.6198100596231	11.8746385628084	11.5975580055703	12.5205123740424	13.8044608353929	13.3141703125793	14.636777360424	10.2490937788002	13.0366827628226	12.9261363209	12.0936263034942	12.5943518245188	12.6423174997837	11.8047298720039	11.1349459679888	13.6532993252018	13.2200858581979	12.1531066272016	12.3134710274302	12.4562920680167	12.5604222499256	11.204778322759	12.0680586022203	12.0296952923776	11.8793541866856	12.2550069447765
M586.8374T373.23	11.22570871009	11.6307473676885	12.7462552987579	12.5633956836411	11.2002747826045	12.4445196573755	12.4213443525291	11.5773531585812	11.5769670659742	12.0970217365846	11.8189496997252	11.7625052380203	10.5706808672987	12.2355690571864	11.7715408052528	12.3956625315264	11.5525684011517	11.6134110222128	11.8898810583046	11.6782738561555	11.9108618808723	12.7012464492285	10.9315966197178	11.7052663901999	11.9086463669566	12.5591659163328	11.8555972442534	11.5021369763648	12.6018549713536	10.9344379751699	12.3919646031888	12.6546010474546	11.4235861511189	12.1765032426846	12.2924091303504	13.0268337173199	11.4874512148197	13.6926586023284	13.1231926121402	11.895352442378	11.9696853355324	13.0988766625471
M586.929T64.82	12.5254581540523	13.0371508749494	12.8136722902465	12.0352980534502	13.4526604143496	0	10.825476765391	12.5454699140349	10.1542083354336	11.2283543311346	12.5163174604563	12.4046219458228	11.3257935587915	13.6709818909903	14.0595516056973	13.7624756484581	14.6602478164482	15.4056210285388	13.9583194356013	14.2389614081952	15.6234063161251	15.5297367532791	14.6049745020865	11.4298500624083	13.2228555887817	14.6802427332004	12.5389945623992	13.7293470940515	12.9559449809716	12.1829605830192	10.42862497152	14.4359343733003	13.6104218566288	12.4976767883	13.1819939822278	13.9564826364854	13.4451343586653	12.2522645048467	12.8527649815486	13.1821770718503	14.1158081751318	13.7949119659933
M588.3684T599.85	13.7178725543738	12.801623099641	14.2641311334089	14.0242912239687	12.5330278841623	13.886133333527	14.2163096714695	14.9306407100371	14.1985069086345	12.8626851756883	14.7729771769664	14.4818700116973	12.5984765053299	12.7118336223771	10.5202874864372	12.5224505319478	12.4808506389987	10.9934812413184	12.8114348901927	13.3782089773712	13.3034114914476	12.9974913626769	14.020500465711	13.7182756391123	13.5503036469791	14.3163205322135	13.2981848647649	14.578327185013	14.1642982642651	12.5474751377082	13.8851221648603	13.2760332843405	14.3584978690197	14.0458709465067	13.6880003094108	12.7310857133679	13.4450380567183	15.3043675792274	14.1310365075452	14.0563183550329	12.8746806821695	14.6567378000189
M588.5679T394.36_1	11.3127152414966	11.4826550607525	11.2948090321229	11.1184057471774	12.0293440995776	12.1356488413032	11.3291632777208	12.4752581484712	11.3953636617863	11.1953131677076	11.4872835657371	11.637568992279	11.5251502011621	11.8205261625354	11.5926941923405	12.1300362041547	12.061847921094	11.582948759779	10.5457672426246	12.2739870201064	12.4142807708201	12.2563192689016	11.3318333220015	11.4086288403037	11.8826783605291	12.1387983679907	12.0556654766899	11.3793645971184	12.1770945303844	11.3832926570535	11.671062008101	12.0711335216028	11.6306945086492	11.9100642388247	11.2788132972626	11.3479981255211	11.8464078976536	11.7078130923991	11.5360655873192	11.4769411780138	11.8310770636159	11.6224163070913
M588.8187T394.13_2	12.4267343454826	12.2844885439643	12.4996376309244	11.7560880289946	12.4513255002125	12.0773357029328	12.0076808140504	12.4482818763151	12.0392808545423	12.0499150068183	11.4961722606635	11.7017371683307	12.1697415756517	12.1987215538674	12.7365159088977	12.2394097236997	12.1753067382176	12.7379224326621	11.7298969999061	12.2273547458349	13.1056189138476	12.4089305732682	12.0395484125662	11.8440472911954	12.8645974314743	13.0463081271606	12.4856209208201	12.4630217254373	12.4463476506167	11.6074882244537	12.363196973847	12.4311310555211	11.7733333962418	11.3988962441335	11.9520835922181	11.860382940746	11.8068385265492	12.1309308268912	12.3992443648471	12.3570868152586	12.181404544241	12.0548005072523
M589.0693T394.47_3	11.3765938386731	11.3502585653856	10.986666103866	11.4990989383173	11.9727706286437	11.7811886842387	11.0880317471271	11.7746260241381	10.5701513448487	11.9897333340206	11.1510798029611	11.6635984291236	11.0460306644468	12.1426267437366	11.5909642291686	12.7858729829704	11.9526821301081	11.9017372200308	11.6872241361074	11.2045684132716	11.7838022064294	12.1765561278277	10.1791907840242	11.5456440307739	11.3616991092195	12.3733943483663	11.2924289444201	11.7574943046372	11.8157539034941	10.9189070474673	11.5219548184884	11.2426381274866	11.6448684511223	11.4961809595688	11.0551195001269	11.4219355557946	11.6581823113153	11.3905211617728	11.0224370621408	12.1675299125018	11.3998092776412	11.1390162134824
M589.3149T373.2	11.5625607471623	11.517906326167	12.5407456557077	12.296551378275	10.2409179799332	12.1720531553909	11.8536556448097	11.2768084816172	11.4085427921956	11.689451199706	12.243172703223	11.6948108965375	10.5067415557332	12.3468259600519	11.8625903825179	12.0990147309871	11.253919727401	0	10.1537035145412	11.6574218845596	11.3119274229073	12.2158386992644	11.3236518315361	11.2249689533771	11.5501499955086	12.4168428219039	12.2355500845691	12.0061846025385	12.0840891587762	10.9743516242618	12.3197381301832	13.1370895095849	11.8053450597632	11.9788865197094	11.9819215505015	12.7405280527556	7.99233452985816	13.9338263279878	12.9631098370488	11.5719489496892	11.4271904625866	12.5053133668563
M589.3209T404.19_1	11.7669870124961	12.9196476446064	13.0712649745465	13.0478927657239	12.6673292035536	13.2927389939506	12.7453387247328	11.801868960691	11.2970929728472	11.6987341552502	12.7655751450766	13.2928870517938	12.0731936690767	12.576841901104	11.1026884116086	11.6069689679931	11.5699552494123	11.5422319121201	12.1532713807041	12.1719822601761	13.2713054221383	13.3429360213738	13.2482680796983	13.1351504407569	13.6530229349027	12.9400696712864	10.8996502796429	10.5688358937112	12.6581517802632	11.6825611803836	11.5578478986541	13.1590751218639	13.0253463965655	13.6555536491044	13.8716619518287	12.9580101889233	11.8130926497542	13.1971007943283	13.3472222428433	11.0521380712353	13.205996700793	12.1669796128564
M589.4638T404.44_2	11.8682189693367	13.6717165063132	13.0692269374191	13.5848616625151	13.2566974683961	13.0933637618247	13.3711236499076	12.2363320402185	11.7930258298934	12.1907547993837	12.6694987019122	13.593363758214	12.4419042515628	12.2859488568733	11.4518173017145	11.4651730725349	11.4371789917262	12.0211118998242	11.7050141429956	11.7994848871984	12.8883056088124	13.5749810417402	13.4908641981013	12.9809040623305	13.4204424191563	13.5142669155381	11.3034057146251	11.4545055122265	12.9493097326808	11.7394228847773	12.1919352890948	13.0118755169326	13.3658063430672	13.9991355646348	13.6008539211849	12.994942522187	11.3224380811042	13.1742423320314	13.4575143687177	11.8898719157422	13.1786831197552	12.5264883872897
M589.6073T404.34	11.6577343424152	13.1579106801936	12.7343027656387	12.5212309518161	12.5906940746722	12.9559431020387	12.7236965542391	12.3657925334994	11.4509362329137	11.8993850628103	12.5113782362432	13.0918260467903	12.1644421917599	11.9940829609029	11.8413563044737	11.7319432930888	11.7850980968282	11.823375481688	10.4771103123329	11.760872581104	12.3834981804671	12.6959830810824	13.0440008739955	12.6358849723591	13.3846539626624	13.0037153310367	11.8938179164031	11.2155729241892	12.8313301015906	11.6118987525668	11.6132714673181	12.633900713823	13.2864465917824	13.6407061020992	13.537439265632	13.1338340679762	11.0092037390194	13.3084217716435	13.1745662991092	11.7572275221921	12.7178226779038	11.8464701018127
M589.8481T376.03	11.4412190861032	10.9012916528087	12.4199044800854	11.9353862902557	11.0055268904272	11.8243751892684	11.1509570643197	10.979469022242	10.8870712600782	11.165276242551	11.2609110590147	9.34383934437346	10.521962893113	12.0822521892105	11.1684004832611	10.915780963878	10.9985365082081	8.65517877464506	11.2182369609465	10.8813581701483	10.4850830890214	11.7690466478434	10.0713833464576	10.7302990189939	10.6368083683896	11.6400559882781	11.7619819236011	11.3545008758944	11.7130288433417	9.79343851992368	11.6363782686716	12.5322136457255	11.1100539685485	11.7400055650347	11.7357671697422	12.3012966060358	10.2962916598826	13.3464529464377	12.1129595406926	10.8073145057667	10.5590911357711	12.1967204877927
M589.8875T43	14.3242164569601	14.7888104838741	14.6796821573034	14.8721074569007	14.5146316737641	14.5447255865331	14.409297078665	14.1518957298676	15.0056842857726	13.9913087462612	14.5511078168197	14.0444661823042	14.6456858206331	14.0968414906495	14.7884830560121	14.6814766254373	14.7813414521445	14.9576371608106	14.3191411648225	15.0048095034905	15.2028760172836	14.8722173135989	14.7324057979929	13.8678138167063	14.3234499285304	14.8751680432397	14.2925072000666	14.6860495261222	15.0893742468994	14.8204055176465	14.4311120174085	15.0506257046882	14.5112540049217	14.9915194485978	15.0708418341628	15.1963836049293	14.1362934787447	14.4066140667881	14.85241936128	15.0996941954428	15.1823212329215	14.7982251379614
M590.0677T914.57	11.6026547459959	10.4644422485164	11.5008201943943	10.6370551040675	11.0909324054459	10.3843976845193	10.6603595152595	11.4347108171573	11.1085879845317	12.3254865529791	9.53735369678244	10.7308156210412	11.7774714006723	11.1406866825114	11.3088022712343	11.3836760324356	11.3852352855529	10.5192687972104	12.7730236594348	11.5202940263616	10.2789210486086	11.9392383577733	11.758322791861	10.1240336902317	11.5536285632485	11.8828130074508	12.0742613393641	11.6685894000145	11.6200714347614	11.6504723506055	12.1305362774562	12.1353498423337	11.1653277458886	11.2101216042692	12.2166959428195	12.0248073858882	11.6851803564023	12.6925152818011	10.231454777863	11.6018615664908	10.0856805481416	11.0950061816754
M590.2274T75.82	16.7636569180257	17.1696455163937	16.1942993372504	15.8452168753897	16.9479310739881	16.8122036361478	16.342307221563	16.4579381484952	16.8758906604839	16.5768492206588	16.7568064270727	16.366677250225	16.6137738415253	16.6957830611209	17.1071509740479	17.5599861521913	16.7186218581789	15.7215116933384	16.3775492788002	16.6397939750905	16.1430400036287	17.1192356802293	15.7855629946994	16.0199178140416	17.207879907318	16.7334242670123	16.3743672852588	16.9795758279842	16.3131482572768	16.6497562107121	16.7029963997661	16.4163315392477	16.3438101737786	16.386141070651	16.2677585857052	17.0939577793935	17.3636161842902	15.7452556493967	17.2536787216592	16.5295991885415	16.8302917295555	16.9066776266023
M590.3844T741.39	14.4665516086186	14.1871175926491	13.9929139508973	14.3977825288963	14.7112684907703	15.093517667729	14.6681310636576	15.5161726792529	15.0504877492841	14.9303961698612	14.4143488308069	15.0273516713662	15.3738581118631	14.0564148287695	13.5676707968546	14.2185701864545	14.202682224029	14.5576040540931	14.7905804482365	15.5179779497207	14.937620192241	14.6088381608426	13.7483055447361	13.5819213541594	14.3737603242769	15.8135488406442	15.0386861935832	15.2086850433791	15.166780797594	12.5510353165112	13.8924540524144	14.5241738316221	13.6052141967401	14.5047954419004	13.9224220887309	15.09110358841	13.3929815306785	15.4145666405524	14.5291605209187	15.3693163968024	14.628083628439	15.1619791685387
M590.7267T845.45_1	12.8633701011499	13.6366943017296	13.650742471442	13.8669998727285	13.3246121158558	12.5801024231577	12.6764082864795	13.1514955637448	13.2935960610571	13.396667466288	8.6662066132334	9.34417242410767	13.2842299170204	12.7534704876016	12.9587826549184	12.6611121757281	14.0727654734285	9.63467285982528	13.4039002332831	13.7823666685726	13.0756434467159	13.9775820513232	13.0747070712672	12.4500456598234	13.5286313347538	13.0815304125548	13.2354096542929	13.3095756231662	13.7204285832582	13.1826680407424	13.4381308114875	14.0150135687939	13.0685625029094	13.2382162575229	13.5718443608645	10.0433087912941	13.4861269582491	13.8690774208522	9.56903779590156	12.467570012089	10.6695935568571	12.6591022078658
M590.8894T42.34	13.271776640228	13.9131290122172	14.2092154160322	13.8820944746249	13.2506621089652	13.3986688168992	13.6144059301125	12.7017177133339	13.943498362781	0	13.7868114144818	10.1791413859907	13.4442592262836	10.9313161935711	13.8340093578066	14.2107789799757	13.8436037364486	13.6291460345006	13.5384461005831	13.5634412614435	14.3224123179743	13.868851347089	13.4362407924381	9.45766896734935	13.40307169154	14.1415353189983	12.9712698941026	13.5591201076767	14.2029123591511	13.6233987321198	13.1599862845516	14.2500230826848	13.8213524799353	14.445402063749	14.1943023420606	14.1072608103696	12.8058904022684	13.0536515805515	13.603544891809	13.8684428391315	14.0267427411832	14.148548185593
M592.3268T496.06	14.0741337372305	14.1318352504148	13.814521114037	13.6531061758645	13.1648891240726	13.6367289046467	14.169803533346	14.9526812310055	14.1774944507332	14.5376013065453	14.7840323804269	14.9442232186264	13.9042963964252	13.2599525199738	12.9049647981435	13.5225033793996	12.9983842414976	12.7987897123899	13.7692481628275	14.8084584456328	13.9367659861994	14.8876191724822	14.8825090517606	13.7458329386054	14.5664133452876	15.8182031918731	14.4397657798712	14.6807054753538	14.5626745126236	12.5985196734286	13.8532421165023	14.251152293007	13.9527018155269	13.9038538322192	13.6235393384402	14.5011138511276	13.4974444313087	14.9460357668574	15.4222041743586	13.7604368691003	14.6813872651155	14.6151045502856
M592.5136T1157.6	11.4471604948263	11.7350626363831	8.20074227699572	10.0112097726599	9.73715045650816	10.8071617159388	10.0426212178161	10.7724974391159	10.6574056423846	10.5606063140248	8.05380273414193	8.62713418248272	10.2937810330366	8.45823655071445	6.10582920535768	9.98443294471136	11.0821812202542	7.70111323974721	9.22995213104737	11.2932900752076	9.71471896325606	12.0148176199768	11.6289816939733	6.85060885592184	10.476364717458	11.5077408119894	11.50621390612	11.9348163523375	11.7786824058901	8.62831534083431	10.6110001226172	10.9728159496421	10.6928858286673	11.1825486464435	10.4655714422808	10.6561158787468	10.3222769124786	12.0834036510971	10.3349052846557	10.3982046403687	10.7964199773086	11.2764092094221
M594.3535T713.35	16.0153422369433	15.4876003163838	15.0836211195205	15.6404879104006	15.7242010290792	16.1437005812758	15.7531629317321	15.7795983637797	15.956330910489	16.3908371868479	16.0763821793212	16.7234896860976	15.8383311038826	15.4549189001125	15.1542284058126	15.266367682732	15.8611150706553	16.2897479377396	16.2097195510676	16.4962498937011	15.7996690813856	15.5516358751717	16.1538210114261	15.9810954821918	16.1008807658067	16.8968731701901	15.03025037695	16.2049460070198	11.2769304249697	13.6442842280226	15.0319801183066	16.459422599458	15.7650951169959	16.2728915173119	15.5434828575145	16.3937936340364	14.6794116664085	16.4874356133831	16.5137824385818	16.2981454677248	16.46189854308	16.2978352208668
M594.3792T744.66	17.1985572044159	16.3760808995	15.6341761076182	15.5228440245066	15.8856968560333	16.7984062085988	17.0039579518571	18.0642155504352	16.6137996781156	17.3238246907883	16.7049320786204	17.5523761481676	17.1851327510497	16.1053058238324	15.3027714753071	16.6915845991174	15.7150683028872	14.9541363577056	16.7564720127672	17.8733492316667	17.8102936899021	17.5052760305177	18.7311005628871	16.365225221188	17.2170784490364	18.7995892685772	17.3648741842192	18.2030263663601	17.0168965256008	13.9206176944632	15.9132799880723	16.5369981537672	16.5655598153574	16.4456340368483	16.0387637649042	16.4903740009262	16.0494435931267	17.4782794926079	17.0054830813672	17.3121943349557	17.205643101509	17.1954251656836
M594.6162T325.24_1	13.7777167647926	13.9583116070864	15.4620402729087	14.9634660445081	13.8518081721787	14.2811974578125	14.2727002498627	14.3055370007776	14.1445623572593	13.6745197998227	13.886283547638	13.6968464640888	12.7458347584762	13.6038540155506	14.9215982963046	14.5619073966004	14.6025121908031	13.0610927832208	13.9577667266568	14.1659176970266	13.7664901464765	14.5573247853644	14.1773859400508	15.6247368467787	16.0602844508694	14.6261821668367	14.7513510331732	15.1798523513925	15.4999310523792	14.5913628749488	15.4094399659281	15.0051978146824	15.5055919079863	14.7425177066732	15.2328636381217	13.5735690432446	15.0557465661558	15.11654739477	15.3109586389009	14.243205480414	14.1036060621373	14.8013479900855
M594.9507T325.27_2	13.7194205802636	13.867371690208	15.3210789002996	14.8668525665268	13.3078688060618	14.1243947039358	14.1602591720717	14.0000573790819	14.2323442678977	13.528297697558	13.7981073097763	13.6175914924394	12.9524258844855	13.2542263341342	14.7423191343448	14.3202481833047	14.307973583192	12.882486190339	13.7973885992669	13.8727868993081	13.6527227833605	14.3846588467551	14.1258484065214	15.5865291174413	15.9134475658172	14.4376124112232	14.5505594608326	14.9743078968919	15.3416023253623	14.4290111861663	15.4222815341776	15.076168576995	15.3111987606485	14.4821935514398	15.0855344586804	13.3673631103816	14.9317663781096	14.9994476508834	15.1981215877426	14.0003601063402	13.9598054990069	14.5708193417739
M595.2847T325_3	12.7326536525561	12.9381759981172	14.388931560073	13.9363104384524	12.7819021025202	13.1757138189531	13.5228612066103	13.0692446078646	13.3116246510978	12.345891366536	12.723823637854	12.7322805574876	10.7848038153955	12.4224064432286	13.7548885783457	13.5038414499169	13.3651701805925	10.1030387481544	12.7685257691858	12.9999096056634	12.3623079312842	13.442727245852	13.2214278931238	14.5118431442868	15.0733447707078	13.4304867693483	13.5559811740801	14.2053250054311	14.3510504221932	13.4496419059431	14.4132505669115	13.8935685686379	14.4918963922042	13.9272628964101	14.3411314919425	12.5228536735443	14.079033987613	13.9590179171631	14.1748341462467	13.1645032180598	13.0885514867744	13.5741455559706
M595.3761T230.22	14.917219855118	14.6703030070284	14.8831490875248	14.5445441214071	14.7149193683979	14.4669689572474	14.637417785471	14.8293391404387	14.8366148201174	15.0063097267647	14.3384020775392	14.6208554846333	14.4260344517109	14.8952760335411	14.7132626034809	15.2295131167209	14.5743772859031	14.6909322708291	14.8936399147381	14.9272507011129	14.2323162693659	14.677307293312	14.8349762841118	14.8301805669076	14.7207593448265	14.8586998200849	14.6954322461502	14.6970300301675	14.6875295435069	14.5522847161431	14.8704377548691	14.5011293392213	14.4881957935587	14.6854328952735	14.6528592549976	14.5516940360664	14.6965857857008	14.6132254720028	14.8843605278229	14.7801034927503	14.5836048323883	14.7108658494702
M595.3992T864.59	12.4512608770926	12.3595977184602	12.9529228236049	13.2895364668121	11.5130287723641	10.7016288737683	11.9412693774006	12.6664431642323	12.2623240490459	12.9148847074471	10.2485942019327	8.81798477380173	12.5720557432821	11.9021065638337	12.631984765877	12.0910088089421	13.3249634346084	8.84053910796752	12.8761809458624	12.6933220880841	11.7676670518627	13.6843680687673	12.2899832454374	12.0611588436183	12.3930043236011	12.4408205858591	12.6921429835779	12.6655059772898	12.6274972519924	12.6419376194984	12.534201161004	13.2358326209615	12.7556159460335	12.2984134031445	12.9413415719966	10.2836383049435	11.9373479135907	12.9231140412803	10.2511473809598	11.8083134878879	8.77373056284002	10.5268924007007
M595.7339T864.39	12.1087251187816	12.191385721323	12.6810075178628	12.6443847395355	12.3606983344912	10.4427505172152	11.5937885884586	11.9220116400564	11.816014458804	12.6881906442157	8.47184256935276	10.1131426741558	12.3810446058753	11.8958632615849	12.352810808211	11.8280452733282	13.2883299623489	10.0900638103798	10.9475901276434	13.0725805152119	11.9831548127995	12.764863311571	12.2456935569398	11.2041156428178	12.344982164334	11.9425755859222	12.3572930394026	12.3495146564383	12.9770944827458	12.6093499564482	12.7440959873151	12.9459231063012	12.0214102560197	11.6980659963707	12.3248073824087	10.217843674638	12.6555762449602	12.8591670096067	9.49730504910517	11.2163618000634	9.70183611599693	11.1025193214379
M596.0627T873.35	11.3782343537008	12.2311694339442	11.5028993874178	11.3046798706205	11.069222817616	12.4964626354089	11.2692694864824	12.3124690373663	12.8758258795371	12.1592699321384	12.2953109962356	13.3492555564983	12.1321849291252	11.7436244132062	11.6373680985152	11.9823131100412	10.5691999311301	10.6657274133109	11.9002270672701	10.7429259868722	12.2597062576561	11.6735928032085	11.7641219954115	9.44258831386189	11.9615435952152	13.7991925812996	11.3649585772531	11.9398451080373	10.1593892134228	11.8984351817749	12.3150726533721	12.6726461081706	6.87646742759606	11.661309481573	12.6525996988405	13.9989333448785	9.23352207327666	13.0200788764735	12.3280824071212	8.47225833542524	12.2972131977744	11.6843975476764
M597.2534T567.77	0	0	0	0	8.16985043298551	8.43879757860164	0	0	0	0	13.7081665965539	12.9460133964535	0	0	0	12.7503744359093	9.71182264380598	14.5626720119406	0	0	0	0	0	8.39360422785718	0	0	0	8.3287071949289	0	0	0	0	8.9042596990108	9.74288030415064	0	16.7169906794947	0	0	16.3772262782253	11.6433790266609	15.6963012989949	14.6561551058974
M598.0752T842.41_1	12.2242972239625	12.4599090224479	13.5691693123952	12.4323383175054	11.3370463045416	11.3798031679702	11.6889235112315	12.4456857142659	12.409418160845	12.766654581459	9.00521656993705	10.1054249351244	12.8871707946279	11.6536332241637	11.9793158973163	11.7212880404245	12.911745255927	8.80675582342659	13.0995964186796	13.3955768097547	12.6671168059089	13.207040159392	12.4164719899687	10.839050904081	12.7332103401582	12.1598208709319	13.1884225892919	12.3152020909833	12.7395878512029	12.664666036695	12.3861090153472	13.0634726677421	12.8425474490584	12.1097461446476	12.4886133079342	9.15009193685313	12.0656134089274	12.7691101024868	8.44329754128334	11.19525059779	8.44881282856814	11.1678131905695
M598.3011T653.57_2	14.527522554128	14.0691068410044	13.3801191812709	14.2313675078356	14.3563911045921	15.3160475484786	14.2164369884688	15.3040365346124	14.352952097577	14.999011441397	14.3072691820717	14.7672090696248	15.1464960253513	14.7756697671717	13.4489806590694	14.0045489237816	13.6341749644962	14.4392707373198	14.5634315370264	15.2767314252907	14.7502732154281	13.3432915398988	14.0945204082857	13.8931977855164	14.4173748261707	15.1771052919752	14.4086460416084	15.1319320875448	15.2153758320038	12.4500608198967	13.8614550736796	14.35011426202	14.5580095032573	14.0294869849175	13.5971175171329	14.0659568743606	13.045790609986	15.0443825566349	14.5374361503637	14.8017486352512	14.4459390721695	15.1062413888855
M598.3889T738.32	14.4229289939051	13.8753000290002	13.1776185446132	13.7202111702247	14.0804091554964	13.8745714086074	14.173851620951	14.1985513554614	14.3627280283792	14.1558381650274	14.8404300839148	15.6051915847231	14.3227176063858	14.2210039365677	12.2358708598733	13.0546968844225	13.1673362606583	12.2416093038872	15.1976959702745	14.5018196380008	14.1200091650589	13.7495657265692	14.1910722601124	13.4651753734866	13.0565500193075	15.6158174029221	13.1554637278191	14.9695609309487	14.0841094267347	10.9881568457577	13.082198874977	13.3604104346289	14.1991765531597	13.6020505750581	12.9085415889698	15.114555503536	12.8917788593137	14.7988812460026	14.7003847676186	15.0047397610348	14.4750502342255	14.7436855778845
M598.4099T842.1_2	12.0156433760177	12.3387872000873	13.1485218856705	12.1680413071396	11.413994712497	10.8005696706427	11.6859557242008	11.5816672566032	12.2437609808049	12.7430970844412	9.65472303373219	9.80692406957307	12.8840068043218	12.1761218372162	11.9971927122995	12.1798411798923	12.4512521364865	0	12.1532638512402	13.2009971194866	12.6098796162546	12.6366088549459	12.5658481366104	11.0063552090084	12.7598478724075	12.5928983059609	12.9977995901682	12.3135600387551	12.8480325447375	12.4867732292464	12.7228804259137	13.1980381778225	12.4585898974545	11.6274442465983	12.7799726173435	9.83646929341732	12.2416847720225	13.2031320940504	7.24782862431513	12.1464310986583	9.72197929598379	10.0148026616883
M598.6431T910.23	12.1524596885907	10.7436032680288	12.6682989584019	12.5717015066876	11.5065748995195	8.29104712944891	11.6201763714805	11.9552650368566	11.9001162253844	11.7759914531626	8.04923396212535	9.33755527612981	12.1605060592202	11.2428189880544	11.925302571394	11.2989468126656	12.4810115698143	9.21105063859624	12.3797382235136	12.862945549801	11.6203304503999	12.2727863230314	12.4721868335122	11.5073362377221	12.7336169497322	12.4433559000731	12.4480562427582	12.2053314711439	11.5584211933931	12.2113747587121	12.4031057778775	12.3474578534521	12.1180526207191	11.9211525816706	12.3194774784349	7.98931213664233	11.79182937281	13.0804281816261	7.47655675717756	11.7189463304461	8.67900747115985	8.88066088026311
M600.0071T43.35	13.4856822725282	13.5156979156003	12.4654015367667	13.5149022501955	14.3703304340707	14.3319899621637	13.0879689208418	14.1493788411131	13.7849235564016	14.2436720209881	11.5999617412422	12.5842487711937	13.7198938264064	14.2983347080726	14.1135602065787	14.4138660943314	14.2717034538115	0	14.2929895915847	13.7543913326919	12.6734800535755	13.9945261087156	11.7816253562377	13.7320490715344	13.2851688617151	12.6296433905147	13.9220967925889	14.4018633630945	13.2087309691794	13.7585986664679	14.1177670426469	13.4506992140944	13.4509624683782	13.6298525856307	13.5443460239538	13.2292440393356	13.4518215959719	13.0487007689905	13.171664634141	14.2303311077854	12.7942029696457	13.1176525469685
M600.4711T728.2	13.7675269674271	14.5180234852716	13.6389287908743	13.9115886309707	13.74216101933	14.7277428918125	14.3446219946644	14.3112815517258	15.2137166760519	13.8133205256252	13.9484883019674	15.4961848291711	13.8279845853875	12.9180777531081	13.3353651616887	14.7350802568693	14.0059423730927	13.7087520926319	13.6921666244859	13.7854310965765	14.3756625470311	14.6891213661549	14.3326183026087	13.7643289419495	14.0233148443023	16.2463607187874	14.0673819898886	14.1317951921907	13.8671235420973	13.6560400766582	13.0413658147783	13.3374479441932	13.4012972434248	14.5716814793125	13.5708617877143	15.3981406511974	13.4508786717966	14.8600802509901	14.2752332534881	13.8583391770694	14.2224220405219	13.5139041254804
M601.611T404.21_1	12.1236182761913	13.7760279281991	13.5177995122839	13.8504294499629	14.1882930491449	13.9986860621328	13.7728401762781	13.0399281753637	12.071910771459	12.7834007982483	13.8981473324895	14.0690745303811	12.672601471037	12.9967534948997	13.6420884683295	12.1527828410721	11.8863427105187	13.2046861366953	13.0395067181367	12.4003400225822	13.5697876988596	13.6108811184808	14.0466086284128	14.0238950530771	14.1173132848372	13.7104339240123	12.621423729288	12.0652767463034	13.5609857733614	12.9266387858184	12.5884234603014	13.2227790813855	13.5212717543869	14.7467517870003	14.9834634591556	15.0166366486794	11.9166663365597	13.7868829157623	14.4085643458168	12.2762931743874	14.2562573658087	13.7585025344811
M601.7541T404.33_2	13.6945018786676	14.6371678233367	14.3595509726776	14.6648081472791	15.1185513708236	15.2384700665147	14.8247980537808	14.1353235774802	13.5865343348482	14.0014935453755	14.6163413395726	14.9558384969065	13.8267271835781	14.2453626284277	14.4391423612712	13.6740184425365	13.5185628776661	14.2135432888445	14.1017204890983	13.7307714644901	14.3118191831439	14.5419994874231	14.8044569823046	14.7468834365244	15.2612554732561	14.941569188565	13.7332003560465	13.5090394163075	14.7898734156424	13.7582812801144	13.6831043619941	14.4119258566406	14.4447151818484	15.9765400786507	16.236363185706	15.9297500643571	12.8919331176886	14.8943215979684	15.3825440845951	13.8251514690302	15.220592187642	14.8228089228904
M601.8063T395.84_1	11.3497823338993	11.2828403705336	12.1617092008394	12.2955178337364	12.091470985367	12.2759359668068	12.1596212355698	12.0073470485982	12.0615469598935	12.6780299749248	12.3745673565031	12.3406689815554	12.198161718771	12.0568499620983	11.4926196596533	12.2386796178387	12.3122984981465	12.7471985565765	12.0016222576339	12.3108685917622	11.535236496081	11.532417218614	12.493647548241	12.5962868090628	12.4194718070771	12.1392043230764	12.3545559001919	10.9928940608186	11.9330176647857	11.3510411555483	11.8273547170753	11.8999757045142	12.1918867140237	12.5830457409323	12.3976405120232	11.0161373620564	12.2566579630247	12.4415438839373	12.6775588894398	12.3012530183909	12.9316408078375	13.0170627289595
M601.8971T404.38_3	14.1874751586185	14.97760876442	15.0070729484014	15.1085749563502	15.5648796910786	15.5029994068389	14.8264277672302	14.7427711675141	13.9669167753174	14.0922002274765	15.1037187826361	15.4484352793273	14.2913661302189	14.471574084745	14.9111496507477	13.5232339571067	13.6994655513193	14.5865987752359	14.0647567442101	14.0495703636877	14.5524520567918	14.499248359991	15.0113186076289	15.0263647777861	15.396206946978	15.1076825915131	14.024810109739	13.7729525458602	14.91639301977	14.2082902633847	14.0369386107109	14.7315571921782	14.9875579560533	16.1404106231691	16.4673421117936	16.3713563607377	13.0508175159749	15.1449910783255	15.5613100519549	14.2455166087059	15.4261508578852	15.2425139297378
M602.0403T404.5_1	14.2108033512904	14.6270121145502	14.7855786904169	14.6556256282066	15.3802081006803	15.1636592531477	14.7370012324923	14.4274048504486	13.6519417978881	13.9115974039057	14.3713370014539	15.0589226286623	14.0184087774896	14.1915710301429	14.3433250050894	13.3090135721047	13.6127922850696	14.1624127856061	14.1139612869529	13.6794781707208	14.3269962452287	14.232727204261	14.5869898970167	14.7392418140249	15.2022520718617	14.7098464796671	13.8529443924627	13.2446614708604	14.6762979662441	14.0390480180422	14.0676905351149	14.5051412465033	14.7986725053284	16.0812458561735	16.1903945661386	15.9876862660183	13.1994917763754	14.9232450941935	15.2777447309585	13.9288380756932	15.0451263451884	14.8870697352596
M602.0569T395.84_2	12.5913486808582	12.1912286909314	12.895154031495	12.6742115757304	12.540740496076	12.3207349102439	12.6398189652028	12.4766946632875	12.7568871545005	12.5143330953162	13.1523226723881	12.5902540054081	12.808274284007	12.6605391972913	12.5450506103913	12.3788683804577	12.5487068410978	13.2312783334201	12.3466207689235	12.652659589981	12.1078024163397	11.1883441921553	12.6199726187594	12.7977023675997	12.9672749302294	12.9725913111251	13.3113882836551	12.3893573888225	12.2246450576299	11.8916481854676	12.9785346195211	13.1080079349059	12.9247861651335	12.5486330649581	12.6829674034688	12.7815563170208	12.5220838971563	12.997482638048	13.2627695046694	12.7798242378506	13.0548611969111	13.0669922178568
M602.1835T404.59_2	13.4971496607963	13.7066106734896	13.7915124078823	13.971119157625	14.75559855078	14.6109419754809	14.0972944312766	13.6603325494476	13.228351315925	13.4705212203287	14.0002034712176	14.1660363828195	13.5048884083442	13.7322187754072	14.2571189048484	12.86149432245	13.2798242919826	13.5991788940091	13.3670155628792	12.6560174997574	13.634824578654	13.6208844435442	14.1530184850669	14.1467289769674	14.4713621289578	14.1406811500396	13.3359051788729	12.7645470265373	13.9887854697328	13.4464957065227	13.5025975410429	13.8058202497202	14.1764670177473	15.3553999948842	15.7361490846063	15.3953543315649	12.420135261761	14.3628721228239	14.6129591152196	13.526115923574	14.4318125483907	14.244550167754
M602.3268T404.46_4	12.4622314109336	13.1634615198569	13.155646233264	13.3036394235578	14.0905398955906	13.6996589712816	13.0997348347186	12.9510372427385	12.1439312182426	12.6484289551893	13.0216289173404	13.7254988514266	12.4849713552366	13.0254031427475	12.5370177890599	12.3616535316415	11.8654737992571	12.7693865768823	12.7311784134063	12.1240038728838	12.6671109015581	12.6941542414206	13.2296685940057	13.0229590716311	13.6711946866322	13.2913418180213	12.2826701294391	11.8868330243995	13.1185213953607	12.4336789094509	11.9661596425155	12.7874716420671	13.1147296745985	14.6870659442171	14.6583755223422	14.2022904259605	12.1974949244859	13.3361996603755	13.8743062883907	12.6464663355734	13.5643566217132	13.2736870618501
M602.6414T864.15	12.6265306631097	12.1560231583367	12.7356751093628	13.3352519169354	12.1323499291994	10.8377055793067	11.6599666605255	11.8902574572482	12.2743142153894	12.1965114464367	9.05880167597362	9.3524187720094	12.2513921050913	12.3668814280848	12.1820830744259	12.0659463258845	12.8967002355873	9.51210614574599	12.2989426064683	12.7782286170407	12.3352394400317	12.9217185585056	11.9074538489486	12.1991577509757	13.0816434383422	12.4630808532783	12.4151043727654	12.1805471743427	12.6231374931566	12.7195540868736	12.4248006082522	13.4315368832494	11.9132231104398	12.3230445782242	12.992382196913	8.06879766747514	12.984344375362	12.6958318216984	8.76773580574496	11.2648080442756	7.75324696570852	9.95616401458379
M602.8261T357.98	11.7806198118199	12.4194436690056	12.0065218941547	12.3579400808713	12.1595150864458	11.8377526754335	12.3739823633976	12.6617403696293	12.7021917240644	12.157881518789	12.5092031113499	10.9956971230339	11.8414148529083	12.7508500533401	12.3286928433973	12.332178005212	12.7490313533427	12.0145605757615	9.36882170099018	12.1962372104477	12.8348306203041	12.1489885014099	12.7009386768709	11.3607282472778	11.8755611385706	12.4243725673525	12.3494177345808	12.2151707887387	12.1554635926667	11.3956312127214	11.3400840026384	12.8743113148572	12.3483932130908	11.8151620556952	11.978364903241	13.4753130711743	12.7080986376507	11.1136831111603	12.1363537525544	12.2652505941456	12.1120244323807	13.0377616416093
M602.9407T48.79	13.9397884949013	13.3631549752054	12.9592888751853	12.571936687608	14.3083923019676	14.0846496941925	11.8222453260898	13.6126093781372	13.7518614852743	14.1135934434847	14.136957843332	13.9147350878841	12.8056985724059	13.7695010725904	14.0449201302045	13.821481550852	14.2519056900464	14.2475415180951	14.3349523419388	13.8498076884072	13.883356720402	13.9023973165143	13.1471180663152	13.4371210575812	12.7347319313441	13.5608289573581	14.1264412684593	13.6367616627888	13.7615616715252	13.4903187883768	13.517971516924	13.7052047594279	14.0367319737455	13.7591006907827	13.3497660801959	14.0179005311072	13.8122385459925	11.8915132419252	13.5251266810099	13.6190716113895	14.4354018648068	13.9588039821877
M603.4472T823.48	11.4074817810217	14.6131301662723	10.3892863886925	12.3660295573513	11.2420692618446	14.8749601971572	11.6623419184595	11.0475090748392	13.8525843846281	13.1376838179057	12.8852145107793	13.9560301445996	9.63889449062203	10.5302722062258	10.7679350940586	12.8238885791108	10.9756577192749	0	9.6505568411009	0	14.4759136812619	13.8316314156599	13.7109885081323	14.2095493772032	12.1305595747707	16.1362583136685	14.006480926497	12.8324802884305	13.3833198238416	11.9203961822403	11.6005319732125	11.5236723025003	15.0894589861378	13.9873713250844	13.9244475126428	13.9577690644732	9.17473821898341	12.7158358059415	11.2357115021022	12.2414763140726	10.1079248016372	0
M603.6125T410.63_1	12.2014138897386	13.0618379203681	12.526040890117	12.8062003432564	13.8251750389674	13.6032667906509	13.2166495470642	12.698849611986	12.2885820533204	12.5934887197458	12.3270611584382	12.5450971427889	12.2772121724948	13.05232119921	12.8209703421298	12.6484029779481	11.9786414287552	10.3099534793335	12.7511415338984	12.6093884069233	12.5701506409835	12.5288134051462	13.3480229123637	12.9777786921909	13.2254150754603	13.3059278892763	12.2076086130011	12.4949900580806	12.8807292085698	11.4516367652189	12.2229771701494	12.5852591271462	12.9552351841786	13.868628642819	14.1273407525161	13.3612531572638	11.4453272159153	13.6378630865686	13.146513944126	13.1072706049336	12.7732337464858	12.8695326395223
M604.1853T410.43_1	13.7612625520671	13.884061353354	14.0167500195356	13.8716097795621	14.596892445579	14.3852833022036	14.1204302950272	13.7093341223046	13.2380961437208	13.6597834311826	13.2123251212959	13.563904936136	13.741898623163	13.8477270830266	13.9024012353452	13.3860164808823	12.8549232340712	12.8205389441555	13.7812929011439	13.4099247421707	12.975229564988	13.4595810938498	13.8830263119096	13.9875549256785	14.2939595088128	14.2077242275754	13.3701439994099	13.2911027425026	13.7058644179138	13.016716454434	13.5765997611922	13.5906801829957	14.0528664095496	14.9782713302038	14.7978967272216	14.3290164604008	12.5731372621159	14.2378698642295	13.7063595572113	13.6150627641435	13.6284038289492	13.7644954623118
M604.3286T410.5_5	12.7702475273779	13.1725255936795	12.8966378211036	13.2808237667615	13.7574928854728	13.7313503676983	13.0644486771512	12.5612190690029	12.7438317955566	12.3085752216502	12.3835065047731	12.5887801009313	13.0516854392334	12.968495195816	13.106590915593	11.9538850300968	12.1320699863021	11.692130957294	12.8706925872341	12.9672534950912	12.8164625806642	12.7678534163008	13.053101035359	13.2257503815695	13.6724663601535	13.2811846976141	12.5706449603795	12.2774544328713	12.9088366400479	12.4332503238035	12.6035128522843	13.0220082079576	13.2408379237874	14.0776626777939	14.2846230529807	13.8569327427349	10.4304292113798	13.6732052278107	13.077022807803	12.515676057659	13.0416607787158	12.4213438805558
M604.4716T410.43_2	10.2267417580819	11.5082874740586	11.6564928948817	11.4171218641263	12.0771016465271	12.5332120659835	12.2091485371501	11.5507397561605	11.4086287039451	11.351698196254	11.2720007639628	11.5567645582904	11.4832750186456	12.2204854771193	11.6781109605198	11.6007288112862	11.4709364438346	10.3819815281187	11.6912456997721	11.2987090301247	12.3929909045594	10.328712731094	11.8830454893365	11.3205184524168	12.2846012162916	12.2300190708505	11.4441498735875	11.3822906431589	10.8156580870036	11.4231676958133	11.8178852543902	12.4505915318007	12.2805723644686	13.0018093446307	13.1502339237534	12.9345786008113	9.58162337840792	12.2993298415533	11.7776967921445	12.194270166946	12.0284648707587	12.1073918666774
M604.9377T48.64	14.4521190581738	13.827567533064	13.6302811322116	13.200537077182	14.4011776614559	13.9657331037776	14.0395463683141	14.3658975754083	14.317288031544	14.5725510937572	14.1144681770735	14.1857728774223	14.260610167396	14.6023325325598	14.5593718251197	14.4076612181248	14.5021023640556	14.7623967271414	14.2707723534238	14.5596749878881	14.433835792651	14.2432661453999	14.1480104148187	14.2975586593099	14.3064696803905	14.185601922396	14.4631424369763	14.1256558271651	13.5204599805073	14.0184414308238	14.2344543825507	13.8148774495903	13.8915698895596	13.9977824778042	14.164292226737	14.7595279693382	14.2369389720471	12.7742441146362	14.1408001428231	14.1457021702149	14.3666927247569	13.7474963664448
M605.4587T677.49	16.6908985503582	14.2744263775409	15.6445988306053	15.1747177511356	14.8255799190912	16.7437269814004	15.277422388792	16.9531302365003	16.6408365081521	15.72062705299	14.0748723403241	15.1106495229232	15.2612122302089	13.3046732694171	11.8076853239125	12.9229104070967	12.5296276670564	0	0	14.8180734901398	14.7038223364977	9.92084281171207	15.6911537893788	10.9478786043764	14.9629791878567	14.3101589038391	16.259450733822	18.1494695544225	16.1242599061412	14.7805934936863	16.8867393177701	15.2430493790378	15.3971237509367	15.1641272226839	14.6462581612505	9.62677720655014	16.0559473929563	16.7526677169189	13.1711795048452	15.6427328101653	10.9533791345361	15.182840057861
M605.5151T1171.56	11.6782812099342	12.7134228248011	12.3230813184505	13.2689994492715	10.5537535726258	12.1785381045871	12.3632794723406	14.0138352579966	13.7452580525719	12.9488531385342	11.4248537320405	11.7561082605905	12.2633661529274	10.8897633950986	8.09151728781254	11.1488440441853	12.1011002585879	11.9158854835118	12.369914261713	13.0146028694301	12.8992414707629	13.2556347911201	12.8936526120713	10.787334148241	10.394045690961	13.1012846246102	13.5233528135283	13.2364733977614	13.5884263838982	10.2439682058616	12.1660198562542	12.3185861890747	12.1426100140234	12.824592136505	11.9639867846064	12.9537453783866	10.95100921084	13.2222309223651	11.6776229242967	12.8970659011387	11.8177237716486	12.6699269699105
M605.6147T414.06_1	12.0313760146044	12.5543217126896	12.7700003398315	12.1170724990716	13.1624541032783	12.835024990612	12.3449499185188	12.1225755383218	11.7597413349581	10.537459919854	12.2022325695922	12.4820232614753	12.4010965238598	11.9903932901675	12.8316887724268	11.3652529021979	11.1716694896171	11.9828899001037	12.0185263480158	11.4252008008702	12.2690033382403	12.1661289775418	12.687410278099	12.2748679365284	12.8768604870317	12.6405714230562	11.7614243979372	11.3830695530103	12.4633038201536	10.9118761690745	12.1451142643884	11.8085387994196	10.9802504515081	13.8888902890904	13.6993532768065	13.4595744715044	9.03566862928947	13.1358677803744	13.0073437481109	11.1271055148636	12.1549817871968	12.1499029355946
M605.7372T842.2	13.4752977727746	13.4320804151441	13.8823802235872	14.3818668848967	13.4205214005799	12.252185045693	13.1136387830746	13.2716007937321	13.795068311312	13.8019081771942	8.60175229111134	10.8252055653382	13.3286973502206	13.1710746166862	13.4842113952116	13.3729404301612	14.0329718348046	11.7973748969164	13.9155656754268	14.0997503892839	13.2477957825277	14.4911475806335	13.8270655351749	13.0492058873598	13.9195876297287	13.7327405249477	13.5608711101275	13.7066918416403	14.0039344538191	13.3845671181213	14.0808266723516	14.4355103131435	12.8631688679406	13.2871434193526	13.9092246948474	11.4598191337154	13.187082596657	14.2557933555899	11.0248516918483	13.0857254878559	10.7705933296986	11.5919289254499
M605.836T395.94_1	13.2513287222703	12.8099880707376	12.7845056977509	13.1216183476294	13.3038546181935	13.0572451062655	13.1021970591946	13.2392651046012	12.9057389536104	13.918893353717	13.3663594477177	12.9918940896249	14.12773524304	13.8559764909105	13.5708852966288	13.8464454024764	12.3654363484916	13.5170558205615	13.4779905791992	13.6468695953065	13.5703621025898	12.8653495677413	12.4960562296962	12.9015238332764	13.6903699505281	13.8570382405578	12.7409455880896	13.3980402260895	13.3743424798368	12.4464301818796	12.0219803195225	14.0478607418756	13.1445435307412	12.9055028206367	12.8713325945255	13.9338298449008	12.7157646119785	13.1272591219082	13.3244009301795	12.896494218517	13.224333374573	13.1161694147469
M606.1459T885.28	13.0076678201405	12.4623393305886	13.6303910643621	13.2640661887672	12.5235696769662	11.5346980288754	12.3375669145751	13.3932653791839	12.8283708509275	12.6253484497041	8.67148160643487	7.33878763198714	13.2898507514997	12.5669877784143	12.536954267887	12.1057423892405	13.018691506979	9.24773810169516	12.9697883648856	13.3462747208232	12.8144900058252	12.8537855442502	12.6181916667087	12.1346827823108	13.5171345685727	13.0198139731512	12.9416993160135	13.0469157316317	12.8933782262627	13.0380581581102	12.9920068368448	13.7551918890232	12.6388876116559	11.8202969345025	13.3381572179616	9.96724748720292	12.505096231314	13.5483550122458	6.92315475549725	12.1284406922762	9.49409590238044	11.266183057839
M606.1877T414.11_5	12.5444658265689	13.5391921099122	13.0577216434914	13.5678992713458	14.2632177139801	14.3832357164346	13.0449018000194	12.9354946986404	11.9121596473333	12.6620342622004	13.1626932768067	13.0850839793446	12.8347926609102	12.9357380588957	13.2838829950511	12.2742918483322	12.2051478185334	12.6117659718959	12.4692445702691	12.85903317371	12.9091904934213	13.1434683517431	13.6399236150168	13.2441383713155	13.8349522466005	13.2326266558176	11.8765606820155	12.4341307858165	13.3842271850246	12.8399765888305	12.1395912397465	12.9420312983342	13.5171549077783	14.6144365404058	14.6201868351202	14.3791887430416	12.044744107019	13.7500750129454	13.7573322962452	12.4496888638197	13.7306773513275	13.5709211025169
M606.3306T413.85_6	11.7619792796325	12.2314742269881	12.0272893091824	12.6423740693172	13.3924106536618	12.5832179358949	11.7438701207257	12.0650158932655	11.5283097978263	11.2635123784947	11.9305965332162	12.6482001619285	10.9253724631111	12.2911425061016	11.937334254261	11.9497214816557	10.6733873340063	11.5889880966646	12.6822365133207	11.1459799095509	12.370906410054	12.5391443764244	12.7311110938236	12.1217813233923	12.9367039994332	12.1925582503154	11.3879018167663	11.2001818477896	12.2056544291065	11.2860351776862	11.4913312692968	12.0291976047154	12.5352117202526	14.1706026349643	13.8461731195885	13.59863625842	10.6616286116566	12.827342205908	12.3746273599353	12.1790686591377	12.4039829853203	12.4614873094392
M606.3377T395.84_2	12.4296859585322	12.0644920275326	12.3309872886347	12.4934952262097	12.8468232791238	12.3807259058004	12.5440608953815	12.5799040027294	12.3888115400463	13.5222246571139	12.6026020592073	12.5738734087328	13.3726393213823	13.4549185525585	12.8928630996482	13.5507857619284	11.9109777005372	12.8407960485763	12.9623262272202	12.8960044674191	12.6193317202479	12.3680786141824	12.1463669874182	12.207939360709	13.1060049965642	13.2710252313195	12.2636412426423	12.8445056979892	12.5725428549343	11.7472885127069	11.6371696541301	12.9609926047046	12.4378077897858	12.5394592504334	12.2474643981049	13.0027238424959	12.3067913927816	12.5676572854871	12.6795034054561	12.6198451198192	12.257356053418	12.5084638445144
M606.3422T516.81	12.6524131693916	12.6410692633767	12.343787676862	12.4793492208101	11.6501908704845	11.8213118695918	13.2272830239092	13.6272131553693	12.5825804219209	13.0488495885354	13.5376120204097	13.2524544609892	12.5869746951697	12.4016547205805	10.2959927585176	11.5668323281403	11.7667973051193	8.97247677093039	12.1100922718001	12.96629518184	13.1752367482903	13.5177236177342	14.8813055983207	12.4748795019198	13.5268987545019	15.2720282432049	12.5848111201559	13.038101698476	13.1411589641599	8.59604988974314	11.359891759394	12.8488302006146	12.5518076576326	12.4367144104302	13.2611029873727	13.0925804287274	12.4486036555304	13.7673485396993	13.3613061993865	13.5155936658668	13.1149713729909	13.1928520235936
M608.3256T409.99_2	15.5221204247633	15.2087271602835	14.709088004	15.1677907656241	15.5875817865524	15.4370651467738	14.7051265782746	15.5448099054392	15.5458354865942	15.7926330429935	15.5488855807788	16.115102640541	15.989933348083	15.9799822906094	15.4621094099973	15.7141262059722	15.2869196916666	15.6340569792662	16.1374730755318	15.9605862531101	14.8610990288229	14.0416963239534	14.6391454691742	15.7857000914194	14.9569136624317	16.2864755614567	15.3196898536209	15.7457499040678	14.534641158339	14.6968183791345	14.6455339898403	14.7426036000261	14.8362709090729	15.2340038938807	15.2440013770339	15.7875077916004	15.3162943109885	14.7178064227737	15.9330109239317	15.713145752942	15.6551604798458	15.8775578122506
M608.5052T1059	12.7653492726924	11.1825673060346	8.06844149226141	10.5470862076461	11.3208389196531	11.8267028514515	10.7005645589865	11.7722609189471	11.0657905051799	11.9868259164632	10.8780183475689	11.5584892832762	11.4808048405438	11.0507382547839	10.6544343819049	11.2682031731412	10.1194128930343	10.4073036228921	11.1551092737313	12.152856317643	11.8645065754333	7.84004526407324	12.127177090378	10.6069794048814	10.7923213933684	12.0007323644914	11.9423223860612	12.7683994325656	10.9315685837	7.80804027825011	10.7999666953235	11.1794781131648	11.2643472441037	10.9769279677189	10.3738523268919	10.8947589640586	11.1934431951588	11.7605132465957	9.01702653568751	11.4162891238697	10.5391155218708	12.0902827270771
M608.6598T409.88_1	14.4783654675458	14.0531893673187	13.7261181844275	14.1325715916308	14.6764194156096	14.5521273961147	13.8314447625004	14.5490594565685	14.7034330406107	14.8490732150101	14.6196724748414	15.1215017175728	15.1564906210909	14.9715121686153	14.2288045258564	14.6104012540018	14.374075837522	14.7229927028537	15.034040996939	14.9932591088166	13.8173793353729	13.0519336045631	13.292686603006	14.8992037292012	13.8329466441956	15.2564576639964	14.2588573246514	14.7456310757338	13.802389013569	13.5111703863047	13.6395040430199	13.6957900469036	13.9210973572011	14.3301678091151	14.2160684487588	14.9687609454753	14.3697673462339	13.7069128451837	14.9044711133471	14.6294918032419	14.7292228842985	14.8730506048065
M608.7651T48.69	14.0418894059158	13.853689639669	13.6968056401704	13.7469387464467	14.3400230027513	14.0070140507783	12.5176474906834	14.1252864397236	14.2644961171451	12.7161266386376	14.0957242006327	14.8698614498453	14.3609437795432	14.2755133340536	14.0654413506668	14.499570762631	14.2184039527693	14.2362193764177	14.3255539508222	13.9804537180336	14.328059208981	14.5776946309646	14.4612364815712	14.0685967652101	14.0624166295002	14.4086647884803	13.8584200045587	14.344071309224	13.8569669566231	13.5151340299039	14.2332528685853	13.9820214943312	13.8502850391674	14.1776355016916	14.05494059449	14.6240154687809	14.3668375340717	14.3082561494908	14.2042408717548	14.422802290233	14.1367576172744	14.3888162815185
M609.3296T1012.17	11.8475210302791	11.797981028723	9.86657861213898	11.9111698747387	10.9895563130907	11.6879281786777	11.3512984930709	8.73662196396087	12.9930835698327	11.1404855762805	10.8423439217574	10.621496078244	11.416726252959	12.0426925852085	11.5286143542704	10.5308341587263	11.865912383407	11.2875084320728	11.3928830497605	11.4020854941682	11.403514426462	12.5290613862372	12.1369031893321	12.2130248069113	11.7201171128232	12.2637499038835	10.8334405162056	11.3245002395955	12.8271394108397	11.1718227606832	11.2121493722569	11.7851590026051	11.0478326093829	10.8273871771684	10.6673186722647	11.7280297895814	12.1154973469302	12.0132703551871	11.8609422019978	11.4106403150318	11.5099566533898	12.4818146600944
M609.4274T981.39	12.1085770499752	11.7347977005695	10.8226203363515	11.0317256153111	11.1473574458475	11.8860059303547	11.1116610265636	12.0396802977181	12.1287587798769	11.8574672055631	11.9133124934703	11.9204940642318	11.672085266826	11.3036735289826	10.8593355952992	11.0467185399869	11.4268425171075	11.5981348930829	11.8798029226923	12.6108033517888	12.2378791437861	12.2747685581244	12.5437036205116	11.1911104091844	11.3819563083821	12.2998952531433	12.3370029155496	12.581956333894	12.2073802472901	10.9996958137209	11.4022625836177	12.0688685445532	11.6691455276156	11.7339295673883	10.9767922088906	11.9931314185149	11.9256773380605	12.3137230017521	11.8567438247432	12.1432671118878	12.1077850040814	12.3233625388037
M610.0746T861.66_1	12.5353266948439	12.9182529259836	13.3243789301302	13.5815124927055	13.0049538552383	12.3488871139968	12.4155389728532	12.0526898262647	13.0471120185455	13.291516223144	10.8592929005018	11.1747022848476	13.1179336796302	12.7222611272402	12.7419581566322	12.7945565029693	13.4958107697219	10.7882356101561	13.067363496574	13.9784193966078	12.0964332374601	13.4774635536594	13.031782691748	12.7882697384144	13.1477858458522	12.9530671890986	13.7058941610608	13.0456925366303	13.2724799302268	13.0507097721958	13.2853891246162	13.6722171937096	12.7518254147744	12.6818705896696	13.5197480755387	11.4286728841608	12.9847374998985	13.6401616578418	9.57230702957273	12.3859361442004	9.52892465991163	10.9553899253235
M610.382T889.51	11.8200804411416	10.7345669855641	9.64559548591621	10.3340394363522	10.7571880075715	10.6720492778365	10.5391043568514	11.2795844633177	12.6344889979331	11.9186872759478	11.3073171093939	13.0177914432028	11.2689115878021	9.39817807820674	10.4951008572938	8.49696546680616	11.149833280533	9.55894912046714	11.1522775925206	10.9522409880631	10.4934661028811	11.5218784623234	11.6284308133866	7.82363689865721	12.1933513999734	13.6482768606817	10.136589143242	10.8221825204141	10.5814291924053	8.65517187460441	9.88591829097136	11.0762269729764	10.1656685280075	10.87032133742	10.4706724837274	12.5581277832899	7.27764610834782	11.8424079063589	11.8682814309962	11.3645021720721	11.5242871154959	10.3037410683571
M610.4091T861.76_2	12.8226643320955	12.9196711017469	13.4571616025679	13.4908065985257	12.9275831375211	12.0361975820473	12.5193920090346	12.4920222447598	13.2630278045418	13.6190378133543	10.5008539528739	10.6323814466236	13.1202230888704	12.7483438673985	13.0290733136441	12.99622758663	13.5150823546975	11.0829997750097	12.9617633125662	13.6341354283635	12.4564824558388	13.6127611935704	12.6479429346121	12.5481678911139	13.1786636028664	13.1359884246518	13.336480045893	13.2733586330076	13.191304913972	13.5376969058568	13.3520247296216	13.7395329920684	12.3914075898529	12.5450541429996	13.4396673146368	9.41450665895123	12.9522927609754	13.7547312645502	9.04079236426857	12.4128741987175	9.6564413687402	12.2023702605741
M610.7623T48.68	15.6986746699793	15.1806854782217	15.3349775718623	15.0853831371529	15.5260099801756	15.3316440641549	15.7435310204127	15.5836521709399	15.8423029454993	15.4818752282911	15.6572742091238	15.8355078456438	15.5718983508442	15.6817170539209	15.5865844361671	15.6863532264928	15.6771095948348	15.7242504770808	15.7243955634097	15.8497190628146	15.7339525482541	15.5766014104286	15.7653714712065	15.5212175152991	15.6357343256237	15.9765324656684	15.4818407997066	15.7847941697231	15.2120944137586	15.0354398603282	15.6123751521386	15.454181905746	15.5979741886557	15.3393374003611	15.4779950157427	15.8497129880145	15.3825654296793	15.7012798026109	15.5610322589785	15.9186985890269	15.65890776675	15.6414561327906
M610.9239T357.56	12.2335811286372	12.7721059302533	13.9373602662669	14.3800920163924	11.4434919500905	11.9247512304711	14.0594694047444	12.8520072901754	12.83501409131	12.7463076818567	13.4259361248827	12.877439348386	11.9597355194103	12.9079297433103	12.287188964443	12.8886119450157	11.7348164511965	11.9402808425399	12.531460006003	12.2107292035442	11.2397060299862	12.4619272863523	11.8373109641254	12.5552020460084	13.784517302014	13.3193091072119	13.1745005069496	13.2559110539902	13.3361414640339	12.329473493726	14.0047059447555	13.4848846131615	14.1044831604527	13.0857445226837	13.664600323528	12.0134207940113	12.5631088838307	14.4013291489214	14.389271458431	12.6145623046485	12.7907833082989	12.9303363523803
M611.2529T578.55	14.1019789028295	12.6727376293174	12.2404654641533	12.2342824701171	11.9015260197347	12.9070011006233	12.9662524679302	14.633152790913	12.5425446310765	14.2337501065137	12.8801936722669	14.224110734522	12.6946300735506	11.6392045486639	0	12.5094717631571	10.8780104651562	10.0106570294924	13.4194144266793	14.177816843047	12.3290185033582	14.5475981200878	14.6007651772506	11.4286447127485	13.0612402614262	14.6872717447312	14.2266153830224	14.7869002346348	13.8610740387886	10.364256526433	12.8363097622973	13.1196765379298	13.2949913334748	12.9889107061998	12.8163917257277	12.2935962356708	12.5251592811841	14.4238147019816	12.8015723156915	13.1365532934978	12.594155727799	13.2547783892036
M612.7504T839.16_1	12.449866361895	13.1806011880989	13.6509927736229	13.2200311791387	12.2069143197893	11.3726944914447	11.9787358142875	12.650606187286	12.8935642172084	13.0685302591244	7.45845591013425	9.30796023676304	13.2827997471562	12.391810403191	12.4301430948261	12.5402289033273	12.9354905793591	9.42479601893097	12.8283674791129	13.4997845906819	12.7043826101411	13.0228906626622	12.8747299718908	11.6479385772954	13.0071257241632	12.8036591728908	13.3676034440467	12.8102558947089	13.4694235937124	13.1264202267163	12.8017600145371	13.5520257197171	12.8678009824921	11.8580758701771	12.9555349943316	10.1394269086804	11.8156540264065	13.3419802347688	8.27347441474894	12.2355422878858	0	11.2004706182317
M612.7594T48.65	15.4846935399345	15.0805667109641	15.2617544996789	15.2805031698392	15.4564019773186	15.4662248986556	15.3367611202182	15.4629558312964	15.667925165574	15.4095981358794	15.5016233996277	15.8805157062598	15.6564455098014	15.5636943624445	15.5094990969919	15.6159236734786	15.6867382186501	15.7699258484156	15.6975741520327	15.624015717649	15.8031460686954	15.5952710740318	15.6662158958309	15.5880981899418	15.5926141635519	15.7661314219082	15.4303765819191	15.6796079227952	15.3060632924653	14.9925905252428	15.2960766918141	15.252939916566	15.6160633156653	15.4322076413609	15.4723466398727	15.8912517980541	15.5055403176336	15.6228030342504	15.4655916543485	15.671536492992	15.6774483050651	15.4534020357995
M613.0848T839.03_2	12.4744663310614	13.3652422899745	13.8109610527111	13.2600971749283	12.7033526865152	11.0000037975864	12.2353888787752	13.2603899310293	12.3498431473311	12.9089884313803	9.60279735739449	8.61526513247236	13.5834909954662	12.2641124694459	12.8414380084665	12.5622524692479	13.2205363845297	9.18210512899834	12.6318708117396	13.6636094501134	12.7886231331719	13.3535698856767	12.8116794237177	12.2401487685053	13.0299570187199	12.9616930370671	13.8549807684851	12.8434174072487	13.5334178489062	13.0445800425688	13.0541965652652	13.5578586379006	12.7189366772876	12.5581366080779	13.237226762721	10.0582260050345	12.1707228245097	13.2446087859733	9.36051028545487	11.5889860989281	9.23162863931784	10.5465842387773
M613.1614T60.48	14.067476665962	15.0416068578944	15.527235297031	15.8842521889598	13.4510190755733	14.3775458589707	15.9553082208423	14.3596177409824	15.6894871635174	13.249180690421	10.5616566413216	11.637244982532	13.6649820745882	14.0555481654835	14.8112520829497	15.4789396891796	11.9973959267929	0	11.8464214150126	13.5435668778283	15.7208819096623	16.0026321638693	15.9771353784965	13.9153865982299	13.9904542892266	13.4951312604552	14.0269718092588	13.9035508376664	15.9576885812858	14.338520913447	15.7056052627629	15.4179192717832	14.953196808234	14.7876369651354	14.7969235327156	11.3967409853976	14.8832332779291	14.7701753239654	13.7656238331369	14.2545627335951	9.88078915638849	11.7758652768719
M614.3431T827.1	17.7150415321633	17.0081631203037	14.9741612491526	16.340541488869	17.6819866958458	17.3431472723211	15.1349259746948	17.7233806652376	17.0917220470396	18.2044604382963	15.5745268156302	16.503240022974	17.4867348430504	16.2139603557484	15.371414433654	15.1524232997305	16.6524032547672	16.0089137205351	17.2206395167591	17.6846582130444	17.3908211520396	17.2305537357061	15.2178878482547	15.4585063806098	15.8625561984685	18.3734928122928	17.2769470505488	18.6913505034917	16.9093274894589	13.7398312292538	16.9295609917975	17.212748453994	16.4097054928234	17.3569336748201	16.4986803163887	16.9257247717886	16.9738134414785	17.6150586468058	15.1995845204662	16.2878490556802	16.8032670235573	17.3898315324204
M614.4874T1037.17	13.4142787272179	14.7071798787521	13.8926459456396	13.0347911428282	12.5026147390093	12.5540181215389	12.2633932776028	12.2702955212222	12.330699992383	13.1619713297764	12.3600890583224	13.3066870744747	11.9751466557449	10.6444529350623	11.0812060050661	11.1988175248006	13.1244903532488	10.5763140850091	13.5456877741452	13.7765644287258	13.9242300334498	14.462435691072	13.690722697957	11.5560453868514	11.2645980577617	13.2098357036859	13.7890192801174	13.1463023070834	14.107760734464	9.90177066191476	12.1695522451563	13.7767276504301	13.7010977583901	14.2414052652197	13.9345759313305	12.3367993350953	12.8507503637733	14.7551133759072	11.7938671839041	12.4320028480005	12.9226579308931	11.9770665997758
M614.7466T882.12_1	12.3201848563437	12.6574743135474	13.0759009753353	12.7371827588517	12.2456082569609	10.6200495247073	11.8247022211251	12.6735228830092	12.6648376794218	12.8214290012704	10.260957216328	10.9026028889229	12.779262258092	12.0319390454708	12.3337381535022	12.0264005345777	12.9437464642732	11.5240461420375	12.6285499183579	13.1734352721271	12.6159930663809	13.2763224354038	12.507664971145	11.4568648251545	12.6845819341393	12.2607532842808	13.2410201852468	12.5712081879139	12.9229616153764	12.8192874619616	12.8070067470698	13.3038086509073	12.4858042727043	12.093665001047	13.0434192616809	10.9859786475025	12.0888766554472	13.4148026203779	10.7593688884944	12.2253959566888	10.2006817886715	12.1069495375276
M614.7568T48.64_1	14.6374991082622	14.0610407800661	14.3512177930065	14.1161156585773	14.5467546770949	14.4451566006089	14.2889603853891	14.472911058592	14.777389522431	14.4196742646659	14.647392940465	14.9343658163531	14.5079942255387	14.6664160830359	14.3788894047978	14.692092473639	14.3930253183651	14.8407953598299	14.6299684977022	14.7177799657587	14.8876765115516	14.5536051233087	14.6774667876088	14.4564722414421	14.3574778472269	14.5707803238909	14.1386133657351	14.6503997849184	14.4404270391507	14.1838823035148	14.3690734100055	14.3397718220253	14.3850555769834	14.259606436268	14.7115305490866	14.7710324936915	14.447815278972	14.6542983930481	14.5381295644601	14.645632339806	14.5697004464425	14.6044149786358
M614.8807T42.87	13.6891196407548	13.8022585633382	14.3388899530021	14.0319541437912	13.7178671141227	13.7966440560013	12.47884434057	13.3442645696988	14.2033758252379	13.7471966715659	14.0794143913403	13.6658802893694	13.9093474768595	13.1452353778037	13.6806192899034	13.3783026660884	13.8426167192267	13.8121311549988	13.9566617758303	13.9890593116889	14.145434745985	14.1325615118896	13.6732040262133	12.2559824152218	14.0847845789911	14.0971389417796	13.5203921711213	13.9807730186627	14.4038463105854	13.7828658617983	12.820244100859	14.4773355517521	14.1168604282916	13.5173592356952	14.0328188347656	14.2207082883563	13.4810308508704	13.5145461202464	14.0895785350585	13.7729903803159	13.8064993020807	13.5407739722518
M614.9278T268.46_1	12.1570814301371	12.763683849986	13.7942825503182	13.5421081594659	12.114296640095	12.6738336874585	12.9932573685841	13.0692598289692	12.498852365324	12.4563137468575	12.2708303356307	12.2767769556355	11.8666564859371	12.1232971929956	13.4322890770491	13.3119127576716	13.2124063321109	12.0179803449453	13.1351058070386	13.3300475084094	13.0909664019319	13.3684999991523	13.5918399340642	14.4026233000726	14.4255975966119	13.5877147022049	13.3332225162085	13.8704537887938	14.2398875599177	13.2457593159212	14.0662593871719	13.864494759071	14.0978455931434	13.1987595874214	13.495152962941	12.25399028805	13.6454558606668	13.7436099358214	14.0890679493563	13.2003357648149	13.0694437025701	13.6461235466288
M615.0815T881.74_2	12.2365948275464	12.593175734099	13.3235262880395	12.7309782645375	12.19651170159	11.4841258143766	12.1150975932468	12.5828432649845	12.7760288348537	12.9339737896199	9.3859595233444	10.8662371743489	12.9303335776029	12.0671203822793	12.3453384600842	12.0548176770524	13.1186105987631	11.6120504074367	12.8364223242041	13.2251771515544	12.61747759453	12.7283235226732	12.5101905866115	11.9283020160631	12.7988218326597	12.9600440620963	13.1111232287373	12.5953495082811	13.1255627669399	12.7200810916645	12.8781796922531	13.3358198761985	12.3096460939465	11.7159021064964	13.0147572067476	10.7900189626738	12.6968955345558	13.5155755697236	10.2576398647637	11.8835328571251	10.3475481964888	11.9097582584275
M615.1282T268.45_2	13.1333409322051	13.2972542535017	14.4897670521097	14.0880631510651	13.0642088516	13.3789751105583	13.753141430511	13.637736549899	13.7200632475146	13.3643540966636	12.9062917217645	12.9878501623472	12.4099749255598	13.1547050334071	14.1356168636652	14.3944508974109	13.9039569675606	12.4025456056911	13.8484262280223	13.8746876714945	13.4462400847953	13.9437993166964	14.437832952947	15.025569375679	15.2859620400244	14.451309910839	14.1225879143679	14.8174411062218	14.88806279369	13.8101799697145	14.7690821404659	14.4412327357806	14.7546202584771	13.8740836554124	14.4870199387286	12.9997139564288	14.4916468544095	14.722477293397	14.799809442927	13.8783730150156	13.7660181197643	13.9977399087473
M615.1819T496.19	14.7046710453021	12.7350087275086	12.5925094176534	12.9769748641175	12.6036273768463	13.6032194482743	13.2787497045594	14.425304708203	14.5116816246807	14.3307836045849	14.083538515908	15.1091384159831	13.1572295316316	12.9263430073038	11.9374947571814	13.0738221769516	11.4359868099729	0	13.2019218866091	12.8619139655964	10.42765036114	11.5175562541696	12.2006083436685	12.122669861662	12.5251061642544	13.2324895121728	14.2910390989205	13.9975378745488	12.7255297441571	12.3912195605995	13.9720195728568	12.8255509119683	12.957923604433	12.1535688456956	12.5117886120273	13.4855792479165	13.2585586671957	14.1461467482063	14.5578572649167	13.6020453602775	12.9505744722711	14.7850055307895
M615.3289T268.45_3	12.6244973594068	13.3820397639087	14.2107885161548	14.0990360605006	12.7084966318035	12.9608483386685	13.3131898411226	13.4560760702268	13.1998124118597	13.0176485279098	13.0942563366279	12.9204519943958	12.6545271659701	12.6627777299214	13.9483246559457	14.0304705637824	13.560239810188	12.0694982612534	13.4928595331388	13.7597867766766	13.1272897208716	13.7615325830822	13.8773940284365	14.6508612016389	15.1214154798717	13.9560126763862	13.9087684394227	14.5445064006549	14.9203832598135	13.8746313941477	14.6718902691361	14.3133965524151	14.4651224407404	13.7344304457153	14.3643060776082	12.6473805044085	14.0019035638569	14.3784959839583	14.4197631266468	13.6479159736677	13.4313511543526	13.8562712827858
M615.5293T268.45	11.891293824869	11.8070158815731	13.4886135532819	12.9716058577256	12.1978487927143	12.0096266620561	12.7672801142764	12.6442019618632	12.5450366874056	12.4371478635541	12.6036049766188	11.7989697027993	11.2280137123829	12.266079605512	13.2914328919132	12.8979540616683	13.0291406612194	11.4937430617053	12.8345404741585	13.0269566561739	12.2880773438955	12.8041759697254	13.1522457754284	13.9106682966459	14.1295086958528	13.2582275726868	12.9692633856313	13.7026952229342	13.9722626568836	12.7602021697213	13.5180107838968	13.329196705508	13.7464099530526	13.0114734015753	13.5015060711097	11.9196111558516	13.5226374844502	13.7023121605261	13.6234027525053	12.9333769799917	12.8673636890266	13.0198628644821
M615.73T268.56	11.2672260202561	11.1912281055454	12.4612963170805	11.9533470746244	11.038325206302	10.958534607429	11.3316716286508	11.3080986195426	11.7225913515467	10.8251369693722	10.3994399518626	9.73839713873604	10.4775674351367	10.4686172320856	11.6108702009058	12.2659652632704	11.3143349582828	10.8799186172248	11.788410061075	11.3589283044115	10.6032902689897	11.7363075404253	12.1433025117339	12.6899514870756	13.1456129985067	12.3304185611042	12.1055599877748	12.774022167752	12.4954469167807	12.0075422971148	12.6304917398212	12.61294894002	12.6667916976084	11.9208472098052	12.7552792167445	11.2890508332976	12.2198071767453	12.5407247312836	12.5576117503468	11.9561271578402	11.5626769866929	11.5390667454477
M615.9564T49.32	13.9853457884107	13.9078627603118	13.5208354527931	12.1711150989558	14.5686737784203	14.1003696479922	13.0730159868751	13.7883761984468	14.2560705472232	13.6914183787782	14.1169636927072	13.8001413005716	14.2059193021992	14.2872327313934	14.199345160956	14.4794252189149	14.2840622204933	8.62356388475601	14.4603571974618	13.7981871451973	14.3438601316188	14.1165223769451	14.0448623183655	13.4888923743628	13.9615642628509	14.5154202259369	13.6589717226237	14.7024424324342	13.8519372022885	13.8340601887126	14.2738220045169	13.944289226338	14.2049191699236	14.1467833591317	14.2296601930731	13.4906151322016	13.9319901313607	13.6505714365707	12.9128250368931	13.9500288860699	14.4441950054958	13.2451028165592
M616.2334T640.4	14.0506968326982	14.7628515001633	14.6818687214602	14.943740479604	14.5065815928404	14.5274680551111	15.0613086502094	14.1691399467495	14.4249523505812	14.1039186145139	14.7429014726498	14.2057902083068	14.3612294314616	14.3094556162284	13.4048676721075	13.6479708817273	14.1157001896141	14.699123579922	14.2897918300486	14.5967521493393	14.2342311690744	14.6869164992846	14.2951540615134	14.9888938692416	14.8266374570903	15.7237318304565	13.6392885876121	14.4363549489438	14.894675792652	12.3558697404936	13.9482615995243	14.5024871187689	14.1752170350372	14.583439244911	14.9512191308117	14.8591596997269	14.0157156152785	15.0537381553553	15.2618041937748	13.0111281941554	14.5078204232614	14.730045960743
M616.2439T491.6	0	0	0	0	0	8.36749171439963	0	0	0	0	10.81369971563	13.8747647856619	0	0	0	10.7611778665802	9.13252699990993	13.8288218784108	0	0	0	0	0	0	0	0	0	7.90454508765923	0	0	10.3105736233813	0	0	0	0	11.8481652250739	0	0	12.9783438808329	9.25287331629101	14.3270590986698	14.1659387061636
M616.9015T882.64	12.4511781139194	12.031924667455	13.0167542843786	12.5642263975643	12.0417823009542	11.4036108489748	11.5915656081549	13.0430248873069	12.2371726324901	12.4130553691713	8.75000473668452	9.95282954354703	12.5491933206065	12.2901045518648	12.0521661233846	11.4092552062669	12.7810426635289	9.14390295095309	12.2555491588221	12.4831223861195	12.6927078737371	12.1161064660451	12.0665435345732	11.5248577678633	13.1014786575456	12.5783635881546	12.7209150435814	12.7152323428157	12.8969838364496	12.1055116720127	12.4471422977569	12.9306175357173	12.2630573451	12.2043045493274	12.5455519151512	7.48449841190855	12.1397935794589	12.9222746014284	9.23460813220903	11.779996738014	9.48093306476708	9.24173666736683
M617.1524T882.39_1	12.5980902978176	12.298723635866	13.1009013622035	13.422745981624	12.6370852695214	11.7546929807209	12.0427355103868	12.1860596633795	12.4962488372227	13.0104023242099	8.6932283458572	9.11678428096233	12.4335084338573	12.396244021866	12.707847329464	12.0106178902329	12.8856421915007	8.63141387142807	13.1452480732779	13.5266408527786	12.655585215336	12.8579877939536	12.6827576886043	12.2311663171154	13.3854494117319	12.8105307966715	12.5182614680323	12.9752029339346	12.5116464427713	12.3393853703448	13.1038650983136	13.4223977322516	12.6159330181066	12.3174348822863	13.1052615148957	8.49554271479257	12.9341443847494	13.4081525260539	9.41366532229578	12.1395123447778	10.1945349390962	10.1153582463629
M617.2549T301.9	15.9078837335605	15.4951446601447	15.7987091341763	15.8219917272123	15.9755239029313	15.9667471123755	16.2315987428164	16.3405458694881	16.1080970631274	16.6385481389367	16.1332247824264	16.42924449095	16.7953461518754	15.8788454408472	15.4667378357887	15.3762476020629	14.3427298184798	14.5535452112713	15.4427905799269	15.796868298707	15.2937038982762	14.7402719486784	15.3630479964014	16.1410611356297	15.9297665202546	14.6706906815066	15.4691762760873	15.9022009199388	15.1255913190434	15.5052393992494	15.9130689430888	14.6427200599776	15.8568904356512	15.5058547234186	15.8059878096861	14.8278537875611	15.9874107685527	15.9522850491939	15.6441484453888	15.7642235694429	15.3045478061213	15.2949677223987
M617.403T882.24_2	12.2490177457323	12.3204634968386	12.1566433043325	12.8148397692275	11.8440212122621	10.4577430062094	11.7566662429679	12.1468728781043	11.3125112273178	12.3996441058998	9.72066757425766	9.43375586334234	12.4831744148008	11.9388300057487	11.9247761366212	11.5019805465079	12.6074998736128	9.85901332357021	12.628250122291	12.8476630430739	12.5029813530568	12.1170151643047	12.437924558382	11.1589936908268	12.6117557858776	12.5372139556057	11.5288816624492	12.5871806171878	12.18780966325	12.0759344722316	12.4123889635777	12.9762948000303	12.1195406760754	12.4104502565246	12.6431727926241	8.19683501282984	12.0696415414208	13.0439252005311	7.93923215150516	11.3509168366459	7.19113992956253	7.90227421780545
M617.463T851.08	11.7384993600295	11.8551382944136	10.853226050667	11.4377684490837	10.2558870491263	11.5793443094214	11.0975367988312	10.3909407777059	12.2568956704319	11.5352196279085	11.5871108808308	13.5384481272004	12.101959092742	10.6919829138506	11.0598911270879	12.1781265738296	11.4208941480571	8.33041784954054	11.676438617766	12.0960376303222	12.4827799807068	12.2510131607537	12.6421222211516	10.2862498755955	11.3643683491962	13.2205089364029	11.9065343039355	12.0292806282534	11.8415636210366	11.1929865983629	11.5001041740181	11.2096128831352	11.5895564947109	11.6039783052213	11.430329932741	13.0195951877962	11.0162304816257	11.8841882701229	11.4049833145498	12.0983037271954	11.73157802837	11.4197023894776
M617.5891T301.8_1	16.1641968411993	15.5914614909366	15.7538543297207	16.2071959568661	16.3197232345587	15.7352528316443	16.5429149166935	16.4821925950078	16.3372595139579	16.5080954846492	16.3348949026622	16.62999029612	16.9372799891405	16.1924159464637	15.5837863928642	16.0168331160712	14.6796765892256	14.3109675461933	15.596883166507	15.9077072504656	15.557361365879	14.4209104921713	15.7294407209939	16.219811113926	16.0928757109661	15.2949506994922	15.6429203658553	16.1171935601212	15.4468389903751	15.744027710794	16.3842611574573	14.7507332278994	15.9817253538012	15.7543691144213	15.9120832840377	15.1135500463451	15.9044889072368	15.9050733179673	15.7730655093491	15.8767799938528	15.3095679792579	15.2715972704021
M617.9241T301.79_2	15.5911813870364	15.0622629491878	15.3698032613879	15.2905004390074	15.8867801667203	15.309175472932	15.7101044451921	15.94443989256	15.6896690720789	15.695446346347	15.4805834131259	15.7221878349585	16.2859538483998	15.4501448673264	14.73928542162	15.1552340771315	14.3315971407091	12.9078179335406	13.7721103943666	15.4117756497743	14.8950340302532	12.6426588757434	14.6614340491633	15.8789251729658	15.4086230004478	14.0945039072419	15.1059088365857	15.3189522637657	14.7309686183085	14.875868056373	15.7034826098768	14.0756719389635	15.4097166952026	15.063429492897	15.2454315605628	14.5551872886455	15.2638516583148	15.3087780962615	15.1373297183608	14.8071090185738	14.5652824301584	14.7333649060133
M617.9533T49.28	14.7134905565689	14.427779494307	13.9709776797233	13.9001640084261	14.80537610992	14.5471260468553	14.0339842592355	14.2846817812626	14.7242144230761	14.2642255352273	14.210770704062	14.1018049610336	14.5953804368119	14.5096150479539	14.9474004042305	14.4387379162232	14.461989127896	14.0376812045429	14.8611480921414	14.5375278300056	14.9079435123342	14.6865573756535	14.0659972398033	13.4819501115735	14.3928620765159	14.6074337787206	14.2338947615979	14.8199301758522	13.9271872031373	14.3192982453799	14.3767349882602	14.2078330471779	14.499211963984	14.6762277977242	14.5676111578097	14.118861233031	14.2241947685617	14.3447791402439	13.687121580229	14.4544700415415	14.4103158367853	13.7649429383601
M618.1587T465.24	15.7542757887898	12.8300155643109	13.397210867807	14.5984950155644	11.2905008376291	13.7598735870984	15.1921053898335	15.6763544076388	13.8068227973224	14.8627041856548	12.7962594771448	15.5994930918647	12.0509779045653	9.97889519940061	0	11.6190337357031	8.08755901417266	0	13.8921754361376	13.4023170450689	0	13.5804704820843	15.3119438323413	13.0081889783271	14.1397816786208	15.5986259926879	15.2865810243165	15.8854638298625	14.2429014559594	11.6585696786268	14.688696117253	13.7724715711715	13.775829189376	13.0210083390667	12.4008559552034	10.4455747794133	12.4801796599903	16.3544080838608	14.4205847086898	11.4793674895002	10.3883055665319	13.0203986331893
M618.2914T307.44	12.4513192373234	12.0921839149386	11.6401903343238	12.5914831600199	12.6165327213478	12.0323785991225	13.1152739722298	12.8161597121497	12.3145170176772	13.456328124568	11.5921717415722	10.1271251706956	13.0673740189944	13.1026735184443	12.4784772670158	13.7831039461457	12.4541998648146	12.0713609419247	13.2611989905089	13.1701901730603	12.0244321908283	11.8062048194299	12.0527309723905	12.4614851115628	12.4339165162223	12.6506550312164	12.2544631478401	12.2319336908951	12.0039610325248	12.0364801913723	12.3952567265754	11.9301058456562	11.7888865650572	12.1914680614365	11.9925059943842	12.128479935331	12.7431704013913	12.559589346854	12.0352295226478	12.4294370858988	10.9816182993177	12.3750188742458
M618.3412T457.05	12.8107355491482	12.0988487184663	13.7359719800417	13.6436075149143	11.7100509523584	13.3218131772438	14.0219262559742	13.3324962994132	12.919224851659	11.950168720431	12.7570188386952	12.445947628124	11.7219416487749	9.84433256655668	12.2925175060315	12.8296740743262	11.7865412534862	10.5360141335238	11.3596874967538	12.8513970248616	11.747990795368	11.9668720219271	12.6810561273783	12.5096083813447	13.7543438003202	13.2992882032011	12.7741529684293	14.3206351082298	13.3189298936146	12.9019683855761	14.5959751103566	12.7506399406741	13.5402456751079	13.130533367221	13.0891718056139	11.4441745049597	12.3109770503751	14.0230318542736	12.3645810668972	12.5270828167687	11.7756874807685	13.5615492332706
M619.2904T617.13	13.1552545063499	11.7895305031506	14.2935021637493	14.2105451037499	12.3662704323506	13.5565389932055	12.9153980798125	14.049402419081	13.7191595190844	12.3650507562754	13.317633137309	12.684486075155	11.7323139527404	9.8035239414604	11.7146758832033	10.7709556882608	11.610785137697	7.27148938627924	11.6389217961259	12.7249100155023	11.8721608802174	12.4979214133164	14.0772134702466	13.9202254452587	13.6220000991517	13.2870465892156	12.9120253349693	14.0985102488154	14.2343789506073	12.8498873350898	14.5528855020896	12.7380702898253	13.8283027340584	13.3268487367976	13.8412020490599	11.1216419732516	13.3266650960456	14.3839414756502	12.3816348059588	14.4193882196444	10.6400505896938	13.4096867473571
M619.7535T903.75	10.6202368905784	11.6678068746708	11.7113951595996	11.3112724740317	11.6245854596717	10.3316547930957	10.8184308578584	11.4085205213199	10.9782530282684	11.4783426835323	9.10281558526395	10.494738524276	11.2520585619664	11.0819348878882	10.7210255974853	11.3043011476756	12.4053196591214	9.63345036849024	11.8431352880727	12.0444406395035	10.8259751638299	12.4311211207568	11.1922602932962	11.0163372406945	11.3864764428785	11.1725162534444	11.8688305662694	11.516597374194	12.0489713512009	11.4004509737244	11.8730127838984	11.7916542009488	10.3348963585735	10.2690057074208	11.8109746532627	9.08882234072163	10.7366815049579	12.4169964916151	9.30443890169981	11.1470301081655	9.64410916735371	11.4221143745959
M619.9566T778.75	12.3282855450989	13.1641001621499	14.25656066452	12.81991446903	12.7464825571082	12.2389199812071	12.5706578912366	12.8055219349849	12.9647849237181	14.6980344881676	9.96828781767267	8.93085100340117	14.0964138471622	12.5286512273399	12.4306094372807	13.3354009347866	13.7856474289272	9.81271306925573	14.281375633182	13.761780704358	13.1890083140266	14.3856118445748	13.3208712303401	11.731825732375	12.9690681581818	13.4898842748168	14.1188037443149	13.3923118143959	13.7627103156792	13.8490078306281	13.3967982481259	13.2949830216472	13.4049356473177	12.8041982412417	13.3790234880682	8.87486057592269	13.4223085963692	14.0596475458426	8.99573059508933	12.4551214349704	10.3588993289358	11.274191664723
M620.0782T839.43	13.885523570829	13.8406220676676	14.4091030006223	14.2470084404918	13.2473516313756	12.9847480567592	13.2231052520232	13.8887328106236	13.903550688325	14.0378769682048	11.4579698526224	7.9327032830549	14.0483613034275	13.589320880453	13.9930787103454	13.6086544962646	14.4739122697386	10.6955784904354	14.1071564424422	14.2246279032344	13.6539089036455	14.2674793826973	13.8464154779511	13.6616016718679	14.3995102476288	14.0089803039474	14.1107333573762	14.0153457373557	14.0873088490695	14.0605778526215	14.1899737828155	14.8044295277925	13.9396826661912	13.5864414472565	14.2683169931436	11.0556190840924	13.7597475021066	14.621882475159	10.0167490527813	13.3871523646764	10.273663901635	12.3205990498568
M620.3591T541.02	11.8623732386823	12.0364394848565	12.4101039354016	11.9783363386647	11.8710521375077	12.2815123673397	12.8742725569618	13.6979305199987	12.1951638635043	12.7355309108519	13.7554121154603	13.6432942727999	12.438603548625	11.5598880364004	9.39769316571336	11.0529932527886	8.7739412754928	9.30989322025388	11.6812372570683	12.8866574395667	12.7071179947299	13.0961123130128	13.3484225134022	11.9728186968355	12.9170492795317	14.411203829207	12.5990940997878	12.4406984595039	12.8362120687841	0	8.45009487732608	12.0084426683412	12.5156287388183	12.5734493112623	12.1771218191064	12.6275020751625	12.388080041746	13.5579241429388	13.4093754488325	12.648201115217	13.2921496965826	13.4022571442367
M620.6563T904.36	12.6259606428885	11.8493947869038	12.7818807881665	12.6670626578605	12.0488539916501	10.3241917652616	12.2432986394681	12.5698837079642	12.5304627770473	12.2909814374849	9.47041201224398	7.70617523183133	12.5428058692768	11.941733847658	12.1568288694184	11.5247099143457	12.2993134335313	10.3752339674841	12.5084757348217	13.2163345359433	12.5557490009125	12.5604055521449	12.2274661827354	11.7865383188304	13.4164815019691	12.7434919122609	12.2330330751738	12.2593737605366	12.6286303846504	12.4830098507005	12.8453702659564	13.0918554392336	12.5373781284452	11.370383723082	12.7382384763344	9.73063445293829	11.9874300932588	13.2651769691524	9.38402296494524	11.9356860056317	9.02875476177345	9.40098450252254
M620.7472T839.21	12.8439768108563	12.9017304853293	13.3184653798375	13.6364735603849	11.9710536052968	11.0856387518965	12.3619905343506	12.2052851674193	13.1021625327144	13.4300315707127	8.87176678319382	10.205697747846	12.6369702486839	12.5032865726648	12.9152479874688	12.8631908714615	13.6860917323417	8.62616882559261	12.8703129993297	13.2014969691088	12.6362365093856	13.7723172535075	13.1102355395773	12.3639420560707	13.2236291726225	12.9797211539565	13.1978123960906	13.025139467553	13.4809933809357	12.5872058892652	13.2819688026941	13.7518191531381	13.2471542154478	12.6459486237682	13.2160563917957	8.61692259303982	12.8774465303124	13.5694508689007	9.3852265724138	12.3006505128847	9.17071075788214	10.8211282822842
M620.9438T49.3	13.6272126992684	13.5909349183337	12.9192164004168	10.5487929195986	13.7796615098632	13.4388827513518	12.8155312360214	13.7046883540708	13.9962853778461	12.8260373659552	13.8894508431914	13.0516164595686	13.7654749397918	13.355479727852	14.2279628671162	14.0491164810655	14.2340625946374	13.3404485165655	13.8828152927937	13.2070686465803	13.7046754709596	13.5035811913977	13.2674762997003	12.8958906291111	13.383724494833	13.8773410135851	13.3251419747439	14.19364984953	12.8323134246084	12.7810851573312	14.1144249925138	13.4332742012305	11.9247880974654	13.5753436641689	13.9860235288136	12.6843804845303	13.5557463858983	13.024226104101	13.3079328094062	13.5872434650129	13.616941339533	12.4729887533109
M621.1633T425.31_1	12.1751452691001	13.7789532550669	13.5840216196492	13.6189391685111	12.8948686060944	13.2166934195227	12.7277004469687	13.512179398067	13.3875997816585	13.8580565017533	13.0312536503993	13.9625680831115	13.5961151310532	12.4912490079251	12.2919826705011	12.7409236470692	12.3471740460737	12.1921194824777	14.1308512085856	14.3901201349478	13.9056368353946	14.4804844120848	13.8049294495369	12.9642670171824	13.2199069637415	14.4772976858971	13.3014379231743	13.2756246946277	14.6019135233242	11.1068651144322	12.1759860966119	13.7909188216192	13.6072847972538	13.7573521778265	11.9506810051856	12.4826670345895	12.0577705405272	13.9474183310668	12.9064140137917	13.816078724533	13.0660113739986	12.4230142391016
M621.1961T299.16_2	15.258542156563	14.9470984207137	16.3005531462708	15.7768534016554	14.7191591979364	15.4153540526829	15.9865824360032	15.834016672454	15.523167199944	15.370097728371	15.3012228096197	15.1734808491525	15.0046907951899	15.0606266449094	14.6628478900548	13.7637867952613	14.9046435212097	13.3403387658442	14.386312541141	14.3636755413282	11.8441389871931	13.5088930186901	14.1901354259764	15.4599149053757	15.3889478866873	14.2240364202967	14.5981162196482	15.0742342955174	15.0090964541858	14.9592812351386	15.6191694234875	15.1295732766288	15.2953568389054	14.8166752305681	15.2474659066464	12.9274583358639	15.5057185870311	15.7049778551485	14.4691550554075	15.0072974362146	13.7551804356063	15.1320075457456
M621.2836T307.32	12.7831816064244	12.0419644557867	12.4003119149121	12.1945978877398	12.8624547839532	13.2599141670259	13.1158211253986	13.4267009503218	13.8558662640087	12.9561923731967	12.5703579780605	13.6956838754082	13.2127966038024	11.6981326271319	12.1425883794046	12.0434718011998	11.6964467711438	11.9961532945229	12.6356168448286	12.9851746983213	12.0999938686055	8.11645572355562	10.5058545276183	13.7331777959217	13.4152150294864	12.3494670804674	12.9283529131174	12.7739183817608	11.3233752404116	12.1085046842114	13.3528804866408	12.5032577629793	12.3367498427295	11.8846658897773	11.9872591660413	11.8945139997534	12.7150276927579	12.4667466022463	13.4982084549456	12.5046559399874	12.3037699713521	12.8240975162208
M621.4176T887.07_2	13.719485481746	13.6041672585143	12.8484915834037	12.9804404333535	12.6572561367019	13.674253846427	13.3165936341228	14.1502125222711	14.4604662068847	13.6960304121122	13.4917365330902	14.7873667194162	13.7393995385013	12.1836714609466	12.6597250655289	11.396055769454	13.0113499092813	12.6046299127068	13.6887986223207	13.4178481412339	13.6518776764582	13.8704623125352	13.8160204530944	12.248011715614	13.9939494970414	15.8064130003921	13.2793802743535	13.1865360222005	13.1486509834511	11.7040991846647	12.7019098671092	13.1137335579984	12.5300386206278	13.2759028547521	12.8169298626419	14.9977678535032	11.6827533887966	13.8497428440778	13.9163308179979	13.4517127202179	13.905797339291	13.17361995242
M621.4368T425.17_3	13.9822610171109	15.274225448993	15.0714451766941	14.7053293484703	14.2715861658926	14.6725182339779	14.1805222633901	15.0599714804808	14.6438428040282	14.8484259301277	15.1044288419369	14.657528996919	15.1539222788439	13.7879169826485	13.578670209434	13.5442404894355	14.2717100963759	13.7976536261188	14.9899469019696	15.6698153056691	15.3186430678337	15.0022246494582	15.1782716280017	14.5557488487693	14.9715028837715	16.1489231599849	15.1299552610493	14.6630651400356	15.6739569771252	12.4017492152849	14.252293059401	15.3419082535537	15.2688752131867	14.5748652705681	13.9989639399049	13.8324011081727	12.9422064321397	15.230678324961	14.4223614105548	14.922344461441	14.790060851617	14.2938609572901
M621.447T299.34_4	16.1405117599148	15.3705670887101	16.725258397803	16.445011044304	14.9125700233348	15.8461586885307	16.6255815054459	16.0280011488976	16.136220503457	15.3802774453908	16.0230050810835	15.4678985722174	15.5708106754852	15.7686416035334	14.7010146108027	14.3291134923152	14.3721095037565	12.8868617715514	13.8945722030114	14.7463184286189	13.6468614508713	13.842737956013	15.2089005618695	15.7914545856374	15.7859247396963	14.7348616003136	15.0703416430492	15.3125490430006	15.1466190625255	15.6961759581294	16.3442466805364	15.5180630487542	15.6296582294142	15.2825643849125	15.6340612523814	13.683288844831	16.0800320747805	16.5049742459713	15.0820445622474	15.4697209043398	13.5229027495354	15.250452939854
M621.6191T425.3_2	13.7251413364398	13.9974850778093	14.1650775203783	13.9591163306404	13.1775140039233	13.6396707160641	13.4890700568975	14.5258831715583	13.881880155812	14.5775088223928	13.9889771904682	13.9217445087255	14.4990602289609	12.8840933941766	13.1169714732306	12.2342687625905	12.9964208652727	13.0776795342149	14.2438028597564	14.985015024804	14.5642457569239	14.5704206290616	13.9507606600491	13.7728355966498	14.5295139884156	15.5503553487837	14.2478231660923	14.0974019929835	14.3894979095903	12.2936995246852	13.3721348619186	14.7358723026641	14.2683011561325	13.9445654242473	12.6633141057202	13.3030553842122	12.4787395178291	14.7717543945719	13.4363051293052	14.1807916550205	13.7611934477343	12.4874407315703
M621.6977T299.19_2	14.5622117759681	14.0869718033487	15.5377381138331	14.939609862742	13.7125230518309	14.5062271797371	14.9427528545199	14.7071350112783	14.7241495811861	14.8703014187575	14.883272246111	14.4769757529735	14.292746675203	14.0469584991637	13.9663291443443	13.0846998389297	11.792831482685	10.147011307617	13.5477005020877	14.1292812241189	12.2630827059095	12.2996031311	13.4127865208391	14.8134069473192	14.3257273618959	13.2341486513768	14.0720813467101	14.352853026888	14.092288416006	14.4818939323481	14.7702131027176	14.7567545699791	14.2465162048817	14.2153751989812	13.9801157978592	13.7014168940911	15.3798002589924	15.085406285017	13.5708468663659	14.0548345360699	13.4345843638507	14.2697278210654
M621.8228T299.19_3	13.8668882845163	13.7732957031421	14.3523429345882	14.4786194213544	13.3751242967565	14.2610189634059	14.0513112451751	14.4543205906325	14.2614722616746	13.319316814816	14.1549704249265	13.9126808369481	13.3857822287248	12.8759586554117	12.8552619127968	11.9003602568688	11.9484457636228	11.9613124521379	13.4245952553832	12.9653004401818	11.277739113477	11.5665199687813	12.1023421721906	14.5184043956201	13.3369866926259	12.0436566215928	11.5561648134435	13.0988206345026	13.7469269674607	13.4204038316393	13.8933826837508	13.5707576490314	13.8846345547326	13.0706679389615	13.1997675254213	11.7100382739064	14.7064235550894	14.2044115689833	12.1491658734877	12.7617733789554	12.8529021141718	13.7424981897415
M622.7544T817.34_1	12.6347576772335	12.9297958498687	14.0652740065865	13.7113050455545	12.5202306811302	10.7626406132764	12.4846057623603	13.2883481458723	12.8769463714596	12.797797334018	9.632108943267	0	13.2508808179662	12.9013279867638	13.0115945062337	12.8174976908083	13.5176833811477	0	13.2859246841933	13.6600504792971	13.1206012917864	13.2518074601773	13.1449919018558	12.3280631213796	13.3953611231819	12.9921330577588	13.3972128192538	12.8693302040097	13.3555741507909	13.2078358394354	13.1898844428862	13.7525574930592	13.3178707515671	12.938740702326	13.496103600216	8.21535991399834	13.1187739901562	13.4837684798393	9.5559681234675	12.5733159793668	8.30400734890279	10.6635610722371
M623.0888T817.36_2	12.6962640070651	12.6336045345397	13.9024168652975	13.6713628689278	13.1462081141039	11.11082720454	12.5875836741782	13.0436862797925	13.1056960020326	12.6878337982473	10.6344645931512	8.832200843092	13.7263619591731	13.2129778132657	13.1356314406101	12.9564843724318	13.3353727943055	8.27502755209599	12.6081781582498	13.6050863030937	13.2521166421275	13.0131005062229	13.20525101241	13.0869815317016	13.3196302519034	12.7455544549235	13.565901198755	12.7843305223075	13.2462167000253	13.3083860629262	13.2155229911693	13.7759400553456	13.4734484302975	12.7972423694928	13.5272577635504	9.18814748920922	12.8917711858866	13.6032134867448	10.1403259987473	12.585801539234	9.7833172925448	10.6081623763888
M623.3216T284.26	13.0961877408337	11.7233585746596	12.3132709671321	12.1837371161724	12.3542224732034	11.7678026181618	10.829252501461	13.6860502646638	11.7637033121808	12.6850190010325	11.7459986473077	9.80196102285326	12.2307204690886	12.4002984234058	12.3402012029208	12.9659909783597	12.0766100853627	12.9395739085369	12.4033444242882	13.5500455196021	13.500613835053	12.9528689068658	13.4117443092041	11.2934443351052	13.0163273399176	13.0681657695147	12.833723130454	12.8619709443899	13.1584651130281	11.8766307625912	12.8211349339398	13.2083384966574	12.8316058001714	11.8046071152305	11.9957318537922	12.6055659512299	11.0630553997352	12.8023667731302	12.2046456235631	11.6499193199079	11.5810477603083	12.7541390421817
M623.8815T42.99_1	15.27836498275	15.7057206688422	15.7104978824365	15.4562802601903	15.0860304499097	15.3067472309165	15.2449933452228	15.065394488636	15.6076363928769	14.5674227009633	15.50692579741	14.5798690431958	15.3466870182389	14.7774769596891	15.4529605744195	15.2925054850863	15.3250918884243	15.9403316005294	15.3155174801761	15.7294538386841	15.8888852485594	15.5197998487232	15.2736712799354	15.0753815246133	15.5101199481587	15.6224203031449	14.9846230426549	15.2297473372171	15.8934766486638	15.2564414410377	14.8613703860172	15.6619398765504	15.5187708738933	15.6934103197402	15.5266441903877	15.6422375194208	14.918716346989	15.1839983813994	15.4003670153637	15.3920064814966	15.8634770586712	15.6427117367919
M624.3818T43.11_2	13.3675768533352	13.4379682868831	13.590936621964	13.3538573443302	11.9872020769908	11.1451756500523	13.1440479002458	12.2372972152767	14.2121659957872	10.2166789887119	13.7869302583119	13.4630511743111	13.4294485909847	12.3400845224267	13.7897077061596	14.0541013857273	13.5115191423461	13.8371452077029	12.7466942401987	13.624907983715	14.0377514750265	14.0143281919279	12.3166933921171	12.3301755557645	13.3533848319831	14.2217078380491	13.155995335114	14.0633940752054	14.1002912724764	13.4110349139147	13.2942707359182	13.8126488925543	13.3889512516787	14.0490028720734	14.2276441428882	13.7237628727753	12.997539843508	11.510545851461	14.1594926647211	13.6976285407272	13.8338516413626	13.8458999905776
M624.5034T1052.69	12.6267500624388	11.358826741985	10.0658913399816	8.8231836646378	11.7450591207583	12.7782517604452	10.5865701061151	12.8023214405133	11.9931276591313	12.5109795575077	11.8032453120029	11.579700270783	12.4560353097035	11.8017513161456	10.4138931606078	11.8613388898446	11.4088275486232	11.539308000684	12.1239740456777	12.9535025552192	11.4086018310761	11.75231084638	12.3360043667663	10.4285828068908	11.0453544224247	12.4682055444546	12.9466804036358	13.2321944833055	11.6543472160915	10.5544901780733	11.1861377515334	11.2282494635435	11.3978946916795	11.2061390879563	10.2463650886903	12.7646475292751	11.3207523272147	11.9454787977702	11.865737111434	12.2436770213788	12.1012125275048	12.8593408342534
M624.7503T858.51_1	13.4727919312981	13.1575804606246	14.0814719694258	13.6504381267037	13.3777668250877	12.1425667240024	13.1840974443022	13.5755338439748	13.6706242926895	13.8283351111843	11.8640206376646	10.1255299746817	13.6808624780759	13.3216723665966	13.4805347657783	13.5353900986556	14.2101131803185	11.1478668730644	13.658751791409	14.2813069445804	13.0921455702441	14.1549492395523	13.7301011038681	13.1393875722519	13.7458268824657	13.6229258693686	13.9876895731494	13.7693881053188	14.1966414673501	13.6312703614783	13.9418272717761	14.2092861852366	13.5896856603547	12.9834430297212	14.174212174914	10.8879576586891	13.4916553908875	14.1950918851958	10.9413166922805	13.1902408850907	9.32560325652675	11.6113889783207
M624.9051T408.32_1	13.0173553013808	13.7185186843614	13.4135905508794	13.7022536570266	13.7483202868364	14.0614076483333	13.4755241640704	13.0794041730248	12.3794855157472	13.051187211654	11.2334822571042	13.2675035912765	12.9706255044905	13.1885276647783	13.0323073921355	12.7387417920877	12.4730632000871	12.9797300655541	13.8234663235276	13.1362993125247	13.8249091865962	13.5004221920425	14.1180834695042	13.750811882291	14.5239092735783	14.1788054257585	13.027330265158	11.7414858013195	13.9940774146027	12.2115092822323	12.6071912193457	13.5469989544245	13.8925636971951	14.7336656359813	14.683373025629	13.2613605319273	11.6235691464475	14.1426157174973	13.103535426085	12.6472273002099	13.7056443405187	13.1197522648848
M625.0483T408.3_2	14.0722566406855	15.0842218985976	14.7447068735734	14.9323625875477	15.2712928926171	15.2461210033967	15.1412965092053	14.6458056038106	13.7790495122333	14.1499566064818	14.3408086529147	14.7251193300413	14.2072108200723	14.6215221329188	14.2675768575679	13.6062623352068	13.9166131440219	14.1835418791652	14.9913741964261	14.256662186964	14.8133841467186	14.8683557793261	15.306281610144	14.7726741352878	15.9453033451593	15.5830091251891	14.2253071370949	13.6405663866898	14.8787351401344	13.6920133451335	14.234419487854	14.8821043337726	15.0460083964503	15.9524860515738	15.8817921341193	14.961371457598	13.115961361054	15.3719693472564	14.9621492344304	14.0903429776259	14.8340278488303	13.8856473237548
M625.0842T858.62_2	13.0670735840434	13.6184984073903	13.9336679412088	14.087796824025	13.4181863279697	12.1799256101037	13.1248570469388	13.5690864303051	13.4027510207771	14.1137265415619	11.0010579753106	13.6442756598358	13.6743398421312	13.1702111624384	13.5104647085526	13.3226340472644	14.0794697908197	10.948490129974	14.0462546793894	14.2415003448108	13.3236768837165	14.0389028499716	13.6757313883601	13.5400355614253	13.8322492218331	13.8013310446572	13.8863400427601	13.6167350920812	14.1923499948421	13.4505926850918	13.8159194643732	14.3406802159836	13.2743180749212	13.4683803042911	13.8177685521197	9.50818410763216	13.4892475128424	14.2607848399181	10.5676152083392	12.8816209234517	11.375977072761	11.4810350904551
M625.1916T408.42_3	14.1617252632526	15.4132709831262	15.1305185788848	15.312633641279	15.6821936471623	15.7190731258608	15.4622787823265	14.6812822352683	14.1683537714774	14.5953204694472	14.9650026921887	15.2136472615729	14.4654121800152	14.9205531562445	14.5390067810778	14.1174049835634	14.0478313880926	14.9470165548577	15.3896270834426	14.5313688267792	15.0668891132443	15.3165790643616	15.4531141865971	15.3173620769343	16.2985726941538	15.8371057363665	14.489406170408	13.8656570191066	15.5344003576501	13.9542598914812	14.2960021985735	14.9847450549371	15.4737260252059	16.3368693109887	16.1278206247456	15.5503354766172	13.9231771006647	15.5680712293682	15.2224172056413	14.5659067564968	15.1689181781257	14.4000709602942
M625.3348T408.29_4	14.2353111045891	15.1069305725201	14.9783388203457	15.2618917762284	15.3579721867721	15.3631997853326	15.2651397093257	14.563238848681	14.0772853965408	14.3362824459905	14.5058913495126	15.0072718101562	14.5724655997508	14.9318429138703	14.6714608757586	13.8899934276686	13.8011603936924	14.6982785467411	15.2049963983251	14.4592966875983	14.847255286863	14.9700870075029	15.3653842728813	15.1134371650913	16.0304343900946	15.7699913369657	14.2969112756632	13.9320984151771	15.2695103710256	13.8106474284818	14.2411584017912	15.0804696735769	15.4246887988586	16.0838228416003	16.0015513735332	15.247544357717	13.2690235443546	15.6452016371793	14.9724533672155	14.1726444831368	14.9216688416701	14.2867296755855
M625.4781T408.35_5	13.9231722591234	14.7129189970366	14.3917406254938	14.5295313253465	15.0271623535006	14.8271076303729	14.8133298181326	14.0495135295865	13.4517938373479	13.7675938395146	13.7658566035017	14.4493811259919	14.2507614732189	14.4667453616301	13.9153981391615	13.4416642555306	13.3582356607018	13.8958266473176	14.6055705378445	13.8226678792577	13.9793070979568	14.5715589662018	14.7257040311144	14.4129920857557	15.7033010295857	15.1897388076081	13.7608687895989	13.3550761000286	14.6596713993255	13.2328959564846	13.9067683726485	14.3651679341147	14.7283698946156	15.6542604436981	15.6171542599832	14.9582232898433	12.5649029175319	15.0700146416997	14.7337891638081	14.0180094279407	14.3891392009657	13.6539756031562
M625.6214T408.35_1	12.6584017871033	13.8336699925168	13.6524758726797	13.8680123748554	14.0864983091105	14.0605065727843	13.7353792043874	13.5776977603688	12.5061408265731	12.9540715576471	13.3902309951567	13.8171054648801	13.3120270592985	12.9288145203751	13.2404750236582	12.0680753055266	12.329524505931	12.9676747453581	13.886018231485	12.1084175732802	13.3230002405875	13.9818536064148	13.8171104753337	13.9279051668372	14.8316472753973	14.3764179413525	13.0041987573514	11.8306286032158	13.8391576028298	12.7147293899949	12.9984989932236	13.7483932523625	13.7303758886261	14.8993891050812	14.6632712097963	13.7828683017749	11.7482374392258	14.0427488261738	13.6253941193007	12.6539664049977	13.5742241450042	12.5484576188774
M625.7645T408.36_2	11.9078286363991	12.9326860255718	12.3913085389692	12.5998718969421	12.9243374607925	12.7172572049433	12.8592804511351	11.6174209363102	11.4274125399959	12.2251060379425	11.7500499909281	12.8448129886313	11.6205803548713	12.5223706667	12.1071526525743	11.3555644000773	10.8242370700085	11.5416271246738	13.065161146216	12.1747730551346	12.1592733997689	12.7930825645062	13.5067215189642	12.5384328022995	13.4058131325545	13.5888241479209	11.069776041906	11.7817205153756	12.6121871129844	11.3000464066406	11.7884725538909	12.4570178461351	12.8560655763802	13.6305284919362	13.7750286005249	12.3661967589836	8.86062654229458	13.2730046691339	12.6164140562273	12.2161447068563	12.4169745390625	11.3599837583322
M627.2473T523.96	15.2921585996054	14.0366409882165	12.8816951611617	12.1727833598539	13.5460479217127	14.3398346802227	13.3594356097285	15.2823343951252	14.0353902671126	14.901886040538	13.1966108365189	14.5258892244938	14.7014169451066	12.3241977608507	12.2462642772411	12.8546702407055	12.5811273574708	11.9990084358748	14.4613961518405	15.107272889156	13.9240210927242	15.2059295596592	15.405278739562	11.4849864141865	13.4657229181705	16.0577672791181	15.1376164365691	15.4085387829202	14.8582982275651	10.7194228382779	12.9640926491552	14.0278738379466	14.4891707991487	14.2117132207695	13.4404458913219	13.7905003009788	14.3700930461427	15.3240382793763	13.4268996790152	14.5881576198738	13.7703980136929	14.7408607839786
M627.5361T1198.28	11.9541327046716	12.3154733040202	10.7365801515562	12.9570893166008	10.7383764673469	12.189304461952	13.0764446247579	11.8241411381768	11.7824396724638	12.8945505914861	11.7268519561658	12.9477880076522	11.5624531657408	11.1805704952146	0	9.15928507230077	11.5196845645567	11.8196620472562	12.0278880405329	12.6574117915817	12.5379231219952	13.1786215933073	13.0874984768509	11.654490803954	12.4820465772058	14.1109754376003	11.9863669334318	12.3307832940519	12.844393203254	0	11.7921027875658	12.5470091365206	12.4533005277612	12.693149511695	11.9647759371988	13.3892536072452	11.0148963906608	13.7709731867777	13.1691318607204	13.1419968092094	12.8016148601099	12.6562652026718
M627.7606T836.42	12.9957316052453	13.2881471076611	13.7870648925937	13.4258456875269	12.9237302785532	12.0905123689651	12.465928549009	13.1442539971771	12.7365785529723	13.2921792160792	8.1531379328917	10.6025588264753	13.6892670072974	12.8185071492401	13.1040229259852	13.0195697922393	13.5033945692092	10.4281186887962	13.5102530985262	13.8888783921867	12.3874192065596	13.484463541345	13.3187433739355	12.2955929092999	13.1406727047948	13.2786339239657	13.5135200639469	13.1640426229668	13.6562166327413	13.0851711324783	13.242390331858	13.7559625715952	12.7041522714082	12.2556692948647	13.4207305697015	0	12.3199668951008	13.5787490043408	9.39879942567823	12.5242650947841	8.76267227467027	10.5408043116934
M627.9079T879.67	12.0737598254284	12.1979142725252	12.4889630140006	12.6962760132432	12.1775065022832	10.6462401890703	11.8091280647005	12.2828200634891	11.9950871792454	11.070796800517	7.73940394388693	9.57271500396399	12.0726031695825	12.0687568248337	12.5836933568653	11.5510790453639	12.4858954214245	7.40371663348538	12.1959879678368	12.8244542823296	12.4717485042761	11.2735942744587	12.0832584107091	12.0217645927826	12.8327613905992	12.4264765172861	12.1048231044513	12.0132429505552	11.9913149341315	11.8669878114164	12.1585548482667	12.9902361541186	12.2879290095901	11.7360688524299	12.6203379935723	8.06327882966855	11.7458218229442	12.696816077277	7.52501001804873	11.6811726125523	8.27534577685653	10.166346308665
M628.1589T879.43	12.8732010235927	12.51696679018	13.0763572979171	12.966462216589	12.9883108672314	11.119322111405	12.1068727185855	13.1531570477885	12.3400004358204	12.5339081039408	10.0645048888703	9.37759240529777	12.8253827799744	12.4038387236693	12.4711778300796	12.1230743932228	12.9553087708724	9.03421136532239	13.1467381803205	13.3457549872138	12.7021309737029	12.9724328179175	12.5239747486989	12.2925491415672	13.0982576500268	12.7047040152842	12.5202590818131	12.7817286949596	12.82187967832	12.6659819920402	12.6226318753232	13.2213634023144	12.6776177190723	11.9627957363037	13.1598594831051	8.68616117219363	12.7716484655341	13.2427653042763	9.90992244039323	12.1847039078336	8.26668008868604	9.74545116096243
M629.4225T878.7	12.3948689242862	13.1587829048634	13.6383791919253	13.3177013583757	12.8390122686776	11.6222954222326	12.1394127850222	12.9089482689865	12.9704644170236	13.3552329017859	11.2527382091758	11.5849385841882	13.2734554069334	12.6796542266794	12.7922010420945	12.6892922321954	13.5773037952738	11.6004031785052	13.2518075625844	13.5045837993702	13.0447293015762	13.4638820543861	13.0066705996283	12.4279635544714	12.9973133023207	12.8025932925956	13.3273467047549	13.1565428214557	13.3419753614676	13.2053556700811	13.3296907638826	13.5853294246085	12.8908724698716	12.6680794306427	13.2966748280351	10.6932436952712	12.7123868013804	13.6295990370137	10.4272585296037	12.4541183350405	9.7041124095522	12.2006912156346
M629.5178T1042.5	11.3882130860884	13.2194304993663	12.7504997730326	12.3586785283896	10.4057464776555	11.0283074123882	11.8076190931029	11.1138633832301	9.959650716192	9.83033019053259	13.0710913970655	12.6906326196204	11.7717802989791	10.5345647188678	10.0638225364754	9.46992796478554	11.0457111134675	11.442012681601	11.7453331446458	11.2198173091788	12.961640159773	13.1604240008481	13.3306098014386	12.6270721912377	13.3065616181901	13.2959738777466	11.9521339041992	11.8083070500729	13.2456420546139	9.94188255629272	10.8941133005559	13.1638356120703	13.3211915888987	13.2078924494005	12.8749197071031	11.4215937455477	10.5328493063143	13.2910092384936	12.7991211552935	10.8818544133158	13.298063753516	11.9586560889326
M629.7568T878.85_1	12.6685054845896	13.0057053246624	13.6854595191518	13.1953944175888	12.7936971884148	11.8895069815948	12.2491316974392	13.020308513604	12.9191693081984	13.706248361874	11.1951971182696	11.6693958397645	13.3802849250505	12.6123177344273	13.1074121516288	12.7745414295644	13.4725694975585	11.4922976638669	13.4261262334444	13.6184708926545	13.1607918265851	13.7204321435608	12.9977231416254	12.4349586264191	13.1965333925342	12.9340945476892	13.5809608654307	13.0937111076935	13.2417539722404	13.2489130277838	13.2531603631381	13.6574962616632	12.7849633808789	12.3964669944359	13.5397634910158	11.085428854419	12.9345317715411	13.7829264077392	10.7184112737524	12.5205189533674	10.0038612704779	12.2351204003883
M630.0914T878.89_2	11.6757904062946	12.3288863858436	12.7342095820535	12.4408420232908	11.9160556102616	10.8329491455036	11.2319164257416	12.0089043642519	12.081050850424	12.807792589873	8.49981250620563	8.55842196671106	12.3737473805073	11.5336299624976	11.9144566072601	11.5876730966314	12.9174739741398	10.2765090189347	12.3695654724023	13.1147758653332	12.1739704514189	12.6813941634836	12.3047526704044	11.9597713982731	11.9463463514705	12.1625452125681	12.438980532692	12.3035620234537	13.0938099266334	11.8497120473846	12.0917596553832	12.80959905041	12.0015528127541	12.0834855870095	12.5709472465009	9.78815394076165	11.6883906298908	12.8637016967888	9.20664623038309	11.2035080508332	9.77219824820696	11.6078493599148
M630.3805T962.53	10.9830705355441	10.5979902992211	9.41155358689747	7.62451519312592	9.62246655417808	10.6749204454781	10.3127703533937	10.9873131556276	10.9637426078717	11.2999053563465	10.8991356326451	11.150622133126	10.8223408105595	10.6903110802486	9.60206686922284	8.92480369495195	10.226297967542	6.64483453983876	11.1686239506946	11.2135040117841	11.2587212253877	11.3664491867265	11.4618668442833	9.8420824825583	10.5101084309291	11.6009291088155	11.1896136194505	11.6275759859047	11.0972305937749	9.40843028663169	10.2073578039365	11.0434147785441	8.22885526618778	10.2818528522118	10.1463601527892	11.3464421540068	10.7571630304885	11.2566043830106	10.3959110243655	11.1776042379827	11.1342706480447	11.2996425414033
M630.4158T816.45_2	13.6540752877773	13.9280400649587	14.1175024551531	14.0908902648451	13.6850724091662	13.1719287313023	13.2094926910802	13.3458434248931	13.7920119794831	11.383213190664	10.2786389008082	0	13.9451216946233	13.5590926633681	13.8982758122227	13.3849071542485	14.2938722227096	0	12.883130392229	13.5740552091351	13.6297736322867	13.665813154166	13.801820393579	12.5863728054364	14.1751294445822	13.7260335909386	13.6162496659844	13.5912400822921	14.3320465614808	13.4748328396873	13.9372661683186	14.6524619964523	12.4960125779051	13.138753762156	14.0562001469997	10.6877022863769	14.2557003263404	14.379484944245	11.0324201386147	13.1548384934798	10.1937702295344	10.7915285457637
M630.4464T779.23_2	15.3483873152162	15.3820192516025	15.8377321127597	15.2287655297188	15.0580648876474	14.6338725614952	14.3760183277605	15.2909450856356	14.9368841666986	16.0440378818225	13.4297067365906	13.6882806729319	15.6817676746693	14.778334474304	15.0952027762356	14.5404485438818	15.8486112073525	12.6330098855723	15.8738520540344	15.8427012061387	15.1690523076383	15.895258253684	14.7121269145156	15.0430190002996	15.1011873815071	15.3486010501492	15.8758192609412	14.7468078788453	15.6901481282176	15.4447633169001	15.0710163565228	15.8413482783172	15.1853544358013	15.1235640048605	15.0129924726453	12.0824824805301	15.088926408691	15.3851714196665	13.632371477977	14.4511396760955	13.618034076363	13.9143403947236
M630.9271T49.35	14.0384971282376	13.9537581579381	13.6806501976205	13.1189906001791	13.4844595805523	13.5591123899319	13.561057653415	13.7689183552214	13.6185720585677	12.5051290904453	13.7569987947286	12.072311678852	13.9461066814097	14.0204680675133	14.6329848750058	14.5466152598938	13.3753177129009	12.3825921815842	13.7755034927692	13.7541921654924	13.8819046561211	13.8093170387538	13.8189809642036	13.2577477843125	14.1254828241308	14.3211482066365	13.6183896477801	14.2025047351254	13.718642542608	13.8505549195913	14.3318488246888	13.7915951976183	14.0399286410872	14.0596091559025	14.0437672103166	12.0550665309788	13.5431937454167	14.1281247013584	13.479947163676	13.7029590865661	13.4957166077275	12.9729089709281
M630.9475T778.95	13.8692863991866	14.2497845051673	15.3486868027085	14.2077848976661	13.9291421537382	13.1917004870666	13.582236383056	14.1849779141527	14.1083629737274	15.0421196885126	10.7162484482849	10.8305487685797	15.0573293000079	14.0987216658276	14.3676211750883	14.5392240622413	14.8512470751263	12.0909364465333	14.955338537498	14.7614099382178	14.4079164695505	15.1430997808528	14.6986062313099	13.8816677823693	14.6080544148469	14.2099099128778	15.0933210728449	14.3412456102117	14.4854305550097	14.8073100393417	14.5236843219527	15.1035439449579	13.4928933723083	13.8842712208748	14.5743968341671	11.7940501376252	14.2016366742547	14.7953261187264	10.8902372177041	14.0492245263783	10.4569276440816	13.0504323826141
M631.9137T901.06	12.0960295256411	11.6695296358503	12.4065433454983	12.1425565840353	11.2675540958994	10.6070355307564	11.2918570110966	12.340917640683	11.7133555111723	11.8604927391791	7.28711112993774	8.03988103272794	12.1770108445631	11.5408589297734	11.8385841147998	11.3494897953083	12.25986030323	6.66360271781952	11.8513823199163	12.640611589531	11.9277894582586	11.7041707901693	11.7802839880163	11.3603415196015	12.4064252776821	11.9834946233339	11.9545413406184	11.9327992440729	12.5288633116469	11.6424297937926	11.9675909455453	12.5028046576817	11.2920255009206	11.3258104468412	12.2769404469567	8.85277444667103	11.9377531362831	12.5245060407583	8.49109869885636	11.3521442357647	9.07496169980844	9.37721119748024
M632.0983T854.99_1	10.9531225925314	12.459565747931	13.1320968790081	12.4269704488023	11.7669716088707	10.8321481287591	11.3586404700884	12.0897867649338	11.6667960724304	13.1058082294482	8.5561201143106	10.4384882018362	12.7702013410378	11.5792217262398	11.9802339891107	11.6286589608123	13.0601313081235	10.0544442546327	12.1041342352844	12.9553238300918	11.7528995586306	13.1091947794411	11.7121027011257	11.7073700454148	12.186875548053	11.6063911636469	12.6864623393622	11.5147817664137	12.7833943654566	12.2481581012751	12.1631836615531	12.9460089488231	12.2757939279559	11.8345955372298	12.3054743282377	10.0398636923672	11.0070721633076	12.5748228135384	8.08668476921552	11.4122120582584	10.1378496447519	8.24163959301782
M632.3565T705.28	14.9244942138691	14.3027538634616	10.2751423250663	12.5977034386898	14.105188279043	14.5509497605683	13.8783863339181	14.5254069523189	14.7439121467619	14.8689973966953	14.2653789995283	14.6374864530231	14.4918666209368	13.8289286646329	13.7840376526899	13.7291366252519	14.3200625055799	14.0945075616585	14.0892279986344	14.7726579288026	14.2548085354834	14.4903311912665	14.587103234574	14.5445784802213	15.6637682973782	15.7713387933753	14.4356047921428	15.419404308836	14.308828644512	10.7697388355298	13.8711596665412	14.0978933328859	10.2831545413066	14.1394831293927	13.17127044715	14.8022569101768	14.9593146120476	14.3816709644501	15.05167725906	14.6766726672839	15.28837595231	14.9884179824766
M632.3952T888.47	12.1423796317934	11.5243056835711	9.8583680328309	11.0410621011099	10.9093395521513	11.1548579579362	11.1239046455025	11.835708921339	12.8553153516795	11.3225441539427	10.9354260075286	12.6535973997051	11.4108031352708	10.0301270567676	10.9246383715403	8.46870001085104	11.0666973039644	10.408419158935	11.7761158565657	11.0651680073084	10.7243258493068	11.7682172013811	11.9208056023917	9.02451459335093	12.3640740018136	13.9115557301196	11.006943470649	11.3583521103804	10.5762048287896	9.43155966302464	10.8333807238369	11.6403377707219	9.90790259220742	10.5534718499214	10.0225926822648	13.0902895516484	8.3205114018178	12.00897343812	12.4580546115781	11.2815195646494	12.0701059772201	11.0271220292122
M632.4326T855.14_2	11.9328326249824	12.3774085265836	13.6069033069348	12.2011139411232	11.49978859353	10.7047886282494	11.8114360606256	12.3799709591899	11.9965673326952	12.4795943510133	7.78573619738976	7.8463928622435	12.8303732057421	12.0740650027744	11.6349743106104	12.049526776133	12.7758665155898	9.95958379010326	11.9871551275619	12.574707005142	12.3489447850465	12.5613459106875	12.4710194766741	10.9258107113052	12.0977743110963	12.3863472395327	13.114563017194	12.3441996661726	12.5506410351266	12.5938158836508	12.6737806171393	12.7112064794174	12.3972721162974	11.3712537873057	13.0084519625784	9.46994856951128	11.795819360364	13.1594856626358	6.78746785830054	11.8120715104228	8.71144132283723	10.0771763069904
M632.9239T49.35	14.4999203705761	14.3109847737565	14.1313589680742	13.5370327889385	14.6780416164986	13.8368029004723	14.1455289750336	14.0031067422471	14.2234375872612	13.7085941477303	14.4953928954575	13.1286019563351	13.9370256933499	14.6541938052008	14.8021641723155	14.7092051917303	14.1560826573975	13.3660975014431	14.1340102091105	14.1951140541308	14.5197626905116	14.2917273105681	14.2180867872297	13.9986070441437	14.4098092922496	14.7465320108209	13.9522755113923	14.504621807482	13.9314626071083	13.8907999462088	14.7109422497558	14.0892527252029	14.6704237076141	14.5313334651867	14.4568212769464	13.7048537745792	14.0079367816323	14.3046741726779	13.7783228736944	14.0710660009772	14.0498115344532	13.0595583424594
M633.2591T396.24	11.9217781473139	11.2044511985959	12.3792555994611	12.1190713421939	11.1832694881853	11.1454661543657	13.0297557838957	11.9527704043191	11.4332197537911	12.3334160106416	13.2379734447094	13.8811937556632	10.8334059681924	11.7794506299235	11.6887952786964	12.1053638309844	10.2721259893015	11.6421440610552	11.047680836705	11.1114791028539	8.29087287998729	11.0722704672289	11.6752299722486	11.6433074755986	11.8017328706258	11.9452809972123	11.3798186291903	10.4617551454978	11.6899839969238	11.3522115513478	12.1716037426288	11.6941277175987	11.7998669506385	11.4851060497038	12.1517650019664	13.0296523613046	10.8012912323325	12.0173748088411	13.7890383466466	9.60776277390189	11.9745451094231	14.3107924278226
M633.3727T380.95	11.4540593048599	11.2060347366374	12.4139749867499	12.1117165393821	10.9310739584691	12.1162552040893	12.3454191355247	11.2305311387696	11.5675016482724	11.8479647819478	11.8897430166009	11.4300845982363	10.6033929434055	12.5570738249677	11.7547179486048	12.2231379287259	11.5340930010362	9.28547848820278	11.7778127395145	11.336055761013	11.2776144715205	12.5799741801815	11.0794309166923	11.4727392296701	11.7376986335739	12.2016861077516	11.769074468657	11.6914744752478	12.072322900117	10.7848958542152	12.2137033159457	12.7949559247218	11.7055753172912	11.8771956897373	12.4033312277765	12.7747454116739	11.013661906511	13.639861539102	12.6819027209019	11.8910448666623	11.3158424168147	12.4037059502935
M634.0945T899.77_1	11.8570920205846	11.9663784894256	12.5619605978321	12.142862007629	12.0773307485563	10.1656797170672	11.4307596774085	12.0923172841504	12.0086231255918	12.4871061270552	10.0432354134613	11.2507808816738	12.4797553103564	11.0997158954252	11.9924499802864	11.6307847244954	12.5133847256251	11.6445802331098	12.2744328366922	12.5102543472603	12.1869909310132	12.6040604832379	12.0199887743538	11.5141059723088	12.0373728257458	12.019389652269	12.6250682183778	12.3518362736438	12.3841677003261	12.1841858767903	12.4554414128484	12.773640658473	11.8928079410045	11.3773469077835	12.7342654304535	10.714278214101	11.9835495284039	13.0306562090832	8.98672669744566	11.699987030076	9.91825183011354	10.9901337749887
M634.4288T899.84_2	11.7932952285973	11.759107686827	13.0411961401414	12.0535492394379	11.7688207574152	10.7352068324586	10.8652205254901	11.922429543898	12.2657008456683	12.2616374474058	10.0370465934052	11.0360600738501	12.6182936686674	11.9185615546175	12.138064744421	12.0975094310752	12.4290582225325	9.58355708738249	12.4174777458791	12.9268089418956	11.827981931967	12.5101640543214	12.1834773300189	11.3401073810588	12.5348951519055	11.9289915664086	12.7646726097143	12.3713942066072	12.5541010237497	12.210425051433	12.5333889686406	12.6135795054404	11.9550661194274	10.8263574048044	12.6775295733294	10.3037549488392	11.8779629660221	13.3450304998028	10.6029532606676	11.8068241042888	0	11.7271858828679
M634.5209T1054.04	13.049716668417	11.3271439872322	9.8587869641496	10.6056004535606	11.8822222565526	12.0722987567752	11.6588824364767	12.1042322477622	10.5989978058507	12.4473553175426	11.304597270337	12.1898402154382	10.9557094133953	11.6367732452045	10.863274449681	11.171088903922	10.0849429491701	10.6868568889618	11.2570815746877	12.4131828731951	12.0244323605813	7.8017255549843	12.5098395020484	10.9678669905443	11.2204080012231	12.3818227336437	11.7203220670943	12.9023019385567	10.8106487311503	9.73312839891418	10.9112604567899	11.406034201261	11.3373043062632	11.1521426303821	10.1620371571321	10.7044939354693	11.1224248337205	11.9349619313394	9.74024856092887	11.6249022997794	11.1043071758216	12.7704838655647
M634.7535T837.1_1	14.1517792778285	13.9625197562496	14.2288302583747	14.1052631403238	12.9867977019463	12.6980582705395	13.473449114219	13.863731790459	14.0796719857761	13.8399694154813	10.2804415997819	11.3106572200143	13.8853599271888	13.8862891579812	13.9005475350208	13.8494126294768	14.4204750828158	10.6321994480394	13.7004877934155	14.3960677193823	13.5109780853722	14.0748799669124	14.0746020024339	13.0690639400594	14.3630848145303	14.1911067307068	13.9434408360764	14.0483640114334	14.254669802164	13.796914213134	14.1768489047833	14.6846413402242	13.7560335737072	13.1750576830182	14.2811439100789	11.3192610616448	13.6277673646085	14.390260968937	9.37691240667119	13.4306040913246	8.86331469190181	12.0103795254835
M634.9758T327.8	11.1442540564238	10.8877777422967	0	9.83053365398835	13.4334190315174	12.2155544332685	10.4637265714447	11.7492224257242	11.8693955206443	14.9578062219164	11.9967216829572	0	11.770035712622	11.8795610829099	11.7204630932914	11.8729429747934	13.0298405368416	12.5099300031109	14.8297996579585	12.4560192960687	10.0827701685258	12.4518771918308	10.8646602335726	8.0431219022746	10.219275909616	11.1952382854996	10.3253440659554	10.5771263027739	9.31945273640146	11.7374284645097	11.982117913721	11.2701667041262	10.2846925149788	11.8289671553873	11.1592128130111	12.5722315271915	13.6754422587929	11.2159889123799	11.3825547859284	11.7794505271862	0	11.8177898670196
M635.0877T836.91_2	14.0178103547205	14.2313065274244	14.205738150954	14.7033357425549	14.0948115138346	12.6460746012346	13.6757409744845	13.5795645508345	14.1001799266398	14.2189907070649	11.1639246687996	10.741736148168	13.8443464049543	13.769988990776	13.8426410618005	13.8155599788742	14.3052484080824	9.95984076142604	14.0754463675441	14.3061806858988	13.569766997535	14.5351263463654	14.0025157946123	13.5446642572069	14.3851259704883	14.0709269203873	14.1516747058195	13.9940472962009	14.3371712534317	13.6741724529515	14.2017372037069	14.6113235616499	13.9380721003357	13.789529462705	14.2843302835195	10.2238830311057	13.8813980631029	14.5002458997277	11.3816987804626	13.3771487539831	9.4572986964553	11.9082018481969
M636.5597T325.99	12.68431110646	12.3404962863706	13.3822985255659	13.4575695923937	12.8110730592271	12.8697584818035	12.9238245435146	13.5988823428037	12.8691565191572	9.62341035621178	13.5816035283862	11.3396583346612	12.6876957401388	12.2594321790395	12.8406837795236	12.5112818877195	8.95591549664966	10.3283311312969	0	12.8916248260388	12.4288028850966	11.4291582125054	12.5618157116655	12.5946408894039	13.8809028331405	11.6872853923096	12.9673186617581	13.370136821875	13.5148498480288	13.4536213226293	13.6839774585624	14.0828924846561	13.3269653101598	13.8869243064885	13.1939151707541	11.9520774979562	12.2960522515367	12.9582625860551	13.0987480672239	12.1738526793051	8.57323960192793	12.5246217776868
M636.6265T423.45	12.9518319974691	13.5633752551076	13.9493143333404	13.3726418067003	12.8247007306866	13.2365460260678	11.941104065902	13.3357587605924	13.1651071753282	13.5151871000781	13.8834169782604	14.2061788908183	13.1888575041737	11.7403936311747	11.9283672684025	12.4012019113537	13.1036228360825	12.2357756434958	12.8688205507727	14.5622827856397	14.4155096099773	13.822828224585	13.0766481634789	13.033213546097	13.3192924011471	14.5279638279997	13.8488779090878	12.8558236603001	14.1928861350356	11.5322948578493	12.6363608248381	13.8117444951217	13.4539566179206	13.4239751426096	12.1938768292168	13.2082056635945	12.0299750325071	13.6017588585314	13.1164525027857	13.2685150053302	13.2508698075591	11.9879074032105
M637.4295T815.27	13.2527399552045	13.180524423281	13.5544693820487	13.942250373277	12.7823410767764	12.3650812638937	13.2917741652231	13.7935683903787	13.0416021091082	12.7078494417445	10.6665540536183	10.5624069135679	13.5898490367031	12.6852787387947	13.162215250027	13.5001088802493	13.5037265408076	9.51705419527273	13.1691723817243	13.3286874748216	13.349806706202	13.581632579814	13.787489033643	12.7650133619151	13.8324755349427	13.0047035283946	13.4329073726532	12.9419083096859	13.2636910230855	13.2074003094679	13.3824780563333	14.0835224287174	13.1768345407176	13.1367850009151	13.4333491322889	10.3769113558556	12.9816976194828	13.7005843271382	10.7257387158565	12.8200950626771	9.81286550501353	10.9152151381144
M637.4841T993.12	12.8668878409138	14.8899521425108	13.1860580459667	11.8093010450217	11.9504581820967	13.8996618415198	11.5017797613731	11.9702959849018	13.9378895493421	13.321009599309	10.6546317927117	12.1467900204772	13.8343240431177	10.0735120964577	8.25824528901347	12.1817995187923	13.67557754834	9.1145989842628	13.2402002815502	13.3327492186913	13.7422015053125	14.9015344674596	14.5016485575924	10.9998053661386	10.8012816648041	13.0630841586559	14.5892655266206	14.1319860335637	14.892868909369	10.6559187064473	12.1434524740572	14.4721316698924	12.7692467055782	14.4879860804884	13.4160499523763	10.5176867527577	13.5038406323071	15.0101596743411	11.4470202300399	13.3144433016187	13.330236606423	12.0799398324144
M637.764T814.89	13.0618155901016	13.1088040717173	14.1708295199997	13.6381316268314	12.8435440012155	11.5864744928191	12.7171620232266	13.0839314143506	13.3010848336482	13.6066559732232	9.08463669932067	10.7967490455065	13.5075880399598	12.7517057747976	13.1580163217561	12.6555585069969	13.8129534914454	8.73074598639054	13.3082689620964	13.9060646210786	13.5025182479914	14.0617897710168	12.9559108757208	12.4487312855518	13.9500495098224	13.4110756518438	13.4500100638761	13.4577700198776	13.2965421938514	13.9502152527679	13.1592874315601	13.9784042529857	13.097180528894	13.045892117269	13.6865486026395	9.7231411282443	13.3376166970774	13.6313724773256	8.44431015087426	12.733923769981	8.5642765197554	9.31516644885734
M639.1656T877.16_1	12.4316165620354	11.6052430082662	12.3817832242408	13.0966582727772	12.0039632553754	11.6850371107875	11.7919161658429	12.7288158992779	12.0950068815813	12.5318038419666	8.20151952215902	0	12.4284830890155	12.2189889887187	12.3728568778849	11.4833468956959	12.5546021071603	8.18245114238013	12.291553220786	12.7578055381998	11.5554471216079	12.440663769584	12.1681517667565	11.6748193889494	12.9568195071285	12.3353609025056	11.6542906766082	12.5750803388709	12.5492942360699	11.6942374304353	12.5718955252503	12.7094080956071	12.0580083898603	12.2289953035681	12.3993737090114	7.45414227574813	12.4525991809413	12.9784587015275	9.42327673611506	11.9786874811086	7.32878174899146	9.90684782697111
M639.4162T877.13_2	12.0498537115167	11.4799274053358	12.1325829953674	12.1199237781441	10.5869333028816	10.2945460043243	10.7112282992685	12.0392909727791	11.8338319662669	11.714988529783	0	7.9295376152393	11.865773027422	11.4338052281283	11.7098542975991	11.4788755744442	12.0105617841091	0	11.7626811923305	11.9713528698891	12.2882055552199	11.6102691672378	11.3838178649552	10.9599273328674	12.4330313923575	11.4303955047347	11.2864415491626	11.5922287968852	11.8458787479718	10.6638113248039	10.1794812254049	12.8063566667699	11.7830654492703	11.5147717394422	11.9367548322244	0	12.3349254919379	12.6690922157934	9.0885730458517	11.2798571537854	9.18611508841164	8.75069104270585
M639.4255T855.42	13.6596336575698	13.911537632063	14.5276346791245	14.2651708123376	13.529393696658	12.6045349153694	13.3306984538004	13.9923499649012	13.7873365121258	14.3566850263331	11.8131956055055	10.2739844036499	14.1755872737389	13.6490960131968	13.869048154121	13.5725395607304	14.5846239137825	12.2953394911434	13.8952852710698	14.5156039347503	13.8733280801837	14.3449458614154	13.9103604483595	13.2942358700854	14.3073246280767	14.070133397239	14.3787421625035	13.9958739154893	14.2507738160979	14.044870629221	14.1500242146573	14.6721587647809	13.5978050622486	13.482603738932	14.3255594692052	11.7650685333422	14.1291839474163	14.4538990682772	10.8517460013383	13.2500887942242	9.79761793180497	12.0690603713021
M639.7601T855.23_1	13.8603963323058	14.1632242800805	14.4841159654594	14.5048113946676	13.7904994919648	12.8880317221801	13.4298786523492	13.8101622363224	13.8566734070623	13.8612277310362	11.566563613613	11.3887815485717	14.2117905658859	13.5095435977177	13.8797232780909	13.4359396166364	14.5574036984713	12.5696972395622	14.1089672789817	14.6423924576315	13.5797029412197	14.5371983277352	14.0171174177827	13.950410239935	14.2962292412166	13.9656050933695	13.9860362948925	14.0370007826339	14.548210345491	14.023445370958	14.0798010963286	14.8606568695447	13.7231340836598	13.7534248985724	14.1939262721334	11.1663842653209	13.0952861808014	14.6830520419152	10.6931154595702	13.325925383227	12.2061242764044	11.7415106592934
M640.0946T855.09_2	12.5620021686198	13.5392197037371	13.6764661497874	13.7707455310759	12.3099492153902	11.5935511230686	12.4537744902098	12.9524547189938	13.1157658044454	13.5632765821796	10.3668377033549	10.558410913041	13.1819341315869	12.6763704629603	12.7861248271773	12.772886845789	13.222718300752	10.1438544265669	13.0020342264533	13.3689403277335	12.1679604197471	13.9587718149163	13.0030114060434	12.7216165998275	13.390894865308	13.1875175661386	13.1821847424447	13.2330961662816	13.6868917964228	13.1623174394008	13.2815351376847	13.9081230189358	12.7877216703914	12.0544752097697	13.3662311945045	8.79625480545568	13.2031848509839	13.723561701956	9.5875322491956	12.1563722584425	10.3130308711596	11.4798810113369
M640.2894T99.48	9.22932566553713	12.3957903894369	12.6419351578895	12.7454178959953	11.3512704747668	9.91100843198328	11.4237320401059	9.18412629641572	9.50264714180612	11.2236884419816	12.7045539601738	12.1684932279812	11.2678417910127	11.750729946941	10.0865247867874	10.7937697064583	11.0388160638466	11.8516371491658	11.5606205856194	11.2714832379632	13.4369478657866	12.8347359585641	11.528192169294	12.3423878046052	12.3790111202059	13.1536369286746	10.8408183369358	11.7281700607754	13.0477018947993	9.49997139535765	10.087506893528	12.6834468821163	12.6464456654299	12.0600341653605	12.4633774905003	11.7410538402651	10.2387621334413	12.8420276884142	13.3093641772671	10.5312956471986	13.1194198415243	11.1115868094053
M640.3478T629.17	13.9060698292774	15.2183600781084	13.6049586891082	12.6728021566092	14.5789150414194	14.7322339035333	12.2819542303759	14.5403722956585	14.9686792942062	14.6065283215234	14.0698141142724	14.017613086604	15.1365792885457	12.6783124906816	13.0615882517215	14.2455194647909	14.9171656591046	13.7554436138044	15.1847345999839	14.3958436963734	14.9441154602508	15.5697789108661	14.4150943917804	12.990022973385	12.7917262332665	14.9900604193829	15.519420133136	15.6845662165227	15.0185535696443	13.1056763473869	14.4072837339211	14.1921391220545	14.4026896046216	15.0059226523849	14.5200541604516	14.3099786471211	14.4954198307719	14.3477659398912	13.3184202917076	15.3014761444406	14.4553193592567	13.6343826678946
M642.1016T834.05_1	12.7191254549005	13.3191075873596	13.4856940944794	13.4332367685795	12.1243751709771	12.0734101567738	12.1298745166607	12.8026729012119	12.672646854195	13.4944313963183	8.30756077637532	8.36810777120439	13.0575702207553	12.6601337496732	12.8455893403895	12.3388664564065	13.3835342957588	8.39725954236834	13.2365350698016	13.3243393816153	12.7440660910432	13.3301099032649	12.7451091664853	12.8298070831326	12.8872861975314	12.9418486786787	12.8590815566851	12.8459522382686	13.0060993464893	12.8649704345751	12.9951941267893	13.2358198963051	12.8492133704284	12.9732675848806	13.1344538558297	8.1830687213849	13.0814454548956	13.1322302812457	8.9478435214796	12.3444317281508	0	9.79130152134899
M642.329T282.93	13.8759010687422	13.458067985486	13.6975214237045	13.765862170958	13.93689515611	13.3905520516482	12.9856131693675	13.7436559109028	13.3011221962628	13.7926374479223	12.6763995722491	13.5402050866786	13.6202112823865	13.5194363625798	13.62744614281	13.6289224251438	13.3576924291233	0	13.4886280356641	14.2234915710665	14.1172661009659	14.3790122412256	13.8943489125742	13.1078932450027	13.6695526616737	13.9541477658971	14.0073169032728	14.1095859285598	14.1616066776162	13.5918494916475	14.1374301408622	14.4367725399546	13.7308563059782	14.1964777852117	13.9212614616748	14.0587513779904	14.0355573995633	14.364888986007	12.9764199982078	12.9973725905015	12.7612041167097	13.8006279233345
M642.436T834.21_2	13.3155515205704	13.0355898741215	13.7821520199605	13.3855867749193	11.7488747376509	11.4112925611044	12.538275443817	12.4518124817839	13.1332591841596	12.6001667347586	10.0935468921253	7.73005390243452	13.808964414159	12.8945569482675	13.5700571013821	12.53080399521	13.4500425718159	8.51806801158257	12.8935142142473	13.3189174810424	13.2684057089627	13.2327828594716	13.1113492936371	12.243091350793	13.6643119476683	13.083859331563	13.6097012960955	13.406334589974	13.4576698233147	13.4017031725433	13.3728277936984	13.9091928671289	13.0884179565744	12.6150589591325	13.5080483505746	9.12400232046862	12.3471431111259	13.5615909671571	9.12611601092659	12.6031921794029	10.1296204102041	9.13889031966545
M642.6633T282.95_1	14.0898611975778	13.1644703606606	13.4553469668371	13.3102404466498	13.7368163002198	13.2057721943508	13.2031742871272	13.7750959541467	13.4371525783375	13.8148120935624	12.6729246254874	13.5043979422403	13.8370464698097	13.6894637389192	13.778233857259	13.5622075350681	13.3990002028793	13.1183805177556	13.4548517594288	14.1710899645379	13.9810676021808	14.1779753657597	13.9233051515618	12.9412209577401	13.9288272831472	14.0884829013538	14.0053710230917	14.1669068239631	13.9982205057093	13.5160084800761	14.0803579607222	14.5655820435882	13.6495229240729	14.1221752002752	14.1939692926958	14.0943061287369	13.7840042578713	14.3918651806085	13.1496446400677	13.3212444400332	12.4626170216218	13.8473765172377
M644.3928T789.92	14.5763824481079	13.7020239675581	12.2550771996844	12.2877583282422	12.2590546548903	13.2428912204925	13.2348397865982	15.0056319955264	13.8981055142001	13.7125598662715	12.4231429482299	13.8492351469073	13.5503344354124	12.2870473066207	0	13.2922545603181	12.0740051073942	0	13.5441946485827	14.8338437898494	15.1185183335115	15.4188003123201	15.199801226827	11.5579748630647	14.1973180944381	14.3690607849934	14.2400772236273	14.7940032667617	14.4782178209317	8.89783733389438	13.6932449060621	14.3546000161602	12.776864654787	13.7752503744744	12.7251465794697	11.7369827278824	12.7394320809104	15.2029343353423	13.4768759766302	13.8768597025337	13.1774634490575	13.3574813759423
M644.4325T876.17_2	13.1126258084368	13.469538836829	13.9377729684947	13.8419796965064	13.1144768075591	12.5559553371276	13.0334543530035	13.5948979324573	13.370599732605	13.913423005667	11.8240408475207	11.768703813054	13.7033683191602	13.0306057236367	13.2675864164814	12.9364816905214	13.8494659899207	11.9891629690633	13.8722197698413	14.0726536099632	13.290338656576	13.8708671179671	13.4775109020317	12.7006942069104	13.5602061470901	13.2494810905702	13.5406958050574	13.62798368712	13.7662821713872	13.6275604132777	13.5800797729727	13.9554643827052	13.1921955412144	13.0431749129775	13.9223231168702	12.2077442786748	13.0643022071434	13.9858601221821	11.3435358957057	12.881792403747	10.747578624155	12.428634063047
M644.7666T876.2	12.2136378924805	12.6520648277716	13.339221807884	13.0581442711373	12.389932570732	11.3630277929206	11.8856071758508	12.337552638479	12.4130197127568	12.9294871667413	9.53581016926785	9.94998304629551	12.8296750664684	12.0352057632863	12.5797672076932	11.9924749004509	13.0846619301649	11.0949995861355	12.9960650361793	13.2191786853838	12.5261122073179	12.982187652568	12.3998773787039	12.4551622520018	12.4610159096306	11.9385536488063	12.8080148667093	12.3740539691261	12.7089478181314	12.7201557157647	12.7415812460598	13.1098222149516	12.4205956308609	12.1428449323766	12.652557513284	9.98219280099438	12.3308079870635	13.0749248948717	8.23659526955589	11.7166844512588	9.97895820073275	11.4425042728917
M645.4014T883.13	10.6749467832871	11.8808148299367	11.2467822001568	11.2306791085866	9.20958620162437	10.5590132827193	10.2196763881032	11.4832768139181	10.9923406235054	11.0256037205093	11.6535965177159	11.7360850444629	10.5927630905838	9.3570832666964	0	6.13994958281175	10.7340007865408	11.3666359647639	10.6237985706344	11.3217403800574	12.667482005335	12.4317768684878	11.700334444478	9.22022958589152	10.2722771961962	12.2154661641949	12.0055499479811	11.1731618236849	12.4964280135455	8.55712803052022	10.6210484960653	11.055036302525	11.5633425165442	11.3446510028434	11.5299491045279	12.2443238575975	8.08802273433611	12.2600828255616	12.1316437564957	10.8138912124752	12.4520300784	12.214199900363
M645.6807T374.42_1	11.8747363533031	11.2946420052767	11.7760293847448	11.7308187960493	11.251632484791	11.6139848104652	10.9349803070659	11.8330994549876	10.9854890148424	12.848468982069	11.0835792736586	12.7690647449244	9.78054317651632	11.6658312545332	11.3161730635835	11.6607851991658	11.2998220390118	11.6517700554331	11.6223284047566	11.2815391310383	9.53616515505003	12.336061019519	12.5426729815899	10.8461476625062	11.7786081243068	11.4435536011357	11.4839427303987	11.8651948709416	12.3493891554922	10.4869937799517	12.2175385247322	11.0510523890699	7.39337595595998	12.1202686625041	11.3581084069131	12.2011150668282	11.868276415264	11.9971927136311	11.9705404792103	10.4437043276159	11.0000661917015	12.4444530402546
M645.8469T373.85_2	13.2787916044638	12.5209070367537	13.1386469629654	13.4015224970966	12.9870638007832	12.8261151274905	13.3243381057158	12.9280793837511	12.8796964318663	13.5247378903412	13.1655404979591	13.5697857984599	12.7283536174577	13.4125849957831	13.2189182317665	13.2790193206026	12.5095984897282	13.6196550030378	13.06339386248	12.7384191901033	12.7392434540535	13.1250997962663	13.4035206143804	13.0831934824371	13.4476988599546	12.8920055957754	13.4579048470049	13.1391772169824	13.8227867922981	12.5180422604974	12.960289834719	12.977797634215	12.856018591417	13.2274974698384	12.4919285258125	13.7093703133684	12.3740485123409	13.4458973270497	13.6498291928456	12.5771268565649	13.0657669110895	13.2755549632491
M646.0137T373.41_1	13.3616209504095	13.257692962853	13.4870317290411	13.8005395494591	13.1335575555685	13.174341499603	13.1432998242959	13.4722403596953	12.9072020470254	14.086108376251	13.9508869869908	13.8972440903378	13.0901277658672	13.1343212444646	13.4973610088032	13.2406377287702	12.9781249442618	13.9431158065947	13.4726073758017	13.3394140303452	13.1005103337669	13.8591111814864	13.5668898982039	13.2605431590428	13.6095590788062	13.4629397912686	13.983929345291	13.5641716366671	14.0482037992368	12.8353148641242	13.5398532634794	13.4559528530408	13.2300030459213	13.6629521117375	13.0794775399231	14.0815352794114	12.7501487245144	13.5658593914751	14.1053498704767	12.856412810499	13.8378154276688	14.0518378454415
M646.1805T373.22_2	13.3915462202768	12.7970705594556	13.3739842162097	13.3006383145749	13.0184815498744	13.1571201747709	13.1639431439753	13.4449842273136	12.5133186977269	13.3927691632059	13.6423480669495	13.6034416600787	12.7040214536503	13.4310833313096	13.2590882107738	13.4083816905951	13.0155462275196	14.0415169888742	13.4208659194348	12.8582895190229	12.3927140504628	13.3974751989903	13.270557753641	13.2865398218745	13.4835988437952	13.5630078159031	13.3801851210131	13.1503273915535	13.860658809275	12.7191233957475	13.2444383214456	13.4051843600246	12.7050130061958	13.2720411284124	13.0673902868202	13.9746926189773	12.6540090099232	13.6596966643614	13.9220964672593	13.2497465061639	13.4724189062292	13.6604371874545
M646.3474T372.97_3	12.5019635552452	11.1155313402102	12.506803074295	12.7089615809501	12.5441310453576	12.1986723541049	12.763409467447	12.5051071099836	12.0964178172444	13.0697297233216	13.088720040287	12.8708014404367	11.9368638305652	12.7557239671555	12.6142052112157	12.5987284540391	11.8285066403809	13.4771862206409	13.0502409927679	11.9585949860974	12.3753906125916	12.7298536161212	12.9309286101108	12.7165615258368	13.0697988928681	12.8057684955328	12.3762974678828	12.9277552180982	12.9084710340822	11.3862108562873	12.5046055802617	12.6194973768388	12.3797833951077	12.8355924810366	12.7690111055093	13.1585840498556	12.1212437825653	13.1161128705242	13.5463972664447	12.3206576994396	12.6256784412683	13.1554254983396
M646.4984T903.7	10.4879783761209	9.8940604906068	9.24782288180566	8.44846481754599	9.13903018274759	10.3377537167494	9.85333961713599	10.6986738228566	11.1586634607693	10.2635939679096	10.9649839264153	12.3977886962702	11.2707267558822	9.66878334108657	10.1125727423954	10.2236261262097	10.5965740377629	9.92753089301215	8.81918532200664	10.9426217927943	10.6902574008103	10.9536557193756	11.8355699698329	9.96257530176674	10.6974513426106	12.2996522119627	10.9416964573295	11.1448573633704	10.7870016561285	9.73962717667387	10.4093891568668	10.7475947476508	10.6071990163656	10.3573063233024	10.0956759861842	12.0897548511903	9.70379098742563	10.8525476802936	10.8269872721722	10.7453728509272	11.0971006558144	10.9937373450835
M646.7741T852.2_1	12.1606481645192	12.5437308693685	13.3471073235261	12.441947596623	12.0678080629757	10.8154745134224	12.278174169811	12.5828555263164	12.1004247536032	12.9707077831096	7.46618273936186	8.46142792433063	12.8868725282506	11.8373668005089	11.9922605021974	12.1235026263892	12.6210802911074	8.76234105710468	12.6177109018205	12.7932162592507	12.168320099514	12.8916994553251	12.8622644824445	11.1820301083934	12.8873714281109	12.5947391844331	13.0308958174994	12.9587804182002	12.3117779984877	12.663450024913	12.5855792151609	12.6846665135264	12.5489036764145	11.9068049183938	13.0876558742618	0	11.5163365331076	12.8037694581801	0	11.882675730208	8.68053534596909	9.98697032279503
M647.1083T852.34_2	12.0324365804434	12.5588924228356	13.3328572741174	12.8426604293039	12.1330248604744	11.2965398283888	12.3654268895493	12.8990937604685	12.3625806777562	13.1247205266185	10.4723172801863	9.76401515594183	13.1958818417677	12.41320409539	12.2302860098693	12.5427545236155	12.7188344069547	10.4625801790586	12.8713086349816	12.881525187354	12.7667415555217	13.0544343908447	12.6938067796212	11.9134270228933	12.9262668308954	12.759590120697	13.2375081107353	12.7675441486873	12.8048407748697	12.7425833228764	12.8723705913196	13.2132624500727	12.8080116363601	12.3173348233179	12.8382309044687	9.73877567212084	12.4383202270999	13.4396161011674	8.63609510653938	12.191604163928	8.97422242935896	10.2787498213721
M648.3132T336.76	12.5387261457178	11.8530289249508	11.8312725796875	12.1320586015491	12.4978611787901	12.0029673528531	11.7473520016233	12.3209891880734	12.0993449571827	12.6360709600594	11.1353396053759	11.4574538657839	13.0503163366752	12.4132394667623	12.6750755169863	12.9787310927162	12.3459920352246	12.1740563427366	12.3176601373568	13.2074194105375	12.5810217348152	12.6974527208669	12.3466812854706	11.5422948004178	11.4769313559663	12.326922139051	12.6666396813453	12.9809345848061	12.5324052641869	12.25566886405	13.1588851606762	13.212437310261	12.122016393416	12.3418709469757	12.3461061453856	12.9243244308351	12.4589876247231	12.7010971721538	11.5109014618986	12.3273291628641	11.4948513095167	12.8469346112283
M648.7705T896.34_1	12.1906045731487	12.4273407480359	13.1402931995989	12.6818777301675	12.1215660719054	11.6379422765525	11.6533789938124	11.9594554845404	12.0957248286146	13.0621892766648	8.60185109130824	10.845922020783	12.5284859002361	11.360320853838	12.0127539262649	11.9221951537124	12.9487158837476	8.67124400797749	12.6698513189477	13.1590313867718	12.1202182648106	12.9825302937988	12.4719608869334	12.0444326649283	12.4937961741229	12.2613746218529	12.7434322876133	12.5113362653615	12.9033336612553	12.5472546418205	12.5729009365037	12.8468998126338	12.2724702806779	11.5876113150847	12.9172736419532	10.782338873371	12.4385477534622	13.3372402200071	10.5054033026747	11.7207309859964	10.2758523168766	11.9898074440056
M649.4292T835.09	13.6719871701341	13.8037441137486	13.7304692272429	13.8255591887072	13.8232474738304	12.7919619602278	13.2299463816113	13.6895128532126	13.699501412348	13.9353134698241	9.89316985685629	9.93167119441475	13.742033540805	13.4263777323609	13.7942059142813	13.3750798664754	13.9752652023887	9.12456432169301	12.7079910551863	14.2813659985866	13.567174334092	14.3941174568848	13.5506824465792	13.0095183388699	13.9761155002445	13.9268135341204	13.5877529620034	13.6109285986206	13.7439516708199	13.2973864055053	13.8421788690739	14.2997372554844	13.4550509869625	13.1123900438155	14.0632745738661	10.3282723619942	14.040738729823	14.1628800275672	10.5332111018145	12.917026177455	8.95299920154733	11.4604409016279
M649.4526T725.89	15.7821856537237	15.9049248362914	14.73381371253	15.5307873371182	14.9364370860354	16.390075577751	15.8715872936931	16.0929252738679	16.9838554851958	14.9739951984453	15.8462160286727	16.7625687588455	15.1622618780065	13.7318467356607	15.5661762272239	15.6883350501377	15.5062365909754	14.6519154951279	14.9758274183187	15.1480923975385	15.6545311267267	15.5355130937972	15.5282262434368	15.3371669953809	16.0882390895573	17.6501450713059	15.7552925163953	15.3727258806799	15.472619874926	15.0140121998276	14.8029366991907	15.0194598513815	14.8002719184661	15.3247243210794	15.2370433478651	16.9177987052257	14.3021918329155	16.2373714239587	16.2210249128792	15.8353322066771	15.2633477254829	14.9634340377727
M649.5208T1098.24	10.9330142107855	10.4471070476523	8.60902330172607	11.4105995228971	9.17162638781355	11.3086392397427	11.9656152908686	10.9341693801153	10.5225805040733	11.7872557148512	9.8341578557909	11.9523923475321	10.5566535770348	9.89282749386371	7.03364095301802	10.2854815191247	9.51160942829428	0	10.5928895796948	10.5317609121699	11.1080670041987	12.2166665170639	11.6537747776703	10.3644132339266	11.0206310923625	11.6046265548589	10.2772687914587	11.6274796862516	11.1271406684519	8.36040061946895	10.3613931397149	10.7966015359334	10.8014276914127	11.2834921531588	9.39172570918589	11.289184064898	10.8706612729747	11.6516829813186	11.7424951125422	11.2178675451107	11.6603893631418	11.2044498962029
M649.7636T834.96	13.7045494268744	13.5681250584861	14.1519879830325	14.3652789593311	13.2841913526182	12.5822564556634	13.3354520878647	13.5432021659582	13.968822632248	13.8416844856364	0	9.5654594024233	13.7725151116695	13.7167796062271	13.9074050544082	13.625145474133	14.1391635118325	10.80945492528	13.6134808402693	14.0598578632913	13.5742540675048	14.2980816745982	13.7730855009006	13.3021960881465	14.1035190979886	13.8853876275908	13.4485936067116	13.8620208035747	13.6186946394619	13.5414189445045	14.0230154730284	14.3382971959258	13.4000010920249	13.3931649927727	14.1628486969687	10.6374616507564	13.6389781212518	14.3350412287134	10.9890989832776	13.3043584840792	10.0634444091452	10.3789737610387
M649.7765T281.57	12.5756495061586	10.6618840925939	10.8250507300742	12.5446652353662	13.1499791551703	12.9154779015568	12.415447336685	12.8718842537529	11.8564711127288	12.8355765260012	12.100659164863	11.9270275573455	9.95192165504886	15.0276304069314	11.5804429216693	12.7638965508221	14.5151795811214	14.6514457792101	12.5895476515918	11.8218441556017	14.0847562270714	14.7786949403911	14.4250190798289	10.7718801602593	11.4113851788541	13.251555942372	11.7531547646989	11.822008590603	10.8220050540999	7.76620675019899	11.3563967530764	12.1527205385156	10.766366464931	11.0974225054858	10.3178022149559	12.3814897254092	13.8213657562792	11.7343812426514	12.4094577827182	13.6948626833762	13.0733463131224	10.6157565537196
M650.1855T410.11	14.2241522894286	12.4570058972577	12.8781154497257	13.6534908946686	9.23195704419578	12.8980718987804	13.8106712627418	13.9874229253676	14.0676388427601	13.3994193300164	12.3486527598344	14.0804691047762	11.4408028950521	12.2640683402289	7.9423388714463	12.002866854487	9.36787663713044	0	11.7487421688971	12.1034286007791	0	12.1570106912298	13.0205318965698	12.3006170069069	13.090167576264	13.668023561529	13.7619445446854	14.4496117614107	13.2079934427046	11.5609216824423	13.2354099524642	12.6772748812257	12.402688011538	12.0297643198592	12.4367267981464	11.0636872247499	11.3914921318382	15.0605683076129	13.3193465295566	12.9079729312428	10.7347959673902	12.6505763218166
M650.1855T427.95	14.7469852574381	12.4354144124524	12.919278374579	14.008364223759	11.4012112558941	13.2988586871045	14.0741301401565	14.5653534278466	13.9034458968596	13.935381160837	12.8556432955033	14.2789596237135	11.9682343963934	12.7597386685604	10.2620679293288	12.1157907060458	10.4360341377531	7.60468756473394	12.3659849390779	12.9124264321621	0	12.6996916452951	13.663794541043	12.7520659184565	13.2734113148622	14.303523733101	14.115560624664	14.4344418375938	13.5965840488024	11.6444654368563	13.6597704869092	12.9042228599851	13.343742495411	12.5785385313492	12.5700844867193	8.52709391870977	11.9151677666561	15.177539015598	13.3377981872425	13.132108543867	10.3275409915044	13.0186056010667
M650.6804T318.94	12.8840019023007	11.9561716724786	10.5340245613252	10.6456074638657	13.3305070826582	9.74967927177715	7.90359401026162	12.1683176909222	10.5066691862566	8.55681506832923	11.5868591980853	0	8.60150118097486	14.6568645786857	14.4847444500875	14.7190882459154	14.9430862139742	16.0762273282555	12.6051594605765	12.6617411083009	16.8223417207787	16.2493272858639	15.8666921729578	8.45658727157267	13.0983820917621	14.9551473794165	12.0931371517645	13.3869716645203	12.0722510033593	11.831315181866	9.85268456721613	14.4617678023697	13.2662905452125	12.5740496714634	12.4284382035632	14.4538000729536	13.0867376818339	11.2637188766035	12.4923902451141	12.5054888266599	13.9624856408603	12.6621334451914
M651.146T523.95	14.1373254586022	13.667372446754	14.5361257130686	14.3863121138735	12.3844826068402	14.0125320519395	14.0578684391292	14.3015627305999	13.4411814902945	14.3579771846294	13.7253726399681	14.2808165871515	13.6197995017248	13.210986856617	0	12.9240705769641	12.2780017330662	9.32084393585229	13.3690921073114	13.1230197661682	0	13.5096163086129	13.1856554733441	13.4026782562248	13.5585945088322	14.0699822882345	14.6965217544971	13.9256417277798	14.5409631178232	13.2021170558936	14.271141301542	13.3418420539548	13.8658109631806	13.5127898409735	13.4780139035337	13.0584215696465	13.3705428446242	13.5269819264283	13.6952254487312	13.6183473698842	12.6335196330723	13.7415345962108
M651.4457T872.41	10.7595237162757	12.4152602232306	12.6375234706509	12.0527234660844	9.36125489887471	9.85075202122785	10.8616020677863	11.2533865388533	10.6946282987449	11.9922458752043	7.18508127061254	8.92313881668688	11.4699649831466	10.3351706020384	11.4950986187725	11.3310331753862	12.4121907491601	7.85043778882106	11.864905296379	12.4154684948823	10.741715167094	11.6381230790292	11.8044356662666	11.1541131280536	11.852825883288	11.5652437341703	12.0672284269652	11.5774137531842	11.4216910510719	12.320144917512	11.7171064332686	12.3860444652992	11.8395647309354	10.6762200712164	12.1487022813793	8.01720153344743	11.3881569188506	12.6323871557552	8.49355807027326	11.1989560317563	0	10.1989963977259
M651.7801T872.3	10.9890190792919	12.263278333459	12.9803748619069	12.8074053802837	11.1809120481179	9.8265880068526	11.2039420565575	12.0791314888667	11.6600181643592	12.1259603685775	8.46055989750534	9.24213090566074	11.9948449819555	11.1232273038948	11.7867945083873	11.3219529114781	12.3568573796217	10.7593109012667	11.758234564057	12.3152768407916	11.9128530125247	12.7170097352566	11.9512223786982	10.9933064922249	11.5426288732511	11.1687717672022	12.7702303945854	12.0371941638575	10.9190413464263	12.3453996407916	12.201257380439	12.5250363221594	11.7973206296839	11.9502951850904	12.0352874795898	9.36521782855004	11.3661358446431	12.4024695377243	7.64889786120241	10.9237116362413	8.65732100153518	8.67321094054367
M652.4218T746.23	14.6211111915512	15.2729909802163	14.5487865248982	14.2424490879995	14.3485158439449	14.8354187688634	14.5105471650955	15.4864800621437	14.8164516190542	14.9513212073775	15.0074797563463	14.7858461259405	14.8995402725549	14.3693348615284	13.7348352016929	14.2236809215624	14.2906989946176	13.7372583978874	14.3889021436485	15.269640012975	15.6212339678405	15.7970826554619	15.5434803018966	15.0425686705708	16.1262918054903	16.9556618446711	14.6395683924721	15.4300956251839	15.2762638259411	12.8335412550298	14.0425187853765	14.7915053394897	15.0034563393748	15.109639224088	14.638544102297	14.1396335681597	15.4746189233011	15.5971198028329	14.6469272550268	15.0179937232458	15.1774447916874	14.7084824283463
M652.7841T852.55	10.9657124485271	12.0708719021221	13.1567978760649	12.6713779415696	11.9634688241519	9.38692763989245	11.6894542008426	12.2353756146497	11.9640067866227	12.5816398237871	9.23648651744193	9.45371451619052	12.6418983267434	12.0439369880655	11.9945444057662	11.6537656780866	12.6876389735653	7.58591237499422	12.3930346798895	12.164210972591	12.0883392060756	12.4929094558684	11.6971566860241	11.5218937839092	11.9935621422018	12.132912070953	12.3699277392948	12.0690830298226	12.3452370482852	12.3454596128494	12.3096309117821	12.4787143928331	12.0826089398863	11.038418634982	12.6698540569078	7.15829391267888	11.6882948343477	12.6951364153177	8.71388691976271	10.7852406191108	8.19690547358011	9.79966512175331
M653.3523T411.45	11.50720776307	12.454504002389	12.5233975680243	12.6883420804653	12.4589823677163	12.5780076503572	12.9465913545406	12.1190664827525	10.5606767673795	11.4933878769633	11.3892959296636	11.7242584330194	11.9661046476541	12.2354682497655	11.8800705876825	10.7137089385635	10.004042027134	11.8418858781429	11.7230501925875	12.0015956367318	12.2365819108134	11.9143395829097	13.0955624294733	12.4852209081875	13.3799800925484	13.2653167360077	11.6372264117497	10.7670049679787	12.87983311752	11.3144963171008	11.3720696719054	12.4994222138936	12.7946984324976	13.5866877744875	13.9922182553579	12.8746416019227	11.06459382703	13.2112238379427	12.6081237166404	11.3701662717041	11.8944356749248	11.637668150546
M653.4417T918.93	11.0306891730034	11.2982857658128	11.3532863185162	11.5621125779637	11.1521827460906	10.3167020119903	10.83665636191	10.9120379694447	11.3157966005599	12.2501014057369	8.09800176749566	10.5246430908009	11.4790016426499	10.8140033899002	10.8111318700399	11.2086374578538	12.047762776581	9.7271028316858	11.2466199399469	11.9109575370536	10.8189835694314	12.2840278367869	11.7625695226767	10.975044468343	11.163644791994	10.9985009700193	11.8912814841934	11.8997988216785	11.5719268369852	11.243464246327	11.7646670222463	11.7745096099415	11.1219348379506	9.85154476935539	11.7345679468886	9.45179280758169	12.1291913792819	12.590394481982	9.90660923738073	11.2461568317137	9.34725294639497	10.4931185282686
M653.6353T299.78_1	16.3948013578038	15.5686512141606	15.0136354373031	15.2818798458201	16.6030297391766	16.8918825763195	15.8175724963366	15.9049318696953	16.422767949036	16.6855976707968	15.4240136760841	16.7371889003269	17.0655699635968	16.5389384311095	15.7788402599041	16.6082655435429	15.1478099010551	14.1697718261188	16.3220952965509	15.7960523068245	14.943172344674	13.8814282147714	15.164768757799	16.612672422112	15.7528117790957	14.2681209613617	15.8736611387459	15.9664531379519	14.9306047623537	15.3111031498279	15.6302720259814	13.8740287061608	15.520637234318	15.3196194731936	15.5228657662225	15.2328007640145	16.1102086556271	15.2226381125929	14.9547293867427	15.7835953463119	14.8314302647018	15.3301300116511
M653.6761T896	12.0048789724251	10.9322142836327	12.0072961448841	12.7539792914923	11.5972996773384	10.4373327988093	11.9617663592074	12.3765898950096	11.5682382097497	12.4984028657771	7.67228492789637	9.77733563507431	11.9735918735776	11.0448128864935	11.8547985855028	11.223581296084	12.0115950785826	0	12.4245610537221	12.3532722932111	11.6856382884315	12.3822490102523	11.7633610600129	9.68479094283798	12.3539279781536	12.2341802516342	11.389886197345	12.1208811394345	11.7014085723904	11.1135596421739	12.1204794099324	12.5221036908218	12.0343471208603	11.0181695118426	12.4563933923712	9.23696589838018	12.4887632178551	12.5909663809063	8.30184850411926	11.6067448669276	0	7.92631047627224
M653.7761T918.94	11.5200241913117	11.4642126495082	12.377856486322	10.9443405232823	10.8201590585371	9.95778692471243	10.3609649798508	11.1419150574587	11.948105643538	12.0944887178689	6.69438904070634	9.8347800891588	11.9402122210514	10.5632160193261	11.4548062361835	11.3994223529913	11.4224006310462	10.3695483429897	11.6107311376381	12.1707457285785	11.3345266644731	11.8726517143582	11.0846908019168	11.071110935418	11.598397044711	11.5766792212941	11.9784292933285	11.3725962337673	11.7278447272354	11.917591845364	11.6239395788266	12.163269900341	10.9850899440173	11.4976161843692	12.0171848629193	9.65565418547939	11.5220425298328	12.8302192222094	8.84247781470139	11.2370824980053	9.18415073308754	11.4300144092027
M653.9695T299.79_2	16.4742516964647	15.6211255339301	15.1753093510732	15.3200546131873	16.5597312951335	16.787518603009	15.5872756260318	16.184013232495	16.448562733337	16.4789623682992	15.6686074040624	16.2884623710214	17.3180074636346	16.2598561018101	15.8214679426024	16.2994346934671	15.2672793507066	14.0448306450553	16.3242297763474	15.7695639200605	15.2660018399506	14.846636069097	14.8808707089779	16.5582582964315	15.8158050340641	14.4916118145592	15.9782300281236	15.9736063781232	15.0526784194768	15.4245999890329	15.6479639055108	14.2179323116029	15.5410189772761	15.3300543093891	15.4624664844521	15.117421940321	16.0478389299182	14.7245090572658	14.8929117997792	16.0314922063915	14.828779778323	15.653441405482
M654.1011T852.31_1	13.9464293197239	14.0966127317342	14.5711762517962	14.4119567356366	13.9429618974046	13.1428132937092	13.5389181140816	14.2724304272351	14.0856488290546	14.2426189526293	11.7583721196179	11.571685041082	14.2046954259348	13.7695811483252	13.8609630371939	13.8119335695782	14.5399557820957	12.160433033212	14.2310302711714	14.7590282844252	13.8176233757082	14.654601168695	14.1580709927184	13.5080882069819	14.3477493049506	14.222882175821	14.194690928533	14.2368908654706	14.2724503056863	13.9815003119071	14.2259559576871	14.7787016541622	13.9702384043232	13.857524154093	14.413879479477	11.7020608575916	14.0207584061496	14.6588169772152	10.9691283346388	13.4107333444721	10.9092050094562	12.0556209210392
M654.3043T299.42	15.4830279465471	14.5827728733996	14.2667015848348	14.656960813355	15.5149987171218	16.1166330197385	14.8036239327259	15.1803848937581	15.5278398264114	15.1892142753111	14.6908810713725	15.0846555226884	16.3181048634474	15.4186512253252	14.6988730014997	15.4014110679993	14.3681109190109	0	15.2725091098343	15.0446526062791	14.230374052409	13.5070034223189	13.7002749420572	15.8762634984622	14.5330184260168	13.3403949981455	15.1086430241377	14.9526614916989	14.2146082626696	14.6233484896898	14.8006401645093	13.3029395604273	14.7202057643066	14.5378461181408	14.7934021271548	13.8275786294323	15.0105909524506	14.010449127382	14.0364139738219	14.6952555655708	13.9203031110584	14.0988502881
M654.4357T852.45_2	13.9689045829565	14.4419322024129	14.5827264733992	14.5215306981137	13.9695721409503	13.3311486811952	13.8625193129057	14.0773207413894	14.0348479041882	14.6350165073781	10.9050632318339	11.7162016331998	14.1107701805012	13.8519638108552	13.8272627898926	13.9203925844132	14.741239810064	10.9866794679966	14.4196616345229	14.5334153458759	13.9326134498688	14.6659036949147	14.3832665088138	13.7394841267335	14.560133379815	14.3875924303198	14.1587776182528	14.1398068569779	14.5077757344694	14.1110731986538	14.3598971989007	14.8662138530878	14.0707781654112	13.7497685084585	14.5804650033857	11.5712796675587	14.109133345288	14.6314069198686	11.5869639944777	13.7069325418267	11.4566195085617	12.8727949843087
M654.7699T852.14	13.2421682128007	13.7177789879712	13.7089457555106	13.8108575284369	12.9160858543029	12.1183688380095	12.8024652075976	13.5542327684925	13.2627707654763	13.6064337741956	9.56594195300115	10.5644175401454	13.372911199148	12.9626118107174	13.3262035366729	13.1326920007252	13.9910634377201	10.8895401742487	13.2039822494955	14.1967957573108	12.9264343033398	13.7989244458373	13.4901292205738	13.0136228244186	13.7152744972209	13.3578588677075	13.5474150878852	13.2211851911701	13.6366518025437	13.3225958925345	13.5152727193452	13.9608000920839	13.1338276396411	13.2092857524758	13.6583958575713	10.2302684737942	13.3727034481072	13.7599192478359	10.1189277095583	12.6638309529437	8.45498868239535	11.6950812892709
M656.7768T832.08_1	12.6208759196287	11.6840911996027	13.6799215281242	13.0569555105499	11.1608939915092	11.3296125005637	12.2371923329053	12.1504024798526	12.7456231296025	13.2084425203612	8.35706776203379	8.52150234379856	12.6288150891795	12.7429933347245	12.9477156864331	12.3345904775306	12.7010670365719	7.78106894830023	12.1939912811311	12.4139954880121	11.7150360215671	12.6624378967305	12.7067198680689	11.8341267045246	13.3282148578749	12.7848517721956	12.0382736821047	12.4065583524053	12.357433702925	13.0645355964725	13.0121402994645	13.0941622967577	12.171938264346	11.4471583799077	13.2345176451964	7.91899229534954	12.2227750808632	13.1068031972638	8.79796828583533	12.1746934066874	9.07556086915332	8.23652952579037
M657.1116T832.37_2	12.8574900268576	12.8909257425378	14.2858995063766	13.1762694545449	12.0796145870487	11.4399951458936	12.4271351613755	12.0901108358178	13.109044321453	12.2179166642656	7.70881891681393	7.95742169625928	13.0934244493249	12.6591315729833	13.385978423151	12.4688746826603	12.7976038090987	7.94073682745222	13.0868037400716	13.1461992206088	12.6170763812735	13.0183172492128	12.4240642486548	11.4518031279725	13.5845650713849	12.7768474147927	12.9871492863388	13.0063675975543	12.8144637033775	13.8627733800296	13.0700372453618	13.7129598598927	11.1149128966721	12.5963924737625	13.3058643674867	8.06714295956611	11.8367718616727	13.1850980584294	8.7288208442423	12.2332578946925	0	9.81395053482651
M657.875T43.02_1	15.3988736129341	15.6473830792623	15.7000611294863	15.3815719749287	15.153177641703	15.2246776653671	15.2590821924637	15.3082538621067	15.8247364423751	14.8808519230782	15.7693332557048	15.3034036403172	15.5983639009635	15.0263169618001	15.4273323116565	15.5287257194745	15.3893013197859	15.8092398574504	15.6486302455136	15.6185640523776	15.8081912951729	15.6783480257989	15.5918642973765	14.9690220730123	15.3143191590268	15.8347391318834	15.1393499329809	15.4367828396595	15.8266781941678	15.5489339556136	15.3708470389518	15.9184394068734	15.6378897176575	15.9102270936399	15.9235334388561	15.6040045878119	15.1156109889708	15.6023010059222	15.7265471467361	15.569958479141	15.9326061728489	15.6661046772962
M658.3722T724.11	13.8610044762617	12.9510175971006	11.853087999344	12.3992689415167	13.1642927951395	13.707689543522	12.4400218207641	14.2030588847802	13.3611573630153	13.2852740573156	13.1048204546158	13.4025984160425	13.4613491992635	12.3900791213883	11.9614065936919	9.195353000869	11.5324449738412	11.596819663457	13.0940855122629	13.5490925162351	13.6755695659349	12.9659624234673	13.7245777588114	12.8555372509991	13.7053531432688	14.6321537183193	13.2102203983553	13.9152216028096	12.9183691095979	11.1174849162228	11.8878854035361	13.7230547820099	12.144287597668	12.9387652264568	11.6817990770676	12.9259442525617	13.2065175697452	13.5839961290261	13.2557331046049	13.1495034132943	13.4269389684788	13.2473965298952
M658.377T43.07_2	13.6675205836368	14.1335437021795	14.356372650361	13.9163439765201	13.5573605024663	13.736371229786	13.3763819092018	13.4062144457172	14.2849603070107	12.1172479763046	14.4366592878902	13.3335302077787	13.7815664560659	13.3068340593236	13.8996597448218	13.837637232251	13.5194796741418	14.2046491933987	13.5248446774157	14.2015021729511	14.5223667286305	14.1481923632933	13.7335452029541	12.3533304885816	13.8671036093411	14.2998998006423	13.5713056589921	14.1109176366213	14.2191800934029	14.2666166985166	13.6107201865986	14.4167849204205	14.0194234348911	14.0994407153707	14.1420423315863	14.2977762837328	13.303894701067	13.8693689808798	14.124487089639	13.8344045964256	14.3165497772828	14.1735363945831
M658.7732T873.43_1	13.2373336586649	13.7962252176771	13.9762552658286	13.5816774435527	13.0691721824257	12.6729318073449	13.0764492967596	13.3738102527187	13.5388018706038	13.2973665663296	9.67512290464057	10.6221069813195	13.5546694637898	13.1309841218517	13.4570353671273	13.0928072121303	13.9489316786022	11.5387644520512	13.3408997738229	13.9213444915561	13.1048915195556	13.4234444560254	13.2402745298079	13.1076430167062	13.7688166664138	13.1526499640562	13.6760707649671	13.4134120678549	13.7770134208005	13.681886981721	13.661624838315	13.9772895618866	13.0897044197167	12.9452610777664	13.7216521767906	11.5144404384161	13.1204295326187	13.9978199801805	10.0903775142426	12.6069378589342	10.3144519218511	12.3790392629987
M659.1078T873.42_2	13.1711511080736	13.4213752992848	14.0732135888845	13.7550781873683	13.2720382900113	12.4582484323053	12.9395345632845	13.3401316142493	13.6902729310811	13.8770436549379	11.0289813655838	10.9460643831821	13.5941533164421	13.1390298023908	13.5515518811494	13.0246004315516	14.0304992231571	11.2652962010815	13.5781115357585	13.8862883056793	13.2525644277825	13.6895347482716	13.4203477170495	13.2590548405778	13.8439683324796	13.0334712506464	13.7025255694417	13.3717714685245	13.7385756233852	13.8226474907282	13.8021192891128	14.1562364575427	12.9313085670009	13.4466738110236	13.8187857740546	10.5429353906775	13.5256372011624	14.0406282963966	10.9039730808762	12.6959559199877	11.3081798820093	11.2871422276832
M659.2439T456.63	0	0	0	0	8.98441406709911	8.50807548274148	0	0	10.4929470318611	0	15.2404662572535	14.8480789419302	7.98482777223763	0	9.86242100720859	13.1051176518931	12.5062275351985	15.7610286261688	0	8.05626717861643	0	0	0	7.6325284940911	0	0	10.2835465964129	8.2069827780659	0	0	12.7259249403476	7.91832999110604	0	0	8.28874796901046	15.7426695622349	0	0	16.0665509458662	12.3612692069505	15.5838996230581	15.5724445682474
M659.4422T873.53	12.1949355429448	12.7560367310013	13.1562003617387	13.3360583618098	11.994217994831	9.96526343466866	11.9512245674605	12.3618242294258	12.5501580158638	12.9402868824628	9.65559640896607	9.30169880466874	12.7188250098336	12.4160130692633	12.7140036169974	12.248102343648	13.1945840199085	10.3149501477286	13.0938108514414	13.2798502163742	11.728941916647	12.8476684395377	12.0625836955486	12.2900364696626	13.1118124015677	12.3486772692607	12.7460773095027	12.7041823646472	12.6168945298518	13.0498262368921	13.189275587322	13.3546537092504	12.1504093938779	11.9508760012623	13.0192912723623	9.2388310942513	12.5316762345113	13.2054408580019	8.16780091567458	11.8467502364948	7.6147947406127	11.283009007241
M659.4872T1176.6	12.6956330765094	13.1794223516086	12.1868422124733	11.9081809259551	11.9026139389748	12.7720574322557	11.6437644360917	12.6249251828374	12.8117959978273	12.5872046889471	11.867066610448	12.5280584280265	12.3429542576275	10.9979533464619	10.4668885915621	11.4261838790975	12.8202580732736	11.9481228445052	13.0917825115761	12.7063667297706	13.0053677738079	13.7988222582091	13.2913968723684	9.85474365118285	11.0930480805508	11.9142663006706	13.6510651303202	13.114573496624	13.2121514106484	11.0460279485602	12.0201856866838	12.6088585457997	12.1461420807701	13.1090358228329	12.3376098008202	12.5597096203932	12.113674630357	13.0404615461714	12.1413925256504	12.8685563328105	12.6927817446468	12.5777422933873
M659.8266T270.62	10.8282826183622	12.4315809458129	12.4848519278245	12.4780553936245	11.2715214864765	10.4139487110217	12.4805913250257	10.9970830655931	10.3273393004048	11.3269785097849	11.8318326038494	12.7934058905691	10.8166983034139	11.4148184030511	11.3469902185095	10.7366988081014	10.3417795814744	9.02997071647457	10.625836577586	11.6297452935731	11.9425342874694	11.4365523862483	12.5795045189678	12.3693607115384	13.0429831170136	12.7409792934169	10.3586691379832	11.0781828533211	12.5158764776889	10.9387254941794	10.150970319087	12.1800594280262	11.8198710689741	12.2611352577417	11.9287107819487	10.6803609985059	10.1112330540325	11.7577907895713	12.4286748817455	8.75992427624814	12.5195556841022	11.6333059071943
M659.906T372.88_2	14.1296614509563	12.1180884752196	13.8120750994721	13.9686922702531	11.5728783158725	12.5630632775222	14.0760354845481	13.8880797816367	14.5097521654323	13.4708125944881	12.7138772539981	12.8384354420733	13.109618846125	11.5802726938357	13.843049832579	14.495029195358	12.2836917173096	11.5683203490463	12.9939944347558	13.2655623424581	11.0489499160584	11.8050479149666	12.3017717072575	13.3189449978574	12.5862948272656	12.7144922653327	14.1285380015957	14.0635703477618	13.1405911234395	13.594013494364	14.4981274508598	13.3453499202175	13.0215113635514	12.3936607919716	12.4740081640674	10.9825224108811	13.5756798820558	13.4183347508061	12.6688218748266	13.812630973028	10.9701608098156	12.7931999967227
M660.1692T499.81	13.4446307560388	11.8496633411738	12.3842484602118	12.3383790991067	10.078375728217	12.1388172233767	13.4017955665969	12.9965514720768	12.42986585123	13.1355382071122	9.31515794353007	12.7889562784843	10.7229814068017	12.3321015434344	9.2093277742954	11.3502819893022	8.53202271592824	0	11.596108460051	11.4566592228768	0	11.7816458557014	12.6282288467409	11.3643477150626	12.747025862902	13.280881276913	13.0781025469932	13.5852194486028	12.6816879416147	10.6596639989874	12.9372001960312	12.0833598167496	12.0858167475692	11.0892071364137	12.1487763474099	8.79575086821577	11.5283742948712	13.7589470482884	11.1836989847243	12.5511780853099	8.15725218098345	11.6007983924097
M660.3594T384.13_2	16.4540926998451	15.8094560002866	15.4664298833875	15.9724762851906	16.9310065185157	16.4659421680048	15.25380022592	16.7605662196459	16.5728795586442	17.1003300089638	16.3226637601599	17.0251206471856	16.9490062471811	16.6480392746386	16.1157396948555	16.8210629360193	17.1263227075333	17.3301916865679	18.2183968150487	17.7176241824708	16.2624006725095	15.0041174816343	15.6772965966454	17.008304378498	15.7220520808562	16.8526465032906	16.7025003316669	16.8556947110401	15.4569719682004	15.6623001959978	15.8459269453487	14.1921545924096	14.4768233870398	15.497049824193	15.5005389565024	16.3014048885252	15.8417772358498	15.07322249177	16.1900414535927	16.8834940858126	16.1884976521376	16.4048866560958
M660.6935T384.13_1	15.7110888755704	15.065816050397	14.6961477558016	15.2073827096924	16.0613232357702	15.6686098339835	14.4575439189218	15.9844789388672	15.766596911717	16.2123597503528	15.4525928505445	16.0959214460744	16.1674915221558	15.7662549092042	15.3357800223301	15.9399254628001	16.2998858960565	16.4959532882725	17.3007317696453	16.920971928958	15.5134195121282	14.2057437810889	14.8307164408512	16.1404199516048	15.0317179834438	16.0090413148336	15.9770444208003	15.9504407472245	14.6845756972703	15.0193450493124	14.9457192859208	13.7569340163825	13.8554639840262	14.49727357845	14.8206663316304	15.5659152793735	14.9875965575677	14.2051193636854	15.5032329186902	15.9990127870909	15.3181113431543	15.5261369240026
M661.2597T445.49	9.13477878856123	12.1453296121356	10.5412479722092	8.07897086699977	9.2265102775831	13.1132525976571	7.20542638278365	8.68649476841353	12.1848981554785	8.56351138726262	16.6862700088097	16.6971837584734	9.84178884416838	9.93735861645011	11.3495471885661	14.0988358967852	13.0033097633199	16.608616836775	0	9.59201927453697	0	10.5790878611286	0	9.47124419495031	0	8.50588462590189	13.7177516589852	10.0003868874594	10.5474225131323	8.12350145225568	13.9952421777795	9.39949765304853	10.9660665262368	10.836446933262	9.28269765317494	16.5185252288404	9.20777380570552	9.86560679977616	16.3517614874003	14.1914919962424	16.6530282406994	16.7247395886636
M661.4495T849.58	12.2662484944166	12.9080354718083	13.6237190705102	13.2575988188269	12.5004113632505	11.5003546576802	12.1394432040812	12.8229874689311	12.3344767765749	13.1231771510522	9.23353077633558	0	13.2604360410209	12.003737880256	12.4168708889462	12.4166110458167	13.0196789664683	7.33385897835681	13.1378470881346	13.3536950546844	12.927548944645	13.313984075801	12.7059194522172	11.6885176161832	12.8640460502502	12.5551548744916	13.3676211150336	12.1256639899886	13.1561339610218	12.975016830396	12.5002795568879	13.1512213547064	12.7657362349201	12.1171293892044	12.7651317252566	9.56887555867919	12.6129025820717	13.1161954920776	9.3074251304391	11.9247977382793	8.39317865874899	9.65993028862741
M661.9634T884.75_1	12.7954884384303	12.9687505628744	12.3969692054177	12.3954015635455	11.9964726706185	13.1267174260361	12.5095419772856	13.228403283053	13.868252942644	13.2802895367059	13.029170710668	14.4075309195195	12.9660722656476	11.4315188015279	11.4192421632793	10.6606438371324	12.4888223847229	12.2216131482589	13.4156571883088	12.92827666189	13.2477924617938	13.1008883671826	12.9222700046891	11.4472447913363	13.3749956542071	15.0754940724023	12.7414226006651	12.2756845549453	12.6376579954479	10.6220956217846	11.4188229222528	11.850522937276	11.7959387187255	12.5891621498266	11.6639421548206	14.6698417026441	10.7184927106635	12.9083405125291	13.2865355024373	12.5931397647021	13.1723476445365	12.4093767798743
M663.3572T412.17_2	12.5411041980558	14.130084372326	13.9871694817468	14.3025360186423	14.4014946714439	14.4210840409292	14.2223751869243	13.399295010216	12.7057594120749	12.7255214534363	13.4067097189152	14.1249444626809	13.0302622689857	13.2224035570895	13.5311676488197	12.3499144888919	12.3320793567816	12.942265711865	13.4429333888947	12.654069912215	13.1610649771935	13.9552571824758	14.2635787750511	13.9252486183089	14.8772131418115	14.4243689989539	12.4068573129404	12.2583706181188	14.1379402415803	12.2025490168384	13.278258945491	14.0260667654355	14.0354573698617	15.4700032628528	15.1920730164928	14.2171144621461	12.3071777905333	14.4254511135096	14.0999828626054	12.429914870686	13.7596384616869	13.2977165474036
M663.4451T893.44	12.3867382753378	12.5884708244188	13.5098667875458	12.7714520026752	11.9094613846242	10.7617444220926	11.9538000856061	12.4268378420561	12.4185008728664	12.5837951409359	11.0313581038622	9.5967666413377	13.2833281009213	10.7343812054974	12.3935470929664	12.2286701379865	12.6906353891375	11.0660617768079	12.6718522834966	13.0917796622318	12.5495234352118	13.1960636937423	12.0017523406189	12.1914519751577	13.2542283941316	12.5651982626754	13.2426278787027	12.816049961203	13.0049327937335	13.3439330936021	13.0741613126367	13.4109584354959	12.6064172153906	11.4344759955526	13.6149494992265	10.8132553769767	12.53285567192	14.0541289108267	8.00872526481796	10.9980309277348	0	11.0009686340304
M663.4998T1009.73	15.8870024700299	16.3162855785079	13.768280206693	13.9260403215452	15.5125295216011	15.871554718815	13.5924338506194	15.2751904884276	15.4646708016513	15.718615196008	13.4627095240105	14.5428071481608	15.5239733807334	13.6021039013694	12.8822383616822	14.1532538726624	15.3057182446744	14.1359065831537	15.5758674231968	15.1574339524978	15.6378052109537	15.6953611128339	16.4233060778726	13.3583069167654	13.0302744535827	14.8512825586076	16.2310578346951	16.4491592311458	14.7243689361967	13.8943079022958	14.7885872162248	15.7415295395143	14.5465837436697	15.6461192837573	14.8697038929432	13.8821668737897	15.5240663154386	14.9344562632107	13.9907170853468	15.3674804956165	15.1444366556741	14.8907507135466
M663.78T892.92_1	12.909172262057	13.194454125753	13.9820836119316	13.3472588975109	12.7811821455205	12.3749399183142	12.6015822127336	13.3647213655723	12.981771232904	13.4082155234817	11.2691058433468	11.502490805187	13.3647304139087	12.7699304420805	13.0860126016456	12.638958365072	13.3111121552465	8.3177960528922	12.6524310254569	13.7436996634758	13.1927799846881	13.7168507550592	13.1279709420542	12.5769878709794	13.2774090625038	13.1957349777462	13.7817635176243	13.15830653955	13.3321381760197	13.2544028181442	13.5322419977912	13.9616018473883	12.0675607663451	12.7196852192246	13.4914390544864	11.7604107505232	12.9102383963624	14.1961058959583	9.74325787090535	12.6876284312525	10.5496829345417	12.5290537477935
M663.7867T411.75_3	11.7827799071676	13.193072061558	13.19198042673	13.1793639868961	13.2949022499488	13.1790668854419	13.6092686152234	12.7209630185367	11.1033626435187	11.851948008209	12.6751401825326	12.8789966175036	11.9716118981496	11.9487067395351	12.2805212216584	11.8258751903335	11.4416279819218	11.1210017023196	11.941192199375	12.2988182114771	12.6162226099762	12.6954592772431	13.023936131728	13.1470461025061	14.0231045348265	13.4238909500823	11.1507804942673	11.4000828196633	13.057991931411	12.0011928603291	12.438788820445	12.8468222601	13.1273048817841	14.5079543175366	14.4088848167459	13.5431933218211	11.0900632264695	13.6354691275792	13.2310621553118	11.6637622265888	12.7731772931031	12.3591835101567
M664.1142T892.96_2	11.8059480304642	12.1699633496488	13.1130569074676	12.6075046215276	11.5310710310154	11.2042758488051	11.8587694418403	12.4219851408772	12.2711700395125	12.8479395658296	9.42200169308035	10.0044286653365	12.6590555474215	11.6276126389905	11.6390574207745	11.9572173678043	12.7432535354159	9.44876158156084	12.0265509605057	13.0338778544943	12.2563025192667	12.9059057500517	12.2850979096507	12.4249365587732	12.5820036730446	11.7516508930174	12.7332913015849	12.3018830974038	13.066226899266	12.6247492039251	12.3903312008404	13.1792591014227	12.1785336074503	11.689646057625	12.5755491120941	8.7432154177531	11.9535900289241	13.1315903784146	9.52165882697629	12.3113921676745	8.7408415034557	9.70602137513881
M664.5033T1009.79	14.5338730469881	14.7129946776176	12.5857304905905	12.1582156692899	14.2346553698106	14.7410529591723	12.9086467899845	13.8853218221378	13.8304568346641	14.8236706940363	12.1270272428747	13.4623625606221	14.1275148540958	11.8666299315064	11.0895199323291	13.0086164681603	14.1156912551896	12.2303540208375	14.5390023714817	14.3878812493067	14.3705107755253	14.6642844431075	14.767103007752	11.8960587264627	11.8998531610975	12.6545278961987	14.4784676779567	14.7285357269779	13.046062990841	11.878675943784	13.6011170529983	14.4272995334987	11.1292915192273	12.5718395516845	13.3471702638987	13.0339324115727	14.4367978550493	13.6638154589308	12.2721916089756	14.1481400060141	13.8562831699174	13.4266417641006
M664.9427T884.58_1	14.9303704939608	15.0451459909911	14.2399666363302	14.2921001857916	14.246197328991	15.0652328449655	14.4332325859808	15.2250149454351	15.9045013426212	15.1342300761417	14.9478303402922	16.2409205943943	14.9648076472918	13.7045553890023	13.7610766946007	13.0912074359277	14.1666108491106	14.1486026922685	15.2151263500312	14.7405831809985	14.9732185448055	15.0777974832084	15.0641636995714	13.4148537225021	15.428157555594	17.1909097487742	14.5187360104283	14.5230673293687	14.5242625299192	12.2810559503045	13.7276429408633	14.3330528667708	13.6632694504632	14.4933084786835	13.9535987740217	16.5107630431759	13.2495941611857	15.1862301494159	15.4662026205053	14.775470620104	15.1026256653811	14.406425756359
M665.5156T1070.11	15.208707337146	15.9244672050093	13.9840908357195	13.9146978219083	15.158312818507	15.9082363150052	13.8032916013615	15.1156345405341	14.8912608236145	15.0262478931324	14.0733530260193	14.2997066031721	15.6704629122978	13.3348090197219	13.2388382133614	13.9793093403174	15.1425887204683	14.9342958732572	14.9761570286856	15.714965700842	15.35720817837	15.2440571406166	15.6915488544195	13.51327823534	12.902154187685	14.7447386350602	15.7795683182912	15.6900001775854	15.3568788151468	14.0089889119602	14.7582122988977	14.7844934455659	14.1094767188451	15.0494190131902	15.399468455389	14.8742571712077	14.9071489168575	15.0504058551508	13.5767958942751	15.3426749883357	14.8887332404412	15.1175934045375
M666.5189T1070.08	14.2997446081693	14.4442565556363	12.7641082449149	12.1075150727501	14.3732647931873	14.9079979708901	12.8975802023676	13.7127342437912	14.1169444267513	14.4787048671185	12.5881620952863	12.9734127648583	14.4588269598711	13.0149786056534	12.1169942546514	13.051497528666	13.5601048962597	12.5440370456354	13.5202917658224	14.0390688143857	14.077483389726	13.7734039084967	15.5503813523795	12.5851552340719	11.9422744125688	13.9705845968925	15.1049203220395	14.8851622285404	13.7370232135595	12.7419831953037	13.7834054071556	13.6714618300145	12.500932336899	13.5203703741348	13.645864135799	13.256446626496	13.4747078388639	14.2165907683671	13.1617092815901	14.5805270071324	13.2319717573472	13.4833212457387
M667.1247T849.46	11.7369879765474	12.1766359684097	13.0441231347083	12.6810430674296	11.0590025294765	10.7452011621073	11.852878406533	12.3531936493835	11.705129206577	12.2384692455256	0	0	12.5036997896571	11.5914316182566	11.330807766956	11.6770423986258	12.6903398689942	7.79833244392072	12.1807448629066	12.5380305489046	12.6154633474202	12.5598112426683	12.3343570013994	10.7668368848266	12.4011679310989	12.5228993310366	12.4794931918706	11.7823113974453	12.6438873518169	12.5483557768455	12.3053904089895	12.3466924036098	12.4829253624207	11.7885629248231	12.3982404121011	8.45329819372384	11.8335384734667	12.3894196912478	0	11.1541456349073	7.72998598591452	8.88614765701858
M667.1981T230.05	14.1676053406834	14.1590275154582	14.4661740497384	13.9261613760597	14.2157559417388	13.6271356354098	13.6135418680458	13.7463957780061	14.1335962287683	14.975565114241	13.7801857873524	14.1042171937217	13.6546695258177	14.589040353308	14.2880456455021	14.8902206956889	14.6751588851853	14.6033831138256	14.6607613907093	14.6369583270073	13.5375289469712	13.8760411516924	14.2999655852602	14.1379669166768	14.3152096092495	14.3989391738765	14.0002072508674	14.3804602285192	14.3316033454264	13.95038038265	14.2279718167762	14.4167752548826	13.914122967058	13.917554692313	13.916346613271	14.8297930508768	14.4006383550064	13.8896021519613	14.3098495220833	14.2244339825807	13.9052251910603	14.5896046395332
M667.5219T1070.11	12.3477472170385	12.2470074566224	9.44783038176298	8.50593764882247	11.2264183898654	11.8128107963559	8.95364964388548	11.6193193858966	11.5263855070645	11.608225479178	8.64418379292032	10.4251553483003	11.9055705768674	0	6.46114452680405	10.3066022928058	11.381503277165	8.24159293494807	11.2549688956189	11.3253618915016	11.8577361480684	12.1037265884579	12.2669027169662	7.82566256824848	7.51168876850415	10.9645521941673	11.9254624386721	13.048373716667	11.6881282379913	7.54102557628238	10.2677870005979	11.5925689137747	9.3740411770442	11.8760070635317	10.3704045936049	10.9199753056723	10.9524639983385	11.3940366519613	0	11.8125394518935	10.5547524350679	11.614438827546
M667.5313T1159.5	13.7640605494762	13.6316285316284	12.8908505594063	13.3724730486878	12.5572454187049	14.4535468009496	12.6663955654351	13.7948969350682	13.8583585608287	12.520062103509	12.5968123661859	13.1178020249952	12.5149174486417	12.4286825940993	10.9504406054513	11.0562963153133	11.9393158100187	10.5825716214965	12.1853224552313	13.9451433977336	12.6603110907466	12.4148816580352	13.026369802538	13.007195176577	10.9380368332654	12.4877877844664	12.7046920023383	14.2741179974599	13.7909229343827	11.6787727946541	13.1625588006526	12.2408612945586	12.2019168135809	12.9443883902428	13.0328696882723	13.1261736694844	13.0988693647661	14.1509885327501	13.22257412701	12.6387661111678	13.2448190447583	14.9332003903092
M668.1172T914.95_1	11.3885987915034	11.3546266022851	12.5683235154308	12.0623212769178	11.75295283113	9.89056498516515	11.4854725115307	11.7331016871349	11.8751631398545	12.7267007336777	10.1241186946771	11.053553525597	11.8167861333797	10.6488093896529	11.5718918672395	11.1799836854815	12.5812733994498	7.96894217020653	12.2748328800002	12.4410178945836	11.1716017311046	11.9677927586402	12.0614236466038	11.4102496898005	12.1741123111636	11.9042272010202	11.8256835095248	12.0849514532522	11.6467870135265	11.9511615739928	12.1756141641088	12.3394002402828	11.8852082355063	11.4205198133005	12.3456988943276	10.4409181898367	11.0368327013618	12.9525713404916	10.3171181708667	11.4549608180545	9.76107610495795	9.98545794181044
M668.4532T915.15_2	11.1109752702954	11.7857817714427	12.628642531374	12.0578290289243	11.6534809773233	9.36406217860288	11.22774637061	11.9065579150016	11.6553020174996	12.2340110002184	8.39073464727749	11.4265620343098	12.2272308772235	11.2061611403799	11.3414907057879	11.3912286967059	12.479968772315	8.81966076516787	12.0101421864454	12.7852109871149	11.0427962109593	12.7219864916842	10.9670713312379	11.674610399351	11.8831252195496	11.2390906955719	12.6542264068371	12.0540366294451	11.7273489555487	11.9125688568288	12.2787127169515	12.6113279696375	11.7476183557589	11.2823371554327	12.3209731708064	10.9722877190197	11.5689256048851	12.7809183556732	9.27662527641843	11.2565870797767	9.77984802558255	11.6739016838082
M668.6228T897.27	12.8177929939402	13.0075509417939	10.454443910142	13.1053859522674	11.4010628161071	14.4939888930047	11.8908412556833	11.6305612198249	13.1242739601983	14.1960638925247	12.6213886967725	14.0975202492363	11.2536779528044	11.7770114214396	12.3637660055398	12.6759104946985	12.5926215800391	7.26917225341058	11.5291131085886	12.0171948823758	12.0532358415412	13.5535990721519	12.6743326209553	12.3811585727901	12.5516847276859	13.3313997962567	11.7683514081683	12.5371518797066	12.0914050143044	12.8500795131446	12.0978136349318	13.0678360622083	11.5320243114374	14.2117460965345	13.6419778860155	12.9983816678389	11.2617743786752	12.4735276964723	12.8146953041879	12.8235777805584	13.2602117048046	12.4225210742579
M668.721T48.64	14.9847110524292	14.450897122558	14.467778351171	14.6005710241587	14.5724976507651	14.7823950869024	14.7998781134318	15.1024862269722	14.9179571831263	14.8029949889522	14.8310988487575	15.3243057072567	15.0084734489357	14.9988184018775	14.6904604543715	14.5585048337376	15.0721596038446	14.9745714621702	14.9380692505212	15.0193078776619	14.9756489726841	15.0302541074295	14.9971212899845	14.9253173546043	14.875951355371	14.8419979592649	14.4508517974753	14.8118988464328	14.7587221591759	14.3457394543828	14.728829282876	14.6191398915802	14.7267744440171	14.6634305922675	14.8090067447378	15.3836519839209	15.0104840582037	14.8848936746995	14.8577541248329	15.2225318360455	15.1618199136716	14.9747461116226
M668.7766T849.43	13.9120322658786	14.1204203247922	14.3667711222706	14.7179393518929	14.1516843516235	13.0863472496366	13.7183022704836	14.0709741896147	14.0086092992608	14.8850368540562	10.7130456302354	11.1578781088335	14.0310748228325	13.753691217183	13.967972358227	13.7286403780446	14.5052853994882	12.3646081260253	14.7777023783592	14.5247638638036	13.8641834472069	14.9812049918129	14.1201384399741	13.7633755084244	14.5292765939771	14.1390043903544	14.244276058007	14.1894303694913	14.4063716701856	13.9619035702562	14.2251877789662	14.8195512176275	13.9366083181888	14.0478135735373	14.3642664902223	10.3802070449759	14.3639229368027	14.6556875473988	10.7903484892252	13.4439538596088	9.08465228244171	12.3436785236618
M669.1112T849.61_1	14.0840863960582	14.1628856900911	14.7857727158182	14.6601200990539	14.144919169403	13.1425578711747	13.8599230705153	14.3327579694001	14.0952140135853	14.426997726776	12.2777829656237	12.2739718289808	14.3328918364656	13.9882798173365	13.9947739791386	14.0338227499598	14.6614020038614	12.4113497886136	14.3919345296073	14.64951502566	14.2609017104216	14.6632055821271	14.3856557084675	13.7878102128136	14.642111002055	14.4026259980303	14.3274262499897	14.250971927283	14.3660527119626	14.2196161406343	14.4839673093393	15.035134323588	14.1621107431547	14.1468187997724	14.6684539867681	11.7616014544913	14.1716974621267	14.8354636891053	11.379278238437	13.8030741478601	8.10769569504407	12.1442344550725
M669.4461T849.66_2	13.7157237262736	14.0020634772084	14.3022679981725	13.7744745758446	12.6982108507802	11.7702099438838	12.9127992630592	13.9426834764429	13.5845544283348	13.332759674386	8.00503725647654	9.14017794406982	13.7548157159882	12.922621080203	13.4389819068858	12.9367371370464	13.8337908706029	10.64498127457	13.4606219583439	13.8387180867739	13.7570990338444	13.725021081211	13.3710664238981	13.1833655242928	14.1535696058389	13.7469850822562	13.903843078146	13.6384500702253	13.8619893561398	13.4706988220851	13.730109423415	14.4584994741515	13.657389559277	13.2224992163587	13.9265982679718	0	13.1086304057271	14.189448141388	9.14188049732374	12.7266263337679	8.19510078108455	10.5571219979603
M669.7479T309.08_1	13.4930882951739	11.8547810982572	10.4003746774181	12.6073325682168	13.3319317840411	10.6180418240397	12.3042065489672	12.1913208102245	11.8757491199547	12.3550384022557	11.005254879201	11.8840320753169	10.367215782125	14.7018047661628	12.3998587481831	12.4167959742181	13.8991468761399	14.2513378059076	12.4129567326933	12.0545021703753	14.5317717481382	14.2394526449842	14.1830203054116	10.7272622675388	12.2976264094089	13.576985830662	10.2106479238045	12.3567379981465	9.96054809165797	9.73640608938043	11.6918612224064	13.1024316504907	12.5257996195323	11.3113214625715	11.9216276861719	13.0127066957749	13.2762185813385	12.246404504007	12.2984562241981	13.0190328817164	13.3911462774428	11.6488639199189
M669.8909T309.16_2	14.0257847050919	12.0340630410373	11.7500948117475	12.9643199529229	13.6472965886153	11.9495265123575	12.9820065984457	12.4511911297279	12.6647162098864	12.4354532771043	12.6366505683212	12.4672604450925	9.92337787143561	15.1863677955171	12.8523582970798	13.8079480459106	14.3136963505158	14.6995666209625	12.8024959590921	12.5697251946654	14.9665274200295	14.6183505044981	14.899991458082	11.2145989090592	12.3767120090749	13.7919677640787	11.6193038956359	12.7503877243945	11.2726993436749	9.91492339137074	12.2626361312724	13.0301535497754	12.8895075801333	9.92108084861683	11.8366990371387	13.2664506361908	13.9207491018013	12.6248061919811	12.811457949094	13.2207783846915	13.6132276502827	12.0062158095681
M670.0346T309.08_3	13.4768564594903	11.799272414567	9.73611152244862	13.5272746569893	13.3525644935337	12.1057003213556	12.5967736247777	12.7881448913731	12.0514491896508	12.204943043566	12.5954903567493	11.4295880427799	10.5513066979162	15.0252010058241	11.9735289304063	13.280640720788	14.2261472572706	14.4322848270545	12.5393120155488	12.2125646446413	14.6341229320897	14.5647625472411	14.7948086295566	11.3054665755417	11.9379870927241	13.4922834720541	11.2314491037151	12.274045806145	10.9439240723222	10.0339683252814	12.2487830824164	12.8650155319179	12.6040165249628	11.9493061218705	11.3692493045133	12.991055170268	13.7676446212517	12.1054043923477	12.4877203719883	13.6089139298867	13.3491416899393	11.7017177253533
M670.1777T309.09_4	12.8025698451205	10.5920707514687	10.1432576004696	12.3515961491567	12.5867208601448	11.4723107531514	12.732521577799	12.4273501908586	11.6809164075997	12.027870753157	11.9839326243381	11.0585414907764	10.6811870257554	14.316072240636	12.3111805526439	13.1167368669897	13.6205092177781	13.8564547972295	11.8718189026643	11.836878111085	14.2804277732526	14.4823759934165	14.1274119802988	10.267438969847	11.5852004795769	12.6998839835423	11.0862672371731	11.996430207946	10.5161469721767	10.0620561566178	11.6129695056239	12.5059632065705	11.7264170457917	9.86237964886491	9.99674115947511	12.8936900415107	13.37029579096	12.2539722503842	12.1652964841071	12.739114813516	12.7147004621023	11.3739668965454
M670.4727T908.02_2	11.0544243180859	12.897914180848	12.2002250961792	11.5636608590651	9.88762082554179	7.96912023346897	8.83705717661475	8.98496400455735	12.4584328903747	0	11.0887985491469	10.0298516613895	10.700209038082	8.6520515010684	11.7340503219978	11.6520789700296	10.485411365855	14.6498976665298	12.2674870258012	13.8391130431088	12.3111350976636	12.6872960769132	10.9005449933379	11.1028940758806	9.47435312939169	13.315387905611	11.072793180217	10.6279365706753	11.1157357544367	11.6055752776069	12.4152630334206	9.42264987745927	9.88356961051272	11.4216785798288	11.6210457278449	10.7076966686358	10.0744047412082	12.7272439849814	11.0651108221083	15.7189445128806	8.75307017128669	8.19585701023123
M670.7184T48.65	14.9366458439486	14.4898306563254	14.7438053178551	14.9028717463679	14.7256770244629	15.145568590961	15.0590127842784	15.3122361088761	14.9948571364206	15.1209003103435	14.8931827301566	15.4559018623238	14.9831929636004	15.2213478482455	14.5007157578657	15.1020734678492	15.177731892757	15.5061237430166	15.1282494104064	15.2575140294056	15.2450116587548	15.3084844062347	15.1835293876672	15.2037942739261	15.3527278963257	15.2387316240573	14.7513149498286	15.1706774020476	14.8495325262443	14.6943779641251	15.0437887528542	14.8632634651864	15.0422231665391	15.0081079869511	14.8388425568994	15.4494715775342	14.7153715713371	15.2893795494266	15.0098993907646	15.4981636007039	15.1006260647002	15.0712752506179
M672.4385T820.39	13.8809349223938	14.0406528223814	12.8833927883276	13.1039073145705	11.5792300837371	13.7798565795716	13.0695088855088	13.9570063307794	15.3271256127531	13.7127362892077	13.9291933119587	14.9665114096734	13.6848807307874	12.1543760320791	13.3517897840882	11.9067507216043	13.0738807736769	7.96086302341662	13.7256394035543	13.3720662718016	13.6697489001605	13.5623233018112	13.7169664152274	12.3704619856592	14.5106412463746	16.4248212805514	12.7919199893256	13.5230674579724	12.1870391850538	11.7456049924891	12.1549651035296	12.9178777727414	11.3846358152285	12.8811944697183	12.5295527989866	15.5290804604467	11.7606095623325	14.3864881988679	14.4980163599389	13.4316843926388	13.9132679982308	13.1033853791965
M672.6304T1195.38	12.7185111894066	12.7485162799772	11.0610651878878	12.5563876708608	12.1465193894686	13.1452005412565	12.3168196232253	13.607296756003	12.8592170378827	10.9378029678391	12.9715143516292	11.2577269138779	11.0611782069328	12.587254353567	0	10.2381305123201	11.6472084924477	12.1769773753766	11.3286592073689	13.06114768144	12.5558950239676	11.6521354476701	13.4853197911622	12.3656124820456	12.1931700522892	12.3741782827586	12.4357566363877	12.1782120632176	11.9883713557067	0	12.1326551775192	12.7247041777052	12.8275409115262	11.9636561580785	12.048041046426	6.52543581797877	10.7598307052646	12.1726172296729	12.2238466924937	12.7434758795005	12.7259723104077	12.9221329561534
M672.7156T48.57_1	14.2602831411023	13.9180944416642	14.0822881034628	13.9876425392503	14.2705861364607	14.3672491482509	14.2825122885207	14.5368870545953	14.2018768772939	14.3043392756746	14.3689825926477	14.9693954324285	14.2809958235663	14.3107042665986	14.1276322055772	14.4857925418151	14.6698256492938	14.5888560667663	14.2622607364305	14.1437815802296	14.5099605150843	14.4058764255073	14.2646830579935	14.2716982561593	14.3789449905938	14.3141129536564	14.0779625255168	14.273943297764	13.7588609323761	13.7710886916679	14.2827453200795	14.2889548050301	14.4096768024038	14.2954123826174	13.7282507872916	14.5663965301817	14.0608558061744	14.4395401199055	14.3903366376703	14.5694814345566	14.5476176563254	14.4049268729576
M673.4488T868.72	13.3906003840806	13.7276595439195	14.1557407937494	14.0628711081757	13.2880564785354	12.0995088044735	13.0914944873884	13.4485070084411	13.5311533893165	13.933313039504	10.300696317232	10.9612915773033	13.7601873331315	12.9850918093806	13.6575870986596	13.0951037189684	13.7651634265119	11.6139922090319	13.4673242032951	14.3578084292713	13.0583907088762	14.105950976986	13.414353754985	13.4496444909462	13.8997913355076	12.8659123751469	13.7416440145626	13.410301884675	13.8437237077412	13.6685786028563	13.6066634621232	14.2514370087703	13.5416981602553	12.1986643040844	13.8442223465098	10.8783369637028	12.7245901666867	14.0436064109684	10.4225339530833	12.7290085359095	10.567952874305	11.467302908306
M673.7831T868.59	13.4878072917815	13.778286654834	14.4262445852535	14.1485970805479	13.3858988953054	12.5102229960627	13.3235120200213	13.4394761185747	13.6932806418238	14.2326075580293	9.60007420900055	11.1389024018389	13.8264721070314	13.3724859304988	13.7665365077698	13.3860443650885	14.225769798256	11.94800769676	13.6779199266414	14.270742454355	13.4936200093322	13.1098316070495	13.7559579463526	13.3893299318185	14.0641867290016	13.5235846670723	13.8880667376717	13.7196402481503	14.1392423177811	14.0215755848846	13.9798426080559	14.5065448097818	13.8160073038534	13.3131090572547	14.0912625945881	10.4446176184082	13.6339454944309	14.2363256249087	10.6185617745939	13.18039289027	9.93962194389728	11.8117897463962
M675.0104T331.46	12.4183127994812	12.9004600645733	13.6635329414737	13.2074633158839	12.5489033586625	13.7818968037666	13.3036012928153	12.7936437309001	13.0718786931186	12.1616824656227	12.3091464907559	11.9840719152274	11.8089838326935	12.4755703527943	13.4188418755651	13.4817450814856	13.3739569224625	9.34490308744205	12.5021591278833	12.8153737256815	12.1633108454825	12.6692477323176	13.2886265081178	13.7887289232152	13.9696426276096	13.216070413027	13.4053090156069	13.6944882319581	13.7390468536838	13.3289439032501	13.8492416067141	13.5568802792885	13.6629114951784	13.1368631627228	13.7840803461497	11.9681023170047	13.6686807844135	13.6866606338951	13.285996089386	12.7640865875797	12.2822319557919	13.2793086063531
M675.3446T331.55	12.8828339548597	12.8578815863582	14.004421081259	13.1338049789151	12.3375910367083	13.6884093944669	13.1604666380712	12.9872523521545	13.0347685504442	12.6902841124676	12.2979593842832	12.0468513432282	11.5985770480514	12.3691657544059	13.5265918317306	13.2918458575745	13.3771565303085	11.7737244756475	12.624286840929	12.8360169489065	12.3457520586261	12.4095430634141	13.3834938151139	13.9471463288747	14.1622869741522	13.0759110436317	13.5677862544424	13.8750484208306	13.8304670538911	13.4909646914596	13.9852219771153	13.6368410993303	13.7728328889761	13.0806690826546	13.6289763268627	12.2493531835719	13.6890346625295	13.8345612374394	13.5247084032496	12.8937932823334	12.6261036087562	13.3338177580271
M675.6788T331.4	11.5518395193102	12.4386947338577	12.9202509509604	12.3581002051796	11.6414947934873	13.2092254034173	12.1328185749666	11.8885565357201	12.4384962308301	11.7487502318171	10.184918968993	11.4160077082251	10.255598559673	11.8367009816609	12.7692514877349	12.4327518128012	12.5313294658081	0	11.9843472131803	11.7129075637593	11.1576131773619	12.2026023825758	12.7315236616894	12.9279973726004	13.3619804348076	12.7680475203815	12.7689978377587	12.9954678776386	13.050099973851	12.4093537267429	13.0906080160569	12.4243144380234	12.844574851041	12.5042416003974	12.9420687993216	11.3863096234196	13.0050426224424	12.8687748526701	12.4002754865078	12.4541903841838	11.7174846483691	12.511679118812
M678.1208T889.62_1	13.146297546547	13.4152740222462	13.8974025285352	13.8269593037079	12.9826252182645	12.2397211923469	12.8936441150946	13.4328553733006	13.1122861220983	13.8528343127291	9.19955848673375	10.8850754273358	13.5865704174335	12.6434001066763	12.9785596623669	12.909473584623	13.8988752874997	11.6609149534023	13.7038691388921	13.8213633039336	13.2315386438851	13.8657540664019	13.4360388771653	12.6602319102574	13.4727425154165	13.2131989788989	13.9079845961501	13.4131657621226	13.6296663027652	13.4515134925894	13.5715504004598	13.9339062724589	12.2527495829843	13.074040066169	13.7009122147734	10.9626323820911	12.96945899183	14.043251564848	9.61820992332405	12.6757870076421	11.7123380490742	12.2346561920947
M678.4554T889.61_2	13.2817400148731	13.3309684817527	14.1154979743465	13.7691835614329	13.2881100863855	12.2577537797744	12.8689082369629	13.2434535425855	13.5289375916132	13.6776962500019	11.3888958784678	11.9107627952006	13.8863128850023	13.0500385578066	13.1994409315684	13.1347487741712	13.8194371521043	12.0123923467347	13.6974693798155	13.8848043518374	13.375228700267	13.9592064132436	13.7178910724381	12.7273896132324	13.7581933747227	13.3329776409059	14.0367368577556	13.6047454089497	13.8611860396599	13.6549900759477	13.8622190022273	14.1234113929214	13.2189808204943	13.0390820529813	13.8745145691444	11.2732441116407	13.126042699226	14.2554213310408	11.014932736459	12.9895291069093	10.6255836296765	11.8841935107422
M678.7896T889.55	12.1999855654868	12.8099664143417	13.3190618176403	13.0472747420024	12.5189686813764	10.7085039703144	12.0749067553987	12.761222803084	12.8164504989861	13.0414148419828	10.2631127550885	10.4656643552643	12.9853572358105	12.3531877171994	12.350883837912	12.4340319930351	13.2891604938766	7.8352962489769	12.9119496317725	13.3949957562447	12.0675608976614	13.4616521935781	12.9555144457389	11.8858711242951	12.8300930179367	12.580416283007	13.0573386132277	12.6324894155691	13.1278767711625	12.8134590371037	12.9190697329498	13.4204024465338	12.4102171521089	12.0721284986543	12.9934352109165	9.58374227779821	12.2598629643401	13.4938050907101	8.16652253159549	12.0723996694261	9.96214664154905	11.2055268871681
M679.3688T416.53	12.0491249525149	12.9891171477465	13.2184192149451	13.5475862517843	13.5700425960027	13.4561724455019	13.5049366258602	12.2532928831031	12.3409377911832	13.3340689356873	12.6427914064275	13.0434681113514	13.0239217346239	13.1643851090319	12.1555510597219	12.0299842399145	11.9109371445931	12.3272635882293	12.7740430036483	12.4641816226978	12.8005370947939	12.9807047900594	13.293472298706	13.2120354934661	13.9328154906881	14.0004660851859	12.499529614514	12.4304435916893	13.5816045590092	12.0936632231462	11.862704251044	13.4593220827068	12.9004402473908	14.3208541146834	14.3867659063573	13.1450977661648	10.5272114037282	13.6451802804409	12.7201876642254	12.1505254670886	13.3135934416163	12.7015850048844
M679.5121T415.99_1	12.2025697867417	13.4780876947036	13.5435748462608	13.9660709044084	13.829662670342	13.2723485560775	13.7701569329551	12.9129926908335	11.2896352820281	12.6407240514706	12.6233018935455	13.8271107989546	12.733877826952	12.705805841351	12.4921199128771	12.1469846495845	12.3464236514017	11.5653940162784	12.5798589874275	12.4369679621583	12.602987392696	13.5494430613623	12.9626980710939	13.4238448544105	14.3301368786927	14.0041345452219	12.6878337271935	11.9652216271936	14.2506871046923	12.1236317493605	12.2569407560902	13.8279088324074	13.8717979016201	14.9654567580978	14.5542255574604	13.8533094243018	11.5678101506271	13.9027179698133	13.4499358385582	12.2209066135554	13.7083455677769	12.8109544834868
M679.6551T415.79_2	10.540689791167	13.5873534336122	13.6439278496845	13.6143473905166	13.4040954200138	12.7799682579995	14.0741338896036	11.7968360872964	11.9042161094289	12.1647871605675	13.2659915653866	13.3247601224432	12.1480148410928	13.0577658926623	12.323348512449	12.1615376492404	12.1892681852775	11.7521988307323	11.4475180999076	12.5992757003405	12.6508932333281	13.0670228272583	14.1679273922706	13.3130379529601	14.4673387186512	14.4887001301935	11.9933508025692	11.5557017436043	14.0828363956827	11.8358440455964	12.680225526167	13.582183920627	13.8328275492571	14.6518891468564	14.8940505050753	13.0898499656111	10.5379219516076	13.7848885036259	13.448729028174	11.9285572383783	13.4122165419703	12.7387262011326
M679.7985T415.78_3	11.2737420851587	12.6680316218997	12.8790067257335	13.4366513900599	12.8437515670068	12.8823942888439	12.9847463108335	11.9416796275118	11.251522794444	12.5133378021091	12.828295276946	13.719741072651	11.8042201651091	12.1840521369625	12.0868861179702	10.6382082597086	10.9051902487189	12.0562419034309	12.881963299629	11.0265789572315	12.322007610223	12.7318855509522	12.5398558417407	12.5734761723411	13.9824600551172	13.2655980460161	11.932423998149	10.894474878419	13.427944660097	10.9958892465589	12.2838533770525	13.3219502245123	13.4034873910037	14.5997825024296	14.0558659917334	12.7166362656627	10.2354945540888	13.3512398499609	13.1191246007493	11.8583856550083	12.8578101607066	12.0090013001144
M681.096T49.83	13.8122656230859	13.8784836448264	12.48454117325	12.3005888828298	14.7531968042212	13.8921828498766	12.02830874445	12.7079622131154	13.7692630264844	13.376124950568	13.4705834483428	12.9450953192053	13.8278210658017	13.9694193884745	14.4763873859376	14.1551058853434	14.0355542674564	12.2917519561939	15.1463931112427	13.1862086837589	13.9455636709685	14.0181065665129	13.1449680513502	12.8036653821033	12.6238158696354	13.4418480221216	13.6876526504901	14.3381464475848	12.6021721795682	13.5000253124247	13.617780598582	12.9196008948498	13.7148046803438	14.3013700334639	13.6809316512268	10.1753951467837	14.1399468136772	12.6117893392544	10.0960018792551	13.7613273341709	13.8519505096717	10.5721659192281
M681.4355T1009.83	12.3942212973966	11.742173162467	11.6921482549847	11.785166822529	11.8555154532322	12.6445914440528	10.5676847193184	12.6427875801454	11.9794609577244	11.4993070491892	12.1509309945092	11.6318365014959	11.0449492201232	10.710502451295	7.94044102274192	10.7231243247524	11.6044054282218	11.8309859763616	12.3457393970254	12.6675637236233	12.9116470055141	12.7412382373834	12.1750078052362	10.2670628871806	10.3535915720924	12.6289572840355	12.9906911027781	12.5224382880776	13.0889383029417	9.9538244591371	10.4160337022738	11.4339030941126	11.3390806701343	11.9612295390108	11.4092746914415	13.4999870164968	10.2874605960899	12.7244531276134	12.7658336398897	12.250785461341	13.1085265231715	13.2659371072342
M681.4716T1037.1	11.2552324321104	12.8085550268809	11.7102720911421	10.8091372439778	11.3924935256008	12.0036661521676	11.317863111521	11.2830464897487	11.0877864250438	12.716806845468	10.5931427048096	10.8003802403191	10.7247037092111	0	8.76634162886442	9.15366060579239	11.6119101950633	10.3598267213522	11.8204777925952	11.5819063117707	12.5480626919559	12.6776609736941	12.4340050115648	0	9.81996616090049	11.8817002305219	12.7845315435439	11.3469049952512	11.7910853890866	0	9.88779678390802	12.2990936142853	11.5356038183436	12.3103817016995	11.5139328661128	10.444105756488	11.3578903022057	12.6685747429058	9.11001834286413	11.2698127931492	10.6766366056477	10.7138963482528
M681.4718T1019.73	10.9718106083547	13.4187451672732	12.0789222479812	11.6427842395872	10.9311867848063	8.75199425866996	11.4461469445313	11.8052838349027	9.62845344069743	9.32720857616762	11.1641589259365	12.6677339498643	10.3296941174901	6.86347585857957	0	8.06976988814159	11.0306906909156	10.7332102646315	11.7872769632426	11.7309354915436	12.6495742454023	13.0522500617915	13.1960598549654	8.35973720789116	10.4762506466499	12.3289147144047	12.3136081679001	11.2738294823065	12.8740628285101	6.65466668351681	9.97195390621557	12.7905108915013	12.0921154590123	12.8946921748523	11.9247509942274	10.4794946903682	10.9743651870524	13.3053812601466	10.4482962673028	11.2400814502892	11.66162494471	10.6813805874328
M681.8656T394.03	13.0946980846347	11.9309976441475	11.0648905615033	12.0870588360033	13.2412370325277	12.9254351658143	12.3676770002499	12.9614106519487	13.0574340511418	13.6130349465605	12.0351521877313	12.0659392545553	13.1059043229333	13.0169696773903	11.9022545279621	13.167814623916	12.9282882826226	12.333657836261	13.3571356764747	12.758510345639	11.9624844277082	9.82895813276153	11.171554797419	12.407724411658	10.9667196420401	12.0668867741835	12.9826005015339	12.8699906607868	10.9261897975504	12.3104125895288	12.540394366447	10.3425556751161	9.72445351272546	11.6710604842735	11.9942565871352	12.6480865524292	12.5396676344262	10.907864867478	12.3354756261398	12.9491074560647	11.5701729541777	12.4065660607461
M682.7932T911.96	11.6103299163967	11.8306366176974	13.1525932027694	12.1720957869643	11.9340553978642	10.5777772683866	11.4548917886803	11.8964566241303	12.1847408232032	12.2565434065973	9.15778977157975	10.8075859573267	12.5372246550185	10.9674439232014	11.9553962036615	11.687102539392	12.2788677297746	8.54358245683505	12.0324146852814	12.7073292269935	12.1698027440853	12.346563018404	12.0535234998408	11.5437556513898	12.4466679523954	12.4539162086062	12.9738613414293	12.5763572027615	12.5350126765595	12.494928888628	12.767649946474	13.2877519106142	12.119425779104	11.7080283016229	12.7334787140187	10.7162280578497	11.7108244601148	13.5873329094621	9.05039058719077	11.9543417983168	8.99902418918775	10.9404882196266
M682.87T42.83	13.4679753496528	13.959065618039	13.7669740615928	13.9747868678964	13.2552517878493	13.645981897766	13.5254372502833	12.0422409358308	13.4553584930373	12.9144582530125	13.94752947049	12.7793403035259	12.9563921092742	12.3541357783413	13.548208450425	13.5103758347987	13.5202403795014	13.797285525965	12.8594416205937	13.7782765057605	14.2832482216498	13.8434586857466	13.3059063964431	12.0795992981316	13.5787144987378	14.3531595695375	13.0247451959552	13.8211792232478	14.1501838700886	13.6239248696638	13.7077565748373	14.6059139957554	13.6141789842353	13.877059767307	14.2002291706954	14.2391547063529	13.6235974147483	13.6046913510684	13.7792505646481	13.5745925944612	13.894191592315	13.4938095293392
M683.1274T911.42	12.253397560098	12.4087765873971	13.1392276139234	12.9103779613157	12.5496247143057	10.8945116925052	11.3091192515419	12.5467107055994	12.5651190912048	13.435029136682	9.54705150444103	11.4139208617454	12.8316503883986	11.9296315831268	12.1495237389799	11.7420721613306	12.8003984069886	9.64148870736809	12.4515357852587	12.9810204896164	12.3958021628484	13.1369953972548	12.4170118704125	12.067918829203	12.4545193552184	12.3357837338776	12.7273989410239	12.7194758892571	12.4207414330747	12.6778468864308	12.682651792127	13.16033996313	12.0949717545182	11.990444734418	12.5895849421025	10.1315437291249	12.5277982702861	13.4558196429438	10.7685018134591	11.8612735738875	9.60754823106372	11.5993459592411
M683.3572T409.74	13.8700287369839	13.7005699656173	13.7615597118365	13.7686834358977	13.7965729027911	13.7877514851928	13.8349037642619	13.7231608277118	13.909077984763	13.7946728320667	13.790030747005	13.6451799092446	13.8211633019307	13.8302047770613	14.0972395759471	13.9669959511165	13.7298950070934	13.7623001838268	13.7281058241386	13.6483321167754	13.7277976376267	13.7363478854134	13.9423976501237	13.7620680977223	13.6004501717347	13.7550272104062	13.7101460660168	13.8990644189738	13.7538639950178	13.4461095554308	13.7848983569325	13.7977983378374	13.7265569172254	13.7448739034141	13.9127776323455	13.7643642470467	13.9872334227013	13.6088419056213	13.6661954015061	13.9931258314356	13.8116550416429	13.7083209717764
M683.4522T846.74	14.1191475419773	14.3619484965919	14.7444821406271	14.5952966534837	14.0021069771098	12.8073912780769	13.7454509750425	14.0610203807675	14.155918994172	14.5507117643471	12.0779711363244	11.2649731939019	14.3920050742917	13.9351826741533	14.0632737777176	13.8801715521502	14.6073241942757	9.84888107114749	14.4613964185832	14.5942959049836	14.1906511326204	14.7191918330813	14.142869848867	13.7414952649949	14.522954944762	14.3890138533076	14.1292504195923	14.2870014911492	12.6665727513191	14.2325612509879	14.4604500014626	15.0390444998448	14.1163085579643	13.8236396693767	14.4963000381798	9.60616596217647	14.1838104751805	14.7977818595686	11.3676838264195	13.7012779549465	11.3422011378118	12.5918911465065
M683.4793T425.18_5	15.7642204193555	16.6977711316246	16.3662465092707	16.13649663968	15.7788957916718	16.1578810724799	15.7156065852551	16.66240972463	16.2244899746638	16.6236860598062	16.4688993352336	16.2223719128071	16.765082391202	15.5147250677922	15.1520871488462	15.300353932807	15.6862643201074	15.2460242250448	16.632173036664	17.1659017322306	16.8193795093533	16.8918315499579	16.5538946607923	15.8905292580664	16.433726895444	17.5824870984005	16.7052414488602	16.1330595583335	17.1277561326492	14.4923827910025	15.642430726826	16.7315157652623	16.7749204170407	16.2233684496147	15.2201461239215	15.5410496344717	15.0439704296004	16.7690584402791	15.9758317419823	16.3253587195634	16.2076517588378	15.3505990581552
M683.7865T846.65	14.2473818721708	14.3855934641835	14.856596722534	14.7642934862595	13.9784875554445	13.6612041400986	13.9500431720502	14.3573246676047	14.4383796557875	14.3555377205307	11.731160326649	10.2883994350154	14.6035764422695	14.0554360793521	14.3370594681871	14.1044153798698	14.6912527261073	11.847849321332	14.1449884278003	14.7502747916221	14.2455630321448	14.8492550263168	14.4505189514271	13.7258373584953	14.8086182634521	14.5442083041539	14.3213133401819	14.3427899134693	14.5105405979163	14.373484982157	14.5388674354821	15.209280949971	14.2615888603094	13.8165621343661	14.7052127639066	9.41385356088768	14.2048101006024	14.9263602843583	11.2917367537935	13.735407151798	7.67608874310868	11.8920695347399
M684.1211T846.37	13.5174563204861	13.7669425641611	14.0244146356165	14.3146511920217	13.7515100299201	12.5464016790421	13.0662646258336	13.3611231927721	13.2946797964553	13.9624788713178	9.71815253400785	10.9595136397324	13.1332294743421	13.0582943954865	13.3201807418161	13.0627574910102	14.4922245110195	7.51893777875729	14.0326446895587	14.1769638763144	13.4885076808518	14.4915233790374	13.4602464117621	13.4528399419336	13.965413866846	13.6613269710989	13.3619457998114	13.5824274842076	13.9479431687007	13.3759403648499	13.7255401045533	14.3538469197926	13.5239018518126	13.5999133181372	13.8371134946663	10.6051917964094	13.4539888977116	13.9919773049071	8.72808530656412	12.9356574807557	0	9.18254106312717
M684.3608T409.69	12.4226790962729	12.574215626135	12.4780000364965	12.3580675262786	12.516862431943	12.5829617977386	12.5001551103964	12.244884744899	12.3330380128586	12.4258275919054	12.5471021417748	12.0518391050588	12.4539487696419	12.4229756461498	12.4731809751014	12.3271181285758	12.6228358255595	12.5087061021245	11.6463684897248	12.7586448387438	12.6666860441516	12.4567987393336	12.4983944427175	12.4192143573653	11.8597434514858	12.2778900430828	12.4423398734026	12.5556505195928	11.4270527924584	12.1610985824547	12.5367991096431	12.5396068547467	12.6852070222895	12.4523868037513	12.3715719648328	10.123487498814	12.5805891183669	12.3176715400651	12.5569985309541	12.4219800349216	12.5226603401359	12.5910646235311
M684.9925T286.38	11.0694054245171	12.0055250907218	12.2633668911914	12.6113095039986	11.9710517368216	0	12.075977119794	11.1972911210245	10.874323234109	12.8187783836675	13.4309675244632	9.23264900459693	12.4591613199676	12.0992578818659	7.39209428095699	7.20688559222204	9.26087922399252	12.5301271469747	11.7635839031424	11.0958711134898	8.79364974811074	10.266084772668	10.0533792097148	11.9532937353349	11.9987472217917	12.4402322061779	12.7223068659531	13.2672476414436	11.3454785056592	8.32375200170254	11.3919046238117	12.4539641278021	12.0558339825711	12.8701928945377	11.5885605173739	12.1103777138148	12.0829233488242	12.5793037903057	12.7475855032696	9.48792640739518	13.7383645169838	11.2699034553922
M686.4428T1195.35	14.2625713301971	13.7514242929369	12.034049264058	13.2992406914775	13.1193344376136	14.0588557581434	13.2632209661518	13.7931630803912	13.9769061998656	13.5776545709467	13.3733232730208	13.9371322825591	12.8453128362832	12.8715287313012	11.6407808291695	11.9740138134263	13.3393428882425	12.9251678511192	13.6219849154894	13.8572127458917	13.7560940400309	14.0342664957459	14.1379332397675	13.3982247421868	13.366246192011	14.6011809844386	13.3037415001209	14.3443535684265	13.9932679795496	9.10586342708097	13.4500995929933	14.0059474408174	13.0307517904258	12.9920076239606	13.5638658846154	13.6691610283836	13.3596912522327	14.3954505818879	14.0921177890166	14.056231955548	13.1387262722755	13.909281868518
M687.373T404.21	11.0164995693064	13.0403961156117	12.9433910398129	12.5273994964981	12.8133857853522	12.1480484541084	12.8616597115805	11.7894871643347	11.7092329017383	11.4609906105432	12.2819575393751	12.137510654855	11.8337368632682	11.668675136995	10.0774135674007	9.66813315651458	9.69284355588495	10.9622082416815	10.9231072834876	11.7991709690944	12.9494677088134	12.6096515851194	12.9399518565637	12.581340425406	13.4891701273033	12.7721673522907	10.7293305138611	10.2251102366586	12.4918760309	10.8464476130977	10.4303250281248	12.611715509532	12.8923949336709	13.265945014654	13.5546335334991	12.8079865799893	10.313539255147	12.9081991745731	13.4113220825509	10.8226142642835	12.9632658199923	12.2530480447656
M687.5397T404.34_1	11.4537997380822	12.7737880564707	12.1572678984275	12.8683008840638	12.5595664314365	12.3662114228733	12.6254540787477	11.5882913499487	11.3907276523063	12.5280041222293	12.3579388047148	13.1343635415376	11.2657733466251	12.3471872487281	11.3789835148036	9.89055271902397	0	11.9507215808808	12.1958692810307	11.6266373787159	12.3503363212934	13.1632104261591	13.1591519007657	12.9275481638655	12.7745291576676	12.7632110893345	11.9220879829674	11.0157970860454	12.8580021604629	10.9250427418167	12.0125245617878	12.2248255152488	12.6319167567667	13.6418303084457	13.461309028534	12.8532793781037	11.116364195137	12.9086069486079	13.1657028848943	11.5504154283748	12.9733728193857	11.7144043627144
M687.707T404.29_2	11.7818369767639	12.456476700475	11.8478661225565	12.2176668377375	12.5248479477648	12.5660554458394	12.5712308777905	11.3620947628673	11.3504546777737	12.0363473651849	11.9587657525599	13.2656327483298	11.9781703562194	12.0875802434431	10.5441739931739	10.3931768347888	10.9076941838878	9.1437934898735	11.1997112770754	10.5955846764763	12.049163067748	12.4826444860939	12.7112455681408	11.896681226894	12.8277180317061	12.4955906528241	11.08792705795	10.3351065708848	11.944578387495	11.565466080512	11.7039362258474	12.5681349691373	12.4459030108094	13.0322161485315	13.1153175606701	12.4396436148168	11.0564612156103	12.6267857078193	12.5075228854879	11.7479671872728	12.7387624896961	11.3389823915051
M688.124T864.75	13.7231605240479	13.535920149948	14.2884777915648	14.1416922842317	13.6261786824603	10.8881321924575	13.2608668506657	13.6577374528755	13.7674295229733	14.105604620587	11.7234408215367	9.99033539064836	13.7473076798741	13.3191851423255	13.5840431153766	13.3819342849397	14.1883356363915	10.0534806289363	13.7238774127613	13.6585851409725	13.3199923199945	14.0254637491943	13.6850324950323	13.4539981653185	14.0459965454226	13.7114987896015	13.7353822252051	13.4465410538754	13.567352017975	13.800028263121	13.8849188174059	14.4406025315008	13.7276497821523	12.8252749231067	13.9978542343384	10.1085676372682	13.6419401910844	14.1888017132941	9.95823953928457	12.897953856331	10.4983773135621	10.9098322811057
M688.4587T864.42	14.9288035339605	14.2223944716448	14.3807755886874	14.4237493701293	14.00181658766	12.0514487973938	13.4714230748335	13.9723979820085	14.1240100130767	14.1496736373581	11.5865684752769	11.0472132582831	14.2958015599264	13.6084098918218	13.9792217468635	13.6422391489906	14.2138099327898	11.7595996216094	14.0616439832549	14.5380943063432	14.1003304424601	14.1968759770702	13.9329461976953	13.8832867674876	14.364396770421	13.8376308122971	14.0037406867818	13.7894219411471	14.3659408392299	14.204067361857	13.92594623699	14.7187451602453	13.8922240702831	13.9888275489798	14.3564483624635	11.3813607932509	13.9117041283396	14.4422441478308	10.9972303120362	13.1452997745449	10.7610147350497	12.5181491425422
M688.7929T864.77	13.0918937901641	13.0939082316689	13.7053091468079	13.5727380019481	12.8315644687703	11.551783735127	12.6451943661217	12.7674053943812	13.168683104125	12.9802851194207	8.70119583132108	10.4477563294128	13.4601510365867	12.8723559476755	13.1286090823909	12.7376900636863	13.6156317768508	9.58181771535017	13.0332164528406	13.2976015279891	12.8763438901774	13.2538849596182	13.1422803869582	12.9358312623566	13.5719817227315	13.0898702396592	13.2950851488473	13.1214487991457	13.2866697124365	13.4401918914357	13.3273451408332	13.9472963852319	13.1458715367134	12.4211882573175	13.5489147402868	8.70763807446113	13.0343676513603	13.7590402661642	10.2108004005786	12.4591265692831	9.70409982537332	10.8606086995575
M689.6289T332.8	11.7488864640251	12.2019881598669	12.3118324647073	12.3473661933131	12.5354080674006	12.2298731270301	11.9957099118619	11.653228607321	11.353659340413	11.9260692605058	11.0287582648093	11.8289148689352	11.292640126847	12.5313462310411	12.2107692782281	12.3326883465793	12.1204170853359	11.8786850102029	12.4118552893104	12.2929002372722	11.3202247338109	11.5639391968613	11.4770281265798	11.2637048113645	11.6479327870812	11.8730438295119	10.9091054393601	11.7161558940264	12.1809404705868	11.3894597537316	11.4573052503421	12.3467548108708	12.0913672007131	12.1326008227178	11.5103351023121	11.6076098254806	11.9086139630955	12.0390317852245	10.4351362910849	11.5019310585593	11.3714923705998	10.7803391351431
M691.8689T43.18_1	15.2349506328512	15.7573736025457	15.8819451725839	15.6687702790498	15.3566838033708	15.3825462083276	15.2441563453202	15.1801733050208	15.7922707868346	15.1453366249323	15.6290456355656	15.4363471108172	15.4848582029435	14.9347818976017	15.6749368469384	15.4001658971609	15.6570787691242	15.8200999164613	15.5968591095169	15.4450591830863	16.0715242335148	15.8472685894478	15.5215253899653	14.9850825437858	15.4343993860969	15.9528505396075	15.3106306080674	15.7574238330663	15.928702013681	15.6074700804852	15.2334310704062	16.0515086235256	15.637190154238	16.0404843927667	15.9756149975535	15.9397570971549	15.2238489558957	15.5883751026155	15.8337258612788	15.9073813225474	15.8513622346479	15.6760701321216
M691.9728T819.14	12.4338845903868	12.8648580375346	11.7578687725608	12.1155637460368	11.4597979188537	12.6216314980499	12.053984537384	12.8325485307812	13.3843869903589	12.4720250729884	12.5155141579721	13.756314823276	12.2849623008957	10.7707668726454	11.2989647537613	7.96967579629729	11.7888757891299	11.7344419450588	10.9878409797288	12.1266723405058	12.4107543818694	12.118228862997	12.598917665908	9.88853598124785	12.7031185821831	14.4212029340685	12.1350092427408	11.9735500825877	11.2332522950985	11.0664558010184	11.3008622585059	11.5021850733558	11.0532751278141	11.9934827858872	11.1767222022705	14.2077790105132	9.08977203568801	12.7257206378473	12.506412425077	11.9625930734686	12.4795713950058	11.6544651154665
M692.1801T113.86	14.5782739324195	14.8922060707749	14.727736430966	14.4024810112909	14.1246953538853	13.3988007824278	14.2691087195661	14.1699082684949	14.956323922177	14.7434800429066	14.7163423234373	14.2963810012525	14.4774522308853	14.8865380961377	14.3639081341947	14.9961751775878	14.0658279740144	14.6781654842516	14.3242052410371	14.2861534789711	13.8959671807844	14.2819412414933	14.4736063552144	14.4424661212303	14.5591197483305	14.1960115495601	13.7639719040941	14.4380079478268	14.7024691883357	13.624804441589	14.5448168743709	14.8154704922701	14.4406261328686	14.4444659052456	14.4547154950387	15.0782753868074	14.1005952824025	13.7809730070149	15.6894248563077	14.6655755882435	15.0126245818961	14.7126150262283
M692.3704T43.02_2	14.1038876558694	14.2938778695583	14.3029077805075	13.55945314074	13.7459753760745	13.7341898454483	14.0115809181991	13.8910059611481	14.1226863117075	12.9755462084371	14.3747695147607	13.5758807753455	14.4495448688072	12.6231819889823	12.7639192138118	13.84166916534	13.7727575840063	14.2246454675797	13.6406947152095	13.7922202297659	14.6434079986363	13.9919137442686	14.2023335079714	13.5263186946529	13.9038677068446	14.7739019772678	13.4491482075373	13.8401463368877	14.3837717399283	14.0376654876646	13.6191877888716	14.3550832179828	13.8956570695803	14.3346517313152	14.334414706028	14.5716216333113	13.6821531352796	14.1220757484227	14.4099411139834	14.1402313527348	14.2618143762025	13.7320363447136
M692.7964T886.24_1	13.1972092562601	13.5228529997951	14.1108659702385	13.7868332899438	13.1981835775314	12.3407054111429	13.0412054731358	13.5180397073478	13.3162583712081	14.102935696794	11.6723527833337	10.061835054848	13.8677938318753	13.0385157492469	13.2345248698798	12.9330249173344	13.6196576036051	11.8223689500984	13.9071079381051	14.033919564024	13.4397277598638	13.4357446964421	13.6481979942743	12.7919723472466	13.7215203250992	13.3452363040169	13.7590725424745	13.5447093683103	13.8077798186866	13.41738197522	13.6675969698283	14.1086987395305	13.3537394742556	13.22339728653	13.9292275624988	10.0507594075276	13.5394371373435	14.1973419271211	9.1009216989951	13.0188778538706	10.9868824795121	12.2420040550829
M693.1308T886.28_2	13.4423483602714	13.2755413511397	14.319188538997	14.0897638313913	13.2460596015595	12.7773847042421	13.1084962736878	13.6739380395295	13.3359132821004	14.8775086619382	10.9903553244145	11.8875922790793	13.8436481970652	13.2073873431433	13.2672611844906	13.1812207837419	14.0289783571834	11.1368977050435	12.6405375568373	14.0595671623817	13.4921989672699	13.807058382731	13.7768843299346	12.9922436782125	13.8926956299358	13.8251491731842	13.9690251258979	13.7599063178352	13.7870014104863	13.765145498373	13.8724085394984	14.1951099397573	13.5841880725947	13.5821323469454	13.9411083446518	9.41082938877634	13.4886034705027	14.3297097196584	11.1687141582664	13.1221138477229	10.7850369399432	11.522630757242
M693.4634T886.42_3	11.5380305014195	12.6142552477074	13.348381908064	12.9989401953698	12.2483468414739	11.2290376474911	11.8822019035879	12.8472095685175	12.6192706548548	9.64724173589551	9.56955841573302	8.88566305436552	13.2717338317488	12.3370579558418	12.3938771904624	12.2284362034407	12.7573221280423	9.6541212051596	12.7234524181572	13.3237386993857	12.7761824735395	11.2523214154468	12.8018241349318	12.3421862035367	12.9909313804734	12.4463499490671	13.2819895660904	12.8629361758865	13.1426014339962	12.9388927052406	13.0573996366176	13.3414170225418	12.8693458560379	12.1964616670749	13.3132773426767	10.498713412465	12.0968694400516	13.5393155928377	7.79359642303628	11.9426196644401	8.61422931695906	8.54212347093523
M694.3628T271.77	12.7404551561692	12.1458158021348	12.5837823484611	12.8961799191761	13.0012314447757	12.0295523215731	12.0254231984855	12.6502704168039	12.5895528448692	13.2476954480629	10.6387162548945	11.9508379603671	13.0619617078647	13.0392471128772	12.6964887635568	12.9187373923219	12.4607565220858	12.8500865285585	13.2452028440996	13.8010263104188	13.0035900446938	13.245004968472	12.7420587197997	12.3109305752833	12.9696257898341	13.1985922649627	12.5654329815255	13.0373220710408	13.2046428154839	12.255037028312	12.7009616496324	13.4411045523506	12.7123514963413	12.5517489700357	12.5216487758427	13.2423199680376	12.621745312227	13.0782865927112	12.0328664540052	12.4678812031406	11.7486078706887	12.9543059857389
M694.6972T271.83	12.9490446458989	12.2498507753678	12.5847841619107	12.7041118728804	13.059598328442	12.4423598069888	12.6853248800973	12.6159255559111	12.4504227244532	13.5476791369403	11.9893950712922	12.4359393261304	13.4909807541108	13.0827691075941	12.7781377887951	13.3997338702901	12.5323942241784	12.5806571182843	13.2496401021609	13.4914280144321	13.2303833563079	13.345509737994	13.1848319511387	12.3219719842223	12.8405445197992	13.2570882971192	12.7538711753044	13.2833859193294	13.1490699057064	12.2278812480634	12.793882087007	13.649931434928	12.7986229212435	12.7914212936868	12.8367881079082	13.0862871705131	12.7861956634356	13.1381275600678	12.4253870071132	12.8388506808695	11.9514755272611	12.9796714310867
M696.4239T789.84	15.2664245829528	15.2749527959959	14.1573908271048	13.5446334369419	13.832714275088	14.7421450309351	13.4384881081792	15.41650142299	15.2971614572734	15.4755516803794	14.5577363107343	15.3770120683493	14.5236824195032	12.1750155323204	11.3712652535356	16.2154799921253	14.0236743733568	13.3062568670959	15.4164953427588	15.1514701680604	15.9525928068892	16.5050569224453	15.1360703300458	12.6370697150766	14.2189619648826	15.0354524732784	15.9626096876583	15.7251446653396	15.9582631915274	10.9869011727346	14.2222439066742	15.5764389685557	14.5794017788417	15.2381918374176	13.4426765301794	15.67257711787	13.1748517317365	16.3813634729078	15.4554278118857	13.8779341656034	14.9020890910443	15.3006918659784
M697.8027T907.97	12.4991746628136	12.8554777562819	13.5783618505731	13.2396180864925	12.6291629581918	10.7753084469639	12.2542155149173	12.9774192422075	12.8067722444427	13.1162108352042	11.0595325838607	11.2435729554902	13.2197392101661	12.2584095482504	12.7168097647112	12.6591305218638	13.1213993240609	9.61062635651476	12.8395376494936	13.4064090972306	12.6899971934896	13.3361186462983	12.9555842908518	12.3478609669593	12.9627498755478	12.8716515926351	13.3298916856294	13.1252516813958	13.0317302450106	12.9211259767179	13.0472912196109	13.7300526383901	12.5328245888381	12.4237411565587	13.1836185915304	10.3978371663578	12.500527058014	13.7572142168916	10.2168720413616	12.3592653976735	10.4323802212317	11.7567773193655
M698.1274T843.48_1	14.044175316834	13.8449097318034	14.4108940389378	14.398878555836	13.9744989473089	13.1757809095687	13.5689330246542	13.989295094813	14.0277156268674	14.2393895057121	11.8512814932183	10.9856476740809	14.1719908373266	13.8178582206436	13.9735138416019	13.6774966811229	14.4293531004836	0	13.7099488050814	14.4975506511603	13.9719637135387	14.489182843653	13.9443764986021	13.4675649243675	14.5251867492218	14.2025206277145	14.1517171052361	14.0899394118003	14.1559713890898	14.1002613219379	14.2486141235836	14.7858807782734	14.0088223853768	13.7866288892612	14.4556063582825	10.3633680543987	13.643559475071	14.5982809722958	10.3741761805117	13.5923578978161	10.0750322999555	11.6743109729482
M698.4619T843.31_2	14.2771335847664	14.22980457134	14.6699075389038	14.641188960341	14.2299461528756	13.1984324311664	13.7726865654662	14.0832770837347	14.1693754959296	13.9307707671929	9.92049043838967	10.3804269767334	14.1740091974075	13.9544242556745	13.9369645130204	13.9433277978688	14.5660848871958	10.3857067730035	14.3831414436472	14.6448495552931	14.0583530212826	14.6360189453645	14.2014587013378	13.8873618141157	14.548394586827	14.3152842305841	14.2944465237437	14.2632929348765	13.5618332548398	14.1890506721019	14.3787255354731	15.1232575901568	14.3056162396863	13.5110204702173	14.6232390838	9.62369692780347	13.8575660593986	14.826006736187	11.223521860832	13.5573342905312	10.1892098695869	11.8557581527461
M698.7964T843.51	13.3719313364809	13.7300063737151	13.9253073131855	14.1212023634661	13.3287423206502	12.3812958292442	13.0881985205289	13.54680613661	13.3918748007427	14.0134328636705	9.21239428727824	9.14307416275836	13.3747698352866	13.2409234788795	13.3702311758819	13.059809991869	13.8236137734341	9.31385362269353	13.7691968438927	14.1196789643101	13.554830593667	14.0351871558165	13.5385889301105	13.6173358052895	13.8952271106862	13.6186469267735	13.3671171393704	13.4575222371184	14.0623544073346	13.4856446027068	13.6407761064895	14.4275594780932	13.5015934978513	12.8892187839157	13.841624764594	9.41054143060984	13.4498643072112	13.9322755929133	9.83581512401933	12.8938212557945	8.84257683405138	10.7321521081789
M698.9924T925.12	12.3758666424514	13.8237374651123	13.2773013510445	12.2585098031704	10.598409602545	10.2382764124882	10.103551748729	9.72365579480842	13.2156647640649	11.4716582206773	12.3645018908	11.8000184073543	12.4885615994468	11.3917894693215	12.8824006370281	12.8184825431687	11.7831326241902	15.5676466219921	13.2382883860857	14.7490980305721	13.3312068988681	13.225039742542	12.0438125872066	12.0937460929446	11.2824528807746	14.3998959544609	12.1504903689726	12.1392943780258	12.3813899799376	12.4497977965823	13.1796214301592	10.6363097016104	12.1323476473248	12.387297920199	12.9879850758436	10.8369080695351	11.1630951841342	13.8292501965463	12.003594748865	16.6691792391601	10.5023235199087	10.1268915154529
M699.4848T424.94	12.8271208065609	14.078264762538	13.179797544757	11.9401420071369	12.3481510531906	13.8627207553328	10.4864720239832	13.4608200571783	13.8078977619797	13.4296506729196	13.6118557264606	13.2276337060361	14.5126673235673	13.2511341383889	12.0868189523063	12.6213450329008	13.2872773668243	11.2380403953117	13.6406240444971	14.2618576364591	13.5859993663391	13.8839156538299	13.1685402891498	13.4733971741858	13.062821087507	14.4642924854331	13.0748865080319	13.4923180012323	13.5411772410341	10.3626929205135	12.4918811713238	13.1118849154786	13.8689290720258	12.7070423414389	12.2681264944362	12.5479249078761	11.6715980674995	12.9542151311038	12.4754638570252	13.5811170740038	12.8319758400951	11.9464572338721
M699.585T424.44_1	13.2610418642724	14.6638249615048	13.4328766413002	12.628645262019	13.6882670739917	14.5004877281435	12.9424767875712	13.0326145918108	14.3526142739583	14.07978080465	13.9193977502977	13.7618174071607	14.5858295398996	13.6332799513405	12.8289545222997	13.0192899386493	13.8401670874005	12.4363158424178	14.6730882038124	14.7242020316769	14.2891635907265	14.1754574425519	13.6114636443187	13.9414356591552	13.1832625385117	14.78621096376	14.066967530239	13.8295288938105	14.3934177642743	11.4093509579607	13.109155217566	13.4906483798818	14.0513269567028	13.6211719719617	12.4172123118488	13.0283461255785	12.5901701458249	13.2167387916777	12.3076159531493	13.8682136325318	13.6464877680965	11.7680628159265
M699.6848T424.43_2	13.4829137535602	14.0356882455182	12.8926284290668	13.0511167934726	13.7245914430137	14.1170994061664	12.6575845942437	13.4303704068606	14.4192113670142	14.1629934850132	13.3557711083628	13.3933058724045	14.620140701191	13.1989487694642	13.043046058019	13.4071318988362	13.3335943363761	10.6298606670129	14.2321741179235	14.4496923284925	13.6202169005857	14.186147786699	13.7870384072682	13.7819640304124	13.491550297777	14.8497964711946	13.8094290230819	13.9469266754764	14.1626711823283	11.7241611901503	13.2494865352209	13.3192930205089	13.9755874762112	13.4095704301862	12.1067528428417	12.4327884446837	12.602661463735	13.2127184689278	12.2913676450761	14.3122284273127	13.6749158541594	10.5299578842938
M699.7847T424.44_3	13.7832209724515	13.8684959724093	13.255885217087	11.7327631218884	13.3650706664773	13.6432905900476	12.0418464264321	13.6925629141258	14.421373462749	13.5180672721975	13.172382173661	13.4259268483222	14.4828358062	12.9662921592103	11.7561503161537	13.1772532299546	12.8791249556219	11.9790243772664	14.393780818717	13.9153378218123	13.9682539194688	14.3124971497125	13.4099914460892	12.7014251015762	12.8337079898266	14.7924270306195	13.5164571165545	13.7410082927861	13.9429410068431	11.1091897158815	13.3895861876258	13.553085435399	13.5012962155271	12.5074176853047	12.6614617373937	12.7409189587785	12.0510615035767	13.5683275734161	12.1120998308181	13.8329572585839	13.0254230581335	12.1277535499551
M699.8567T43.25	14.7468235172769	15.117870288491	15.0549873887149	15.703678294628	15.7683142100326	14.7072009139109	15.1415812955159	14.2440146169855	14.6493318736355	11.9830692781761	15.0901162852621	13.6172009074189	14.9609081316273	13.8939612314365	14.9900291920793	14.4948001884282	15.1186015643141	15.2217664531404	14.4025913050228	15.1637860966287	14.9224184210857	14.8314981579139	16.2705411202014	15.3784489179564	14.8031464330507	14.91648707019	14.1224702468276	14.2840523660345	15.413448413271	15.501948784507	14.5935882622292	15.3368987509774	15.0936608920896	15.1673305364233	14.8522723730809	15.9558804648083	15.3668640676864	14.9524344465351	15.4692324365468	14.5131487193867	14.643215883956	15.6996109166181
M700.0876T423.61_5	14.4180631525135	14.6449280805493	14.9366638131028	14.0803107255831	13.939817126791	14.2733365481155	13.7798871192831	14.6350437242393	14.5865870587152	14.4671895406703	15.0131687498359	15.1555877334099	15.0012547439689	13.289692143933	13.1230680003019	13.456695485205	13.4264139429227	13.8912923125259	14.5459508193303	15.27392670374	15.3077379715647	15.0807392695315	14.7857624398961	13.6956369879626	14.4981272775167	15.7733406236298	14.7134620878412	14.5998297053457	15.6148335514351	12.4154099858175	13.9648693244587	15.1471058989912	14.9296344318574	14.595370061544	13.4890992769524	13.8505151535153	12.9045193935638	14.9504268106178	14.5421940765364	14.4135783313382	14.7009260895135	14.1883077971334
M700.389T423.47_3	14.082094880995	14.9279478398962	14.7192008039396	14.4567542217537	13.8979587647848	13.7354021939265	13.5621301028809	14.7158610052207	14.690768514138	14.7597557106759	15.1209915016642	14.733831268577	14.8674372554778	13.0057715505068	12.5449288670356	13.2487567459722	13.1620346150435	13.9421440878447	14.8405623711756	15.5804703531428	15.2325553493061	15.3172588750283	14.5600122400789	13.5889988568186	14.4021985236395	15.6805850383612	14.7589974294963	14.2586943756186	15.3996562402709	11.9478620574955	13.7271241835522	15.2223311409035	14.8255743822504	14.500316413168	13.2064935764994	12.9225245601071	12.2113273255399	15.1495002495636	14.1876821319529	14.3384310660695	14.5359625605511	14.0080776186586
M700.7829T355.06_1	13.3120716364766	13.436710194289	12.9232212684788	12.9093896149483	14.0290196115266	12.7701503229408	11.9066544427077	13.4477055229628	12.9544258356961	12.6347420961892	12.5525914112561	12.9959509068758	12.7806595020446	13.36019061634	12.8813298617332	12.4279793608968	12.9630916430293	11.7094267604336	12.8841122622221	13.633858915036	13.3779752450721	13.4352597978465	13.4475649519223	13.1105099843571	12.7049489170577	13.0170020522227	14.7584178698159	14.181072669368	13.9827842818429	13.0964386274319	13.0979108011133	14.4986493600153	13.5314713547532	14.6863811180861	14.0593925561023	13.3588398245968	12.8176654913218	13.4158973837472	12.7010031770523	12.9618438725905	13.5643563355759	12.9301212114778
M700.9709T746.22	13.2130518527451	13.5111724857202	13.8658755399999	13.934060184477	13.8445010774782	12.5164395995112	12.4311452844138	13.1602786900861	13.0865812361491	14.1329739873925	9.410918772621	0	12.9246594014773	12.9356684139746	13.3302115239103	12.9669531375887	14.1071393620778	0	14.1122233738351	13.2872854868963	13.0764716404594	13.5606300713079	13.3626908804176	12.3931278452705	13.9325207491074	13.6744385951813	13.0398004459696	13.3938007273487	13.314321014137	13.3593861112441	13.3691426286901	14.6032516684939	13.519635272912	13.4285259274124	13.5469015569012	10.7903309011641	13.0338703279901	13.9673144441646	0	12.6047126559943	0	0
M700.9833T355.34_2	14.1425687224714	14.1239587441925	13.9629446497134	14.1872335945618	14.7313019555172	14.0277037791394	12.9335268229034	14.5584502240104	13.8035492787191	13.7352439956329	13.8471257589103	13.9810784833761	13.9162187834428	14.5447297264489	13.2768973485368	13.6766530489423	14.0626185432987	12.8263431440607	13.5337319987807	14.6874280998525	14.2928583419391	14.1327543238494	14.1909891908083	14.105872978827	13.7274932734964	13.9846158831594	15.4677286953139	15.1456461953357	14.9536945918586	14.01224593597	14.0005827676252	15.3234597503748	14.3645131462038	15.752238711391	15.0456996691996	14.5250359357035	14.2672498045429	14.5264312725267	13.4186809779546	13.6878249709052	14.6243527174028	13.6872583635656
M701.1839T355.51	14.5726724970845	14.0063971198921	14.2776995555021	14.1697173266511	15.0012939927102	13.9546994009465	12.9960666856661	14.4723897828134	13.9540118426565	13.5140318803315	13.6275300679044	14.2267499620186	13.7218813779003	14.4798724942229	13.5387233251598	14.0279048920989	13.9118665678156	13.0113244090868	13.910986738999	14.6189533938729	14.3683113497457	14.4164714649858	14.48712990517	13.9767846600481	13.7845044527822	14.1345920202862	15.4193538508841	15.1310695693473	15.0168400403649	13.9744809976818	14.3761867745128	15.3937502178853	14.4647284384257	15.7321871838127	15.0230440447938	14.4367805000359	14.2968120044786	14.6239201624805	13.806219208687	13.7470795270338	14.6090108577513	13.9730977106851
M701.3845T355.32_3	13.635685211117	13.5604977590318	13.5918146014193	13.7335951861064	14.3863392456656	13.5140300934923	12.2640647297754	14.2427603030135	13.2778007141464	13.0336861779216	13.1239832943069	13.1604173966853	13.1064093180857	13.8805242439109	13.3077406914137	13.1613759404349	13.8608553300247	12.4745237090562	13.5991878002584	14.2674685018334	14.2083781904776	13.6962346799558	13.3225446198699	13.5368321525657	13.001877555252	12.9895269759822	15.0141317002742	14.6846047858855	14.7531687443331	13.3019604868441	13.4614907145944	14.8401716207296	14.1648580505123	15.1954570077568	14.1426157298337	13.9974199284955	13.6566713358468	14.0875782911216	12.7737216531344	13.0382545578581	14.2332236102956	13.0280707644451
M701.4133T1029.51	13.7443779731091	13.4616775032229	13.1922826905338	13.4784515077462	13.3536430138619	13.5253081916891	13.3823848638339	13.579013059835	13.6769530020114	13.5662498800727	13.5259012234562	13.6116401674754	13.491775449209	13.4642178365378	13.0507467323362	13.0746095385483	13.4459584571624	13.4512080642175	13.6035009345475	13.7654980690781	13.6638989107226	13.7721243959967	13.8259135924139	13.4274337843494	13.4248465430927	13.9005889544956	13.6653002103295	14.028183426535	13.6488250000982	13.1127161649432	13.50907359871	13.616765367497	13.4434781037136	13.6118489025903	13.4022501370191	13.718724609292	13.730662993028	13.7793732872685	13.6016730360722	13.6590010572615	13.6970089488637	13.6862282330254
M701.5849T355.39	12.763322305247	13.050201815236	12.8875340618232	12.7069686507816	13.3887160242885	12.3715248272189	11.2653208330437	13.0094121704125	12.1511342261949	11.9412702841986	12.1714417566602	12.4104656164021	12.2338046540247	12.9396379519218	11.7362021001567	12.1967109337059	12.8381247168977	11.3402640623094	11.5483935150723	13.4454652747746	13.1891566674541	13.0538844548518	12.7253852784298	12.641223111686	11.9030160401276	12.4917164002189	14.16173175929	13.8715571936278	13.5844056830258	12.2673259598405	12.7015822184145	14.0500761076607	13.1425950925457	14.3221745340145	13.3759548468921	13.4020625956833	12.1037991743898	12.6241310631802	11.6638226022262	12.6338795564958	12.9543525759471	12.5072749088894
M702.4061T587.92	14.9248619595143	9.24258696011223	0	0	0	11.1693975778787	0	16.1334773391828	0	14.3337938427516	9.21547064723508	10.5007115536602	12.8877298807652	0	9.85507746827988	0	0	0	14.4433937261611	16.0646118622904	16.2452375724953	14.3576758063487	16.0321765306206	0	0	14.5058011975714	13.6702800102647	16.0329191722916	13.146892628857	0	0	8.95327653619378	0	8.99794191213395	0	0	0	12.9224913559589	9.80593446649227	10.395513516099	12.0324969122793	12.2170732154905
M702.7995T862.73_1	13.8098065128938	13.7148540133169	14.3369742179129	14.2750269162501	13.6082777506504	12.5978164634214	13.5084555289443	13.8289514299058	13.7509493810857	13.648655209855	11.6345004681828	11.1973593042265	14.1016885035915	13.7112526416003	13.6458892179793	13.5619431895316	14.052190985172	10.7034482404172	13.5263201045625	14.3555689132389	13.3244001327562	14.079402338741	13.9502286610864	13.5612825364122	14.3151776990209	14.0952658620769	13.9514233635272	13.9137018798466	14.0982189718273	14.1172232091117	14.1339707193697	14.7298267957712	13.6182571862576	13.0327620546734	14.3532663810127	10.8741966786953	13.5126811515474	14.5738222022529	10.7202878887224	13.2673722642932	11.1067417193796	11.991265459916
M703.1338T862.43	13.9543676667096	14.1254149672252	14.3379743028782	14.3391283379683	13.6314842369399	12.544001386542	13.5908867592825	14.1251234892442	14.0024930130362	14.237869206212	10.5748247349305	11.7318251075676	14.0428536746569	13.6155060955504	13.7764418979868	13.834913988174	14.4691197644072	10.1542386499202	14.1206337879814	14.3528858475086	13.9979111599681	14.4273959753371	14.1573169875831	13.8304348694637	14.3136828489073	14.1296760175697	13.9645268833742	14.04743768928	14.1853579035765	14.1553087513481	14.2473181001468	14.7501991796901	14.0545082312423	13.9486140395553	14.3314084148573	9.84180438460322	13.9118174890041	14.6552680706128	11.4019859780173	13.5123785181562	10.5779849144398	11.5703784343575
M703.4683T862.63_2	13.0880331232413	13.5047226350876	13.8193857576907	13.6956503220379	12.734551386353	11.8505033678364	12.6563192338111	13.1329900696885	13.078457773535	13.2609192044951	10.6958566996692	10.540716725145	13.5042026578912	12.7255034027502	13.251890128565	12.8925976721361	13.8170930769166	10.2445616642923	13.4015693325509	13.7619358650933	13.4399421007484	13.8815156377317	12.5157940199847	13.0866876650964	13.5650232939146	13.220999028272	13.6061813325767	13.1108753586846	13.2967492207149	13.392375126992	13.3418541057747	14.0854577284812	13.3253634181357	12.8587073411182	13.5494100230912	8.65242249214989	13.2343425784953	13.9091484606944	9.19445144639908	12.4439384926913	9.49446720847376	10.1948643711332
M703.6701T421.68_1	8.41258430397104	15.1532673361844	14.6719741466279	14.3002161366428	11.5991593015065	9.91042039151072	14.009412766602	9.88615970703345	8.7689093135355	10.7478234107652	15.2978464095838	15.9579051230403	10.2838875476404	10.9950703067628	10.7891694236012	10.5216187146363	9.98429795242777	13.4853641959901	11.4767367486343	8.8153515783167	15.1592865403309	15.4129670037207	15.4409471480278	15.5012675607433	15.4939479931528	14.9602191693237	9.77547405789192	10.5836758558784	14.5893320655279	11.5343560590599	9.3651241554332	13.9804708717967	13.817819775799	14.4120530318005	14.9306534998184	13.716677151298	11.8180829915737	14.497628834651	15.7547186350082	8.22888285961787	15.6910788918729	13.1087124082613
M703.8137T421.7_2	9.77340558458706	15.6964551061585	15.247171526195	14.9033729079445	10.9302506504244	8.68997466534324	14.751106925567	11.460103557493	10.6089978911704	12.0796881592176	15.8857505992981	16.5259239201948	10.6635099499374	11.4152873554456	8.60591803742299	11.0295777204004	10.5716924572605	13.4417382504262	7.32289477629365	10.1037271843087	15.744718435671	15.7403150960998	16.0402616341463	15.8757249655446	15.8914430133041	15.6360969739742	11.7670032262602	11.862187662357	14.8743077487439	11.8337666410439	10.7152807779266	14.8723308891587	14.4305499535492	14.6498285453447	15.5836797031561	14.4193100524403	12.0787696552006	15.3651993023385	16.2396917253121	10.0369085980286	16.1973141584343	13.8799776100445
M703.9569T421.68_3	9.77524963344167	15.7523052118469	15.3994467524233	15.0480010164349	9.32266126751512	7.62482358940288	14.5163082963144	11.3777754150224	9.08331991728196	8.06577938179605	15.8803374829575	16.4985722666662	12.1195234260293	11.7740575909475	9.86185928302366	7.49388136426776	9.25525713899464	13.8922482559895	12.0582177240289	10.6023254149126	15.7357646686325	15.9103206007448	16.1763693205449	15.8810266898486	15.995880149131	15.6295164506969	10.7956378018168	11.055622114189	15.0725790810144	12.0323832859449	9.53067631104105	14.6834516572088	14.5684668476995	14.8007168109557	15.4419107993128	14.7491528133919	9.06226909793422	15.2831720704835	16.2809335457669	10.8816268639436	16.1264727451052	13.803055654421
M704.0464T410.84_1	12.6249960353985	12.9938798246523	13.0756574733683	12.9520178672414	13.475516582592	13.8248410001905	13.0833070382388	13.411543903965	12.6642652135387	12.6363975732406	12.1766942631884	12.4680193188972	12.6667484274286	13.3131698180598	13.1553231634362	12.6677766660576	12.1313584384175	11.8889828181116	13.048615262017	12.1695656584616	12.5374334361204	12.825093334432	13.3552909229452	12.9420684209925	14.0399613798162	13.6883566843206	12.8511152555393	11.9019139641062	12.6792281409468	11.9544820872353	13.1755258656451	13.1720028716636	13.1255989199553	13.7520043162105	14.1646536446919	13.5546353266067	11.1081226647929	13.7320738553339	13.4465792416698	13.2186056888572	13.1106586084687	12.407427754105
M704.3806T410.51_3	14.6109238541587	14.8103904218197	14.8962905080342	14.8780865899496	15.3371723724291	15.4603362609417	14.4661711891373	14.6545490524639	14.3080950090502	14.6429118847935	13.2986123869448	14.8417582971826	14.4005278787342	14.4577660576712	14.8157434028595	13.7699170694765	14.1565555175651	14.0453008476514	14.6097094395427	14.2287738061781	14.20678165604	14.4223707979246	14.6260263093871	14.7733012694199	15.33667481902	14.8102433737309	14.1267827555346	13.983821679959	14.6100533797246	14.0014891002868	14.4812962280815	14.5509288797232	14.9917797503972	15.716429728222	15.7801329290476	15.400510167187	13.3534544260348	15.3249061322841	14.932267018807	14.2590466079868	14.5653599650619	14.4284617579352
M705.4754T840.5	11.5366813607124	11.8764201560803	13.1413641247894	12.2432528090672	11.9560706130364	7.57993305778936	12.1118302636083	12.2139908862159	12.2492919734363	12.8024924358842	0	8.27222913011431	12.5596508599584	12.0579085981511	12.3000791415121	11.7168497749931	12.2969602766909	8.91913268680622	12.6879611633157	12.3471192826709	12.3686995849611	12.390255463223	12.1597282247119	10.9784347000454	12.5824647252072	12.3046784531708	12.5211064975189	12.3127025513302	12.5448147970031	11.8127249537783	11.4202581525552	12.7759242857857	12.1368853773527	11.2373283956653	12.423526187567	0	11.8244772625074	12.6619013513452	8.07177685789827	11.4970640823343	0	0
M705.81T840.5	12.4549638228943	11.8288324845635	13.3614075290999	13.0945600316519	12.8126510251729	10.640820150149	11.8559131398387	12.4439548505844	12.3498032605923	13.1564819719666	9.59772793349302	9.37283876046196	12.6393583916995	12.1420888032089	11.4749240464817	11.5710454376459	11.110261870484	8.60683132939943	13.0303674477703	12.8264702070754	12.2877259129585	12.8203193070832	11.9756003987255	12.5971532352803	12.45993366035	12.5057341015255	12.9329213092942	12.3304673349318	13.0023593519317	12.0393460228741	12.3053720058768	13.3380908359267	12.6736798779513	12.8485786439798	12.6653570585476	8.90192379935906	12.4836100348822	12.6673437551089	6.92849619622439	12.2243009888268	9.2158090046288	8.99324797587954
M706.383T413.64	11.8073260642867	13.1733408183002	12.4167024111386	12.1905325081991	13.0459218659115	12.8749322394111	12.941620889259	11.6663704386882	10.8224791758292	11.509559472074	12.482661790583	13.2548765572876	11.6772560573974	12.6566833795675	12.5002451552462	11.2634250620653	10.9003888080349	10.6071927723148	11.7600321701155	11.732505178158	14.3005587211932	13.1975550910344	13.7869356006538	12.7299516015978	13.2671619063037	13.50377171094	11.5014455512344	11.4989332968258	12.6258748604954	11.5100390250782	11.5707817556038	12.5087964645466	12.9448136131167	13.8441766514223	14.0258178814723	13.3718294922671	10.3250095403373	13.3529597926087	13.2541744459795	11.2929903127395	13.1468041893766	13.2627288274733
M706.4307T949.3	11.4019663723138	12.3347525273814	9.42075294532952	10.4451135275223	11.093050721025	12.2280715002157	10.6578738226115	12.0306484183854	11.5568369369788	11.4713213314087	9.93034975206388	10.8899152035868	9.65419683078509	10.3025982129335	0	9.41198591755355	9.03129059982628	9.30439320501968	11.7267827694734	11.7648829661199	11.9733394861833	12.6608156343556	12.093926575299	7.76703095037585	10.5983195013114	12.120077558179	11.7508142106426	12.0701633076428	12.6253586501502	9.43557178808659	10.8440692866922	11.0246606580362	11.0649200217616	11.7310415616098	11.2033115116941	12.1133489153351	10.6835014420609	12.5137143072338	11.5043193650705	11.547895821264	12.0891588696868	12.2703869567777
M707.4732T883.5	10.3020291590928	13.2327303329051	14.5384099831536	13.4812144406883	13.0640652579721	12.1962969757419	10.9284144714334	13.5847358257687	11.8952787292078	13.5665004647882	11.278755757264	10.0825503171379	14.1727763849585	12.1733834318138	11.6660798992721	12.4392412960019	13.0702165941675	11.5589489507532	13.3102046918779	13.7339886236152	13.7542937582295	13.6566187025093	14.2223373000546	12.4458471407177	13.3528001911343	13.5551206832885	13.912854907684	13.94724848388	13.6004351490218	13.9292730204208	14.0192871092994	14.3910017323755	13.4417997696646	12.8018605572522	14.4018395708483	10.0498083764819	12.8030645885003	14.6755045975375	0	12.828729998205	10.5622371550989	11.6554276842577
M707.8062T883.03_1	13.4287015082035	13.810006064297	14.4538372874361	14.1218611968824	13.4963344304641	12.7986244136277	13.4281951309801	13.9497128520277	13.7914652051558	14.2435669855729	11.6128573244559	12.230538210979	14.1312078193842	13.4343311443189	13.5859311335526	13.4490862470652	14.0624944553013	12.0171328635064	13.9064672291787	14.3125151844197	13.7618534252738	12.1463594647378	13.9051009448269	13.1798308576336	14.2231463905065	13.9526036496831	14.2684281245323	13.978460814362	14.0606520103753	13.8364125952599	14.0267624664903	14.4847771052435	13.7125765984844	13.3304802701769	14.209659266198	10.4921866125492	13.6773302191884	14.5196528685978	10.6618050776467	13.3791377279851	9.85156260037052	12.3870526811061
M708.1124T271.31_1	11.9099851755116	12.4157901108046	13.0651159509661	12.6027731443482	11.806336791216	12.76637711073	12.2758179090371	12.313768715436	11.7149921290222	12.1298016848494	11.3687251221083	12.2401963044755	10.8964877194259	12.1131196778265	13.0017602519035	13.4803634175346	12.7347380368318	0	10.8506349120873	12.8050056214705	12.466147568911	12.8878625707366	13.4035612968221	13.4072861883691	13.5589935866983	13.0590667626702	12.6451077069604	13.4529582558374	13.5410916412606	12.3375515958556	13.4464912417998	12.9508910210889	13.1365472659189	12.4514661793078	12.9403103207803	11.1987919278336	13.3554266913409	13.1257051064946	12.8349683493047	12.5118631473118	11.9813827250632	13.1636483559843
M708.1409T882.72_2	12.7822782271996	12.9224741807336	13.630085259452	13.5104598946087	12.6257765154745	11.8077630247682	12.3860333312505	13.3259745377815	13.265599385175	13.3099256244488	10.4331781427606	10.6863658837831	13.3469339511879	12.6937463829306	13.0381722887918	12.9283179975522	13.6374355599771	9.28389061171608	12.7995057623354	13.6139714085304	13.1904512101111	13.4707321548477	13.2958605021262	12.1815428208841	13.5666368196992	13.2371556678345	13.5240625553154	13.3697499303563	13.1262988062822	13.2375219696958	13.4011449040153	13.7515801272051	13.1765163038026	12.5654036643943	13.670980216305	8.33074806360946	12.5419320758979	13.9308502271106	10.1028656660999	12.603046662942	9.13208132859408	11.2802739958516
M708.6137T271.31_1	12.4053405613008	12.3968274927672	13.1508392144989	12.8955221891326	12.2611162128496	12.8374744465774	12.6382153570267	12.5126985812304	12.4077324241239	12.0188700515976	11.5062926534625	11.4631637181267	11.0439594654678	12.2422420413424	13.2468399038006	13.3773760202876	13.0844330467623	11.8312317286945	12.6114748826527	13.1078150331307	12.3437198304772	12.9443042889507	13.8046331447902	13.51492938443	13.8524357829246	13.2287262891764	13.3206076731311	13.7292094130164	13.5869950984546	12.9650398552382	13.9836180177884	13.1306918290981	13.2788325151521	12.5583024104474	13.2208986237532	12.2413825320051	12.9272008802843	13.5323048373943	13.2337624295966	12.6253301716104	12.3665272556245	13.5256607065765
M709.6521T298.82_1	15.4611510733	14.6110620683386	16.095077781997	15.8416924303514	14.7678744683016	15.461269611835	15.8510157556202	15.5967537896408	15.3228864670184	15.3225436376382	15.1885176034987	14.9968260021761	14.5767551977996	14.9494273293697	14.1608935723524	14.2399294559771	13.734782816096	10.7521699915241	13.8920747823964	14.1970473591795	12.5751895006985	13.5761757162636	14.274224204516	15.5664026819479	15.1251281506648	13.5543852064776	14.2141093760084	15.1563337466087	14.8782900450625	14.6254698709671	15.3742215249039	14.5753411645666	15.0544960763805	14.921638327519	15.1350774908517	13.2870631131845	15.6531097436581	15.6558640266367	14.3671533922087	15.187388274379	13.6281943911218	14.9329293692558
M709.6754T422.99_2	13.84841137513	15.2907322486362	15.2792236011467	15.6677909874372	14.8181164140738	14.5862271253961	15.5313740831576	14.472053579743	13.4074955132531	14.2998776232155	15.0148508996972	15.0570805340028	14.7599452712993	14.5856377606601	13.0827926768417	13.6618784650223	13.8646216923872	14.8868067040603	14.7834095598509	14.398494049041	14.6038849712271	15.3066073937702	15.5527250163867	15.6554886375465	16.3296792732	15.9075515793713	14.0930354698578	13.614167271097	15.6246629257998	14.0411816891721	13.994812293435	15.496590839115	15.6697623765623	16.1043230178906	15.7967259004186	14.9732325000065	13.7102982232727	15.8143682906524	15.3632560965321	14.1638922911463	15.1530359823457	14.070338953822
M709.7949T299.15_2	16.7455682151647	15.9681553675532	17.4646124920629	17.3626088397932	15.9723453183395	16.8065986292257	17.5485496412622	16.9188487994929	16.8625055921073	16.6131290453969	16.5250338857844	16.6071671288675	16.2240555931484	16.4454561476044	15.4068101144743	15.7290021096694	15.270147816124	14.2009269677722	15.2684672431387	15.900116256583	14.1702063260626	14.9491139104989	15.793177696441	16.8938334621303	16.436947858974	15.3238961849264	15.6195585646711	16.4012003726997	15.9657508662947	16.137471586361	17.0210462343945	16.2035429853579	16.4620923195365	16.371514587217	16.439618900308	14.7178490118426	17.1406526997398	17.5650426972831	15.7886691920864	16.3552588169493	14.8292132956386	16.498613392988
M709.8186T422.9_3	14.4018992058229	15.9529851719592	15.8526616711479	16.0599261166405	15.5916093779596	15.3257020769524	16.5100899799895	14.7715215979486	14.4163874663279	15.2382281151709	15.2552914097208	15.7318648463896	14.9180312782813	15.3436120481475	12.9464283921276	14.3556432209426	14.7878141577446	15.2388930236318	15.2201795450636	14.7497573270209	15.1632312421068	16.0097971534914	16.2424562237556	16.1744783965863	16.866118305848	16.5968700140974	14.8572976096644	14.5442252964912	16.2712779990412	14.6468859930462	14.3331571119571	16.0515805205999	16.0930366195049	16.6903358854455	16.5283492129259	15.498496680465	14.2281347768162	16.4300584427863	16.0110095005459	15.0220576004894	15.8259459277584	14.6416517603548
M709.9381T299.42_3	17.340755701206	16.7804992534438	18.0256910621798	17.977323950582	16.6164677416386	17.3399460103171	18.1740681381382	17.7304190967962	17.7026054291833	17.2405928564336	17.4356505720838	16.9917212637979	16.7175033117552	17.0232376056358	16.1351581572673	16.1725814390867	15.8686787048314	14.3803383726185	15.6689685328607	15.914731248945	14.4404955458017	15.1944137822128	16.4378762566029	17.4987904462765	16.9597392000262	16.029633171331	16.3819196982236	16.8087644445792	16.722545310738	16.7617947750335	17.6981083067154	16.8246023134145	17.127314096899	16.5638253306121	17.0086183979375	15.4589060336178	17.5690354559833	17.8376022669984	16.6002270774869	17.0587648619282	15.4188731773291	16.8231800592548
M709.9622T422.96_4	14.6724221252994	15.8234048864737	15.8951418737887	16.1571460270855	15.5889156967758	15.5243863093841	16.3386873848951	14.8834130606232	14.0536402805731	14.774257460386	15.3270797657272	15.7302993242276	15.0232556564458	15.407758441878	13.7113370314813	14.5867274574432	14.5193824496511	15.1750379369391	15.2052180826339	14.9679165907533	15.235686263758	15.8426074994155	15.9811549856549	16.2151081755403	16.9292770092436	16.5471207264511	14.8569678686286	14.7349441604274	16.3208654558917	14.7523893245245	14.9749212768818	16.2503569848796	16.1372210041845	16.6708426906784	16.7287169430303	15.5711000283434	14.1106965882518	16.4241858431964	15.8117867784299	14.7116321933839	15.8337332106555	14.8746674661082
M710.1049T422.91_5	14.3452178451173	15.5271879729927	15.5019722501032	15.8130014133759	15.0525897750481	14.8646445854689	16.0475321318805	14.6440000304136	14.171668921231	14.7612873619024	15.1386128819367	15.6787346866548	14.8095043416266	15.08416156205	13.1927644203997	13.8160890399083	14.0980504432824	14.594559726715	14.998798486381	14.6461431792176	14.9821449167887	15.7558242843684	15.7641211760779	15.7496641309588	16.6088694212783	16.222294836232	14.3637581018105	14.1686376080901	15.8941733493053	14.2135524404719	14.25011952065	15.8159153797806	15.7692750262953	16.3335468989253	16.1696060270754	15.1626979159467	14.076253363606	16.1571577881575	15.5816898621245	14.2624717754083	15.429310455094	14.4522856089988
M710.2244T299.42_5	16.577586726981	16.3195054582493	17.3393778744645	17.5172826097585	16.0844031442502	16.7809190259882	17.5992703699984	17.0864151391305	17.0346829327236	16.7202086658537	16.7490116360584	16.722257832465	16.0810418317029	16.2533090139267	15.7305055842724	15.5990873993169	15.7036288118665	13.1875098873491	15.0397485834934	15.4090959864361	14.0913188722492	15.1019669600786	15.777010002094	16.8373028604898	16.4801708199083	15.2072968916798	15.6478015021067	16.3037823342756	16.0713691818553	16.2146104977147	17.0251724227667	16.0272181560763	16.5305227013817	16.4541226934643	16.6039926214501	15.0338083604615	17.1292683668501	17.2512517943839	16.0991454581854	16.2905780062924	15.1248108335431	16.5839715092676
M710.2484T422.91_6	13.7646640208561	14.9282848480348	14.8592077928317	15.0765165795215	14.5148601456898	14.3151649400719	15.4117781544019	13.73730699184	13.5903956523918	14.0150435378849	14.6520109721695	14.8868250640583	14.4572998594498	14.3692085163771	12.6381997478274	13.0797780650155	13.6347492050672	14.1999814974208	14.0841000167803	13.77110681518	14.224939706998	14.9814913884935	15.1336708513621	15.0352558285695	15.9704453921845	15.6921936850962	13.5353750929552	13.9265223217511	15.4108414721929	13.2481506761546	14.0217959947054	15.3335339236836	15.1692111216771	15.7838125470597	15.6341123769055	14.5012422435167	13.8537211107443	15.5849523750574	15.1016517861407	13.6231398540531	14.8359962585362	13.7184219417744
M710.3917T422.97_7	12.8451600950171	13.8043362123461	14.0731275441806	14.327201383327	13.6907033735709	13.9048786548649	14.4497928605941	12.9590906915347	12.1538597142347	13.3832331354184	13.4845678181915	13.9240882130838	13.3406510844987	13.4300746954048	0	12.5640193548261	12.5043549694379	13.7495695920562	13.179794965503	13.0007697615891	13.5644296760814	14.1702777563605	14.2321509061112	14.4827305724033	14.9705509943956	14.7873276059957	12.785824744491	11.3813657389693	14.298056162936	12.2461519861759	12.7619806483459	14.3001666115842	14.2622086015398	14.8253377784257	14.6745264926776	13.6808782715821	11.7697334506057	14.6380104123268	14.1890613547613	12.9342965632632	14.0841062999707	13.0163488360756
M710.5109T298.96_1	14.8808441019827	14.6490228585382	15.6395881228437	15.4363487222205	14.2170736109928	15.1449972298603	15.7153828166569	15.5059761690547	15.2139009821354	15.1356526014378	15.0251340015755	14.9280142886515	14.5019502660168	14.5880832695803	14.1586479667249	13.6766181897304	13.8432935531275	10.2239563938915	13.6119683776021	13.9263377612442	12.5693710448048	13.2124073068306	14.192656641894	14.9311755431561	14.7620930230145	13.3747066789307	13.8450993963482	14.6024587716998	14.6367496098296	14.6264123117402	15.2998140405884	14.3314905779319	14.8585318372402	14.2023539965391	15.0035338726214	13.024477079502	15.5224615831255	15.5542195588248	14.3181152461081	14.675366631267	12.9694903419374	14.75120528009
M710.6539T298.87_2	13.4235316733201	13.6814846664199	14.4535122835991	14.204053789512	12.7166450689473	13.761292950258	14.9271576136544	14.3486966364125	13.7915125470076	14.0013717241081	13.6379689104269	13.404658728398	13.176131442384	13.8567319763719	12.8193296482436	13.5920482061323	12.3346653642662	10.1921652611181	12.5746603313639	12.3457183190248	8.85888937304088	9.65979252490358	13.3049482935619	13.7702498930654	13.966468936902	12.045945272104	12.6692761094492	13.3535097051529	13.1859612785541	13.6851308487335	14.4159527618879	13.5819279613824	13.3982522920283	13.30854878645	14.0176637716012	9.18515312326262	14.2430719366403	14.3840749739719	13.783588700908	13.8440647875536	11.9054716174962	13.3300076944172
M711.4856T839.69	11.4138852624639	12.6164359355495	13.4568988976514	13.0290292095463	11.8603190843928	10.426982173503	11.2027144739429	12.8703105650839	11.1363696176446	12.5237812563057	8.5824177958293	9.13214934948554	13.1542924907794	11.8800253093262	12.1223825508033	11.4788046191199	12.8462559071115	9.12879485274546	12.1985231224652	13.2880959387736	12.4280347092011	12.3319613272326	12.0907684851169	11.736835814808	12.4595853996701	12.2045191311258	12.9275646885472	12.2338918866845	12.8211945346999	12.7277889585656	11.8721262827147	13.146297821257	12.9305228528269	12.0344422780551	12.0664226114201	0	12.4918766579275	12.6410805575233	0	10.9301304599346	9.53551387917094	7.81114645390677
M711.4907T743.43	13.1674019862333	13.0690340049721	14.3431549962601	13.4849470607507	13.2825848912374	11.5013556921794	12.3285173590284	13.7227018542366	12.900473279668	14.4713216136755	9.75400939337671	0	13.7982753703103	12.6259913096636	13.4332576967156	12.323805461674	13.7794430747502	0	14.02243749182	13.9225063980084	13.6343568572444	13.9382733044215	13.185566133359	12.3197424072797	14.0022620829455	13.2510477047542	14.2490912634288	12.9987452165045	13.0126238617098	13.7961068023897	13.0885180611993	14.2309819953188	13.6759512672519	13.1655487015546	13.3991925220353	0	13.1470909471188	13.9682568781091	0	12.8428766581739	0	0
M712.1439T904.52_1	11.9823336566835	12.6113366390185	13.6192573270237	13.1412597786495	12.5847546558378	10.5889421562779	12.3869320287507	12.72687970511	12.6171444705981	12.9798240240825	9.58769285829798	10.9341375713717	13.0471399874285	12.1021423884393	12.5945649111553	12.4942522631907	13.0174320744481	11.1688081171181	13.0849667870702	13.3291916934862	12.4608156173112	13.3860227380832	12.8056200714413	12.2246020231845	13.1380996888707	12.977592855068	13.0123949730383	13.1457448516783	13.0560362839025	13.0645153017645	13.0136789246937	13.5594135271922	12.7658701182473	12.1415111377109	13.1597010507588	10.2072519847998	12.4397057748638	13.6611480614653	10.9026511921442	12.3206327475675	9.43249983541017	10.9812517381767
M712.2386T1066.65	13.2622991022025	13.2289075343447	11.9789909707643	13.2815731235041	13.0795804876904	13.0519521950757	12.7477701930599	12.1426853992318	13.0062635994273	12.7622294211299	11.9847683800429	12.7051324993374	12.191963900478	12.9669423237739	13.3823829325049	12.6567008209239	13.3997508590507	12.6181491585848	12.5187138721145	12.7179251856106	12.0189670074885	13.3913426322977	12.4989239380539	12.9719653338949	13.2592293190638	12.8305039684874	12.005617752811	12.8440552841711	12.7959676598119	11.9395869824	13.2754752468927	13.3608920232546	12.2319064361471	13.0431664193125	13.0610213596185	12.7861708092136	13.3952889959152	12.8090587629865	13.157053029468	12.7100968288308	12.7746993690554	13.078851398169
M712.3872T413.69	12.6502699912892	12.4617745911624	12.6828644002006	13.2936063151808	12.7573399450658	12.541152552506	13.4502188829702	12.580329717778	12.4247121405552	11.854356768194	13.1472432916613	13.2681384171644	12.5498868929714	12.6483492000044	11.1832978180409	12.2159039329956	11.7325984914681	12.3191691402697	12.5024463015373	12.8176887839925	13.8947188220886	13.2375492428755	13.3077981741484	12.6392864080914	13.9026396176787	13.7357847790272	11.8594374895551	12.2325995681065	13.0762810193279	12.1814911112323	12.4973904390756	13.2380825924923	12.6112793405673	13.4587991037295	13.5763795590636	12.6094540037542	11.2118844632982	13.0488499891307	13.2015186746847	12.6942963363196	12.8495804577481	11.851437705402
M712.4788T904.55_2	12.916288614464	13.080456749993	13.6496520918809	13.1287448593085	12.7540298440485	12.0454085280147	12.4007404002687	13.0547475782148	12.9803724624336	13.3026174170835	9.28594270587442	10.2872814906793	13.3090148543414	12.2447988909278	12.6999778401405	12.353634428711	13.2043703138465	11.3325717014592	12.8544916289743	13.7210895716521	13.0239061461449	13.158580480374	12.9785173698423	12.6221120688636	13.3313444187861	12.9824552717457	12.9276488148534	12.8908045063388	13.4714036742959	13.3070742301677	13.2201845064129	13.6876129374646	12.5124861060674	12.6503873652894	13.1137360677706	10.7475765087179	12.7540050134187	13.8245512601766	9.75430849877089	12.3333446789443	9.48726391460893	11.7845559234145
M712.5302T413.64_1	12.3578838513377	12.9668969999436	13.3451157003759	13.6634060893747	13.0499997435909	13.3012423133777	13.5242921913776	12.9240378459873	12.2495596219166	13.0658097786751	12.8973392002712	13.6779158450732	12.5987107329107	13.089098171367	12.1460944817602	12.8505084926689	12.8376820447399	13.248692549536	13.4591811825718	12.9136307586807	13.3707840833379	13.5925567848324	13.805914673393	13.3513225390544	13.9954744477097	14.0231077802906	12.7029011863113	12.6212273222627	13.4415906471028	11.7466487831634	12.5476986622828	13.2831454517481	13.3685687143436	13.7355735178775	13.585155881377	13.084277219097	11.977645627402	13.2302833402992	13.7735579979569	12.3929661103029	13.5277176448518	12.392240515914
M712.6731T413.54_2	12.9884892326961	12.8766947316977	13.2839467604876	13.5277526641918	13.1999934805387	12.9465366028842	13.7689212444826	12.8605321674349	12.7449090829876	12.7938711424945	13.2481527288053	13.0614736430384	12.9531583775611	13.071338768793	12.3434959895111	12.4757507155293	12.5384752878407	12.8811059573154	13.1027541801595	13.0172693765168	13.1870545313524	13.2538858960391	13.7720319530592	13.0359884192837	14.16913325318	13.6639004687045	12.3607406316119	12.2496473537132	13.5505080664837	12.2641224091815	12.4943447993074	13.4491054214986	13.4593528116645	13.7807305544908	13.8037940112374	12.9034350501363	12.0481874495508	13.552411684059	13.7223760251805	12.9852054246494	13.5679336725468	13.1085130944827
M712.8029T840.49_1	13.8657558803396	13.5835804971271	14.1415388740338	14.4657594890417	13.4205851175469	12.1111056238772	13.3213756592224	13.8680542897921	13.868189495942	14.2243123283232	10.0706720386738	0	13.6621233857161	13.5540554420967	13.6150084996259	13.509816752749	14.1830933313332	8.2350433530877	13.7527123367141	14.4561050496367	13.6051523101892	14.0279847053348	13.819304954262	13.234720805964	14.2255449429581	14.070706360205	12.0176834408051	13.8000271529482	13.9300501506139	13.7083202636426	13.8227357520779	14.4036083387967	13.5362635089344	13.577594028717	14.080059545584	10.0177561044451	13.5330581219476	14.3239556392615	9.79029270615558	13.3186774320777	9.74730868167467	8.64400342638145
M712.8163T413.64_3	11.9915210388568	13.1163242954855	12.8765518276173	12.6886812496821	12.6184297066239	12.5131833623546	13.7600414127234	12.4658644803951	12.4851531134614	12.834474848844	13.0605824320894	13.1076799194907	12.629557469895	12.7398975211215	11.2538019384318	12.7491919469481	11.8645066412509	12.5109906960578	12.8418948931617	12.4460733047707	12.3914503161209	12.965048003764	13.3977127544091	12.7077256255113	13.6573179834065	13.5247778794737	12.3573409221225	12.3254548898909	12.8661643376164	11.6797944554722	12.5737523268545	13.2175975010202	12.9024869365715	13.3337678218057	13.4460874472607	12.6404103485499	11.7783959638777	13.1074913054859	13.2511915350402	12.6895129588852	12.9809065498368	11.99454492272
M713.4718T840.35_3	13.2068215254572	13.3724315313831	13.6575369863974	14.0314364990368	13.1185645267505	11.5225870606286	12.8428701952453	13.3700043424544	13.1795479503944	13.3062355527728	8.24568123259344	10.343796647429	13.0381200437351	13.0413961416678	13.1882586669593	12.9717903130601	13.4631197606377	0	13.0860856976048	13.3186235527346	13.0786413987381	13.5197035750755	13.1097507098923	12.279838143413	13.649834937752	13.4920195825336	13.108573217505	13.2950946986391	13.2096978274073	13.0949153925664	13.3039856699094	13.9938050152056	13.0520215267667	13.3864759411972	13.547789467987	0	12.928241615175	13.7454973827162	9.88350064810262	12.5587423841907	0	9.34630086461521
M714.2385T426.49_1	13.3377660560071	14.5070384191823	14.4407920749473	14.1727125818094	13.9908538598834	14.0680739146306	14.8476035801337	12.8934709761956	13.5423890711185	13.5726787026857	13.7872023235696	14.2565884188973	13.3315204264361	13.9766411634137	13.5703081491238	13.9816813643926	13.2874195400231	13.1054383369771	13.6457749675781	12.8988682137411	13.2868063763441	13.9208606469893	14.3018090716128	14.3044967905173	14.699875787572	14.3023875309814	13.4420188118458	13.1722944320312	14.5110163259361	13.1990178076411	13.2705069537767	14.163628240176	14.2798299112325	14.6486408482516	15.0115197536949	13.8727881271999	12.8157999408945	14.3899547563453	14.0100201528523	13.6727960114267	14.0809137025441	13.5287880143349
M714.3819T426.28_2	13.7233152315258	14.7925209917214	14.9798878141356	15.100696636119	14.5781949791009	14.5232378066364	15.4144652904608	13.6565075182676	13.9557344542322	14.4856745763093	14.6501215053683	15.0344554201564	14.1771187711985	14.413012140535	15.0516806464717	14.1995831653069	13.4427480551062	14.1597928754177	13.929955755955	13.5738421339415	13.5471552802163	14.860947423654	15.0762735808296	14.8419740340459	15.4054011301525	15.2459274090751	13.9050993287343	13.3416177034132	14.8578437575739	13.6011778301486	13.995820194075	14.9883633308055	15.0424794063954	15.4165354807846	15.4498432095696	14.5893761872651	13.8083500925988	15.1253532308793	14.7390942988558	14.0990878229436	14.6675373728602	13.8102406379225
M714.525T426.35_1	13.8634836117922	14.7814268289838	15.0976575534286	15.0796891808937	14.4746092621566	14.6119798072296	15.4554762242482	13.5961737815942	14.4477593994444	14.4329594277661	14.5378763044951	14.9626299746889	14.2125472902327	14.7051313628028	13.7579288997461	14.0721784514432	13.6092259683117	14.2945318211966	14.0595421463739	13.1649482954067	14.2175966457136	14.7340727954162	14.9995457182674	14.8179101893114	15.7927280004553	15.2499187892958	13.8491714035892	13.4754406160697	14.7501133192224	13.9664630416011	13.9733914566002	15.2858888246751	14.971757754676	15.2856974450713	15.5292418879962	14.2858818759608	13.13899452437	15.4593723734016	15.1746375385549	14.4008971406312	14.681298196707	14.0811386339341
M714.5634T372.87_1	15.2994206665167	14.0067403343992	14.8579328553453	14.9643194231222	12.6912653787331	13.9029539301579	15.0701128017178	14.8232280017409	15.34184826233	14.6667017927527	13.5825849809186	14.0654343944677	13.7128687244711	14.7689680116136	15.1140959315763	15.2272049033193	13.852562762949	12.6569821745618	13.940104467974	14.3069096541289	11.7448852678296	12.5366102715431	13.3548997324873	14.1184941845133	14.2019386800622	13.765609303758	15.3177722869221	15.0268256892312	14.0102022173288	14.1747598461755	15.8481112560745	13.8216214137949	12.7904938327993	11.9012474430078	12.6987633500398	13.0474567098126	14.7992547276572	15.0166032636699	13.728768223994	14.6425434031412	11.6708808679716	14.1856486652984
M714.647T373.04_2	15.6948288659826	14.2118456254245	14.8055240566853	15.32556757436	13.7028975948051	14.4810293985152	15.2506490383166	14.2120887668495	15.5558752776999	15.3754727663241	13.3813429928402	14.5576612891085	14.35871691407	15.0427262296888	15.6773536969055	15.2075677651434	14.0993142191397	12.8718951081287	14.6732728700665	14.6872286723007	10.8502184815679	13.5795598813255	13.602370366062	14.5835316796848	14.5182119073214	14.0146474871228	15.5944444954296	15.2344586753345	14.3655978179787	14.8466746207422	16.0776417183994	13.8647718139141	12.9852615211607	13.3644354938848	13.3326829460005	13.1592734947629	15.4937870743505	14.845920516633	13.6263885173569	14.8398698679074	12.6296903825513	14.7372022059981
M714.6679T426.4_2	13.2526696509173	14.4982188136459	14.587912713864	14.7483843552304	14.5188126341626	14.4651630131284	14.8207231110537	13.5851573782036	13.8389021641099	14.0606494568024	14.4348943070085	14.6230758178315	13.9522457109694	13.8885043113927	13.8812037221137	13.5838436278637	13.2166428942955	13.8579877974587	13.7122784630214	13.4442762484178	13.4744690605181	14.3061797105609	14.6042653455318	14.2264191173421	15.396389597297	14.8477657822245	13.7728664549577	13.1146481673486	14.7488963353461	13.3516414619346	13.5911440080864	14.8502629750854	14.7544545605275	15.1663052112788	15.0913416542331	14.1255367664327	13.3221074819576	14.9267777791314	14.671015273348	13.6993457672471	14.5906028541588	14.0681235460663
M714.8109T426.36_3	12.7709073241262	13.9405828111529	13.9621289635679	14.1577686538345	13.4052705371787	13.4402726277193	14.511369435801	12.5970825353966	12.9685759762042	13.1099698285922	13.7303297158808	13.9802205843774	13.0130361698197	13.7268512812039	12.9979138556733	12.8367166115072	12.9060619370143	13.470502731084	13.4433375168192	12.4933258112283	12.9652325881582	13.7775040676817	14.106179271905	13.5430576780197	14.7708900248851	14.3809831541907	13.4676978483728	12.9140226454075	14.070742918847	12.7030130208324	13.2270417517924	14.1750691731062	14.054763259398	14.4513874696636	14.705419660928	13.5144485700684	12.0093530370786	14.0271215492176	14.0268273421732	13.637676222685	13.7947406987615	12.9675904911431
M714.8139T372.99_4	15.2178083046548	14.0739646593461	14.5845262535996	15.1487450804895	13.4932925661906	14.1609117989029	15.0929752197167	14.1601729340178	15.3553634811742	14.9112485930218	13.8383581247818	14.1598821665879	13.5145546838607	14.9033597194711	15.2403768986964	14.8800085786908	13.5540538353218	12.1793075122038	14.1921425564771	14.4292546154857	11.3481620805673	12.9748187646536	14.0088548835495	14.3320742623529	14.0870203215247	13.7704063250995	15.150864359134	15.2771050248158	13.6966622504797	14.520007134295	15.9275979260324	13.7507742870999	14.031785566745	12.101622062977	12.9287939663056	12.7778680284019	14.9592519932921	14.6477448562872	13.7277544148999	14.8353156951186	12.6277274909029	14.2269035356796
M714.8976T373_5	15.0558923777771	13.4842628775448	13.9127784352089	14.6493416452755	12.762541890314	13.5674210980625	14.7470389182672	13.8008944276267	14.9942848797835	14.4075755644392	11.899645636947	13.8361236514117	13.0265046962732	14.2888052630899	14.8948223244963	14.8071804729959	12.9345657711776	11.744381514133	13.6529076535955	13.8975614713863	11.7329513458888	12.1295655504179	13.2623781785494	13.6880373562106	13.9448873060423	13.2264075751952	14.8230680323014	14.6708250481889	13.3371487853415	14.2664437198161	15.5683259256889	13.5475038528005	13.3741921079834	12.250068910286	12.4899212585146	11.4527549927834	14.7278585974781	14.5645533419166	13.6226509648275	14.5159130624565	11.4928203779532	13.8735100339472
M714.9542T426.32_4	12.7810347805879	13.0581683836825	13.0255443773904	13.316074172992	12.714724779071	12.5854233346824	13.5579484872111	12.4786520675995	12.5839330643045	12.2955366370216	12.6337760219628	13.2591782313312	12.453384399712	12.4917329637343	10.3296288409991	11.6576297706587	11.8233820761422	12.8699877115797	12.3100537783239	11.272429106201	12.1652035510125	13.0999510705283	13.2363787058476	13.2341164079695	13.9454894435373	13.4751871230094	11.7371961630695	11.6793665346723	13.5627627578034	11.5103367847453	11.9489233046625	13.1588538397181	13.5719390389877	13.4775243914253	13.4770082928122	12.5169397193792	11.3474995169939	13.4378523234545	13.2008853540159	11.8933344598831	12.9914404811538	12.5332768851979
M717.4748T859.59	13.4640557045258	12.9998620935558	14.2262163731832	14.2308569856733	13.1728266939986	12.021788927951	13.3802858991107	14.1038938622582	13.753465510879	14.0988363186307	9.61469351336767	10.5581066638808	14.0292763333153	13.5168016717464	13.631808293416	13.3898584583451	14.0598411691562	9.71287046175008	13.8179374841716	14.2630340383004	13.89581458395	14.0476649157767	13.7465696233021	13.4325487542504	14.1436913647468	14.019570960356	14.143026765306	13.8220784140377	13.4122786708595	14.0058073398392	13.8516784632076	14.5163419905061	13.6769658800533	13.2316307267871	14.0881484959734	8.07030036354342	13.3753331607181	14.4798688541469	10.4255183600218	13.0872429326106	8.06504909840831	10.5334035007055
M717.5092T829.78	12.6051430836585	12.4063416345481	13.718734805368	12.8886204560479	12.1926248152523	9.55777301827329	11.8219609375858	11.4865096813271	13.3213965271227	12.9915379552361	10.3153934818485	9.45538907441835	13.9639279151383	12.5077961682266	13.0734173765679	12.6075426330706	12.9143909101654	12.3106846777045	12.8927173043168	13.7668815388033	12.2993489489559	12.6124041869521	12.5930698857665	12.2198085406985	13.3235254864806	12.1818971808459	12.7692289696468	13.2641695635169	13.5543026723789	13.9694040211276	13.2048034181375	12.7041479381729	11.8809997162638	11.9606474089943	13.2643917071253	9.51537419394201	12.4705126015779	13.1323247513728	9.4681024025994	12.0347308427022	0	11.7459109128111
M717.7309T369.03_2	14.6027781520152	13.686604601996	14.020992168028	14.7588779836789	14.84743212178	14.6527293180632	13.8701131005204	14.9578980421952	14.7454326071322	14.9255173770349	14.4346210356347	13.7394959324718	15.1637105445047	14.3790060339757	13.1190667087204	13.7145402723054	10.8934498827512	9.43275656390469	12.544520466844	12.8976381927198	12.6919139822567	12.9584912760318	13.5711608386915	13.0548961884411	13.2249075351494	11.6727448866492	14.1509190750094	14.4062703854066	13.6250877635567	13.5002967449596	13.8904345260759	13.4761249148898	13.1010066590601	13.6055435255151	13.8161097029499	12.8233316832833	13.7352862298329	13.0480884514359	14.0701370785858	14.3235986482402	12.361171084394	13.0267984509508
M717.8094T859.49_1	14.0756070425417	13.7743391206809	14.4619758499451	14.3061893503266	13.7142496824244	12.6353088961169	13.6569189348398	14.1800379959602	14.1593840512553	14.2198795289128	9.98537219142813	10.1255639601413	14.1094384782969	13.7196525079315	13.8189955002298	13.8299736466272	14.1010260147959	10.7493997583174	13.4244682682059	14.2143809968801	13.7082659419747	14.084687659244	14.1808243464795	13.4536005820919	14.3719517902264	14.1703990093969	13.5208801248009	14.1399626126462	13.8633923823172	14.0818765346424	14.2470611671201	14.8229820174533	13.7238235573829	12.7330874098366	14.2681576596694	10.4597100899879	13.9791775308857	14.608122285757	10.3825932696054	13.4283394436306	9.85840036423478	11.5556491607617
M717.8562T369.1_3	14.4307914658423	13.6311004529515	13.7017246969286	14.5043008761551	14.7037950620619	14.6728519815576	14.1984286209814	14.7134127307187	14.5213779407648	14.6462959470946	14.283151008118	13.8213816023379	15.0055440232582	14.2486032829566	12.6868667696168	13.55035447503	9.74976959398625	10.2736756681886	12.0151043452439	12.8322831584361	12.0696851928936	12.6029498666163	13.444780757575	12.7415186765524	12.7640560120488	11.5827585754405	13.7802538995508	14.1148099158385	13.654501426438	12.9629283735069	13.8694505172171	13.4027249866858	13.2712176609923	13.5022123884779	13.5601188911269	12.8323905803743	13.5557133369997	13.0025251310008	13.8595385123663	13.8462854260581	11.9806758220129	13.1129797649599
M718.1436T859.42_2	13.0626692289181	13.4473380803379	13.8038749914034	13.7672632655183	13.0872632245621	12.0723578440958	12.848794895054	12.7441021496916	13.0695215300117	13.3700403286596	8.40028418691595	9.56321187541142	13.429390973124	12.9600478751973	13.0927618737328	13.0131090606316	13.7981412870201	10.3573774488378	13.4414435480452	13.4477412923361	13.2772854873217	13.5101441512059	13.3593660949763	13.2752305102265	13.7512231694855	13.4254465550439	13.3092769969334	13.248991635466	13.7698345593277	13.3467729639983	13.4552188543772	14.1061459112323	13.1299950572156	12.8033392958461	13.581402664314	8.76886233703897	12.9160587932711	13.981935006663	8.96776310008763	12.6497398069419	10.4200396751742	10.4992459362377
M720.1038T430.73	10.8034282908905	13.0784878692603	13.0150691456661	13.0489298117988	11.3694828599429	11.1754261313023	12.972979518342	11.4602882392624	11.6610506401484	11.5032294195084	12.6555669348029	12.5405902712674	11.9365224411857	12.1464985680618	10.0143905244162	9.98409603231872	11.6245218479288	11.9634871411995	11.3058004456615	10.5731855171834	11.8037458315323	12.8837101374327	12.9738616714679	12.6256253815195	13.6014382572429	13.413413611552	11.2310915689605	10.3806053126639	13.092808592202	10.3783413207765	11.7499022481769	13.0964197857912	12.7087075606715	13.2423474068901	13.9079818245966	12.2953696162616	10.8469399841857	13.3885764446734	13.0446929745913	11.2702442377827	12.7714293513426	11.6356811403916
M720.5432T954.54	12.422290469583	11.2751236199032	10.2249559504185	10.4598804054309	11.2708091697834	12.4480102079815	10.4317933081564	12.4841666143838	11.6442942606131	12.3934720410548	11.5634823318362	12.0528419890278	12.1523341789995	9.32729633911669	7.59738341917087	7.08609277111495	10.521059323562	8.41976632790659	11.7064419347812	12.4341262257235	13.1383075208028	12.2203548804293	12.6331253988203	11.3834234785231	10.9273082883082	13.5784261335483	11.791480184095	12.7241443179392	12.5183697551518	0	10.2057196597244	11.4387126360911	11.6533184098933	12.2147609716551	10.9181106287539	10.5066649728229	10.330339291468	12.3663644247495	8.88550089996653	12.1303444791483	11.2869907900886	11.21904310734
M720.963T43.32	14.5699332486273	14.6128991799905	14.0556841202434	14.2707990444732	14.4733083643754	14.6499434853913	13.9082012221375	14.5889379011794	14.4682170353137	15.0012150905089	14.816455724893	14.6967707010796	14.3885179015151	14.8015117229982	14.1798017976692	15.0121205404867	14.7160209106487	14.1095657291156	14.6148565991023	13.9825505319944	13.296423766273	14.4904895345091	13.7153882083699	15.0143527108919	14.2467410890557	14.1593303232125	14.559902544257	14.5380615614761	14.5609792502053	13.8080951795668	14.6960854601754	13.8384221454024	13.8712453416292	14.5975443255071	14.2915606387371	14.0484671572368	13.9866725862007	14.5564893553554	14.6907275316338	14.6385289847566	14.5894142038382	13.991568001964
M722.4817T879.71_2	13.675875026296	13.8888205429107	14.3684058670901	14.3041515267389	13.7126763110202	12.9201929134627	13.4409479733108	14.0651854531034	13.6431321603319	14.1036381920462	11.6600996206756	11.9079483760673	14.1218961638731	13.3835209996323	13.5540683432124	13.418925465731	14.1113888362295	12.0699034106051	14.1721816495245	14.5472456398312	13.6573615722094	14.1225377810255	13.9509814316933	13.1666971123471	13.9979468051595	13.8943841403963	14.0496764747373	13.9493231396424	14.2075587428375	14.053217777873	13.9446336360895	14.4059272586722	13.742030409036	13.3142554113837	14.1552965032543	9.64782423890066	13.7463753990201	14.4924965146418	10.3980434019343	13.3971192571657	10.6197856109413	12.5697605078211
M722.4822T743.18	14.174806825249	14.0243557475617	14.5233144224671	14.1594470665195	13.6906838877763	12.7647057008099	13.476328066245	12.9800982145945	13.9306438859506	13.7070931464038	10.0999158244478	10.7562844418348	14.1138835764899	13.5343699144403	14.2509666575678	13.7024762929218	14.1806766274472	0	14.247245017807	14.7138990086051	13.8368293210788	14.5879740067574	14.0429972025882	13.5771356950967	14.8066776981902	14.3981015868021	13.7026846159512	13.8262415323596	13.3180004176105	13.9991780336275	13.999381927164	15.0708374166396	13.73196881178	13.3407734346399	14.3251439709302	9.41375380523042	13.846281639632	14.544823659297	0	13.4896372217326	0	0
M722.8162T879.69	12.9116852841875	13.1307314802563	13.8489443333972	13.4613308710925	12.8700958977323	11.7148767940175	12.7697564428987	13.3211363324414	13.0701398219392	13.3436283853037	0	10.0335375148865	13.40668124327	12.6243184425071	13.1570803868777	12.5800234521688	13.6139986005758	11.4833355601251	13.40912642151	13.7480872868745	13.0147175790764	13.629815575521	13.37088267901	12.4861832956926	13.4138743455572	13.114981096576	12.7720542195841	13.0875188463924	13.4677460955567	13.1044300964246	13.3806560492094	13.9023073513026	13.2936756824703	13.0333520663786	13.5323590624987	9.04734932398831	12.6992497937973	13.7479680671114	9.39599534748328	12.5966513150981	8.944071072551	12.1847946641915
M724.2539T423.89_2	13.4248931909351	14.5445344922928	14.9157720715542	14.9440889474746	14.0118547928357	14.0123365348572	15.0098633614588	13.7862684118292	13.010892062772	13.8857203198483	14.1802175067965	14.4156812519384	14.0079792692813	14.0190644665086	11.9900788833697	12.9270623245048	13.3453710158898	13.6513938789111	13.8437851403196	13.0808353768029	14.195728906934	14.7565986535835	15.020048503703	14.7555877201185	15.6692749082775	15.169850647868	13.6114116866456	13.6131316679597	15.0629516608913	13.1253618350135	13.8316236208283	15.0018436071774	14.9989258839983	15.4394041344989	15.6694417037527	14.1174040302977	13.3091399083636	15.1299194002538	14.8160588760746	13.4511790940485	14.6919321106128	13.5667302789355
M724.3977T424.06_3	13.857335974462	14.7712920944327	14.7368729168108	15.020604842036	14.2525460857727	13.5299746212707	15.2854010388021	13.6735711637048	13.422137492106	13.8742200538035	14.4459691908317	14.4809419180044	13.5986971558122	14.1124602182056	12.3608235714796	13.289550551756	13.0881001795341	13.4634383120237	13.5874440713432	13.4586944061911	14.0572316135965	15.1163723667537	15.278340482874	14.810861532074	15.5585491990563	15.2007475485174	13.3751195511424	13.1688071937149	14.8872672179184	13.3024976808416	13.567847689602	15.0616205332642	14.9637250988262	15.4622385885085	15.5984343063128	14.0361080997153	13.3513345106966	15.3809278240169	14.8091570983518	13.3534908181457	14.4812047827798	13.4201064446475
M724.5142T1174.54	11.2591451401949	12.8564802481613	11.71389108579	10.7117393850316	11.3193803065093	11.5118129113297	10.8599973796702	11.7949541453198	10.7981200129061	10.7124216193358	10.3405822409911	11.3049150195149	10.3089020125172	8.06659978901666	0	8.60261728567745	11.8548609949544	10.6467068051067	11.5794936570092	11.7985689370469	12.3332272956188	13.0098442460753	12.4915240801554	9.24809866972849	8.36754477186252	11.7782142815062	12.9268895011774	11.9208532964161	12.7000148097545	9.45542313766614	11.0488598468615	12.3410911365485	11.7739450055392	12.8808407343977	12.1744634362733	10.6207723385569	11.1142283651879	12.996846025414	9.58862209267989	12.0781668263122	10.7529262630716	11.2867126347322
M724.6838T423.87_2	12.8488462549296	13.4244584806306	14.3047053121409	14.0384217326332	12.9239764458931	13.595407700525	14.2740392234051	13.1069224045998	12.3475052020714	12.848756093731	13.5548108690665	13.6050089098121	12.804626764224	13.1948715660669	11.7771323983729	12.4240416042817	12.3306452703583	12.9383363882504	12.7387053859113	12.9045691979688	13.2696308501156	13.9731780565855	13.9806334329758	14.2745750005309	14.7471771505981	14.3898241285298	12.8170559701858	12.6608645925768	14.1430872141449	12.6892961003626	12.8794303505774	14.282241908935	14.1144855709723	14.4902424697573	14.6246139778514	13.2928602401306	12.3950148611344	14.5332180414045	13.7813746484654	12.5645484488478	13.5604898632575	12.2277790065016
M725.8628T43.18_1	15.4711849065279	15.6969774862978	15.7055799743093	15.4857714976127	15.1045307661578	15.2202253559334	15.1619474418096	15.1212101131547	15.8285397848043	14.8780832669559	15.6453797414624	15.3710908561584	15.5124077915983	14.8681125817745	15.6313395336433	15.4080441815514	15.7314635544441	15.84319755689	15.3468192526374	15.4243626092246	15.9412720710603	15.6728595482006	15.5701029263269	14.7135718767347	15.3702855590146	15.6539518559587	15.4427260628347	15.5430237516184	15.8020911257908	15.5396120534051	15.5462112225154	16.0838570901118	15.792645868753	15.9676641070754	15.9906874752494	15.766110873984	15.131024334653	15.5817510706912	15.4265850327308	15.5028869827409	15.8243839944746	15.6297039670989
M726.0537T416.49_1	8.99872933229267	13.1852659641751	12.5745677379192	12.9436770729573	13.1194104686358	13.1770261815895	13.4869551423796	11.5860523887769	11.6544656617833	12.2735419264975	12.5976654808834	12.8349629520287	10.8730009508838	12.0497370375347	12.3296646136352	11.5350340499456	11.6022749481007	12.4035201866677	12.6775402206649	11.0762302716727	12.4878729424599	13.0348473068066	13.5041068263157	12.9065250629287	13.6778108433849	13.4570451806741	11.9199742076616	10.4204100647188	13.0762684768212	10.9944807501327	11.3337923360065	12.8190113310848	13.3267395033751	14.0025013833934	14.2750137028561	13.0695620336247	8.77887545372126	13.2001937215239	13.0598197244906	11.8029934868587	13.1446756824291	11.9974010508605
M726.3435T349.31	11.3708832004824	11.4657894507893	11.9119337296926	11.8444822585307	11.7399877460347	11.7927267398374	11.2755162057316	11.7622903633335	11.9420769972525	11.6880761639123	11.5288088945731	9.60276511813107	10.6387063840697	11.7574536791607	12.7413557387709	12.7876848671572	12.4577803910865	12.0928814630021	12.7353366851101	12.2951265178755	11.5216972157739	12.2896534099223	12.1798635611183	13.3882603785738	13.1110621960176	12.9253417598949	12.4077429569492	13.0925093137273	12.4217510986276	11.9040874770208	12.9894384681226	12.3031750890671	12.6464269440881	11.8819394084857	12.4255257434423	12.1360526722827	12.6919198742207	12.1915686137274	13.3704068526161	12.3956055989338	12.5910891636371	13.0791855150864
M726.3642T43.16_2	13.91457513778	13.8665951592339	14.3377060212044	14.0651601342585	12.1308682433188	13.8556348216892	13.2671299404827	13.3026737424759	14.5646974602856	13.3187754413883	14.1379444842788	13.5409221153603	13.8965405492454	12.4472851770888	14.1657670770167	13.9651848029371	14.0487686064029	14.399653230409	13.507597946462	13.9777966977377	14.598258306024	14.1191488055521	13.8433264932581	13.0891769282091	13.8241814798305	14.7907118201251	13.4823085511872	14.2783708899909	14.2617214506254	14.0971843694303	14.0014278082447	14.7029154559139	14.1234293299921	14.2060225929918	14.7218693140274	14.0046959970633	13.5142946678447	14.239283324981	14.2745062972163	14.6438727089188	13.791228940255	13.8354427465361
M726.3878T416.64	11.7904517800323	13.5866463504012	12.9835143311847	13.3961106614626	13.1948192077723	13.668769132121	13.1570882508377	12.8368591867116	11.9373179787277	12.473493048415	13.0905433513849	13.5236679621153	13.0388611828567	12.2371660558044	12.7538400448582	11.7643730114548	12.2666854306198	11.9281696374453	12.6434786542027	12.2938982935091	12.9374244672291	13.6721685314508	13.42115944315	13.1449978747832	14.3793510621872	13.5727711918108	12.267788008258	10.4152377780423	13.5849947227855	11.9082800058466	12.2439722240482	13.1910836761858	13.868399923666	14.4285469391877	14.3550991149082	13.1024469879672	9.14309933235066	13.7437462694441	13.1610251464731	12.3098458029708	13.9709351372136	12.9557842259152
M726.819T901.2_1	12.4919957057215	12.7550994657063	13.7753884922651	13.1882683636628	12.5175448858785	11.6469993785014	12.2356081196714	13.0190138273452	12.6354588697952	13.1855977172539	9.39517777760341	10.0245286078406	13.0927706879966	11.6662596514486	12.5651769941069	12.7126860745612	13.1733588582422	9.56514712110821	13.2555551122727	13.4750359646331	12.8383735734829	13.3028559837889	12.8116839297452	12.3651436970449	13.3258284579353	13.0563038416413	13.3354369558413	13.1688585233757	13.3251878195388	13.1247202351989	12.9969315809701	13.6615270763421	12.9233702689356	12.260373993458	13.3364367240811	9.53295686812327	12.7684669520846	13.6994106165731	9.60280021145261	11.7332891279372	9.67386282744143	11.8889777344432
M726.8637T42.73_1	13.8689551237165	14.3889208489995	14.3675063087236	14.4915979850774	13.7556042540315	14.0811696080455	13.6350593847186	13.7665926606571	14.3940405783416	12.3567813798424	14.4077091238348	13.801475040406	13.7144946294779	12.2249707761547	14.2080434096524	14.0515515405578	14.1528108041781	14.387426520578	14.1902028992528	13.8859828656766	14.8427671050284	14.390693089144	13.9235895211991	12.9250341615482	14.1560022936524	14.5098936711892	13.7208295950054	13.6861211020537	14.4677800263851	14.0400706643093	13.7804214236936	14.6499867477744	14.0457834627341	14.216540653092	14.4352315660206	14.5862679373112	13.7017452946243	13.9183542243562	14.458626095568	14.1646502665725	14.482662911962	14.222547038457
M726.9658T417.1	12.1870584744933	12.8402870517876	12.1496387982999	12.644912079841	12.5471613474353	12.5024861254374	12.8495483925848	12.4390656341754	11.2057700315892	12.5137482994187	13.0259051609506	12.6954262308219	12.3961172222755	12.5954052847428	11.5090943215737	12.0193359890798	12.5411445485316	12.9075832433129	11.8043423582703	11.5618766075393	12.4801777645189	12.4478833894682	12.9938378082749	13.1630376695471	13.4492967402107	13.8629630278615	11.6287033714123	12.2108791201217	13.0997602324106	11.4324810896617	11.8471045054438	12.9304823067836	13.2135976733958	13.2053448259829	13.6680229826435	13.0233666259678	10.6890744048516	13.2087943256286	13.2608600814558	12.7319424892501	13.5306697298631	12.5181541754216
M727.1538T900.81_2	12.7720805906183	12.8999329483068	13.9213145635573	13.8199826843944	12.9094315057988	11.5407667496948	12.646416268409	13.3455161329054	12.7946369905292	13.5075774638539	9.5916782294902	10.9742639998494	13.2703968349368	12.4253949898069	12.8093864384355	12.74966116241	13.3499635471918	11.3704832964732	13.5689090917875	13.8886022245789	12.966409746763	13.2085601187163	13.2122120643325	12.5427114149585	13.435623468514	13.0762334455157	13.4382516486374	13.2782065844202	13.3246768498358	13.0683696047259	13.2868738299924	13.8229440666685	12.0682961099745	13.0568253115348	13.3552542592321	9.71003009652267	13.1112751167367	13.9282310780493	9.57078969626607	12.7400015242577	9.97255484930205	11.0466186190996
M727.5697T1192.99	13.7702081441248	11.3622382340006	8.97587100586014	12.1933335880999	9.40701010511113	12.20093136796	11.845161105881	13.7090415895793	13.3098914357708	12.7239432814823	11.8009521867359	12.4286578433612	11.9541317279945	0	0	0	7.10887498908577	0	10.0056396327797	11.6693762934162	11.2426147283991	11.5683684133746	13.3860583602857	11.4872553917599	10.8309664163236	12.878476410275	12.2442324957096	14.0273672961844	12.5466173889704	0	11.0097883964207	11.8284597136038	12.2617753114588	11.9008715488134	11.1601442247834	8.40423399377926	9.5873008065318	13.8263654457847	9.79091422439019	12.5369684687448	11.1875215981702	12.9721501268359
M727.813T837.58	13.7502247369929	13.2633651013469	13.8391678109732	14.1915695647407	13.4859416079598	11.3814124488361	13.05812770541	13.9107339698799	13.4801710212565	13.5453370473134	0	0	13.5260450791019	13.4034330284004	13.5492453711168	13.1300119531735	13.9059120084287	0	13.4698506306107	13.2332879568124	13.370779554316	13.9391016603426	13.44240724479	13.1451151839899	14.018446825839	13.8625723743018	13.3315498362727	13.6436066854328	13.3791452377198	12.7396088297841	13.6468250905992	14.4251563997007	13.2975203428526	13.0441444016188	13.8855155013867	9.83921818540868	13.408997200658	14.1226367448876	10.4227310889385	12.8347609612745	10.3174612951567	11.0184901525864
M728.003T881.37	12.1168504885983	12.2566832123651	11.355304453731	10.9758600860709	10.9157792852669	11.9280179525316	10.6083021897339	12.5949260540191	13.2737871877127	12.1748193649047	12.0517898081684	13.4610605418107	12.3415689758495	9.90779726691353	9.55167077553396	7.67375944495747	10.6296000297455	10.5020964092573	12.3807200651813	11.9156276925762	12.1961489273604	12.1162213265221	11.4214239959127	9.77932978256062	12.9210397422108	14.6918503519521	11.6931693614405	10.8693414847656	11.1975700961378	7.00606093851807	10.1056322908431	10.5880955109965	10.8464624362741	11.191117033711	9.15882969138838	13.752406368992	9.4266307341374	12.4221531729095	12.8125974910467	11.7620560535847	12.1285095400772	10.9199860592224
M728.5021T830.78	13.0419451436993	13.9494631274005	13.23974363086	13.5607426855961	12.6644766564409	12.6076021968847	12.3280562519389	10.8929261747875	13.8662208407061	13.5647932036553	10.5906977227114	11.1734793216279	13.6923754222039	13.0523625800759	13.3850101016937	12.9921885783813	14.2295381426526	11.4285016554343	13.5385560098489	14.5164033277296	10.683229140678	14.5976205964308	13.0139991453472	12.8141447518452	13.1321543454185	13.3118094647225	14.1526409641426	13.8400383093896	12.9123573960629	13.931679949888	13.9377734167169	13.5629845588967	9.57655142194027	12.8698492203449	13.7579994983634	10.6890609410464	13.9329048021397	13.3394174327034	10.2102165282519	12.5546509540271	10.379300690189	13.7645029364513
M728.674T427.35	11.5207872193272	12.7703564203615	13.0036480340656	13.3838615770444	12.8507827746555	12.8195434527671	13.0878123420702	12.1844967243548	12.0310630631287	12.3529704645251	12.5901745477091	12.720416901193	12.423740518433	12.2477614796636	10.3379124321919	11.7804580629308	11.5399721635167	12.4491343785361	10.7208792727453	11.5807675011638	11.4589933211899	12.7908087241397	12.6864467345733	12.9653664696836	13.0000645720273	12.9619729435882	12.2585642334956	11.4210735700628	12.7248418475318	11.4293465923172	12.3885582744489	12.8234923071354	13.3676603327829	13.9666738873194	13.2628700933142	12.8191565916294	12.1748658989822	12.8467884212178	13.0637607564923	12.375310158838	13.3218884973113	12.311286978287
M728.8173T427.54_1	12.3830260298567	13.5593967908603	13.6672563411371	13.50210857739	13.3212891229843	13.226474092006	13.6769350351517	12.4593937541363	12.5108441888555	13.006277238636	13.2962507401347	13.4577815958765	13.34747291363	12.1587397242825	12.4188911678191	12.403335637189	12.240512328547	12.7152484742037	13.0724852477398	12.6274781430664	12.4991253340392	13.2392333072075	13.5071326564864	13.8460463666029	13.984141239319	13.7683332874681	12.4990061418192	12.505874253883	13.6858339979653	12.7362151423672	13.0373310374006	13.8074938291365	13.7272912577401	14.1789685399087	14.0223941319916	13.4336702627702	12.1385098252968	13.5671661744559	13.8741552777351	12.8736592712667	13.6928379476884	13.0889067439418
M728.9607T427.69_2	12.7160716656361	13.5538405219914	13.5081238520295	13.9661232698826	13.3806596050679	13.3513230513924	14.378878212497	13.1187259932706	13.2043755138972	12.9334183631157	13.1449732995624	13.3653785448589	12.7511620408452	13.8660055422875	12.126718456166	13.0908340350378	12.4653370098472	12.6557692289153	12.7555928872278	12.4918200364006	12.1929367738081	13.4529699830087	13.6548124561545	13.5445819794984	14.1123512442514	13.7512385191048	12.9541407336084	12.1246124908563	13.6218817571869	12.7065589853412	13.0129745507032	13.7864900144889	13.558534466318	14.1991839229245	14.509148344345	13.432450947977	12.0820809795928	14.0891865161338	13.8001540597629	13.3774009317859	13.4672092881725	12.5950315849657
M729.247T427.59_4	11.7839172126579	12.8971621086651	12.5692747849513	13.3749143412386	12.9340682391556	13.0753256630015	12.7783358346702	11.3660010090485	11.7013138095641	12.2672949493791	12.218789502716	12.8172490542394	12.3343297083581	12.1579910156617	10.3555150642563	11.4482310076609	11.0099377679749	12.3289842355153	12.1389106701048	11.457774968679	10.4776119870966	12.3354991609962	12.5415790332228	13.0696396747252	13.0153807424197	12.6365018152324	12.0602406923433	11.4324811900522	13.0416767782584	11.7174950833357	12.0299257036371	12.7431981572572	13.166190309252	13.3394641632569	13.1902529892637	12.6830559288589	11.9495093595528	13.1497932913365	12.8925971099451	11.9584209959443	12.7127695424189	11.8368811144945
M729.4893T763.17	13.7110439089348	14.2650332299083	14.3217292455437	13.5916044205735	13.5056916788679	12.6905222242046	13.191780215931	13.2659037491524	13.8491677013973	14.7940400089863	9.82355859801685	10.9068530795369	13.9671193163332	13.341279016923	13.8376131235811	13.3399515436669	14.1622601786525	0	14.6993028989643	14.2828423256827	12.4384616615783	14.3706241503704	14.068385646129	13.4477884577464	14.3792487982469	14.106981499619	13.7015125328451	13.912372351565	14.1214831828698	13.6784317417933	14.1461485504128	14.67947268466	12.2788023199809	12.884910675373	14.1890408565148	10.8114657208123	14.1575706203605	14.6107723245717	9.41923827713227	13.1338112287453	0	9.42418037505263
M730.8705T49.02	14.3906898841407	13.8382517606449	13.5661647805479	12.0558938737821	14.2175429675902	13.8772258078578	13.2639633308712	13.731299439386	14.207729716702	13.8374675625288	14.2446872806179	13.6421080901506	14.4054493623503	13.9450941261827	14.4572726677613	14.1650029888864	14.5704179320341	13.5325599272127	14.5394457603763	14.0748530514597	14.5215755055123	14.2717618141519	13.8591211467931	13.7622142575726	14.0044662395878	14.4337778171285	13.944956229533	14.31294672693	14.1090897155305	13.804016027854	14.1370232266729	13.6361981713507	14.0505470837857	14.4645500103191	14.2552818839503	13.5760808289619	14.1992392310853	13.6672441301932	13.6841381715923	14.0154762481798	14.1982602779137	13.394615252272
M731.4878T1009.25	12.110262139218	13.8535260568779	11.4003796899285	10.3087838219806	12.0587870171623	12.9560027468729	11.6151959722969	11.7724530257175	12.3640843326946	12.0133160003331	9.95772581945447	11.4623934652219	12.7959756548116	9.74858116902213	8.54246934284522	11.219317785454	12.6179632467886	10.2074239972426	11.6711456629227	12.3728922508341	13.267495108536	13.4522922848309	14.3376388879247	9.9768428261994	9.58946724616758	11.4786500096112	13.448117165943	13.0500100255116	12.6592255802976	10.204325601817	11.4529209282045	12.7875120332888	12.0674953995568	11.4376662095673	10.99209373779	11.4249135156366	12.7486541013643	12.1625771216575	10.571045148521	13.3518456986848	11.2860728613803	11.1891924354315
M731.4911T924.13	11.6427852086491	11.8062586373513	12.7385819770306	11.9111088327975	11.7044822439966	10.278326613875	11.1370001942956	11.9272261259216	11.5897462864277	12.7643478899856	9.47111713161734	8.79769105024028	11.6684535788547	11.0798896431205	11.1312895125988	11.3591071491782	11.8589702080775	8.58912460415883	12.2330000064812	12.1881796499066	11.8623214740327	12.4308830407121	12.0952329433411	10.6686647439371	12.3493545914047	11.4174634415361	12.349474646392	12.0775045570853	11.6320692850918	12.1534158179817	12.1072518497991	12.6109018065382	11.4831675857766	11.9355611436363	12.2729584159412	8.81884117460434	11.8420646111767	13.0238248182098	8.329375040479	11.3965440738547	6.97708777078162	10.1012949226757
M732.485T855.97	13.8659797428652	13.4772470625838	14.3500547989452	14.4819397460616	13.6477017511467	12.4235101553998	13.5058401586939	14.0556890812939	13.5916863252352	14.3157920687691	11.7133864350781	10.5402847186055	14.0457762785511	13.5189080519552	13.566114047025	13.3683519087887	14.2000714161964	10.2151980145661	14.0995067784813	14.3257579501391	13.7908578149578	13.9276533788656	13.6398275046275	13.6040040118669	14.0809190879367	14.0269695261329	13.4535845515989	13.8646993356523	14.2193880657185	13.7960119796461	13.9070241676063	14.389658635335	13.6915045172752	13.4881645645594	14.1504186712008	10.5307545645167	13.777675712801	14.2969803991458	9.8173680868424	13.0365947527625	9.91312065252612	10.0458195537089
M732.8193T856.2	12.9546630307066	12.3015339323337	13.5615275741869	13.9339350613238	13.2681051020777	11.6470645356226	12.4874605611413	13.193716757974	12.9466974310239	13.7878967711632	8.73497541051247	9.33069741658117	13.0570673744919	12.6342569873348	12.8680191671906	12.555294631726	13.780675680428	9.37896216612497	13.5032001992708	13.599387901795	12.7723019964124	13.6475392237089	12.9163565680467	12.8043432205865	13.2370126464716	12.9151718684188	13.008698162472	13.0961276809417	13.2853526112285	12.7893291447069	13.0464722049715	13.761380596591	12.8683877512074	12.4103823104746	13.2129325262947	8.37437499733721	13.0340040105613	13.6731293150084	8.87316561726453	12.4165899095965	8.46196639933459	9.67195138700944
M733.0887T298.39_1	13.7430728321044	13.5285042793824	13.9150677477398	13.4129462424619	13.039336224953	14.2403009193871	13.8128760201505	13.2914293052036	13.7670726112352	13.5868871042294	13.3344944418137	12.879508522652	13.6350787004416	13.3531239610367	12.7899522192289	12.6899058304163	12.39741024023	9.52599122022242	12.7582116030572	12.772687380999	9.15833590186011	11.5688510146355	12.3272936835964	13.4010626294926	13.0607165853177	11.9310591021044	12.9256393961942	13.4670807929646	12.480716282155	12.6903438440249	13.8053891873983	11.8186089988471	13.4155129725868	12.9627100251619	13.1014485856909	10.8742187099506	13.8471793516027	13.5690442625223	12.2631369009111	13.2862356717647	11.5263717386647	12.4180169744209
M733.2323T298.13_2	13.3148116944251	13.4903671137807	13.4569076914114	13.2698106123775	12.8230296883222	14.1940087000645	13.925042277254	13.7722224734638	13.9367560755367	13.8402434839502	12.7723731492557	13.190366904213	13.6255030586293	13.4707316666579	13.1157375352281	12.7339307431335	12.4185969216121	8.65897724184317	12.857357842103	12.6647882696847	10.3632153550088	11.4247463622511	12.4657225406078	13.9442290128255	13.2830785618605	11.6058643840964	12.7011279155782	13.4051708927146	13.0392016282775	12.9271718690577	13.7852921353731	12.103261290438	12.5833496002118	12.7181280101124	13.1096245952382	9.89174920204253	13.9779279168973	13.2100209116151	12.1251414011215	12.9939336653999	11.4906588234033	12.837718333229
M733.5033T1070.53	12.7918164312505	12.8492583096109	11.1832823634818	10.5595914346129	13.5818690298396	12.9521179611801	10.5801845171964	12.5813019799095	12.3570113028205	12.845546924414	10.8910319554755	9.65680070659371	12.5682829703723	9.87767678699226	10.056135389033	10.8205146715272	12.4588042585429	11.0875483231642	12.594998492927	12.728816201628	12.6758532985204	12.5729432956118	13.0279990875344	9.43438993240763	10.148126258245	12.0393691444399	13.4156627005144	13.2621029435808	12.0529110247475	10.4106453062201	11.543523582829	12.1406392760817	12.4284439688523	12.3124479401803	11.8763150715642	11.463424600162	13.2463782523746	12.530970454321	10.8298967485909	12.9890765848451	12.0518660512879	11.9210519624436
M733.5036T1053.57	12.539256496303	12.8791768808664	11.2459157683877	11.1027180749055	12.5182275012639	12.1053513008896	11.8855667110948	12.5990123947034	11.510795413091	12.7447603361218	11.6438567053691	12.9349184883219	12.0701499967807	11.3884074160456	9.08921075477956	10.6945876612971	11.6710364237748	10.8248316875827	12.5185495592701	12.6779556524725	12.5369974481286	12.1904093620422	12.7693709848855	10.5071024214978	9.7411520480804	11.8178315132194	13.3290359885453	12.8925979527515	12.5272859115432	10.4309319716949	11.4159206176156	12.4905207100808	10.6132712662431	13.5572565375982	11.7066649982234	11.7557707296622	11.9573820369148	12.7570579559896	10.8422886502696	12.8054595040301	12.1157334381789	12.3796691618404
M734.5464T424.35	11.617102721448	12.2103252422119	12.9710126917548	13.2556875563079	12.7133136664324	12.0305260325342	13.2901526439785	11.6285640740265	10.519841105424	11.0892604193697	11.4524267166395	12.5351254487018	12.0199894327697	12.3072136885888	8.70933712807551	11.1021637986245	11.6864314455943	10.7380816070348	7.11848332005567	11.7518826045	12.2597305924508	13.0810576392098	13.3981972973394	12.9695973879466	13.7793410712514	13.1420124309004	11.9862269800716	10.9803688788066	12.8502094274233	11.0842665890005	11.2467140379452	12.7228770000661	13.4169937398301	13.6544391391769	13.3619984559421	12.2319107915222	11.6130289854901	12.9748977869738	11.9852255805872	12.3285679147947	12.5341001604046	11.1543995860103
M734.8647T49.02	15.1225466100011	14.9160013238733	14.6318325345493	14.2303081329804	14.9985628130024	15.1003601864115	14.5530901382073	14.6020164627964	15.0326737090574	14.2304446211881	14.8984191883016	14.1514830870706	15.2650673438439	15.1384557417684	15.146142327889	15.1787944763458	15.2926846727663	14.4790350918962	14.6790041867337	14.9556585715462	15.4387857297416	15.0190409528085	14.7953230976113	14.7575971385093	14.9020533402478	15.3021285311274	15.0356822396942	15.0876458157544	14.7054929064098	14.406919264679	14.9091612598821	14.8981425806568	15.123290808773	14.9992600457902	14.8258050864841	14.8985743768899	14.5533085925367	14.8653009304716	14.5754988584287	14.9273237194652	15.1615497228514	14.1304338750015
M735.2176T1195.18	11.7183103245696	12.4926767904268	10.756809997063	12.0513726141066	12.0907470679092	11.4774779351587	11.2734863730882	12.6445410818473	12.1112304730388	11.8808337890704	12.1773400282752	13.2023124417096	12.4241411553609	10.1027208234979	0	0	11.8828651931513	11.5952192476879	12.8199296105145	12.5906270655209	13.4155685347154	13.1180428644466	12.8680147769863	11.7638573691006	11.0949843739081	12.4010217308582	12.3066628943205	12.8052050647502	12.8840023527598	0	10.8933551992736	12.0725286915998	11.8576635479554	12.4487493852995	11.9118583940234	12.4473784383855	12.1075378835448	12.3321637730711	12.3965240695467	12.1796946506538	12.413971997714	12.1116203105519
M736.498T782.7	13.3046276398743	13.8437242550262	13.8805577359377	12.7623104863661	13.3447173221225	10.9506978866233	12.6101661482629	12.8741269894201	13.6664507458249	13.0654481278138	8.80922628153111	0	13.7008523170076	13.1438335067317	13.5393493900224	13.0986515771425	14.1303830273546	9.22621031188772	13.1031765559117	14.1281911676933	13.4817410662718	14.1448041663231	13.3726658218565	13.3296635943012	13.9303708516536	13.5445875840714	13.5452456094047	13.4097806724358	13.7700728238461	13.4919727623773	13.6778224519022	14.2195919787372	13.5499694192927	13.2903898589143	13.7898036801092	9.43241682657771	12.5123972055402	13.9305293910437	9.86203653679584	12.627012712514	0	0
M736.8231T876.48	13.4584147478616	13.4048162030458	14.0885786720951	13.7369025391277	12.8014464002519	12.1991871527562	13.0177274153233	13.6713990716993	13.2078554822361	13.4935090565363	9.34817516983657	10.2195247571512	13.7167494107947	12.9578554460651	13.1903599034365	12.9700453183643	13.5790696315467	9.46586832345711	13.5695370418314	13.901736908076	13.5489672487534	13.3901766454026	13.5108834263182	13.0700763293926	13.7166446739074	13.4426138927237	13.756835310345	13.4198519500006	13.0568944665966	13.5040562975882	13.609170584745	14.1496009079848	13.6306324711771	13.1930290718639	13.9209577756908	9.13185484780702	13.2983944115259	14.1183205341945	9.85981586338488	13.0069684933163	8.68709724922725	11.4507067857122
M737.1573T876.92_1	13.646431079789	13.6316519307557	14.350488313065	14.2348059411896	13.5888684143245	12.7597728156711	13.0210835577053	13.862777719629	13.5486044072628	13.9333932383982	11.2475841526034	11.6910677900845	13.9580430882614	13.3144420469623	13.5659850883577	13.0728194209171	14.0383043006653	10.1427908838157	12.3065369322202	14.2174413276743	13.6906834595909	14.1056227821342	13.7579356539141	13.3308618100663	14.045022156795	13.59161315845	14.0290362855127	13.7867832495582	13.7860628460711	13.7887431721055	13.8059540010666	14.4465861180552	13.6890115864236	13.4213128804172	14.0940190313384	9.30623414854734	13.7718107063195	14.2735845263551	9.20408594139005	13.1065652786777	9.6616063038985	12.3199884269397
M737.4898T876.99_2	12.6192208271081	12.9336375526415	13.6368361314718	13.2578444869253	12.4557464828853	10.3624426747085	12.2950668670374	13.0869434094555	12.7715020983358	13.0441615411174	9.96810028440613	8.41391344414509	13.201647961838	12.4058072199313	12.5934471823122	12.146526179838	12.9407383105845	0	12.9423131421479	13.5352074349993	13.0038234982628	13.4216575904898	13.0096307789147	12.2400067573706	13.3626484739168	13.0032534741468	13.3323990408675	12.9169655929089	13.2232943993841	12.8303945741233	13.1600235288112	13.4090306181141	12.8258132250638	12.2652745841262	13.11502798421	9.32267656581742	12.8015848839108	13.6506237523127	0	12.0130866678087	9.42672778473916	11.0454263934226
M738.4776T815.93	13.0293624250277	13.3039605757043	12.3442515390688	12.4153227455945	12.2527492383478	13.0879419979032	12.3176253304119	13.0941574719387	13.9386067676907	12.9593027818218	12.9668911141588	14.1541840676529	12.9221922439078	11.3547640909691	12.1770513511973	10.805502841705	12.1011708497982	9.80164643068447	13.263299335385	12.5698779840365	13.054344090689	13.2270197845799	13.0328747022071	11.5626693347018	13.3073414907619	14.9311481307466	12.3422037384343	12.0230328489632	12.4166382748837	11.4407175104623	11.3265019197308	12.4525012330529	10.3092348461854	12.5579447654544	11.2131581804647	14.778459854157	10.8692757995308	13.1375594663335	13.3185206723381	12.7700952771773	12.9541862265967	11.8429390604883
M738.5536T1075.72	15.949482898472	15.2040562099787	13.9117599819592	14.5260403067571	14.3194506742722	15.1175736751904	13.5673686702639	15.3644332576237	15.1803404656806	14.9530703789923	14.5075038267046	15.2431273756303	15.2975400027964	14.696885929279	12.952535787403	13.5147802748892	14.6990380100796	14.4410058333911	15.2817991687696	15.5439335875062	15.6656587417132	15.5101018182912	15.7116845040086	13.8341090606292	14.8768687129365	15.8279439969488	15.6298107576095	16.2197893139959	15.1897132920165	13.620574240928	14.2951130037778	15.0351067791576	15.0870563806885	15.3546893591001	15.0725939878438	14.841407555791	14.6237410410999	15.9725198204813	15.2193602337192	15.5183001799776	15.6168386263953	15.6260274051308
M739.5567T1072.59	14.5626312849569	13.3203259735142	11.8256958934078	12.5565095354775	13.0503573906804	13.7776887379711	11.4004705564571	14.4164158920189	14.4573465939638	14.6146184498335	13.1411800655123	13.8980656347612	14.0297970752716	13.0701962819357	11.4480581871343	11.2714097462533	12.5980830002313	12.8578535539023	14.2701816014573	14.2582940184992	14.5831292946802	14.110563456072	14.2478075377082	11.9175183653934	13.3137976337221	14.6475816051752	14.5346403407617	15.0872730102426	13.7488122053392	11.3206592921623	12.6157746727628	13.4275304588411	13.4953021333052	13.8798500044741	13.5152977813137	14.3598170630155	13.2564172798714	13.419824068681	13.389459969661	14.130432169513	14.2316776439512	13.9445764797326
M740.166T67.18	14.8329285714835	15.4895826877104	14.5591526997562	14.1532757388338	14.9601122177816	14.4591963124053	14.0759978713881	14.644784876828	14.6261317988041	15.6751085417945	15.4211117941727	15.2487808813714	15.0159708203895	15.3935338554449	14.5500937512436	15.5277691221726	14.4434527784413	15.1241407430532	14.641551155268	14.6574319930658	13.9451726824179	14.7874003358062	14.3995410232528	14.5431804189432	14.7958579612771	14.3141898988627	14.5407958911035	14.9073100259397	14.7739611101308	14.2980301586115	14.6609984753055	14.0495878262916	14.5395549861726	14.5172830304404	14.4062711864007	15.9038005749245	14.7966409638867	14.242308397345	15.8458736792556	14.8798501278238	15.8571548212485	15.9347442792565
M740.5697T1014.4	13.6155630693141	13.4959743009292	12.1598516050347	10.9774653892053	12.8813237628101	13.5661191848069	10.3282887006614	13.9287193201158	14.3944219390969	14.5993270039956	13.1966356437807	13.9218477356628	13.9326786900491	13.5691358936219	11.1673114981322	9.83214703450201	13.1646511339441	12.8883417081997	13.9313530097851	14.0030994392765	13.9599728303772	14.2126845614939	13.2695885200455	12.1280585102473	12.410394474232	14.4280751210256	13.7406094749866	14.2848294075215	13.5934817661063	11.5744252839233	13.3708408897895	12.9597459609517	13.4212673151634	13.561542586146	12.4730674220028	14.3670103469318	12.8278212245929	14.151131782411	13.5034958608071	13.5680764420231	13.7821515299856	14.1991915115958
M740.8637T371.24_1	13.0195782560672	12.8035115706542	13.6939661070721	14.3451157635828	13.0327645135921	12.6327388861542	13.6294563902377	13.2854391545352	12.5616631481088	13.1066004747371	12.562284811165	12.7536076923059	11.5661970986454	12.48391601155	11.0923578243406	12.3754853088946	7.7736114604688	7.21231463421577	11.2289954233591	11.4894297914298	9.44391248473941	8.98246492645515	12.5127478550126	11.9573569637151	11.7748906242729	11.0486117652545	11.8814123756414	12.4412857961031	12.8143611616919	12.4307715484285	13.1734314999471	11.8166602394523	12.0059385751066	11.9736659459838	11.9368946498936	11.0297914597742	12.579851690753	12.4349894299568	12.814497665415	12.1177935869394	7.66942489645061	11.9351381244736
M740.9889T371.32_2	13.8657298711091	12.8364283890529	14.0177174327822	14.3098343579617	12.5300375939987	12.5807261202327	13.5656581695862	13.6481192536458	12.4128286754109	13.4423194187964	12.7974414472067	12.8521083689748	12.6877018580624	12.5223687232664	11.7450447802771	11.5963707993357	10.08746943101	0	10.5861693939057	10.7468357380226	10.4662761449272	11.3998242108298	12.8195800116131	12.2172822852246	12.5705420651651	10.7070975140622	12.4602089587449	12.7833263771626	12.7303062498013	12.5407774226889	13.1231305335134	12.2414519484398	12.2353641146299	12.6804100358587	12.0493633986962	9.9874757272081	12.8931563447574	12.5385359059108	12.7196178586888	11.850975676081	9.47206887470469	12.4214390206024
M741.8292T897.9	12.9697641621918	12.9708380887456	13.7835450690962	13.7165610781861	13.2174852198397	11.8145211620874	12.4945386176135	13.176305079893	12.8759808787608	14.2901563604687	8.97432522323268	11.6077188533474	13.3624777252461	12.4293887105323	12.8869983915148	12.8802533187175	13.4376755450299	9.2259236497235	13.9005172503888	13.5981887987912	12.8544032732273	13.8700012176598	13.3148461847562	12.6311744161619	13.4771305244804	13.2589567633822	13.3703303416266	13.2777181913868	13.0483045563004	12.9433120169753	12.9734106640371	13.7907038477522	13.0038491377764	12.7574621066882	13.4502999242948	10.2650573059509	13.4222794104281	13.8521814422239	10.3979660283866	12.5875639649088	11.2768379550336	11.6259159654717
M744.4959T740.54	13.7090566648625	13.8936556125517	14.0481276345138	14.4307302815552	14.0019792957827	12.5338317507513	12.7265261859874	13.5134466078986	13.3463650489566	12.3045712181075	0	9.56086018996736	13.7985035703727	13.4592635390972	13.8236593563912	13.3173686364321	13.7967146986217	0	13.3671411004268	13.8463132296125	13.4349616721003	14.2055272871612	13.7343776645852	13.3260017966771	14.2051553637015	14.0613112611569	13.85628226957	13.6603063871015	14.176357107216	13.6250222232268	13.6657375855561	14.6149903918831	13.609303433511	13.3567884510229	13.9697906928452	0	12.6496442967729	14.1683371656532	0	13.15214264828	0	0
M746.5321T845.95	11.5073634373732	11.7903618463927	13.213052504058	11.8642301472582	11.2903108407061	10.8346319544544	10.9098673471481	10.1538663793067	12.1488169052585	12.5365947242263	9.61783917985522	10.3125349636647	12.7384914558718	11.6027033391823	11.7511996137005	12.1121289946615	12.1611305837732	7.16467684736956	12.374666015132	12.7443071750889	12.079252022329	12.4075659272381	12.3994166102879	9.95771457280698	11.1949165513367	0	12.8807753557061	11.8092901124196	12.2109490248765	12.5596382572864	11.4041836817002	12.372056676973	11.4982902797276	11.4457401498968	10.6703022785978	9.99544975049236	12.0059999650212	11.883179673437	8.83040826917916	11.7491414463542	10.2214629821031	11.026136725483
M746.826T853.15_1	13.332757872407	12.8568805735355	13.6605789196763	13.4118016973295	12.4728776501601	10.8472802795121	12.9135832685613	13.2010601058905	13.2062848479463	13.4142869379976	9.16890557801842	10.5564823276184	13.3800388938074	12.877629074919	13.1248370582945	12.9035527840004	13.2256981458345	0	13.2823260729164	12.9330460356913	13.1870130444675	13.3217536991327	12.8783833187111	12.1393325561625	13.8302885694953	13.3659189237645	13.4101929333545	13.1573968781858	13.1004053036197	13.2158214968891	13.4321889732612	13.9109057992863	13.0572060090381	12.8984750518149	13.6382510088046	0	13.1643275284398	13.6764476386363	8.57692500083654	12.7133178074696	9.30881662775977	10.0954576600288
M747.0329T845.3	10.977077644094	11.6000322092549	12.6568180216531	11.0066265831439	11.5177997589454	10.4038318118385	10.9450691358958	11.3223670070873	11.4620090390241	13.1722569328265	10.5888625675794	9.80543175122941	11.9120737811827	11.7235347158074	11.1186068086514	11.7086310674621	11.8684526220338	8.64094508318497	12.6881705776182	12.2533522563228	11.560708930442	12.4425630901594	11.965560138889	9.90773630908539	11.8232784276009	11.4618422177357	12.5397136294554	11.9731156385884	11.8700254763525	12.3295213781049	12.1390129734583	11.913301998366	11.3079619893174	11.0745242522924	11.9533518946495	9.97092520312892	11.8342135125159	12.2443845549606	7.69446729847318	11.1155167134349	8.27747158252953	11.2431684434024
M747.1605T853.27_2	13.2991645984382	13.189021046065	13.8370196688204	13.9621696512884	13.3607560194433	11.9044508256311	13.0454095003115	13.5082311312698	13.5661768818652	13.578179222341	9.29503215718157	9.36945443608389	13.4109742720635	13.2677738277131	13.3058283514094	12.9106869866184	13.6730050352245	10.242832047858	13.1040707766589	13.7801429251502	13.5548561063508	13.8203496525996	13.2902873518489	13.024644826936	14.017272359874	13.6632802622614	13.2703032766435	13.4589464012517	13.0955982696793	13.2702352646316	13.4966261774258	14.1050414505352	13.3496403292273	13.3542721763116	13.8342133888777	9.85939202443759	13.40376354937	13.960077384804	9.7592310015912	13.0851135938749	10.5393608594119	9.81717575412248
M747.4951T853.3_3	12.69736095667	10.8305370398333	13.417893336399	12.8410515749208	11.8771784887987	10.5712767787189	12.4985566052625	12.0179499741433	12.4471309174443	12.4287292319633	0	8.99258067850834	12.771456631338	12.7025475094332	12.8981858411828	12.2297216064293	12.7161576464902	7.56701029437969	12.5346220911649	12.7695171601477	12.8833462334147	12.885201455541	12.7309229889218	12.6752955616659	13.3042855726521	12.6948304446176	12.9345860394828	12.9293656541425	12.8527280108847	12.5918394990735	13.0031585987044	13.694231920817	12.8529665318071	11.4099576415936	13.1434788352622	7.74659308261714	12.5620939475938	13.1893179488675	7.51123185854416	12.4748690868281	8.98270671477679	8.089567507204
M748.5143T1086.06	12.0270433029093	13.1829938431146	11.8705647306283	11.4574155427366	12.1871481447263	10.684898984029	11.4783074143179	12.4691701969603	11.6060889365146	10.9635167479598	11.0343127921081	11.6439461825345	11.4732806895185	9.73144180018308	8.72829711210269	10.3672588606026	11.6489589744906	11.3972390937974	12.4629226619703	12.5298795050961	12.5396717486106	12.6220661518158	13.0172348505777	9.71765883466919	9.80253923467009	11.9060478328233	13.1891290787134	12.6381712580755	12.5586722856211	10.1919501587419	11.2547332302843	12.8939992539872	11.9995433034884	12.9247702557605	12.0503501815505	11.5199869628384	11.6423183427937	13.2731966524571	10.6484022909406	12.3730554489576	11.6091482826643	11.3835520239496
M748.5144T1110.99	12.312154520741	12.9466188336739	11.8204662412072	11.2598839977729	12.2246971546051	12.4023739374054	11.3686765530871	12.2791180774155	12.1998979444534	13.3872047027397	10.8641528238418	11.5134993766035	11.7644338847965	9.78448954751544	10.4397805792939	10.5885540059858	12.7372540501317	10.8699038031473	13.3089808326252	12.434697670001	12.6465027718297	13.5848492530016	12.9302569171031	8.3686504376313	10.040630295287	11.733380343629	13.1279979573747	12.6605812256802	12.3795828111015	10.2386204685248	11.2481535368506	12.4438442372536	11.3077719018249	12.8819257497916	12.0276218165865	10.7519353358223	12.6753951050249	12.9076102889212	10.2407568722753	12.2965080732372	11.4308309888607	11.1651340875917
M748.5489T438.41_1	10.5438511551624	13.1280875314638	13.5613133766319	13.4266873363686	12.4835153729475	12.3387011918406	13.5020655746557	11.4164530956054	11.8248965357555	12.2970063237657	13.4040970960237	13.1255804821615	12.6850189236132	12.4083417530782	10.5413760862466	12.149357100041	12.1079961376087	9.82818062016151	12.3111639403205	11.4327574802404	11.5484084815215	13.566633413738	12.4941666097408	13.4646784423813	13.9164744529591	13.7544241390885	12.4297365748074	11.7298290919851	13.6464631325763	11.8579878880743	12.2776799162212	13.6141523687121	14.0421044566171	13.8853430630905	13.9705466861701	12.3675809081479	12.226618200915	13.9883065310613	13.4068496827507	12.8679359857587	13.2232476578362	11.7624603030138
M748.6919T438.41_2	11.8880645519243	13.8317392559133	13.8931892631179	13.7608790158886	13.0305038657744	13.2442778054225	13.9272446209044	12.4563523744912	12.445022996104	12.7317369438523	13.6779749914065	13.2803892033695	12.9811144209589	12.4537930237538	9.68901288270769	12.2961026183329	12.0786240741463	11.0872598679531	12.7776914872277	11.8927912963193	12.6957578261754	13.5687924442797	13.2628630512998	13.7077657035962	14.1539801660646	13.7771794853708	11.9377040436864	11.7564555317103	13.9398443925865	11.5340498235872	12.1077117025167	13.8560609933658	13.766545218633	14.0920232059957	13.8208716076922	12.8574900018523	11.325758019024	13.9830912176963	13.2445613808245	12.6397425106308	13.486988166563	12.0216625726219
M748.8351T438.73	10.8768631374637	13.3941890157494	13.6101808014524	13.5914053625873	12.7453427427336	12.3061573315619	13.4138690504403	11.7641516564265	11.2929751216233	12.3586981529608	12.9317355585976	12.7612972142389	11.4460764643398	11.30934746891	10.6903744574186	12.151607102231	11.8096486293396	9.51177872681414	12.3591348675215	12.0589675330615	11.9625966051478	13.6383233956072	12.4588051439131	13.5885174354237	13.8646030128408	13.6928132778107	11.1237871217879	11.0322435630813	13.6200125530441	11.4004982204832	10.5665392883602	13.5706212267275	13.5676108380452	14.1381346960541	13.6980968185648	12.8129900219322	11.6919596258207	13.8901243346874	13.1515812852668	12.0494471503163	12.9620579157626	12.0974842254287
M749.8611T42.84	14.3334185434925	14.6051976342715	14.7016717670785	14.470102331668	13.9379039303326	14.0175443129252	13.8557007493251	13.6391356005727	14.1833777655584	13.8060182209232	14.1169161468837	13.2198207362503	13.9580981969631	13.7805748863407	14.3083842077206	14.2309314143561	14.4329534654028	14.6120349253495	14.0365986556852	13.9297006136048	14.7499039067388	14.4634510484884	14.2942352875922	13.5740469938196	14.4202639587374	14.843105826657	14.1394319846361	14.4363449817531	14.7344756946956	14.2749517112888	14.0414530851098	14.7960721555566	14.3067276981899	14.6398384632952	14.6225173932463	14.6623465485475	13.9118320277236	14.1846553951918	14.5099183741726	14.3865498251346	14.5302031909346	14.4840638622254
M750.858T42.83	13.4911420801481	13.5531119566508	14.1332999928412	13.5578223643228	12.8647669415886	12.9880605499607	13.1434207693048	12.5613037970274	14.0566092764104	12.2958142050558	13.5944690194466	13.0080979841741	13.4513738200768	12.647462343169	13.7233968405364	13.5403841465078	13.3091783956676	13.7832440992652	13.2140994670125	13.4417223749362	14.0879966962797	13.7579671819295	13.4845231539619	12.5959446867831	13.4851078463589	14.3421478523489	13.4099819610465	13.5840371321632	13.572257315242	13.7086685106243	13.5529980804523	14.3446135352197	13.4004345110169	13.6070355255625	13.7860159402183	13.7301610297603	12.773810772233	13.7938418549577	13.8405848919568	13.5765437594648	13.3127540038882	13.3052507893975
M751.3931T891.72	12.1009151671939	12.5945736120453	11.6268292627227	12.3399822341815	11.940258120828	11.6336958110067	11.3844467152499	11.8862796559713	12.8928805671917	11.6633130918568	12.0111865245168	13.9247300078549	11.9093406818874	8.82786347893598	12.4325695691428	10.1648036025008	13.8457313874514	10.5370890489761	11.8987180467382	11.5761000709699	13.0283531760038	13.2479890290031	12.8721779093516	11.6829235588155	11.4135500768394	12.9104438380459	11.838994602389	11.4776178780866	12.1884243894351	12.1130670804513	11.4690586005161	12.1147268223007	13.8163402823655	12.0824665890362	11.7897276063559	12.5142814345006	10.7831112612764	11.5346005190051	11.778893591895	11.7861947958381	11.8953488304048	11.1844968715992
M751.8328T874.02_1	13.3756408668475	13.1012683993428	13.8694689492166	13.875550954166	13.002401374088	12.3734057969136	13.1294918906498	13.152208808942	13.2197714552203	13.5965084630983	9.79095629985212	7.44300162556645	13.245706763931	13.2343011451514	13.1749348826682	13.1770875890628	13.6837105604457	10.7242521453841	13.2687345708807	13.9327745192641	13.2710730721319	13.1990205270148	13.5170309732395	12.8112430796426	13.770678404071	13.2120403657648	13.1881792595264	13.4727434611962	13.3162624085366	13.2968630800097	13.6112815180848	14.0722661165812	11.9997757769921	12.9899133252466	13.7815403402993	8.6938926087081	13.1434291002235	14.0166403475933	7.49422298030619	12.8950023754203	10.2619964750483	11.1108342767338
M752.1672T874.03_2	12.4581675149592	12.3892003934831	13.4223282683153	13.2167791841707	12.3507929429387	11.2011960893004	12.4938452603695	12.7901463090159	12.8247081894679	12.6021427428588	9.46193404706223	7.59926691871685	13.2112143907703	12.2142463896967	12.696954761978	12.2757027645243	12.955823254006	9.92434273354468	12.8961718709268	13.3364330807998	12.8152465790913	12.7714050247054	12.5183280812812	12.1583276549972	13.3691576018722	12.6551543281345	11.6588386750522	12.7742995218305	13.051413385217	12.8770534544266	12.9288464146489	13.5762670124752	12.6394285775041	11.474806077114	13.0247630284253	0	12.4861880450474	13.4180260226641	9.11570892742115	12.2772619070305	0	10.4154764700615
M756.0046T697.27_2	16.6019154820532	16.7781080108308	15.1038511314403	16.908438845343	16.3906937689203	16.5893359905108	15.6387206006658	16.5684378846826	16.2686267356539	15.9159863320057	15.2164127667512	15.447917435587	16.2377334966723	15.6656932317461	14.3233160053434	14.9459562235271	14.6939142257235	15.877817823345	14.7436897222441	17.1987362420827	16.1929611129219	17.7451597730671	16.9325337567085	16.4699017511416	16.0802401871959	17.3224853643916	16.4532575056762	17.1445961363056	16.9357843958408	12.201758237717	15.0547268158416	16.7560348187357	16.2551865929126	17.3860144803496	15.8950890562552	15.1904565252267	16.5567301144879	17.0293903401515	16.0184518579389	16.164987055284	16.8969937811855	16.7524568503528
M756.5047T894.44_1	12.8845903647144	12.8126764331346	13.4944816164249	14.0473181724061	12.9188673443426	11.893316174242	12.5513026212946	12.5975548404375	12.7056776424647	13.9224038543012	9.3756902752122	10.9192962212194	13.0450390704239	12.1515387454769	12.7464790140034	12.5204966608291	13.4301480965981	10.9800142126495	12.2129973517367	13.5146983573987	12.7950505095936	13.9008241899001	13.1284546061616	12.4313861723326	13.4804637806495	13.1857710322438	13.3550714140011	12.9408244219928	13.1500813451935	13.1028497723342	12.9337585232209	13.4290099389031	13.0365955657	13.1958926479073	13.1669429666002	10.4306080812377	13.387336097127	13.5339204986638	8.6445361421815	12.5463038492999	7.97645634854071	10.4183522165027
M756.8391T894.31_2	12.4530219780857	11.9565504002448	13.1990230017182	12.6889769713086	11.518979318406	10.6295096811103	11.7122841282163	12.4690257833112	12.2291414002008	12.9013200203554	8.76900279629968	7.35676027789361	12.5360699516501	11.9349300197439	12.3874791706583	12.0430619885969	12.1869526280425	6.91871447291116	11.6388966361477	12.7964592796086	12.4308849497829	12.8649593596764	12.3281241438242	11.8467645090225	12.9374614406265	12.577658579231	12.5970162663927	12.5394445189166	12.529701824888	12.5306555597901	12.6051778470971	13.2059161972995	12.1389673478239	12.2351871347891	12.6931447146728	7.66901385495525	12.0556848579467	13.3720451462746	9.30936170361008	11.5316220054388	9.21413886266864	9.19764723914474
M757.5039T1020.88	12.1285713958133	12.4031162224076	10.0839112071404	10.7237878553356	12.4479502479718	12.3119061152752	11.043670335248	12.3701087863318	10.3482369511225	12.200843230703	10.2013045021269	11.1032576410069	11.8892327326449	10.7363467698618	8.30547705467812	10.5296241075061	11.5229628414877	7.71424162377921	12.3963036794264	11.9024342443327	11.7397026819074	11.3095659899409	12.1156653032547	9.75043243273298	9.65628850601888	11.4164504267937	11.7693708405693	12.340510981322	11.1296572086978	9.88270641077316	10.6702543171476	11.6169470742806	10.9640894790703	12.3185230963137	10.8926839694212	9.51192683417681	11.6339897557139	11.9052956013207	9.79365762648827	12.1933889605533	11.4722071495002	12.2821987524446
M757.5216T845.36	13.457755113125	13.6856627901425	14.113002276077	13.5554411998548	12.6581160488463	10.3114593095311	12.5469878757639	13.5736862132615	13.7328342617388	14.1027513891882	0	0	13.6222054860696	13.137902981739	13.3362765454708	13.0689632464737	13.6114323110528	0	14.068345673017	14.5209220636068	13.3458436919133	14.5409482902244	13.1666842416169	10.7479988301711	13.7473650169545	13.4548802671535	14.3076328271593	13.5096595628018	14.0420852591422	13.7276830826628	13.8436740826043	14.0485838845897	12.8684762781489	13.0700347631189	13.7414312927461	9.81535250256876	13.7684689182508	14.0967828818256	11.9286164911075	12.9075954570873	0	12.5671537525639
M757.5675T991.8	14.5627963529097	14.6039232759725	13.5558488009919	14.0012435108832	13.8982190826598	14.597550950849	13.3499091198066	14.7342653811152	14.79194093287	14.8277573975606	14.1806697884372	14.5874603686836	14.4227491473107	13.6799794548291	11.3297481980436	12.9383045920107	13.6573042984309	13.8673053305108	14.717757925427	14.6134896674535	14.6891022460215	14.8683802672929	15.1738533325994	13.5122395194873	13.5188474998927	14.9776384287786	14.8815405084361	15.176074369321	14.5273954629016	12.728562522613	13.4873432566594	14.3879563238161	14.165187595864	14.392386668731	13.9099207822791	15.0558441060871	13.6759403778831	14.9639270464735	14.64429306115	14.8767480663017	14.9099938895495	14.6765907437582
M758.3775T367.65	12.0901347949164	11.3945709099926	8.85664074267279	11.4086321919715	11.8497388879478	9.12567400573044	11.1358313895067	9.65326668561168	9.64441368114328	11.2022798861581	11.8845002570095	10.3345534011465	0	14.105604787723	12.5631961064171	12.8885685756326	13.8321082947676	14.8933061479825	11.529327429771	11.6212260775448	13.2222390308287	14.0752496294334	13.6809416598496	11.1102463798161	11.6845335313123	13.1762412047336	10.3864040445951	11.5846723546536	11.2799521207423	9.94426013277541	10.3377300630011	13.0373389046299	12.6634734956098	11.3762244244543	11.5826699233127	13.3055944733894	12.8192354655746	11.0036711933999	12.3070668987463	12.0871557026139	13.3638091606335	12.4390733065518
M758.9753T425.2_2	15.6603042931197	16.6685584062266	16.3916035111633	16.2510834260742	15.8420983593997	15.9335707976444	15.7140685712818	16.7675924795142	16.4143740858623	16.6677039471339	16.5549807627953	16.2840136011229	16.6999488471728	15.8652184482192	15.3204666890267	15.4304788788514	15.6718435065275	15.3427800284796	16.7460858728341	17.1771521638107	16.8722551665113	16.8058937346311	16.7509741836829	15.8579380414902	16.608960858127	17.6747540469401	16.5612077255396	16.2221075767555	17.0503489463927	14.7088062609082	15.7566332716883	17.0108753381286	16.6688694041973	16.3939695434975	15.422813639924	15.4392818927782	14.9790827503829	16.8748016820611	16.0761276641642	16.5280933688118	16.0975812295446	15.4812764849526
M759.4208T425_6	16.9501446812788	17.7917993360304	17.4761786235946	17.2256548954962	16.8880301896398	17.0532443657913	16.6137780817553	17.791551980175	17.3464614327963	17.8617293552062	17.4891836562149	17.5368484758663	17.8244324007547	16.7754662488507	16.3040048755386	16.3814006492783	16.5726962873495	16.5417917286901	17.7812221395799	18.328662071734	17.8614099689845	17.9502057274453	17.7896862651011	17.0277022565684	17.5910644099046	18.7356654850517	17.6690393750685	17.3722571180993	18.1602635194854	15.6682863191143	16.749022291542	18.0133376817358	17.6649655685748	17.3942362554268	16.2934766796597	16.4233531263265	16.3771713124449	17.8713886494632	16.994704106268	17.5760797173879	17.3002194341086	16.4493516481402
M759.5323T425.19_1	16.3720039322294	17.2048737368276	16.9830031115827	16.7678561116664	16.359702221445	16.6410306617075	16.0708047855707	17.1540784779111	16.783402226607	17.2103504156683	16.9041498930774	16.8770942298055	17.2931450355749	16.2208568394211	15.6177072938222	15.8921864557093	16.0018160013267	15.9622033329502	17.1385363027035	17.7974615618995	17.3368399298566	17.2776384272108	17.2285117030186	16.517532983182	17.0090408879583	18.1323600709649	17.1069454200011	16.7189811658037	17.6411556433707	15.1507801570261	16.2168640953963	17.4911334768913	17.2728470029676	16.8784523221607	15.8904859707834	16.0243954159082	15.4819121080783	17.3140039558035	16.5206997864385	17.0218431570276	16.7190278615094	15.9546105818971
M759.8565T43.19_1	15.2281608020259	15.5670784551205	15.6035809397541	15.4850452301309	15.1502021428313	15.237594880367	14.8602806316347	15.302730765522	15.6486987352349	14.5888356502312	15.5454819787544	15.0660512879949	15.5438664906868	14.9343465202394	15.5951413572708	15.0576261137789	15.5087391714013	15.7541020532498	15.2261251055109	15.6698096700316	15.8017722483714	15.4060602298293	15.3329387030579	14.6399105467057	15.240703990081	15.4931855838405	15.211775942641	15.6340976821855	15.5550711089033	15.2623569118355	15.0643418285551	15.9883429671598	15.6657489581684	15.772941540011	15.6856036140752	15.5901576595503	14.9851245619691	15.3728207482669	15.4263005161495	15.3933586088701	15.633905956808	15.6363016426833
M759.9785T425.27_5	12.0805387028333	13.4174090241293	13.4993533376026	13.1940582341682	12.8299127660487	12.6495217175702	11.0597062095664	13.1669038298491	12.9921213981056	13.9893156836748	12.586984340516	13.3648435446227	13.2717550461324	11.8815387081486	11.7002605836568	10.4664690001703	12.2254262857648	11.9352512112594	13.7581103695902	13.7296893904744	12.9643134845739	12.4520096797219	11.8299888294251	13.2036403671242	12.9866804500368	14.1889339978936	12.9074980343204	12.7051227478209	13.2442208176653	11.2407117002319	12.7529945176632	13.1706210458964	13.1002097608552	13.196268539989	11.8643376850821	11.7014920486157	11.2420612506294	13.5774735965586	12.7017179073568	12.4978318233338	12.5951577291627	11.4511608829582
M760.3578T43.17_2	13.7914526239669	14.1571091183005	14.3902063415737	14.0856122835008	13.4544658221592	13.6789171719771	13.3092276842685	13.1789099162463	14.2740663051719	13.0672533481508	14.0604282675689	13.710594521935	13.5919240991485	13.3723296819012	13.9285372775984	13.8712572015964	13.6316117337309	14.1464712092073	13.5707565453679	13.9625185919079	14.0889492835673	14.0348310089451	13.8713287961858	12.7696001726713	14.0941444671103	14.2488758663887	13.2503883950548	14.2635696062063	14.0025179376102	13.6870405385857	13.2839348322226	14.4492403644265	14.0443996633768	14.4360619164542	14.1393668793329	13.9055414593244	13.3586055792161	13.7931422486501	13.7963005898285	13.8584504619717	14.3146280599914	13.8983103197698
M761.348T895.64	11.1229046647622	11.8205085566484	10.3460153540313	12.055828643827	10.7423737360921	10.5517837853836	10.2754904408537	11.185073834512	10.8714074751372	11.1186231604563	11.4982391804459	11.9820332901993	10.1935134779581	9.73885636643658	6.95031259930707	9.18392671057726	10.7190720664793	9.55489960198179	12.1612640291181	10.206886495405	12.0166387712976	13.1938628968288	11.7104984742013	0	10.7268047372448	12.1082235206854	11.0575994218885	11.2957049714673	12.3594520253736	0	10.650837175868	11.4745799990699	8.81641934330403	12.2228373359007	11.6245859394542	12.1123346099067	10.6773853885728	12.3047426663864	12.333446902986	11.1185396088597	12.674727897435	12.5830216895237
M761.8356T850.26	12.9805682091528	11.4100393852157	13.6697193368506	13.9477139414639	12.7798334775241	11.1879011482114	12.3507541626147	13.5876946558858	12.4467146499819	13.3870131282036	0	8.39530251887073	13.2347352991795	12.6834741843292	12.3526048418957	12.3987721572271	14.0459234543516	8.78361718818985	13.1093182714307	13.8067841062626	12.9937373941077	13.5522179861263	12.6397488759159	10.6207383830618	13.2052303612908	12.8516439254062	13.2644659663384	12.790307211788	11.3418443345991	13.1193014970746	12.7453469606223	13.4080899175519	13.1731516023326	12.5160621945132	13.2361893792214	8.28068033752826	12.9853584279459	13.2259073659138	9.75265175223617	12.0348322819176	9.00094533323819	0
M765.1572T358.58_2	13.3887564549887	12.6394639614746	13.1523094209414	13.0643969332167	13.4302425288095	13.1812448155624	12.6427929780967	13.808819974409	13.8122932912933	13.4536807130626	13.3408948288252	13.9495320529693	13.6072047122984	13.4433396276911	13.657135801405	13.6229128089423	12.5738469625326	13.0088066413906	13.9568619556181	13.9953026842334	12.5598402692722	11.769394988351	13.0135689849033	13.4019184004967	13.6888428181997	12.5716969851304	14.0628165986475	13.9832737670827	13.0580629189851	13.1620885608016	13.851804483617	12.9097214127991	13.4085434347597	13.7049720481796	13.6565692992336	13.5983736515868	13.5590724526946	12.9400572994301	13.9869030743046	13.4303271123737	13.3930375496671	14.0788615316996
M765.6586T358.42	12.3318993681825	11.772300208179	11.4649700685119	11.9632368776193	12.6966094405032	12.1065890738367	11.4552980342876	11.9780040364231	12.7273823003866	12.6426158012404	12.2376375465853	12.7586021138221	12.4947259049229	12.457062134066	12.5763667059579	12.7439762722338	10.1529370097646	12.0549743606541	12.6787252124703	12.979642869605	11.6804823484981	11.0778974921819	12.1257446177164	12.6639312405694	12.2128415862831	11.2239382643024	13.1624182921071	12.7335621050812	11.887640702378	12.1078082438152	12.7104020169215	11.6431002995118	12.1506724659731	12.6547827984438	12.8307294279998	12.7191522753078	12.574728849081	11.4772787349678	12.651845047252	11.9901942554619	12.6047877364973	13.1004484800892
M766.5079T870.74	12.9798675101218	13.0664820475491	13.3714784518668	13.5988726670279	12.694217251802	11.7096643231101	12.8541016460701	12.7274543637561	12.7804270715487	12.9304656709277	9.13302401328309	7.03566537553734	13.076434970694	12.9475373698162	12.621213379221	12.6734154877018	13.2173984775205	8.30163291637083	12.4143445014143	13.188546874096	12.8750625426009	12.4313089045524	13.0738192418294	12.5560433834828	13.4662384913667	13.0624623547463	13.0508953181756	13.0601800365285	12.4783027139689	13.112571625342	13.004657128349	13.5348462429242	12.6031497694081	11.7273987221785	13.3441567459398	7.99322873815612	12.5399913753521	13.6106085863476	9.16470902483998	12.4526037530704	9.00296782537228	9.93501223514056
M767.4855T1036.06	9.98213313428751	12.7080476246362	11.7664651356279	13.1409953753354	10.9840219685374	11.6194906063695	11.5141084297844	8.42660368563676	0	7.30241208004502	12.9154163006389	11.7222126780314	10.4851655028082	0	0	7.67266646612639	10.6464909455395	10.1152441280987	10.4163395336449	10.8340400321738	11.8852625055827	13.6308321849944	13.1452777023104	12.7599607288879	12.2063681383637	13.1783543829792	10.5241363821211	9.97019649380209	13.2829110731739	7.61625729553943	6.50885311265814	12.3647092048257	12.2363098396662	12.9549275114588	12.443481206145	11.1178455617925	8.47570251488729	13.266920424629	12.5904384566475	9.94223144068218	12.3253694663919	10.4725556652117
M773.326T522.35	14.5990737719373	13.6558852061358	14.3739640377222	14.1818372474512	12.2979768763586	13.5773052949574	13.9056852456191	14.4393752933368	14.0583029000191	14.1561008910735	13.9250480238824	15.0111935875837	13.2124568771997	11.4325788384384	11.8984110846026	0	11.8678265602326	9.88034235210354	13.3594710880501	12.9789911947468	0	13.2388084261551	13.6450001867943	13.0113778596532	14.0518826477971	13.8250031126024	14.9294842760677	13.9595506463638	14.579381693126	13.3990334573684	14.2331223688064	13.7640635516387	14.2315938817594	13.4914396896575	12.9951086173676	13.1335898191466	13.0790739500759	14.7871816359724	14.5392375392927	13.5239547161066	11.4705233958094	13.0835034747948
M775.2273T447.4_1	15.3176661575201	14.8664859049967	14.7873297028327	13.9039210532305	15.4983882766665	15.8756704435511	14.7985591928652	15.3951935954619	15.0048169545797	16.2715373613761	14.3935376399512	16.3082048329646	15.9437233284147	15.6563586469618	13.820432665008	15.0832832619052	15.160564513174	13.2931698179266	15.7138046249215	15.7293051734345	14.2548275595627	15.8085394532353	15.174871686259	16.1754687857302	15.3599128417865	15.9483650272416	14.6559662967774	15.5417243121394	15.5167723954748	12.9311608295379	14.5359556567235	15.2709693158562	15.7268500784025	15.8745168490753	14.326164042811	14.3489296889536	13.4309258237135	15.9242464344846	14.2946974424579	15.8167292283563	15.1939923433208	13.8801027662339
M775.3108T447.44_2	15.1636281916148	15.6371881698976	15.3149442763745	14.8504578481282	16.2922730465668	15.8097370820762	14.9535910298426	15.4892492975255	15.4558756835173	16.4103868266491	15.0158290882577	16.4978273988519	16.5750536236433	16.091943608766	15.1251969224395	13.9874341806527	16.2463790299158	15.3062934509051	16.4525161984869	16.2800152919746	15.2614147648547	16.2159461722212	15.6822373499177	16.820151592897	16.1030659922963	16.4081345020738	15.9359202426938	15.7146541905911	16.0752672583788	12.6922556231405	14.5700281251687	15.5786760755368	15.8116893697204	15.6924812352629	15.0042308733699	14.6221490631098	14.661900358373	16.0297352659529	15.7005128771	16.0578006238104	15.8694244377389	14.5063153669078
M775.3872T356.77	12.5365692808969	12.4981908474151	12.8376049138576	12.9737186630193	13.0256169850698	12.8168196119775	13.0855975331385	13.0073965316176	13.0657315204909	12.8291971554871	12.2824707581155	12.5874331663022	13.0430923134344	13.1115092864248	12.620801655335	12.6838144451335	12.8165695759378	12.3478001546361	12.7820287920278	13.0128637214889	13.3823333688532	12.9238238872605	12.6746091349679	12.7689134540216	13.0744988965431	13.3349810382221	12.7672507536017	12.724408337259	13.0531984399095	12.1500679693776	12.9790683467981	13.1505147436084	13.0673432001349	12.9983104237993	13.0205224869501	12.472457377395	12.5776074248531	13.1665999858908	12.5901616958718	13.0023733603607	12.6661144360676	12.5010713192772
M775.3941T447.45_3	15.8051762762717	15.2778391021997	15.0045957566988	15.7632217056128	16.2943450698926	15.9577067420258	15.395055096849	16.0126048726162	15.5248295994007	14.6174567182762	15.8342065885851	16.6805621678104	16.7396807216583	16.2110451188951	14.9932819325331	15.2055771305454	15.2119950217169	14.7042135543349	16.1837576402168	16.6290452290913	15.5438532097494	16.4002726825168	15.9344104187467	16.6697476438844	16.2403787471608	16.6092773596676	15.7880458850272	16.3745822386189	16.8665062128455	13.8901785135069	14.6225228001209	15.9277139444905	15.951163493456	16.2850818537537	15.4485126489529	15.1896009204237	14.8058769229322	16.1311665615701	15.4316092120437	16.4293284986454	16.1406798856885	15.2476649340302
M775.478T447.41_4	15.5754649766023	15.770877583708	15.7562217552607	15.4018159213507	15.9314163621719	16.3346747198211	15.1355998793011	16.6243526625711	15.3224760629064	15.543534995357	16.0589231142848	16.2729420938567	16.9532703115206	16.2974588457129	14.9448308659514	15.249778922984	15.2538188589996	15.6683896805716	15.5986832376656	16.7400781431485	15.4689506099838	16.1694047023271	16.3688397977511	16.9254469208793	16.249674173057	16.6760453945511	15.4741459959775	16.3896788715525	16.4333987415888	14.3306253550337	15.0170987764364	16.1387650749966	16.328503651675	15.6269269326636	15.6716805137943	15.4711098820331	14.2280724084656	16.0191807179792	14.7069228402045	16.3974876919959	16.3239316133197	15.2296850291891
M775.5617T447.2_1	15.6495355101183	15.5704592156147	15.0457915810801	15.2806530191983	15.7228616367678	15.5430316113667	15.1436258940853	15.5129062604073	15.4250148700361	16.1554640369919	14.8901383972021	16.2156627412677	16.4495753965693	16.3502126154183	14.2682631293372	14.7208965951254	15.1671121628125	14.8245465547787	15.865935829611	16.1325756439847	15.3763530970221	15.8885799222579	15.9782470038395	16.3095643755006	15.7927582754197	16.6446795508084	15.6584123581624	15.8032730087771	16.2276454739834	14.5234550874425	15.3550604359582	15.0309233665132	15.4635634569092	15.7708678588826	14.7366942860855	14.6491257682191	14.3139869759954	16.5374000480581	15.2253136304896	15.9329010949328	16.1250316742656	14.3132357890907
M775.6451T447.46_2	14.876048701264	13.2390342126069	15.0879962744852	14.7991779377349	15.2822033712537	15.2245642569886	14.8599865957739	15.2935457501425	14.9213169621562	16.4230279879066	15.0370663893231	16.3280589555549	15.8992609296463	15.5173766429229	13.4853012435967	14.2000406245971	14.5257417085546	14.2276739366203	15.9791522184883	15.4777202870641	14.732752249913	15.0448014782073	15.5021416880253	15.7082519679492	16.1078797430662	15.8929971605654	15.2137154383168	15.3816599347804	15.3590990004045	13.5230814081972	13.5885358269098	15.2296702268075	14.0749201542242	15.7012125221357	14.1973324349291	13.3994547518974	14.001228061958	15.7212424212336	14.4571761052234	15.7084802733186	15.3863644172321	13.7841163443424
M775.7294T447.73	13.8713404681301	14.0995474769718	14.2519984392765	14.658487909301	15.0713105258931	14.1243841114124	14.1645027757138	14.8821315352123	14.2746227531059	14.3837851742892	14.2550078562558	15.5064881431298	14.7817589179562	15.5447250782827	14.3091352906241	14.1519698171082	14.5928638520073	12.8172875413923	15.3460750309162	15.2474223271174	13.1772882993757	15.1512498010485	15.4364793318269	15.4039821536794	14.5635364343447	15.7021577001706	14.5010941736394	15.1283273491909	14.6820266492237	13.1531280438233	13.1826251537206	13.9157299586737	14.2996046868974	15.0488622189726	14.521368757188	13.3651873518261	13.95002055882	14.7460761098222	13.6048156216806	14.9003283295681	14.7794786397451	12.9401654864266
M775.8522T913.55	12.4175122351162	11.9741782673165	13.2056046895046	12.7315286036868	12.2272396676898	11.0291567483489	12.0070118616742	12.510983620795	12.1066130258753	12.5428536839019	9.2078417634968	10.1573894310269	12.728183901883	11.5175267785587	11.8399787908507	11.5671319893961	12.703317189192	8.28258383439746	12.3453163078871	12.9946347845614	12.6138757240986	12.4386370029663	11.8917615331051	11.2291501000589	12.7232248852984	12.1864386183699	12.8235142483314	11.2971977538858	12.3730479037544	12.4765624948257	12.362609853792	13.0534419296082	12.459819492283	11.5522683984249	12.3917322329703	8.62004872056597	12.1369164775717	13.0865501778737	7.51254590277096	11.7371124330209	9.05836844224939	10.5415751982791
M776.9809T424.6	13.5244059195639	14.3569490041209	13.4898219723836	12.9967328119733	13.7501686038302	14.2399073218436	12.1505466972009	13.7328829542254	14.34209503496	14.0815093916024	13.8165250953015	13.6536402823401	14.6294701995036	13.4253125241658	11.5601413078776	12.1492200903529	13.4083793939177	12.2870776133879	15.2637306737441	14.5594645722495	14.2011063034643	14.7155650960627	13.5797945410139	14.3485267491043	13.4024287274015	14.9549844363353	13.9310966943604	13.876156104751	14.414942132858	11.7299387522803	13.0035730862185	13.1995916931335	13.814236188143	13.2135551715741	12.1759522678564	12.6697437181118	13.1362501083666	13.6748477850152	12.9231690563677	13.5207392635573	13.4019203098805	12.52508790155
M777.0925T424.37_1	14.5525928823357	15.2086601168282	14.5483667033531	13.5896583509045	14.3419943576902	14.9303469574887	13.8064280031381	14.7317247977283	15.1833971853079	14.9107376562662	14.4890055553955	14.5179193482659	15.4607721062326	14.4505765809943	13.513849316992	14.2189166053461	14.325879908797	12.9679076016974	15.3888113064718	15.2253521443556	15.1318920848533	15.2482435801382	14.9710694470333	14.7914393057402	14.2188742396335	15.7131144271503	15.0254990408295	14.9757784404538	15.2931924246205	12.993987249135	13.9255402414077	14.6108142108564	14.8888847585415	14.5027095642013	13.8196337184784	14.1997939489946	13.7917782509264	14.9562992485948	14.1607291740995	15.0524317786848	14.5081710848217	13.420633217522
M777.2042T424.31_2	15.0076321520544	15.5688399265141	14.8845315767001	14.3091209036317	15.1140182387031	15.4311159339396	14.1067014642673	14.8880809833961	15.7099414191244	15.2542170439762	15.0166271377221	14.7925731714068	15.9354584980488	14.8018779141408	13.9446725856107	14.5766146343899	14.9241842895729	13.3239483607115	16.08525517123	15.7966193961124	15.4792277332774	15.8377054107839	15.1631844540308	15.0574082593055	14.7587339241893	16.1114694777351	15.3325402129803	15.1921984930622	15.4703774038691	13.2798054508353	14.373245496953	14.8019228435096	15.4345888517597	15.1132345679941	14.0509828408269	14.2262895474616	14.458722542407	15.3059128114971	14.1814166751681	15.4553682896877	14.8255376812286	13.9909184267515
M777.3157T424.26_3	15.0166322495976	15.4996259578354	14.8370648338302	14.1290474175361	15.0158217590647	15.6307062529383	14.0359097415625	15.2283943285346	15.8354581178018	15.3939652711809	14.8142848711854	14.7963451982043	16.2698314000845	15.0162707100035	13.8453775120022	14.2507255911949	14.8161278588022	13.4070745412321	15.9843117367532	15.8692846794453	15.6128355799627	15.7416514573396	15.107397686083	15.1239480921126	14.900469072458	16.1552935586347	15.4453632063618	15.3436779901163	15.6258439250198	13.5540847378205	14.4112337198664	14.7934683536936	15.3398672444715	14.9881077033289	14.381057119274	14.3548919891305	14.1814024446019	15.1891430862568	14.1471116552824	15.2183508454121	14.8311960654723	13.6549828282736
M777.4273T424.35_4	14.6216063494406	15.0435145334321	14.0987099697405	13.5262183592957	14.7876223134714	15.1936177203882	13.2746296703431	14.8059461939131	15.539450381757	15.3578531909524	14.7065958939003	14.9149003731089	15.9101834555587	14.5955669895073	13.6993847757318	14.3456253814735	14.5211586006865	13.5218541883783	15.7787666400254	15.4165283322056	15.4141344786504	15.4719115129808	14.5390937865615	14.8393289808808	14.4875826495687	15.8464240329336	15.2745561827704	15.1257824069586	15.3587996399933	13.4085366924675	14.5290957573794	14.7571066799008	15.0069230523234	14.5699998033549	14.1501763897421	13.8495196477302	13.4845942845058	14.9457924815501	13.8818825004986	15.0840372557987	14.4756433753159	13.5168777504973
M777.5392T424.18_1	14.6361423553287	15.2952669579885	14.5390296343409	13.77550220674	14.3198532703169	15.0466411639347	13.8600945450273	14.7844915185426	15.0040309254352	14.8788440672736	14.9058758592584	14.7235751505787	15.6029718777288	14.3807111821833	13.4922689844496	13.6299386121169	14.1921050509393	13.3690400807859	15.5045109927654	15.2492679690756	15.2548088053702	15.2957515334756	14.9250608334121	14.6447445801255	14.3298977731476	15.7830260196723	15.1473979634823	14.8210380092978	15.4154630328344	13.369887995031	14.1712490828368	14.9096005872051	14.9649093923788	14.2005300326932	13.4679532809109	13.6725432951814	13.6530216325978	14.899229164923	14.0889318073199	14.9225501821411	14.4193069131474	13.5927009037318
M777.6969T480.15	15.1910273340771	14.7840345262823	14.2120863812882	14.2027521356282	14.333023965051	14.8916242774215	13.8587189376161	15.1943878721344	14.325445273785	15.2478203873499	15.1682911713559	14.6553506818768	14.6323993744012	14.722007632364	13.5414210772739	14.1241414590047	13.9891773581816	14.4621351210061	14.8744307017583	15.1924160012598	14.9981641138432	15.0133445742749	15.0565590969517	14.1145766857701	14.2871010692493	15.7155310491357	15.014247741811	15.1108884102223	15.1248504944844	13.0407637333136	13.8934769552691	14.8582583946719	14.9555318730251	14.6739431756611	14.0407297205335	14.8552297304359	13.7370836296498	15.442600216902	14.5987170472933	14.3788948268167	15.1974184745086	14.7090313906563
M777.9859T423.3_4	15.5759321104592	16.6235229497576	16.4778484060128	15.9535522396691	15.6684287262344	15.8270592563583	15.4271721872598	16.2290784979941	15.9817686861295	16.2561411700432	16.6225081940618	16.5345406768295	16.2254483774689	14.8640100663116	13.9953060422661	14.9549732083183	15.246128913615	15.6561097366974	16.2052117244464	17.0958533309203	17.0363656132585	16.5521231317232	16.2438592789302	15.6372314953499	16.1073345496907	17.4415427775179	16.2773256224905	16.0146027493049	17.0355204768692	13.2315570943647	15.4122139069631	16.7737830735937	16.4034848492729	16.3394018170653	15.1839823619444	15.37053309025	15.1757969803848	16.7676436330298	16.0040392327371	16.1299943461499	16.499171394086	15.6539141797616
M778.0975T423.26_5	15.2639356595479	16.4120170565821	16.2710575062315	15.6150946443593	15.5314547389398	15.6270908424772	14.9877483109791	16.0955608145538	15.5334137091415	15.9996231482411	16.3435637590363	16.32233926686	15.9899279623302	14.6007185284375	14.4673230958375	14.6912785494411	15.2618520415211	15.2506688649625	16.0424502438454	16.6848255225283	16.798568280693	16.3894228028659	15.9133660649822	15.3153184708192	15.8101150360309	17.0973175699414	16.0709084546698	15.7718839794365	16.6698857077948	13.9737848403949	15.2582706918822	16.348935757761	16.232093535193	15.7377244221252	14.8203650326661	15.3097845045234	14.5638045108988	16.3133292812283	15.6767847315309	15.6891507841106	16.1864305370648	15.6058132924849
M778.2089T423.2_6	14.9692967495114	15.7488402507258	15.8883889152297	15.0467812610876	14.6935966806824	14.8317931787149	14.6081471811794	15.3906356459715	15.2298361583	15.3118170434305	15.6803384731508	15.6797157045797	15.6858227886514	14.5143079676286	13.8565282514734	14.2840281646102	14.6685262644883	14.6652755146108	15.2862234375178	16.2943789423857	16.4479906066681	15.8022817522162	15.5840542332315	14.7846012317327	15.3462133102815	16.7717781846968	15.6657356162852	15.3430734099106	16.2021948205114	13.2166501261292	14.7007535308572	15.9578118361581	15.5968824687114	15.4031606969864	14.4999219796768	14.9458186739432	14.0412089003626	15.8615918494436	15.3399283025828	15.0172390611694	15.4501922986046	14.801501303013
M778.4322T423.54_2	12.7979635387534	13.7319948578669	14.2820356168415	13.4161021860198	12.9017027664001	13.2748274018517	13.3034566596782	13.0140613737242	13.6243739396237	13.505727173324	14.3300768125066	14.0757673384017	14.218209110358	13.0163017571569	12.3378741108222	12.5889010463874	12.9142968494833	13.2560515693114	13.2008968335221	14.6795503611076	14.5067307002649	14.2412914718444	13.9302895272581	13.1573997293232	13.9223087854362	15.2830040569247	14.1030401147806	13.4625660607285	14.4637204978338	12.0271127940825	13.0977911703407	14.3384916976728	14.1210801753749	13.7528711710807	12.9717308538751	13.5443229728879	11.8715172788208	14.6573647392962	14.0782961242403	13.8712097154243	14.0426018220168	13.3071894267604
M778.9987T701.99	16.465473557433	16.5169795821701	15.3210671310894	16.6289680143061	16.9801543957105	16.9477426537497	16.1554833202327	15.7863201370132	16.7165599238991	14.8621871631891	16.0844879416198	16.9525257545065	16.0457991615775	17.1343167613313	15.0768472082226	15.7843909119333	15.1321770782972	15.9691070272128	14.2618497899509	17.7099318197473	16.6545260631323	16.7335371171451	18.0978189871675	16.9043892415089	16.3016335919414	17.6869783130822	15.2408424970265	17.0359243555788	17.1776645783005	12.8939077729807	16.4638994757077	16.4846812875413	16.4617678152245	17.5795675337367	16.6645464744276	16.8841655474076	14.4597315129114	17.4760700610467	16.7847561795644	17.6071474804278	17.3167033162891	17.3100188816521
M779.3414T372.42	14.3119381472051	13.4731014138191	14.0187392614505	14.0966167765426	12.5014363891902	13.5356704629961	14.5993902411072	13.0087024843573	14.7222552851989	13.6121702182944	13.2910163963525	12.9111555011084	12.7895172448154	14.1193988428504	14.4096326564649	14.9166179309448	13.5070412357458	11.8883655805229	11.8853156379318	13.9018545979699	10.6886092447859	12.3495035397741	13.2407049038633	13.6071087318253	13.1526153729523	12.6317599460423	14.5881698935333	14.2919853477169	13.7647078877481	14.1128160369075	14.8012814578448	12.6649243379499	12.6996742387139	12.2763922277394	12.7653471905183	11.6778155139261	14.1814882501969	13.7605648347598	13.3622298213754	14.2973946154315	11.6357079241053	14.1665023109834
M779.4323T372.79	15.1448855445049	14.0756438705402	14.5816516379786	14.8121007594732	13.3934054297295	13.7252761174005	15.1930972276759	14.3644044285742	15.2255932838747	15.0661740666682	13.7546297520405	14.1946440693037	13.3089395619305	14.7637530254408	15.0429124643328	15.1770386760676	13.7160618837203	12.7526062318191	14.0237640617887	14.2897905758819	10.6832562149259	13.3136371436752	13.6096910550622	14.2767711706492	13.9101702161945	13.5626947898799	15.2237235754528	15.0655933460735	14.3017469420743	14.3761114934176	15.6533806560324	13.47085793937	12.4996306445992	11.4022288754388	12.3798188461357	12.7354603207336	14.9224178627355	14.6947884064437	13.6846322751749	14.5029911701088	12.6447942232856	14.1264970334383
M779.5232T372.76_1	15.4811707291445	14.4196414013984	14.6969940703556	15.1747817634734	13.7252173243691	14.5662584138463	15.3555057152623	14.7876144718206	15.5958409325208	15.2651064708754	14.1194540694069	14.856529139107	13.874454015642	14.6553195534013	15.2403503610116	15.4529162377751	14.1797509474481	12.9981856907135	14.0605103166068	14.8470099174911	11.2763548885752	13.8576032149125	14.0080161522232	14.6203162749566	13.8192412911074	13.6916844955	15.2979060510602	15.3366837746294	14.3121284460847	15.0102219731378	15.9443062323321	14.2450862168539	13.9813039868451	12.643879424806	12.7367004892916	13.1505799576842	15.3834701143937	14.9123567075012	13.9883501685006	14.9509762141991	12.568397726263	14.9659086439088
M779.6142T373.08_2	15.6048206218187	14.5099982303789	15.0593974805771	15.3588977231104	13.3101499382197	14.6502692131876	15.3471344720676	14.5057292570954	15.3786379369977	15.4527747225514	14.1367225992219	14.4566714486716	14.1196033157359	14.9339949476778	15.553898281365	15.2571558467155	13.826898949796	12.6451657675247	14.4021433775919	14.5677932956981	11.4082578547909	13.5127389773512	13.7335107080262	14.1960087499815	14.3652003883526	13.8860008147155	15.528075110662	15.3070735924965	14.296959843578	14.7046690845721	16.0124852337431	13.9546537415408	13.5923189429823	12.9785454991286	13.2646432920037	13.4780245742164	15.518158314433	14.9523555382928	14.0016634204083	15.0063773667628	12.8192126310368	14.4573524685483
M779.7056T372.83_3	15.2456508443045	14.3121661322411	14.6417282399462	14.8597803695847	12.9493377703218	14.1818487417597	15.0958731954057	14.5057177707559	15.4404569209709	14.926865480102	13.2114392466095	14.4629021437909	13.6309328509676	14.5096764347634	15.4695478036345	15.3364732156591	14.0057442840665	12.7325425189901	13.9527439628378	14.4707782901512	11.7673174403868	12.9557244501187	13.7427052036308	14.2824899213611	13.6639011831391	13.3435530063414	15.184543419339	15.0705724749337	14.1646279171549	14.6987921203585	15.8745218763856	13.9117730741993	13.6703353080493	12.7219185285948	13.1298586175388	12.6038483370606	15.0043515226749	14.6625473835754	12.8417267406871	14.7145996468252	12.7148118959847	14.3377676648609
M779.7966T372.72_4	14.9186773811846	13.5518858655544	14.2896687162555	14.4552257044362	12.636206907341	13.8416621271939	15.1234452218545	13.6718198128879	14.8861804682119	14.5681509858401	13.1160772951456	13.5466777278859	13.6294576447704	14.7649885521819	14.9641886617849	14.8853059781183	13.1780855350915	12.1223064594038	13.802421198376	13.5390768998002	9.42399031313395	12.4895557404585	13.7088780108818	13.6566640057794	13.5800443152041	13.4162374412188	14.813216829916	14.9536690299892	13.6577202421861	14.367452623969	15.5161769483821	13.8079414189941	12.4228293366951	11.7737885392066	12.6393090760872	12.1488420506236	14.7142582272334	14.5759330643514	13.2899158189092	14.4016087433739	12.2515411161137	14.0195673712159
M779.8877T372.55_5	14.2541769465688	13.0172447755648	13.9107171134756	13.5869069157048	12.2601278121842	12.9204313325784	13.9752938972374	13.198025332857	14.3703622157366	13.7551560490907	12.817098439431	13.445156517699	12.4406068967902	13.3522970388988	14.3033085874849	13.8330632955347	13.1895496538677	11.455105859064	12.5874201274251	13.6386818375531	10.6164038687203	11.8251785356412	12.9206732905241	12.9627316862243	13.2285002716995	12.4812144175492	14.2011189886857	14.2791891392126	13.0797648274332	13.8974324701233	15.1365178408595	12.7395367832162	12.6321360389584	11.6064325409591	11.0000173846128	10.368445139515	14.0604303571531	13.4222174102763	13.2425855917123	13.4399325188338	10.6675797582013	13.2871137593349
M784.7554T394.34_1	15.0485610068496	14.9463362529093	14.9753291110408	14.7293938933803	15.1986318504013	15.2410527414054	14.8105036232465	15.680086320926	14.6774975962601	14.9021355997061	14.6353204305875	14.7771079219948	15.1161918695258	15.3304918912267	15.4640921818909	15.5053283562842	15.3039282673636	15.2472188927303	14.856480420594	15.20685477032	15.9233762198335	15.3186065544805	14.9231938327306	14.8051372294537	15.1214269850398	15.6413645141283	15.104649310272	15.2734440804013	15.1710031082466	14.8566211160038	15.0640028077605	15.1358044071188	14.9504464046402	14.8015323772917	15.0703783596353	14.8923487979052	14.8662193227283	15.1110144304733	14.9398888215671	15.0817694513827	14.8681938438612	14.9110678127473
M784.9764T701.76	15.0555214568176	14.9391480629598	14.9305684259196	14.5630511240991	15.6554681253055	16.0391736600719	15.7739673756729	15.3809368709343	15.194972869324	15.4796459343511	15.8077756371485	15.3262945616286	15.4768064176459	14.7818318244361	13.35774606097	13.9719526872626	14.9398711472986	13.6972744396576	15.1848306857948	16.5177355772477	16.2861511504454	15.8775920112236	16.6625499331441	15.208939224823	14.8753484572111	16.3897014394237	14.7255412687567	15.6072445117027	16.8242655303424	11.78582054244	13.9168280588779	14.4317199555498	15.8025254733321	16.1423037188382	14.473154431429	13.3890192852014	14.4642113296017	16.3014251312169	15.0059695682675	15.6418141071294	15.8931880528351	16.0785012965547
M785.0894T394.28_2	14.3654608152885	14.4303030595405	14.3079130539608	14.1404726273528	14.8004587553796	14.7271954377521	14.1626585793011	15.0127139589502	14.0594273412455	14.3897770527885	14.0160686106739	14.2213660145021	14.4401702218545	14.7014823848058	14.9091013063923	15.037229509676	14.8238781938107	14.6995585322346	14.2800797343926	14.5764919763958	15.2043231755892	14.7281475650966	14.4265254691812	14.0753316905085	14.5412384598506	14.9526041245553	14.4780723867764	14.7224487834527	14.5282834682456	14.0469326335967	14.3898129226622	14.5400286798876	14.433481891774	14.3020460808416	14.3391834097306	14.3965354228465	14.3483855003919	14.4885451268916	14.3477648361426	14.5205802172937	14.4312861425999	14.3606105897623
M785.5208T888.12_1	11.898618666372	12.1302188438694	12.8727565848236	12.4470065684545	11.8656272129085	11.0243171985927	11.1781484032293	12.6481539301913	11.9063629723161	12.2625397009905	7.94170942627999	8.91724107067605	12.3288422814628	11.2480301839249	11.5089223228972	11.7591597423873	12.7071682067111	8.50501662280141	12.3128865744325	12.989037335297	11.231812179891	12.4512150269157	12.1247238414135	11.593743120421	12.3002185180724	12.1388187295996	12.65233760682	12.194078581665	12.5084222744903	11.8171540877777	12.0883671649404	12.577616216172	12.2955818132685	11.9691174413523	12.2593890908947	7.54859177835492	11.8840965308815	12.4888956697001	0	11.8950213634649	9.94878806856374	8.32194655523403
M785.7584T394.11	11.7830342713641	11.9257561637722	11.1938272163161	11.7566777338481	12.1404349905658	12.0877655849524	11.7507289497928	12.4112048294769	11.651176749423	11.9463949408461	11.0861108537499	11.6773758508207	11.7089787675273	12.309956805379	12.3397990138592	12.2964185832478	12.1645237480009	12.0712822400043	11.6445041535274	11.9984887309759	12.6082175994625	12.1115840288745	11.5170322018277	11.6584552003897	11.7037004970253	12.4266850570119	11.9674178455791	11.9239810744568	12.0268736255259	11.9991791783837	11.8108759431535	11.6878785794419	11.6549233752815	11.7235024992193	12.0093543062885	11.0490410710302	11.7765935118073	12.1317803004511	11.8857099035263	11.6842270979407	11.9976194932978	11.5393678181555
M785.8555T888.12_2	12.5760920856932	11.6920010447696	13.2361277369185	12.9351488943151	12.3634039316303	11.2104718944099	11.9733850133817	12.7755643985435	12.3377417150977	12.6213351198724	7.44746072676972	9.05559884652786	12.986274670938	12.136440293286	12.3474644116625	12.4053190188298	12.7371262661396	0	12.7752759191456	13.1121383371468	12.8052287815889	12.9729505433158	12.6418387193459	11.7411968415534	12.8928895496626	12.809072902871	12.4570544550615	12.7601770727905	12.7427224862873	12.6605391806675	12.8846957428545	13.2539734509989	12.9939321167697	12.3585288292741	13.0795815174762	0	12.4481424912055	13.435454542429	7.54390652237304	12.2439045455877	8.1550423584435	10.2584910486587
M786.1684T296.45	12.4459869950467	12.4042744724754	12.302893373151	12.7606185713857	12.6562406426118	12.4578859163012	13.2771233976569	12.7359467227636	11.4504399029625	12.615251269461	12.2196709612442	12.3654693797808	12.4012214960545	12.9837452450949	12.4932829309945	13.0689675344143	12.4197129608126	12.26782540349	12.5412182001556	12.5581207414601	12.6806380300613	12.5751532083029	12.4750384298238	12.5338103406954	12.5807239110788	13.1040587802444	12.0637476906096	12.8901348928809	12.5817839462589	11.7535813298656	11.9220416397512	12.6831216159505	12.4070771764178	12.4508356426224	12.7441347207044	12.2080901431257	12.4622796165897	12.1640524855878	12.7538194738206	11.9369563036592	12.3180963898723	12.3521906165751
M786.9106T43.38	15.3311165639532	14.9123810644615	14.4954038262664	14.497831344082	15.4648055527206	15.7347652396432	14.2539233032664	15.5646439711339	15.1843670752093	15.507458281446	14.194952948596	14.894544142114	15.1991557484673	15.4957654687423	15.3096758807482	15.468822136108	15.6151127272879	15.1930869861725	15.8152028794514	15.0372210550555	14.9722761273647	15.2317937574439	14.3136196803724	15.2175166540058	14.7315397025034	14.6166470092732	15.3485917081548	15.577355925781	14.5617756012715	14.994663295626	15.3140403438712	14.5407190189166	14.7057165406614	15.0824304545824	15.1113996695021	14.7804707234422	15.1008138579991	14.4120913772015	14.7889166805281	15.6459856610983	14.9009400776986	14.5234404030891
M787.0444T861.81	12.4465778929095	12.6742487050434	13.2280690185002	12.0516829296666	12.4366269158002	11.5829984728849	11.7485764712077	12.9053206350123	12.6244430592743	13.3174899917982	12.105998086796	10.7227725943252	13.0078604751338	12.483194149303	12.3325094700914	12.6436231923366	13.2045185869302	11.8080775573798	13.3204077789574	13.5128850860519	12.4718065629638	12.9959692815244	12.9675258605359	11.9151953393594	12.4599640585894	12.7512043293726	13.558518114757	13.1505402893357	12.9262043154447	13.106871749299	13.1851842172684	13.2250719556159	12.9116057833142	12.0626117340988	13.3096775834385	11.542551307645	12.0675962331228	13.4910856014077	10.3997433566725	12.2958491820395	10.2160507860896	12.2418941247289
M790.5273T910.36	12.1489278985576	11.6031357983998	12.6693754159168	12.2166195871878	11.3335748870718	9.01671446480517	11.6553899092043	12.0666236960022	11.9476061534485	12.3042204988397	7.20128720885581	8.3319554505033	12.1485210883176	11.5899211477998	11.7674201838165	11.612097328569	11.8751552877449	8.17029086090748	12.1798358195546	12.576580421126	11.5089857742031	12.375884723513	11.7778416260858	10.7832114435929	12.5146723827067	11.9107684362577	12.2920406298869	12.1983571695663	11.5693001015371	12.0530221304178	11.8871714601159	12.3944478383273	11.9913641632251	11.3839151596494	12.5810317608093	0	11.6963590118848	12.9727211808204	6.7201880550881	11.1873962790897	0	9.8024255295773
M790.5465T1098.32	15.5908157533421	12.9506962006403	12.6392759634703	12.7596664141462	14.6796957182688	15.4004166470662	12.2206544600622	15.6606084336221	15.5754811284495	15.2952598912261	14.5876904177535	14.5931832493448	15.4481594564937	14.8144900727797	13.7111676992577	11.6510979937142	14.2483367085713	14.2491439705794	15.437660891243	15.4150771454529	14.8010159213875	14.1150018943107	13.4352652491139	13.4862478279979	13.8158229157124	15.1683425919109	14.9425564359561	15.7262864261289	14.2876290882251	13.3600944034279	14.8072080676355	13.1027261269413	14.1185825851851	14.1581978663506	14.1571398724812	15.0462812426491	14.2301995737589	14.1731001530754	14.3424757756832	16.5479087466034	14.6877470611936	15.294349488819
M790.8266T48.94	14.8454121492649	14.5599275224024	14.3084956006484	14.0324077612253	15.0630550319724	14.630152010053	14.442510683778	14.564425191618	14.7542763478101	11.4142380525885	14.5913802875229	14.5850911964029	14.5519327833937	14.7325769633377	14.8709197052666	14.763456195724	14.8935986703445	14.5931682886128	15.0766234073097	14.8124470777889	14.8903994545861	14.9507952708538	14.1701823656681	14.3629740533278	14.7905651465499	14.9375338684614	14.5571450855525	14.8420543128766	14.6926728173607	14.17045548607	14.528056858078	14.5411551846276	14.7850911710116	14.8419604567399	14.6368851959817	14.5443122946606	14.678426841393	14.2989579091202	14.2867061961274	14.8613640770129	14.8637907004974	14.0876234482896
M791.5323T1023.54	11.1146183414517	12.8625817111292	12.2157377067829	11.2885458597457	11.1736228639312	11.2142385630209	11.7759530844872	12.2380654925209	10.6956121866358	9.96112918845165	12.5796117910889	13.054970377608	10.3092768856189	6.64448694082401	7.07119286101973	8.68001691427303	10.1879472526654	9.45610206245479	10.9391847838547	11.7686093616723	13.7416975794209	12.738928949622	12.8562926647799	9.88980693824579	11.8997504436436	13.7241937483566	11.2160558783987	11.029961725311	12.7680019591634	7.10746730950319	9.87805333740748	12.8357652320998	12.3915235558452	12.617866968548	12.115953751872	9.82582705534431	10.1244749309842	13.3866445239458	12.003193614986	10.9703773256811	12.7022878165311	11.1277298912851
M792.582T373.84_1	12.1911899861144	12.0966630498367	13.1521262084031	12.8352360910108	12.4872010984044	12.5111067665369	12.8032249163519	12.7435023268116	12.3521775141128	12.0836223184452	12.3502250009427	12.2219590383877	12.7029243650246	11.6452891163578	11.7982043448353	11.5760781394597	9.2247547506237	8.98704356638424	10.6958801690564	12.2373350410173	10.5837688425366	8.00993483848255	11.9563533177692	12.1127559288333	12.1216161987725	9.90201107556161	12.9503723604203	12.1303926457214	12.0211296223809	12.6060080564925	12.6376266468172	12.1311625719149	11.7822851871126	12.3775251007923	11.9074370393097	10.6721583795912	12.0502050059714	12.3308658713813	11.5209434472941	11.6721121208525	10.1775904465708	11.9387910344827
M792.7823T373.89_2	12.5323007896552	11.8885143722639	12.7418285677393	12.82985541667	12.1928456037081	12.3190470016742	13.1592176426112	12.4890061845008	12.8938752169437	12.7022423625635	12.0377095257948	12.6024341788241	12.8938846614878	11.8081235221509	12.0096563186034	12.5449098591058	8.89064870589019	8.71572469019718	11.4559465358195	12.0447825321046	9.56879386063027	8.79920865384796	12.7387852516917	12.4187202502658	12.2934029673981	10.545295172309	12.9026860320754	12.4379856759237	12.2647404433037	12.3654085397097	12.8845951558834	12.1114940434065	11.7905579881121	12.4828198458793	12.480213113757	11.0969793393815	12.2601538479805	12.2714375908382	12.03989708887	11.9405011304395	11.0490307233356	11.8444181617298
M792.8236T48.9	15.0691893043215	14.5670806526142	14.2907600089739	14.0776106453241	14.7975637040154	14.739191551595	14.1798422101281	14.4363831746677	14.6376646595885	14.3592008810732	14.7016197236341	14.3221381024421	14.9414173321524	14.7518468915983	14.9976450714954	14.5390983255458	14.9244763989397	14.4463984668786	14.7819360539579	14.7301044158703	14.99753162369	14.5947990974258	14.439760021708	14.2187234947507	14.7288567541199	15.1127467618907	14.666316198555	14.9342442236876	14.4342643507391	14.0929789226102	14.6881130806166	14.5987245515522	14.5809421896754	14.5885741871316	14.6502734725754	14.6733938098423	14.5735057205586	14.8062667621279	14.2038069764159	14.8900320147719	14.8456647374909	14.2047338316184
M793.1835T373.9_4	12.3895672442337	11.3219939472845	12.6702294989863	12.61905898591	12.0781997657504	12.100721043486	11.7164435216684	12.0881884008303	12.2883870713798	12.1805035937868	11.6791841976358	11.704345598667	12.711257753218	10.9826102787456	11.9405181490423	11.1977975738103	8.81412274292269	7.97290798263677	10.223479149467	11.8887994754047	0	9.94059062042891	11.5088513440677	12.2725737105899	12.0290786437652	8.62722626015943	12.3453413108022	12.214123441956	12.2440805844333	12.3232197044214	12.1384849825752	12.4341354645118	11.7954877837917	12.179149213983	11.5873571298783	9.64865789928181	12.2699357204662	11.6446868096796	11.8408767870197	10.7688848409537	10.5693872727415	11.7470810642737
M793.8505T43.25	15.1475900860862	15.4304261624102	15.5354236008565	15.1870787355703	14.7723305090717	14.9795461753067	14.4310637719505	14.8328311506013	15.6040371901502	14.3448871608564	15.1284849034604	14.6086628578151	15.4737217400905	14.6987022771052	15.1345155864208	15.0083611951767	15.4535017231227	15.7197238483198	14.8718917516396	15.3444335884387	15.6132556579937	15.3302420260394	15.1768555062927	14.7135216891436	15.1506854495376	15.611318147287	15.0080922476862	15.3473473894678	15.559596491263	15.1605974688989	14.9699629353008	15.5270809625908	15.3830914329383	15.5586600655974	15.5853446834155	15.4422935419864	14.7277496834933	15.2485851603025	15.128379513322	15.3941655380843	15.6513428476064	15.2798645583389
M794.0241T713.62	14.7980617772102	14.4739025326424	14.2263892654647	14.8212945588072	14.4460238346984	15.0495492159963	14.560387307373	15.6883458757952	15.1818309512108	15.6269125985657	15.9352423617864	16.1082795808554	15.224215859783	14.5314532916846	12.4774568927821	13.4614938642114	12.7753987136488	0	15.1462643661388	16.5798093982029	15.8040242191834	15.6582440139622	14.3727441764163	14.7272852659887	15.1805732754155	17.2392354006284	14.886484972252	15.823142063586	16.5651116346461	0	13.2214250385205	14.8723465710976	15.54763915856	16.1145028604396	14.8598144393369	15.421041935421	13.1376776219375	16.8062822984701	15.781095092377	15.4987889418184	15.9241501434781	15.344728901364
M795.7688T422.75_1	12.8873116796453	12.8289080263812	12.575034794647	12.1972930264108	13.114617764093	13.69058612371	11.8316414075569	11.8156030890945	13.4981686829919	13.9975443690282	13.3279948402115	13.3131306233432	13.7816646449837	12.6096192364348	10.8683059402161	12.6575369086501	12.0933848900839	9.91893127909611	13.9053097592812	13.650055916351	13.8181786407773	13.9563058198321	13.2304811743684	12.9529696625591	12.5153966629834	14.4314436121368	13.2139973692846	13.4256428323208	12.8112429632726	11.340432589641	12.4295524020748	12.847586930677	13.3563293336759	13.1666247325572	12.1310518706053	12.3000710672553	13.2470135262278	13.2287163123766	12.6513647163613	13.4499390492135	12.9307796508926	12.3414278736587
M795.859T864.49	12.3259466567793	11.3247451111216	12.6241676914785	11.9505082021513	11.4697387288906	10.4661101900245	11.3888777773591	12.2324389551374	12.3448604365251	12.1301469193081	8.01081979576306	9.0202074937908	12.0648235737207	12.0521121719293	12.2920012736311	11.078932187573	11.5501774264165	0	12.3232832393581	12.3597470539031	11.9201280159173	11.6472142375277	12.0297911570189	11.471938885876	12.7543769959516	12.4211415457452	10.5570687252949	12.2900489262968	11.5927196906994	11.9495989373491	12.2102430167322	12.9053990661819	11.7740368051484	11.2966515777947	12.3429739964749	7.2546703915041	11.3937192006735	12.4600851954006	0	10.8524300019431	7.47928920079335	0
M795.8809T422.83_2	12.9977934056791	13.7303125031009	13.5692546035651	12.0478227560914	13.8457958080642	14.0963074309274	12.5574804751199	12.9548000969661	14.0384409453766	14.0485696091972	13.7434632351066	13.6487337158168	14.3372814040112	12.7903184602282	11.2492835671123	13.1003574099404	13.0576343262241	10.5615603539244	14.1189624000443	14.337023219467	14.0498561158753	14.3483317440798	12.5607981085249	13.1812644715069	12.6692097172058	14.6179461281709	13.8886081393986	13.7370170382471	13.9329414997747	10.7759521877266	12.5449660940932	13.4823899512495	13.94850417798	13.7097056640406	12.5023830416654	12.989510564609	11.1387147740588	13.6635291218459	12.24454796574	13.7994641122611	13.7335988171574	12.8275162216221
M795.9917T422.66_3	12.7214275794694	14.0172925009892	13.3712426835399	12.0997080048466	13.5748394960045	14.0843471832525	12.4519780226979	13.3358977823632	13.6864660298338	13.6796203514497	13.5243985369777	13.3402506267937	14.344362697899	12.8416869287657	12.1305189220854	12.1402887235492	13.6263669927	12.565574661842	14.3603818432097	14.3233723645419	14.0828906713901	14.4456755936861	13.1471127888501	13.2731889150583	12.9717590335467	14.5803529578542	13.8065211592546	13.6181854614754	13.9842715712816	11.7085492962929	12.5354108758538	13.2693343461301	13.7002601220667	13.128994412888	12.5872587797944	13.2877136369149	11.8809046078202	13.2797579208415	12.8203001616114	13.814179367246	13.4737322784174	12.821689540941
M796.1033T422.63_4	12.7955540326062	14.0686883840942	13.6675674864779	10.6325780337724	12.8760121069515	13.84429637966	12.1206041933164	13.199208880485	13.7389419937538	13.1026601448773	13.9783190725454	13.244400811935	14.0813359600586	12.5386502848616	12.2391246804052	12.4063364743276	12.9199195964648	12.3309922076621	13.7875986560022	14.2240690187805	13.9791215807008	14.1467874469507	13.0359016544035	12.8382299732694	12.2388789065547	14.6032673327	13.8900244191244	13.7419608760581	14.1943974025987	10.4781406284422	12.0766873439426	13.0214055861707	13.4616251927147	13.5213982660674	11.9825768331557	12.6578890076359	11.3829317760181	13.2728799035523	11.8723467643618	13.4225965250988	13.2083203362297	12.8339224855679
M797.0219T877.85	12.366921573383	12.3738779564243	11.5462899655529	11.742162250762	11.2389068229854	12.3694350528189	12.0228795166524	12.7540227496942	13.291156627159	12.2284195770893	12.3174271468906	13.7522341422764	11.8925210500267	9.66711275566232	10.6287573967105	8.89251980237032	11.1661016255657	9.95418718115739	12.6932968759814	12.0370687266699	12.2452094182803	12.4818970356011	12.5143914609233	9.42469619551124	12.9176328655824	14.8658193179341	11.5230659763852	11.5744474515868	10.9927621011871	9.00178905374986	9.73121687437132	11.5234729936202	9.06131517021843	11.4866954614838	10.1681144041375	13.9995977803658	0	12.523019358858	12.7512911499043	11.8971415084117	12.4732439577938	11.6495182506049
M797.82T374.05	13.0166917198511	12.1869016163869	13.0139591216524	13.4295412283731	13.4264931346144	13.8650402471094	12.4345587930278	13.2520812448631	12.6200617401832	12.943602870572	13.4069876068824	12.5621469871581	13.3823667616233	12.2119595880812	11.8233393740811	11.6957650454571	11.2956940158255	8.42618643995811	11.4466882783027	11.5174013421311	11.1421046692743	11.2168112964973	12.7911465997089	11.8997275355512	11.6041950588854	9.98980400320404	13.0356588853963	13.3078286662883	12.6291611126347	12.3921654364651	12.6144227747542	12.6792323666434	12.2611454199136	12.8677904335079	12.573255525872	12.4134460682797	12.1331517934037	12.0898514024705	12.9368421981391	12.6343624123232	11.8628820844391	12.6179176681919
M797.9848T713.2_1	15.5083617739369	16.0338733047937	14.2414600558076	15.4128427972512	15.4230640273352	16.0385618734482	15.6176554880907	16.3773695615446	15.7526557737717	16.5367169554695	15.9345005721313	16.2495704962231	16.5752057848109	15.5211443365771	10.4354714565426	14.9050556622034	13.4286614371988	14.8315982795169	16.3998378424577	16.5243849522813	16.8572204927461	16.3465949703493	16.3821550333134	15.3938692982092	15.1276874802692	17.5375486014278	15.886999985147	16.6948710367213	17.1933998559256	11.4250920291964	14.6021112532383	15.5469623678074	16.2312251403234	16.6680521561365	15.5785513211811	16.1780935092432	14.641073695614	16.9987196336964	15.7847920634886	16.4380101202412	16.3375386400058	16.1081214453973
M798.4871T713.46_2	15.0407773956763	16.0430106486771	14.3436997275957	12.5217032476378	15.2469868635414	15.8888199886222	15.1442413859985	15.8976015218659	15.1195738972193	16.4539738623064	15.5968429935061	16.8736318131444	16.1373713018273	15.2377322338155	10.1303352938509	14.48972698286	12.3552755765943	14.9782254866762	16.142648833273	16.5272421825272	16.642446007632	16.7627281082796	15.9478237906174	15.5844040669463	14.4908493024909	17.0318604060384	15.7700444861334	16.3546815348272	16.9401842739728	0	14.3407529077156	15.1918097958788	16.1918474295198	16.9583836456614	15.2982263190744	15.8749620918326	11.6108323793549	16.5316420819284	15.5107441055702	15.9305574757746	16.0439607836937	15.0671349777914
M800.531T884.96	12.2440714526494	11.9182054016162	12.9875468244199	12.8406580185312	12.0146118545706	10.9235776062677	11.1782334041741	12.2939612364971	11.9718797162251	12.2715450559974	8.82976334971822	9.07134540879649	12.3775051190163	12.100381904519	12.093033455813	11.6033946794097	12.3090722765232	8.46088839167483	12.5750676844795	12.7787360747291	12.5116747838447	12.4772087135306	12.1931435575267	10.9201929682874	12.6598799134094	12.3087781365265	12.1528022627501	12.2114419500291	12.264579333046	11.9521816119355	12.2837847739964	12.6290119600655	12.4634492564047	11.743791143663	12.7022745649838	7.69198954483027	11.8264294533983	12.6199414533103	9.0976715833371	11.4905560800881	7.557733555197	9.16138158822534
M801.5535T978.86	10.4943782710333	11.3034204665585	11.3587805510008	8.86690035764259	7.68532826347855	8.15925234654233	0	9.81668427084653	9.37777672334004	11.5586067312188	10.453776491314	12.1421529897514	11.0790366300488	9.12022204714048	8.54244716246453	10.2880481439328	8.9915834218717	0	10.2392480213253	9.77247259756548	11.4132510062431	13.0722289275254	11.3072022280108	7.42674486570644	0	11.5008871578465	12.3196779480036	11.264383038943	11.8681879858809	0	10.6165580246438	11.1480179156449	10.0932393448092	10.1509953055132	11.182407051523	13.0171393562653	8.89395843509371	14.0712708511675	12.6762533511278	10.9396626670935	10.8919461239789	13.3454304696064
M801.9916T662.96_1	18.6141863973141	18.9487794313092	17.849112723855	18.9559249150772	18.5660684167821	18.9181771987163	18.2884808169251	18.4079213882429	18.8116824880554	10.1849125283838	18.3889241282834	18.7004312206332	18.0114799895517	18.063273896159	17.671255329519	17.8648107257761	18.7629139317528	18.6636767341727	0	19.1098232428777	18.2968348103962	19.208313982152	18.9085883576279	18.5819618153083	18.8630242868746	19.3949179333113	18.4694169344669	19.166460164029	19.2760957460408	16.6361430498016	18.3718596104866	19.2864251919251	18.436231303263	19.1613662716082	18.6011718364815	19.0273388167098	17.8033214768754	19.3897071057762	19.1298977727464	18.8571052377285	19.0110565669364	19.0688890271615
M804.2321T332.35_1	12.0072791040997	12.0525923714805	11.5768769614972	12.1617857558199	12.6695462686662	12.0550548335252	11.7853348045731	12.258474042123	11.4985884795123	12.0413163551495	10.9982029431933	10.3349016794716	12.1285141070441	12.6850824006914	12.3369211197988	12.6833139793897	12.3778761566981	11.7976687796686	12.103984736612	12.0956472572624	11.8365987477242	11.9095832873487	11.7875494050975	11.6673183367711	11.4916274795612	12.3726767981316	11.8351184982695	11.6359680110376	12.2054420974614	11.9178888028638	11.7201425232469	12.3582679263388	11.8927961977197	12.0385069593094	12.1227400441067	12.0440841073927	11.7023194975488	12.4621658892318	10.7013191411051	12.2225416214517	8.77963342978738	11.4299576424354
M804.3992T332.36_2	11.9157856306744	11.9891340643616	12.0115911402318	11.970478427526	12.5094742484155	12.309965662391	11.7072207238315	11.9780053646862	11.402005001911	12.3792819106319	11.0529109405156	11.6648543116479	11.8015451713005	12.3861137510503	12.7261636811736	12.0752948423535	11.8256388792715	11.9739685686581	12.1678814722573	12.1859476251673	11.4565749882083	11.6879311436839	11.6097810967725	11.5341614481435	11.7383251409246	12.3166530439323	11.4729552567907	12.2686107666999	11.8506798051373	11.5529020270655	11.4735805498565	11.6613817008384	11.6175718304843	11.987389381793	11.5346567233405	11.2444146642741	12.178521939999	12.0391721338063	11.2441661985693	11.0519942943949	11.2815812424914	11.9760994782876
M806.4661T662.69	16.1587493298776	16.7222774756153	16.4762639149039	16.7535924685114	16.1141846184391	16.2289942017756	16.0639045015818	16.7716003964993	16.4790676352895	17.1069091394527	16.6122633860181	17.3395576441883	16.6610857481722	15.7587289449769	15.2159095905765	15.5422095446942	16.3645268804989	16.5886365258502	13.4082497844076	16.9529988640425	17.1880436700406	17.2128931420157	16.719682373	15.6499562666479	16.3252271735137	17.4033409275813	16.8988048547149	17.0905438160989	17.5477990891461	14.7783707058567	16.0957911344614	16.9104713348686	16.6704132305729	17.1957501850923	16.1797461416732	17.1182316260093	15.5273059011886	17.3106145582772	16.6516950050158	16.7099842860445	16.7852644356747	16.6996727205393
M807.4692T662.85_2	15.2025293636746	15.9380429610006	15.4205527571125	14.4330646316243	14.199670571208	14.4041760753343	14.9352178669623	15.7914636106612	15.824099367541	15.9851765137808	15.8318898439091	13.4572803697977	15.7074210014642	14.4952086348999	14.2464883687869	14.9115793199784	15.3388307522769	16.1182293463431	16.0584688962381	15.9067480394002	16.2832391950887	16.3574102038703	16.1691432309349	15.0973669699933	15.5072546060612	16.6258403186022	16.2235897834339	16.0972630737208	16.5504034663626	14.0479070297995	15.0714967796137	15.8946950264928	15.7699457165983	16.1688098715808	15.2602067861877	16.2620729930168	12.3935760251865	16.454398307464	16.0401364437936	15.9830912179542	16.2006550260606	16.1332678664183
M808.4241T367.35	12.7286228916356	13.5173108637722	13.5706307969872	13.5916601647423	12.7794686299998	12.6710269296569	13.4622612732852	12.722019268469	12.8699385232442	12.9578369823388	12.9694147026614	13.1591362236077	12.9981175223958	13.1150092454687	12.6418773562957	12.6286793099239	12.5296918806972	0	12.4028925504393	12.5223057045456	13.1646968108143	12.5681749292779	13.2237493399692	13.155294052112	13.0589502755562	13.4039739942406	12.3395404022453	12.503316449941	13.6197002447701	12.3340920486921	13.1688841296682	13.7020380892271	13.5404886414156	13.4920020038195	13.5463862877569	12.21231260323	12.866653790897	13.5670890497979	12.8981348746995	12.8310009246901	12.9199602403837	11.9497752840885
M811.7349T338.32_1	13.6351721366312	12.3280087233044	10.2816593006082	12.9979058834655	12.6310409759962	10.0324975762998	11.7282291763444	11.6047367202958	11.741569587963	0	12.0004955703134	10.9004440721457	7.87661795445474	13.1110199975413	13.193594784229	13.0367700366024	13.1914860965221	13.5140391789505	10.6678091840482	11.4558546054665	14.7280017880145	13.6444802198682	14.6607075317843	9.07513750645936	12.4045247438863	12.5709286915045	10.286200850947	12.1879952429245	12.1705617327986	11.98856414368	11.5915701538343	13.2882008912034	12.8831090763954	12.0531611512691	12.2433280921315	12.965385785779	12.6012419909504	11.992297070081	11.8191758994195	11.0626799174607	12.4391924311072	12.2690266218395
M812.0688T338.3_2	13.8685473226211	12.6503466215158	12.3268010818712	13.5238862820474	13.2205642784952	11.8637290273845	12.3165730839626	12.3413193935128	11.9379824575448	7.39791946153699	12.2565039388379	11.3131320782662	7.79868884042293	13.2954145991025	13.6672246879854	13.2303523269041	13.3222723661691	14.0264714094475	9.78063294180562	12.0309614136402	15.1550368478961	14.10982152851	14.7665540619617	10.3319137038134	12.6132223124835	12.8148283559947	12.6174497114472	12.7308462492659	12.6524164530342	12.2318125221576	12.5021403166065	13.5549327747159	13.316472603378	12.4716797357218	12.8410655811688	13.328806854194	12.9591110215461	11.9480634855309	12.1163298436633	12.0989156976213	12.7871011767271	12.7866198361361
M812.4032T338.21_3	13.2668968724148	12.1070622236374	11.3648440978596	13.238955945419	12.9918890598447	10.9510055026304	11.8232703071626	11.6666030307038	11.3137183867686	0	11.8482271121877	11.5553558813713	0	12.9058060855936	13.0500324506553	12.9980217995832	13.0018432779694	13.261734336606	9.94765861559954	11.8143641556429	14.5117474991301	13.89942473416	14.1935650241623	8.70857221478867	12.099270464125	12.0774393701127	11.7811499627225	11.8952198631462	12.0262138911894	11.8200012084323	11.721907344907	13.0911079910914	12.6139202460825	11.9975944948387	12.0368189301242	12.6200066706935	12.765474141252	11.9031326970214	11.3409568584195	11.0162425625888	12.4789889120714	12.2180502779695
M815.533T1007.42	12.2328792982332	11.4757019644358	10.582287672985	10.7632693260282	9.8621471480508	11.2076384392634	8.293813775197	12.4653442703123	11.8402542926072	11.444948515577	11.0710402992977	11.9993438122735	11.4343590997067	0	0	0	10.2490425452352	9.56060946228294	11.1400191144524	11.6466985871469	11.9060302691236	12.1621714250754	11.6038181758974	7.08018665770014	10.5476628440246	12.5700260310575	11.1018379126794	11.5331909150601	11.3071575437892	7.92187573591248	9.94648250097363	11.5771187678009	11.5602099982246	11.116805473669	9.35657758704205	11.6897250811152	10.6148712151395	12.5095084791272	11.8477423542514	11.418748946071	12.4626779584024	11.5286815685671
M815.5644T878.74_1	11.9978877228221	11.9710021435395	12.6508096424235	12.3441127108186	12.381828154049	10.7685443988026	11.2704609788827	12.6539874311703	12.2683655416335	12.738962379657	10.3567539488148	11.6466380086596	12.8682012059175	11.9937037079678	11.7396947366042	11.7950638807673	12.6638730842037	11.9519253821266	13.0757972071764	12.9411180736441	12.2992062421524	12.7827005232071	12.1244897671742	11.7319887476364	11.8489523627087	11.8526563988959	13.0035767507698	12.7009268644111	12.7375661284279	12.6076094839461	12.7922168478017	12.5939683813594	11.6576513785404	11.3750645141694	12.5083045039126	11.6884019681631	11.8843708747435	12.9568968952804	10.1674898684303	11.8872714599223	11.0024339885444	12.1615785262769
M816.0666T878.55_2	11.9698953043657	11.4498087334962	12.6004915532523	11.8619282565933	11.9685428954464	10.8411886265401	10.9942939475855	11.9816273023713	12.0416624789057	12.8688421156627	12.0541902364301	11.0302335549331	12.2988679758667	12.0925774324441	11.9141059454856	12.0811773372309	12.4904072315051	10.9750321968572	12.8580849774736	12.9764951646488	12.0013041836255	12.5293556425779	12.1592872937948	11.9800061544691	11.7745770385306	11.7515590344556	12.9450146056168	12.5096101457008	12.3495150964886	12.575651346721	12.7534126841307	12.445759684905	11.7066915284221	11.7262380788532	12.4804470593653	10.1365652213695	11.7215498287551	12.8487030505237	10.3786404838391	12.0241145235294	10.7799774344384	12.9386634502543
M817.3915T333.65	12.3060806036787	12.1824071393193	12.2894931502107	12.4679903767719	12.6308739493211	12.6000162694211	12.5527630714017	11.5313801387516	12.3164853735569	11.2082950460975	12.1898766192769	12.3176364721486	11.3632695556746	12.3782983528866	12.7213952286594	12.7011420775563	12.3356486222827	12.3355620361777	12.3045763421522	12.63698271762	12.1719195669022	12.0949704066187	12.6365653116276	12.2732850173161	12.5700308833966	12.8459018147646	12.074629106711	12.4664428059417	12.6105269566283	11.8290539983755	11.3211557484567	12.4875765865782	12.1228328659923	12.77703310384	12.4610227685286	11.7951066361318	11.6341251571724	12.9572801595828	11.9538915281052	12.6525019887756	12.0402091540859	11.8752508382576
M817.5586T333.6_1	13.0028822882226	12.6548209355651	12.6895042392803	13.2462684762589	12.9272889223436	13.0293603304958	12.7964579724829	12.7094468470968	12.8058858024093	12.9340863943738	12.5231213488903	12.8902681998332	12.1993006060883	13.4800805051133	13.1266592381579	13.5401186373848	12.766124628601	12.5343127876472	12.8911956578827	12.6106256178839	12.2529660130216	12.5900335962722	12.9060759040869	12.2607959026115	13.1125693767413	13.4875865065737	12.2797199866177	12.6153987218646	12.587734262733	12.272476479805	12.6900193263289	13.0181204387944	12.301974056504	13.4582467288484	13.0096914152774	12.2184353004372	12.8640681189058	13.4039976530242	12.3543326529212	12.8763310700478	12.2447088038632	12.3539934317979
M817.7257T333.59_2	12.7821169036247	12.5135523668326	12.3726750230925	13.2651430882916	12.9115864793808	12.3141892410474	13.0225040539274	12.9654999185425	12.4200501563306	12.8438016088979	12.1839808787824	12.6082448985131	12.5793951118144	13.4772907368956	12.9810315455807	12.9445749458992	12.8170264732954	12.77160031775	12.7361137216942	12.7019854259358	12.089569224361	12.4382262204526	12.1750281013424	12.4567982944525	13.399899936108	13.4342009012163	12.3914492944808	13.1651864132661	13.2196284503878	11.8480175300508	12.7786353009596	13.3849859833752	12.9990044837491	13.3093547031979	12.9566550578153	12.2486154772188	12.216771356958	13.5934875627351	12.622767288013	12.7634472644291	12.376699126657	12.3341866127284
M817.8484T42.82	13.742431844253	14.1809657941392	14.4160710691307	13.9061424482685	13.3195543839281	13.4538417887581	13.6143098241511	13.0777508370335	13.8850902661087	13.3695537937461	14.061083540765	13.3427992065299	13.7555860550955	12.9646133083384	14.0386223091953	13.7807342945328	13.6779625521085	14.177610855994	13.8844894781165	13.8335927848226	14.4581284633078	14.1307542419902	13.7193231917548	11.8009203658416	13.969841099222	14.3800494778163	12.5821925975952	13.8090484433031	14.2128827841262	13.9020657744992	13.3338873137631	14.4907429568276	13.6884283557167	14.3862793931265	14.4391798247433	14.3006609045849	13.5395959247162	14.0638631077237	14.2085324880771	13.9088251242386	14.1928636871329	13.6369086478246
M817.8928T333.6_3	12.5560407616207	12.611069631154	12.7979994350316	12.4959539398449	12.688614340704	12.4797112768578	12.4626942277586	12.7075624837862	12.360843026323	12.2988749417234	12.0247317735714	12.1942984883557	12.1600825485446	12.4705163029573	12.3949383463347	12.5695400268109	12.4873159242628	11.8517387912801	12.4839313595783	12.2879469533929	11.6007185465153	11.968472367432	12.4143322434885	12.2378604998844	12.6620342243252	12.7836199947628	11.8235445868808	12.4367662475807	12.6484107998661	11.4990388924587	12.1961379439806	12.8545889846404	12.6449193760975	12.5156133426903	12.4882894532611	12.0786139315768	12.0051912518239	13.107211053997	12.3904950940529	12.3210649474025	12.1649043627066	12.0112866119407
M819.8339T368.96_1	14.1501382597607	13.4949756097638	13.830764564003	14.0394692309221	14.4676785157955	14.4084924027453	13.4420592297774	14.5743038594385	14.2740245581785	14.476290583849	14.119815634377	13.5751659727907	14.8299932373539	13.6780214839283	12.6863490249414	13.119038461709	10.7311098168968	9.33325061663366	12.3243159055419	12.4192832003217	12.5885256498228	10.1495524777406	13.0709291909657	12.2781273808643	12.7257939896961	11.5041757877502	13.9263048318402	13.6735556466087	13.3951650596094	12.9523159628685	13.5815883433921	13.3677276174125	12.8760852351303	13.3283921400185	13.0679220984314	12.9472364000459	13.4079408680104	12.8873819731808	13.6393828214257	13.5914733875522	11.6395086203017	12.2794043751322
M819.9696T661.38_1	15.9520614976708	15.1814521390221	14.1988376720082	15.2680055392863	15.6494193427412	16.4214937174201	15.7607327280654	16.4056353521552	15.6132586318591	16.336892484555	16.2335200838107	16.720508531859	16.4878987917243	15.8600245209298	14.9075504320519	15.8500942790268	15.7920257215287	16.1702167758985	15.8256655200935	16.605575326248	15.7285975050633	14.6076237626036	16.1802255620721	14.9068589953623	15.8971762049757	16.1679564754291	16.5086914424295	16.814083307708	14.0427448609277	13.8579912151036	15.5871539730389	14.7514812862142	15.3626674277643	15.9635018729396	15.291158407126	16.6362611351121	14.8721307241318	15.31198390018	16.2843412563681	16.736700243555	16.3844482473415	16.4810349586131
M819.9771T369.05_2	14.8212234880665	14.2350484508702	14.2730785639912	14.9931571645832	15.2527335513634	15.0185239283089	14.3243445347959	15.2812618276066	15.0150796817156	15.2782831510176	15.1922636537655	14.4004233607853	15.5038518704949	14.6344737644843	13.2969113679053	13.7549970409639	11.1712396641024	9.9663783027885	13.0494272866515	13.1483458322787	13.170941950741	13.193010317239	13.6323709224744	13.1260895378363	13.3751748969599	12.2507746362113	14.6638314448043	14.6569081293543	14.3104414794215	13.669080130921	14.3326958719278	13.9522606959009	13.5598464954456	14.1295748290909	14.0249317636534	13.6693175853509	14.0154770637968	13.6182633455484	14.2179483078015	14.3471613159037	12.6353696755447	13.4917563396868
M820.1202T369.09_3	15.1127419954412	14.3945406369263	14.4022023935911	15.1850373874757	15.3989572250484	15.267441468835	14.1959463461928	15.3838929913011	15.0610552283516	15.3760684269125	15.0399102632594	14.3648061396461	15.7479624392065	14.6161122551485	13.4347302099952	14.0295859786652	11.875438830592	9.87384648561528	13.0631545391003	13.2762223566683	13.2328887608253	13.2022699302978	13.9242908410589	13.1164748947557	13.7844134186234	12.1766112370588	14.5039080539418	14.9215204336655	14.4265272392181	13.8246229954528	14.2562952728665	14.0878482915977	14.0908614311254	14.3603603660381	14.1991996630945	13.5149437081898	14.5683937112966	13.7063689360927	14.4709257352608	14.5311832523698	12.8590979743844	13.7286784059159
M820.2634T369.04_4	14.9413167548262	14.1341073076325	14.1711744214072	15.0408166119232	15.176153958553	15.1972521881937	14.0740119335468	15.3111135124631	14.9589493827973	15.3248522200024	15.1897747245108	14.4232881500975	15.5523834968058	14.460745354879	12.9635283706505	13.8257856009129	11.0543433076569	8.53461915846476	13.0255812310705	12.9691116859417	13.0950441698369	13.108149659933	13.8510342315792	13.4219467528764	13.5109508792202	12.4029377228936	14.2129645338386	14.6607762526737	14.1398177956188	13.8260470089133	14.2498058673798	13.9743199526961	13.9892773530076	14.0002953342963	13.93260191607	13.3562168712002	14.0303219620236	13.3708965047045	14.3019646268851	14.3600816889189	12.6150610434171	13.368482117678
M820.4065T369.05_5	14.4401661286564	13.8400042775282	13.900727823191	14.6347997618579	14.8343227259	14.7625361306879	13.690846256935	14.9137823938443	14.3371140660746	14.6398094406535	14.4557825800776	13.7710313454507	15.0508073360023	13.9121990189108	13.0505868926447	13.3574918433627	11.3283265859981	9.52047848062682	12.6057619089925	12.6104627808344	12.5408434980322	12.8321163925078	12.962616602153	12.8110072259958	12.6944889312363	11.1038689570222	13.9411144518495	14.1819853819747	13.8092633565819	13.1232752337806	13.7027009820609	13.56106291434	12.9195284118857	13.7926065512011	13.4580987476348	13.1335492210131	13.7265734904697	13.1199945819295	13.9062917851617	13.5661603740431	12.5251682119177	13.1535562742588
M820.4605T404.88	13.4963449004615	13.671196530688	13.7096120377887	13.8839802358907	14.034314294307	13.8262284074592	14.1488170048499	13.6601465670801	13.618041591824	13.6377416828966	13.5617227961878	13.8564269301532	13.8091705159579	13.9127294752181	13.069163635665	13.732063657692	13.4566028367487	13.6169620941726	13.597902742977	13.6432062852612	13.8030673209182	13.7088132860674	13.484274946697	13.4741237397833	13.7700416239199	14.0119853478773	13.4554647341206	13.2834664148334	13.8343462047577	13.1233040718732	13.894383958886	13.786026667255	13.7145619815833	13.9116946517374	14.1388193256156	13.7043057483693	13.2705332652398	14.088006945892	13.903838496351	13.9100672416189	13.8358841508652	13.6878047283495
M820.472T661.35_2	16.1887929902372	15.1229828793395	13.7627769857132	14.5140653836342	15.528233624851	15.9379641718727	15.3004964662023	16.4999196439219	15.7767775578602	16.1034686032722	16.2135601421724	15.5041903986379	16.4835186599583	15.2087957349293	14.3715047525278	15.0428565262515	14.5831250986029	15.9308185322324	15.8300447581784	16.4672929068977	15.7048235256875	14.3095731846374	15.1489668927512	14.4088854857811	15.6214163786708	15.9649186119148	15.3616871708052	16.4859270090689	15.5079455736174	13.5907898996449	15.5742442075015	15.6974552148464	15.4515280264777	15.6078314020447	14.4166110935178	16.4749163663269	14.4122989405412	15.406533958205	16.2227315918781	16.1643103452702	16.1569293258685	16.2483548242468
M820.5495T368.68	13.8373376852106	13.0716800263889	13.0136637037017	13.9252494109855	13.9598566923019	13.7178140489638	13.0341660479041	13.8331935181419	13.5712873111174	14.1470557379236	13.8098065940473	13.1049469491544	14.3397606463984	13.2033017426075	12.1723502531961	12.1372490892776	0	0	11.8615830754419	11.7661434576109	12.0104258811649	11.9509922623811	12.6495388281352	12.2929634903344	12.1540544367746	10.2387969125781	13.2249106058863	13.4901405909847	13.0948240415572	12.4966069743147	12.7054888449454	12.7985265043187	12.6170756361195	12.6828048587349	12.6554192753603	11.5333912906486	13.129039540404	12.2543697518622	12.7419420789367	12.985593612696	11.1338253518791	11.8166226793801
M820.9481T421.63	9.3656500460615	15.8827722040523	15.1864454604243	14.9308602797985	10.7034447382494	10.885106010085	14.6443195373838	11.7415446990426	8.33852515936174	10.7501144275057	15.9586398086917	16.4190780256914	10.5247427122937	11.8762296186243	10.826352716383	9.60770171338044	9.21992578165977	13.4625105259092	11.9765141435332	11.0489030199051	15.5906521512998	16.0376957588896	16.1015999480386	15.869571067293	15.7759495871032	15.5916146542449	12.1132093069914	9.86984335867513	15.2291629389852	11.7515900115823	9.71258342470649	14.6365342936002	14.6090501206768	14.8230085227747	15.4968377661731	14.3063357055596	11.7764629672373	15.3565644759714	16.2092641594621	9.46777545783821	16.278468077477	14.0145757284053
M821.4637T404.72	11.8122974337848	12.3512456268834	12.5745497295371	12.5998786870358	12.7917082266535	12.6128492031527	12.9122322313639	12.5479777373225	12.2973031453017	12.4552041970224	0	12.5339876864194	12.5893773200796	12.5159070986278	11.9480531294392	11.9988791748725	11.8894324743453	0	0	12.398134469996	12.6210444036005	12.3693599463299	12.5717512847754	12.1878036816123	12.4930826894751	13.048537328813	12.2427710878607	11.838900163882	12.5083104969602	11.7266870592068	12.6644166870071	12.6855382007753	12.4701645332649	12.8785430672923	12.7658930640229	12.4858317604503	11.9437119049334	12.8301359215815	12.5599918243119	12.5571939301988	12.6380916896052	12.2338986848207
M824.5522T991.62	14.0982793480849	14.1072276512985	12.479613909562	13.2938034258616	13.396381894153	13.8141205744387	11.8386201426721	14.2288472197398	13.7997400511587	14.453575068469	13.5710258675042	14.1095700544078	13.7254269502515	13.0085389691387	10.5706635785981	10.9445316417938	13.4494588438392	12.8283409378496	14.0557617086134	14.2973644192945	14.2036418701084	14.4219687929004	14.5597946334485	10.9906522847299	12.8982779675721	14.4928018746727	14.2471303552658	14.5477976846407	14.1025382034412	11.4124409933025	12.7619625789214	13.6525568672297	13.6402496152471	13.9022881630831	12.258578740872	14.5079881554139	13.1445979089241	14.446929295576	13.4059916681561	14.0780720453141	14.35301146303	14.218001882451
M827.7512T455.67_1	13.5772845900465	13.5814569299309	14.0489511556388	14.138161038034	13.5604217241441	13.3451983396901	13.5904267517379	13.5563938697966	13.2634041298432	13.5460692839559	12.5278728999143	13.9509783500536	12.9478153144585	12.9670260710147	13.5798416576956	13.5054035970997	11.4195549410998	10.1028966482929	12.3425578371561	12.9054094448801	12.0950840994168	12.6875657168841	13.481525795064	13.4843912499602	14.3547439718116	14.0008321761263	13.3580940823461	13.4144159094576	14.1841214324654	13.1005151374712	13.9897916721417	14.0716114440233	13.836563487615	14.3215175117079	14.0077996792949	12.6089938505863	13.4065002349353	14.2704892786439	14.0823496055302	13.2708024261609	12.6228378987672	13.0646317988539
M827.8445T43.23	14.8306358822877	15.2365185928055	15.0185513683208	14.9067623350548	14.1703031454774	14.6189629199825	14.666640269245	14.5143797190933	15.1144291638901	14.3184429523205	14.7858870168272	14.5984546023708	15.3428309298168	14.3807343296599	14.9783701040904	14.5823928093663	14.8217960130071	15.2468076525199	14.7793960291055	14.7279472509329	15.30339386107	15.3004716894532	14.686206121348	14.3910251677782	14.7635263916634	15.3235803660297	14.5130509718035	15.0444275071989	15.2689490238665	14.8064515589555	14.4536828632732	15.4145739638483	14.82151974419	14.9929875087287	15.2531081366646	14.8871676452275	14.4557170679581	14.7677396379746	15.021799937225	14.9159383762777	15.42168925217	14.9510274173178
M828.0853T455.75_2	13.8525336900347	14.0536101540074	14.4705085450844	14.4623668729468	13.7646481168146	13.5576865896717	14.1733321551814	13.931466256899	13.8679020679659	13.8711826420654	13.5288352857593	14.5550528979439	13.5514485649157	13.3151099451793	13.9696921181422	13.4460560109881	11.5132126049032	11.7358955563694	12.8103995195866	13.4026306890174	11.6973949949556	13.0168487659554	13.7174853968854	14.0465492414507	14.9351368192336	14.407455696887	13.8719182561146	13.6463299014714	14.6162203675762	13.6451376098402	14.6972328229681	14.4358280853714	14.2738743870364	14.7128821842713	14.4227524996693	13.0297404959883	13.7719444698658	14.8067422253481	14.4753955131333	13.6215720623869	13.1318763601596	13.4381049167694
M828.4196T455.67_3	13.2815541139786	13.3102535391437	14.0641374861186	14.2221124432515	13.3629418614755	13.1345946603725	13.8211097598029	13.6016530138618	13.2427796032582	13.3856177720779	12.8310987926054	14.2252466729165	12.8343425006808	12.956826890317	13.4945309170874	13.2656562207794	11.852418585287	9.82895704171175	10.5786773460059	12.7921187124388	10.830322383436	12.9490796759202	13.514974758214	13.2806469605165	14.4621185243923	13.7205720719876	13.6108718504802	13.4104908567028	14.0666033296742	13.2241712757176	14.2125749549025	13.9988342067405	14.1335053218751	14.3321274529654	13.9037168458156	12.4308769949668	13.3201658454525	14.4462745208564	13.7761893294629	13.0598935745529	12.7210204844658	13.0164743565431
M828.9291T298.89_3	13.6279684732033	13.4736809308343	13.8834342930252	14.2483539075958	12.9191099242399	13.6211918761174	14.2702409477759	13.352120059944	13.3676933140224	13.6564779089507	13.4184237143756	13.2249258385503	11.5315050229251	12.9874442289818	11.9424568331738	12.6686919775233	12.3449536176234	0	12.0032020983638	12.1404199475156	9.91790260743166	11.199158715725	12.877007382371	14.2477432497187	12.8668753155155	11.8550308886147	11.5327463510714	12.7374926110323	12.9670959244532	12.9047492534787	13.3225174205895	12.5903449250552	13.2700574720368	13.1548511954045	12.9751840835696	10.1902760502064	13.773147203783	13.5168558951345	12.225606442818	12.7444520429104	11.8803813398463	13.0506174230238
M830.9505T413.43_1	12.3432491370339	12.2109696287601	12.5615290417975	13.0682878309879	12.5061343367249	12.1078742474149	12.4459157631983	12.7498472890793	11.8915117300577	12.5052361136112	12.5433982331479	12.7649511068395	12.4302937476053	12.1859451905827	11.1774112517628	11.9799389676197	11.7540028677534	12.6996651061924	10.5575554375453	12.6398709161763	13.6058243065547	12.743855274039	13.232495200915	12.4269944581499	13.5812580880507	13.2594613941284	12.2903971730587	10.8663725964599	13.0115723256223	11.7095096042271	11.9219732064833	13.1072606666769	12.3271293446037	13.0848939587333	13.2417242810593	12.2441550350631	9.87020541576339	12.816104740321	11.9094017480402	11.870513644974	12.986795160126	12.1265216057252
M831.1174T413.59	12.526630526363	12.4667932476029	12.9515510311762	12.9573574509051	12.9796256388278	12.8149059894065	13.2989171117859	12.4566199235677	12.5844915919163	13.0645211188821	12.9351403689759	13.3889336015351	12.5545183069679	12.3774163710433	11.9161805060621	12.395078845496	12.310313571948	12.9219183185928	12.9471333724991	12.4345804472243	13.3306307721267	13.0613170396334	13.5919073089983	13.2153088726327	13.7157103970504	13.8964093650468	12.761588058561	12.4553126382074	13.4839398037234	11.904152843624	12.2161034851789	13.0499326692564	13.1283622161	13.7007128551966	13.4925739044084	12.7519130697755	11.3185538222776	13.4475383057522	13.3623204057677	12.5762328494302	12.9409037576463	12.5379751766082
M831.2841T413.31_2	12.1212451405777	13.3959291924458	13.2438764143206	13.0795369807735	12.9144798100003	12.7655802552502	12.8955025772415	12.78005671635	12.3610440564539	13.0740649458935	13.3218346389167	13.4636937482912	13.0391303420781	12.9808055381507	12.1042100329608	12.2655774158578	12.2090310093808	13.23829696856	12.5198310765881	12.5884358666495	13.0644294220992	12.9593601620773	13.1035326633224	12.9029718798933	13.6777991668656	13.4847129402845	12.5447330871844	12.4645350874571	12.8645590398372	11.81587845918	12.8851096160288	13.2062840667896	13.4781279958206	13.3606088872226	13.4735483603595	12.7241754763279	11.5439297085379	13.594828756249	13.4608537645315	12.9066585962675	13.5768773416924	12.0723234191585
M831.4514T413.47_3	12.2805087274346	12.8269659714947	12.5447073239036	12.6612396596273	12.6120124147021	13.1062754714388	13.1959584344901	11.2463700565321	12.1617323766411	11.6733348522287	12.7812699943058	12.8555764782629	12.1938598385686	12.6789992448031	10.9776093685129	12.562454098615	12.35396625702	12.5097460905098	11.0056402152363	12.0514935318697	12.4245432382445	12.6006076442712	12.9686444503264	12.6236116003973	13.3326497410846	13.0163486439115	12.6131309913679	11.9153401874345	12.980502497043	11.8875755907685	12.0657853134979	12.4968467710241	12.8479370171368	13.6492700090155	12.6874625494883	12.2324463395985	10.0139651300503	12.9364182906376	13.1011745488163	12.0989424791032	12.9100825360393	12.2122634065763
M834.6772T1194.78	12.7007695144348	13.7032890690468	12.3962265896155	13.1051390821748	0	14.1404061605181	12.6971468206511	14.518370174136	13.6823120072322	13.9280833772387	14.3385146684932	14.1295810594969	13.0306607883719	13.088231952285	10.8130516139355	11.9718533631228	13.2303643048101	8.29255410924942	13.325839404985	13.3869033456952	13.9377939110174	13.938158981872	13.9576793542618	13.6539254177927	12.9492606427004	13.3838877547613	14.1488064057146	13.707904442468	14.5063910802493	12.3905939224477	13.1627990513021	13.265057272108	13.4655085991135	13.7886878713616	13.4137553732972	13.9051756430527	12.4347850385383	14.930000490656	14.0008816904391	13.8449913446397	10.1851497334341	13.8768297293097
M839.5335T971.35	12.4520727191048	11.8977306307907	9.32087416467192	8.05416301205628	11.851215767418	12.7250522921176	11.0993922419934	12.6690598926797	10.8747914806281	9.17193272006521	11.739516301219	12.1646867204732	11.3505203170098	10.3228225607068	9.39617598553867	10.2839964963981	9.60612965442419	8.82972883373943	10.6581139412266	11.631798694234	12.5856644539412	11.0819107932795	11.15629352572	7.55596738714229	10.5837990396672	12.666247793239	10.5960274093945	11.61639659396	11.0690129032879	7.49093021899686	11.2817239299184	11.5992878097535	10.9454238392527	11.5622770076174	10.6987262917755	9.10801015165401	11.2913721967248	12.0562242345222	10.6793458624493	11.6022382246004	11.9100501591138	11.2900746039568
M842.0525T404.14_1	11.8993931307135	12.5196183490965	12.3515278683037	12.4297640414271	13.2095103490852	13.0895864088114	12.5949182403953	11.946094372251	11.2141644102738	11.2082610247708	12.900360069808	13.1586447726623	10.6677089651425	11.976382668327	11.9902431633361	10.2583390162105	10.6777930111938	12.0352094586058	11.9116978740336	10.6053316568538	12.0605918990097	12.4100296613673	12.5847995187214	12.4251462506478	13.2801463151205	12.1604063102596	9.94157342000113	11.5055960887357	12.3402964424977	11.5263158501939	11.6634769653281	12.0137595134534	12.814538915386	13.7657141987424	14.0717617517119	13.8274955449158	9.33722474732834	12.8753711887797	13.0938045565586	12.050750378359	13.0719989909945	12.7964346884573
M842.2531T404.27_2	11.7097098783325	12.7479893498061	12.3967092972224	12.8232114202387	13.4481448398222	13.4142517524746	12.941456014015	12.3287206172344	11.809041398528	11.6192230376943	12.484074482359	13.2898099935715	11.8276993915506	12.0230775672146	12.4195486008145	11.7433960217655	11.4856201674083	11.8230338898463	12.6194932127475	11.7266197276064	12.3459554295217	12.5066534015693	12.9403039488634	12.7335451227835	13.4959933961704	12.9533944859169	11.491369137087	11.7394223353386	12.9217282530728	11.8726684136247	11.963655070453	12.4409581746719	12.4455891213541	14.0905701897491	14.4813905525933	13.9648536042666	10.8546431159161	13.1548019285691	13.6155994031951	12.2579777328582	13.1893056370757	13.0672774644263
M842.4534T404.32_3	11.6456590853456	12.3843476782918	12.36841507994	12.562841237841	13.2897307040457	13.2146025233747	12.6896917017374	12.1474216044262	10.3033404032029	11.8910762500588	12.1258983469266	13.3141419712432	11.9263207169352	11.0724128979082	12.2697750592696	11.6566172933769	11.4190760911996	11.6772055435535	12.0609180622841	10.4239935329157	11.6809793597029	12.2607849180676	12.668242233068	12.3241765343025	13.1552108773584	12.4930238153645	11.9210984767583	11.5497483019984	12.512610655972	11.3022216600924	11.5272540422311	11.9328365234503	11.9501797012164	13.8202964816406	14.0984509101999	13.7974040118085	10.5610562350185	12.4276219393067	12.9049584021166	11.5296507944786	12.9662458356053	12.572201102191
M844.9628T424.07_3	13.1381512356919	14.4577785355798	14.6284911441538	14.7381198844535	13.9911397063619	14.0720029999128	14.8064361200133	13.6288491770365	13.1696090864859	13.0335320821901	13.8367150763779	14.3616464733093	13.6440090848535	13.4702723908071	12.4327046139395	12.5428799585741	13.4340536939815	13.5815487523857	13.5383096077501	12.9166679822715	13.7390844357168	14.6509290234202	14.4023142192729	14.6581243314644	15.2860145726792	14.7063690976125	13.2260874413812	12.7899390415725	14.8411972173064	12.9883937874616	13.1700356031744	14.5151238004358	14.8853826373596	15.2938733081219	15.051109442677	13.7428934116574	13.0557977895691	15.0852667858147	14.3942072763158	13.4348010541174	14.3591265980877	13.5803998922036
M845.0556T410.59	12.0334533389382	12.5712776892396	12.3742440987423	12.1269602306229	12.9088458344401	13.376155974424	12.375064577801	12.6694164892479	11.3476048529838	11.9165581140041	12.1413084908965	12.2663969589524	11.671783791105	12.1812267029775	11.9945817884363	11.6263716682858	12.4094572182179	12.2829509035835	12.5924106665824	12.1565440101129	11.8764225256736	12.3532551814535	12.6047772543877	12.4027383792251	13.1092546765528	12.8819294375155	12.1028907396322	11.8774494880337	12.7876789405463	12.2617329463205	11.7424897901281	12.6314795107584	13.1212399725514	13.4133991943744	13.1754835474512	13.1122500097422	10.8509454811915	12.8072840567399	12.5530862179387	11.9130066027633	12.4027792904917	12.3293461624465
M845.0876T895.99	11.3528226386958	10.5510534920384	12.0684262583313	10.9441757096157	11.0916778745579	9.47370603604606	11.0866298709327	11.3904135064021	11.0811594405479	12.1921287394312	9.7447231549473	10.4841478773298	12.1205720368443	10.9364319877543	11.2701338378836	10.5398815986817	11.5932328358579	9.73207688528222	12.0555392230078	12.0862998962692	11.7471629549881	12.1551948458227	11.4761092185238	10.427315356633	11.2031379637149	11.2457085329172	11.8973913294857	12.0575867111202	10.0973676405877	11.6792147769035	12.179188765295	11.8819425087849	10.6436826376172	10.9975450344586	12.0555332144593	10.8316123152515	11.0877963953604	12.204044836504	9.13763339897065	11.2409836404906	9.39697408545398	10.9856523246864
M845.2558T410.45	11.752132190122	12.755622008889	12.0636694946171	12.6022050987181	13.2646163712485	13.4291180500819	12.1622572229406	12.1236965988704	10.5854089563414	11.5650892557986	11.3961088602392	11.8339031898214	11.9251562377319	11.6510508164357	12.7054413010062	11.5610386525952	11.6130498387137	11.7849839082576	12.2374390380545	11.5802490617345	11.510044627284	12.0248174364699	12.1713915136015	12.4479666967531	12.6773455678398	12.2320579734086	11.8021268073822	10.8335309650605	12.5861791476406	11.4118448146811	11.5093823721966	12.2749418758442	12.5548974494074	13.0498730112191	13.2544360648466	13.2345392926059	11.5437224939147	12.7527580764917	12.3784110550601	10.2407286884541	12.6799505990233	12.4621709422433
M845.4299T447.5	14.980813801037	14.7594403311178	14.4770538297688	14.4685930704407	15.1825641662909	14.9216760231922	13.3264705692507	14.8547230115839	14.3762650874527	15.5631316875623	14.3463606287652	15.3213824970838	15.7723624305488	14.9819451794433	13.7890298414755	14.3277472784362	14.9746761195779	13.5155508634114	14.7381516864061	14.9615693553918	13.4167271470595	15.4342884497772	15.5323500384224	15.9283059364656	15.1143030257802	15.9363959620797	15.0508247701437	15.2995898723684	14.5400525909069	13.7446724022344	12.7268857772971	15.0521954557506	15.2772891555956	15.5558615605235	14.5324365473578	13.742042553357	14.2130149309539	15.3897890291467	14.5930086813113	15.4238857245244	14.7177808126634	12.8076393438988
M845.5217T447.45_1	15.3770843824886	16.086716495735	15.6834359410218	15.5742433933544	16.1359971229404	16.1796109144166	15.4503092055703	16.3784854984043	15.8671812035808	16.7237862409274	15.9114854511348	16.299145555885	16.84286230008	16.7744076581244	15.4555256976566	15.3932660183899	15.6757374621259	15.0927084266925	16.2357610397303	16.8890576833352	15.5986014931749	16.3772307182766	16.560264658271	17.0426749559533	16.4749087732821	16.8639520028712	16.2350060241617	16.4415151092711	16.7760859388524	13.69589393331	14.3778975857433	15.7314894336804	16.4853642953383	16.2471632337244	15.1937983731424	15.6220129996104	15.1426085765385	16.397391608518	15.4012142876843	16.6479626400234	16.6646504232578	15.3233955103232
M845.6104T447.36_2	17.1418654866024	16.6862228948017	16.6104553388061	16.7191643004433	17.3159550357243	17.1475458883771	16.8525067171499	17.412679907571	16.406421305632	17.6941053239904	16.8793557576537	17.8158584692506	17.6643072991424	17.7141319679636	16.425353571959	16.842220759632	16.6843577502873	15.8929597869985	17.1422551330006	17.7380599070589	16.8566047690597	17.4898303340886	17.2714611275351	17.9478157362986	17.4062016253599	17.9555828597088	16.8438027195266	17.0215450126903	17.974412070263	15.0006792361199	16.0069998586233	16.7040995325536	17.00587025951	17.7526013931246	16.3418275835748	16.3927557716223	15.7476273611888	17.6655906005525	16.5354329852154	17.5159396421318	17.5150196908063	16.2833580459878
M845.702T447.34_3	17.4782868822069	17.4104676616268	16.9264028338812	17.2058687396889	17.7704163049136	17.765069951098	17.2334940365181	17.9533651690195	17.0863651113446	18.037782828484	17.5498458368101	17.9611440900728	18.3729439947648	18.1153075898787	16.9476235114186	17.231415854521	17.2780093221851	16.9038608989917	17.6190320869044	18.0887677587914	17.1747548340908	17.9133595590402	18.1057749833598	18.4264564271534	17.7534222558541	18.4407497785496	17.6309863154153	17.7324832945864	18.191781629716	15.8745869282079	16.4817775477179	17.2340164520575	17.8086969648154	18.0457497176746	16.8373125206922	16.7596472069761	16.5455443574897	17.862153934101	16.5972634715192	18.1584475203456	17.8234444965019	16.3753866958743
M845.7936T447.32_4	17.5852623855286	17.4481862554282	17.2668157675866	17.3491441225711	17.9831852050379	17.7948169454465	17.4224799421321	17.8655186011312	17.3525809228697	18.4208777681537	17.5789404063607	18.2342863243507	18.3967797860351	18.464195315266	16.8696833298971	17.3307264745798	17.4307695584941	16.8756489766156	17.912412628196	18.5439745915537	17.3126078040789	17.919370848728	18.0276717715722	18.6076107516906	17.8233398184096	18.4583084498336	17.712060492576	17.8628938893858	18.3220499142708	15.9329370444688	16.5651728458153	17.4571797799581	17.8339269070683	18.0530171415479	17.0465540717873	16.8963536589834	16.4500896181895	18.1759227392442	17.1140454713172	18.4006297442352	18.0444481306931	16.8053221410864
M845.8842T447.35_5	17.6959233682773	17.4856872885105	17.0657373945354	17.3635975524986	17.8358392360205	17.7332816674391	17.3746728989153	17.8013087570546	17.1517220166155	18.0714463523066	17.2785227505763	18.0586263807973	18.3714775898593	18.388247098121	17.0248601080932	17.501646004996	17.2459677013701	16.7107985550587	17.7981909089352	18.3355938985296	17.1860408965372	17.9215278783794	18.0861516445448	18.5732484342183	18.1601072385426	18.517546580173	17.5440306975044	17.8804275517059	18.136990688899	16.0913585193893	16.1104484033441	17.3467528162243	17.892047493494	18.0255537798821	17.1887625874315	16.6924676355659	16.4978431272205	18.0198746024859	16.9222181196681	18.3636647562722	17.5252984797661	16.637242376369
M845.9753T447.4_6	17.3626631791694	16.9681271996492	17.0426949781883	17.0968560610113	17.766520078224	17.5642798311271	17.0517060153836	17.6743331006895	16.9911379768569	17.8182717326853	17.5258403280824	18.105046442466	18.0190658974514	18.0220863486367	16.746250259754	16.9770775713858	17.1205707504682	16.8238295421452	17.5153311062345	18.1134728104471	16.9052384850678	17.722650570939	17.5592043634546	18.4007973360822	17.7372242115981	18.2464201047321	17.3905567669102	17.5625659106811	18.0076877309527	15.8807310310288	16.0787200096371	17.0691799738491	17.563443393779	17.9468845603801	16.9128844602854	16.4135911291372	15.5492467043572	17.8297156751945	16.6760292592612	17.906337162203	17.65526266097	16.6646838341884
M846.0671T447.38_7	17.1803884477058	16.4345707437622	16.283168755455	16.6625239850081	17.3592006490376	17.1253346306252	16.5223462756972	17.2244386689893	16.5825486005708	17.2800905116955	16.8975840826871	17.4390964253973	17.771456372444	17.4370516563165	16.1949254517273	16.4442744360602	16.5769040891132	16.2387995582403	16.8980193599654	17.4968630480311	16.6810768459058	17.3024911590539	17.3009546869441	17.9337401731011	17.4171324124482	17.7083590885527	16.9996700412661	17.3513103320656	17.2563067642725	15.6469329569864	15.9956542228982	16.8357588762309	17.0526996556207	17.402737134566	16.3578560911455	16.0596093372832	16.0965117973093	17.5000272797561	16.4430604150322	17.389122554229	17.3923353462182	16.0097513406253
M846.1566T447.38_8	16.44679987214	16.3535737396383	16.180916056478	15.5891076353622	16.1115082967199	16.4339595878106	16.134280116058	16.8163459347844	16.2907997233255	16.586994515976	16.3264600798742	16.6803703050125	17.3337688893044	17.063829121137	15.7756806486232	16.3093877309166	16.4120078025694	15.7334999251106	16.3426025878821	17.0640489826707	15.3184337066131	16.5183380098535	16.5517196292121	17.247631928822	16.6004431095521	17.2063543282707	16.4200913779401	16.8457464160013	16.9554307456918	14.7141427411678	15.4554909230642	16.4435938509645	16.6039947158838	16.1952281184604	15.6121689828612	15.1453972254043	15.8187714900236	16.7663551736741	15.4832951277161	17.2293293083956	16.7071605252316	15.4438091792333
M846.2477T447.26_9	15.348674876221	15.4674554273884	15.5897099725811	15.3734620561205	16.0049091006774	15.6996992360518	15.021338545155	15.846255896675	15.4913809078725	16.2190065941393	15.8926468081006	16.3947852213447	16.5860610131793	16.4254155640865	15.0318267578398	14.9107882423208	15.9881947829911	15.2145666696381	16.0097709974138	16.5866696541233	15.3296737033568	16.0557554195545	15.9776966892227	16.6510168394431	16.1725683694229	16.409056607522	16.0010655943284	16.0738916467939	16.2577613658565	14.2029136622279	14.9509223690017	15.5735422226417	15.8530996324125	16.2916950953794	14.4250595764833	13.8353289529594	14.2114703691621	15.962411163	15.4725827027294	16.3764751410058	16.4601750638359	14.7871698743364
M846.3407T447.73	14.7364312115839	14.5795539430877	14.115628055028	14.8768952319052	14.1579674708398	14.9379509377129	13.7426203994826	15.4508516368953	14.8974672286141	15.6557636040113	14.9028171877531	15.3872333159386	15.6098026787392	15.6992975527148	12.5190042451783	14.5852762439692	14.0447153192512	13.6945437699335	14.3458086372403	15.1151351478144	13.6851187070444	15.0165376174625	15.0005546598522	15.9736906286044	15.3114430525934	15.8877156895688	14.7113261031816	15.411814782027	15.4710525600772	13.7636177269797	12.45000285933	14.7463946736225	15.3260547310664	15.0075359175402	14.2020301007084	14.4666551823429	13.6675696093367	15.2444376163193	14.0366488666538	15.3559815511368	15.3238523507828	13.6508367356355
M846.5578T371.17_1	13.8010181295385	13.695559141792	14.3702091786185	14.6904636899911	13.0488492678462	13.2495684710933	13.6544438556864	14.0286267933548	12.6389165897623	13.1604942712609	13.4946735232353	12.7595932732152	12.6217492532451	12.522573445608	12.305212206383	11.4151094291105	8.35329611939755	8.50061673620606	10.6106237810383	12.129923586245	10.7542038619557	9.59643246180913	12.1912119679407	13.3567692892532	12.5868335365457	10.9851282914463	13.3983444812337	12.4646679824967	13.6900489052357	13.2397755902323	13.3289359968922	13.1896262406903	12.7655710349993	12.6723298762537	12.7217918816364	11.4229164024748	12.5731665419065	13.0434329033441	13.2087308990054	12.2915250113701	10.4288352396288	12.6115411187821
M846.7003T371.2_2	13.9068747132838	13.6849820981425	14.2908183598886	14.8095321531249	13.2204877609454	13.2909670391565	14.1382255047299	13.5880812907025	12.9960122944738	13.9070846342232	12.8087383173634	13.1219772267224	13.3513257933469	13.1968299955939	12.4884964150743	12.6810289463741	8.95943383297419	8.65476370514603	7.51595298756398	12.084438363896	10.111955795874	10.4909497372687	13.2481512447773	12.8432897694727	12.8985983018844	11.2265637074353	12.8984064333335	13.1269985125505	12.8120427254847	13.0466595673055	13.6973066981888	12.259328105082	12.5859387395101	12.8191229502848	12.9986339311895	11.2788163163448	13.188737943762	13.0242528922308	13.0645808858325	12.5929795251285	10.664470612471	13.0435480308636
M846.8436T371.05_3	13.9689820978139	13.4113048809541	14.256389329782	14.7347055193023	12.8324108978667	13.3471489063837	13.8747947481038	13.8447833101463	13.1718637533144	13.6998547906546	13.1308077205381	13.0642054679938	13.214163266254	12.722324651662	11.6195182915062	11.9352214426173	9.93029184775134	8.85914185964296	12.313612649027	11.2592400004266	11.4106314246706	11.0178257919138	12.2787007076694	12.9687106133936	12.9837140423859	11.5980779107737	13.123141954148	12.9179698080641	13.5267377648421	12.8409564356829	13.5507924726652	12.8862828334995	12.9086688198917	13.2880332859758	12.9268057878613	12.0945413738945	12.5902503001408	13.1217011539862	12.9330202695752	12.6252557743891	9.82709447238147	12.8423726267976
M847.8288T325.61	12.9437224751616	13.33954162893	14.0772990816485	14.1799861117957	12.7944975992766	13.0419377445096	14.0725957104415	13.4088531288826	12.5952050554253	12.1942292038116	13.1063875069769	14.4363483736149	12.7333693285084	12.0106238630711	12.8583059200229	12.4087115443124	9.37327220987721	10.0336260485873	9.22843515077819	12.4869512286954	13.482941325669	11.4675388249695	13.1664715118662	13.8039654213278	14.4771653174546	11.8585512727406	12.3745799881581	12.7214557782344	13.4167719997626	13.1819886864479	12.8880809251579	13.6726725204663	13.3702169427431	13.979755961762	13.7991430087569	11.7861612798071	12.4725276316329	13.1940498211791	13.2736898789777	11.1909785994093	11.4495150729359	13.4554612975851
M849.9521T427.56_1	11.5071456419988	12.1573099323929	12.76832482744	12.9308933401096	12.9401334281628	12.7109136793618	13.0047946679318	11.7972702096634	11.978398205965	12.3115894729607	10.1198157160972	12.5321876439659	11.1210726023224	11.1998210782237	0	12.2410818589541	11.7865409003602	12.1546685334028	12.3372535328878	11.762450437115	11.5684261336867	12.771572331813	12.2584114376162	12.3790157005429	13.294851873244	12.8269256598793	11.4034688430357	11.3034222269393	12.6420764547172	11.4455369123525	12.3719128976918	13.1267139600601	11.2551849012691	13.4681950562246	12.9600664023154	12.5091519466238	11.9989228711137	12.7062272707004	13.0658145275283	12.0824125515451	12.6535178297428	12.5445206616406
M850.2861T427.48_2	12.7591511055722	13.690283442423	13.5950951563526	13.6030930347984	13.2800015681727	13.1101409467122	13.7710702674805	12.6868979968859	13.0762464314025	12.7929663555359	13.3307634299261	13.1025140247436	12.6093592881241	13.4997368192106	11.9735362213478	12.0992996053068	12.9492587246471	12.7986516429855	12.6285111879135	12.7300620634837	12.2260684951337	12.9786868334447	13.4744030708663	13.466963050179	14.286683453704	13.7319874993336	12.7593952370924	12.2563436481114	13.4524879228584	12.1251500886061	12.9444062157694	13.8738978230808	13.8756696748851	14.0081366884459	13.8849745577148	13.1456894149941	12.313243295473	13.8299218159647	13.632173307252	12.6789432669835	13.3814896648737	12.6797303480456
M850.4532T427.67_2	12.2963997123909	12.8676928637696	13.2421689531911	12.995749268149	12.7574780305886	12.6581520389804	13.6811792962202	12.4761039457044	12.6271212930922	12.5755922641477	13.0593765679356	12.7754258017651	13.2013677585858	13.1444119890146	11.0256398300582	12.9249792794035	11.7805851083789	12.0430744384748	12.0644455308823	12.0907819655001	11.7326062884925	12.8365099254218	13.2754145320329	12.572840531955	13.8840025449388	13.6549190434505	12.2211397492327	12.45822003933	13.3378110210824	11.822120397256	12.5266221615397	13.0767714103748	13.2625795226377	13.8344416000583	13.7747248454648	12.5998512327237	11.9785349566073	13.6867420702331	13.5889665432648	12.2897741723311	12.7922514691616	12.3493142208291
M853.422T457.3	13.1239039234365	12.5442640113727	13.3398473343605	12.4695802191342	13.0823851465216	13.2346144002947	13.8173989290574	13.9591352440574	12.2573854060452	13.4936473996962	12.0549756329426	12.5507806882755	13.6467308589331	13.7455626378533	12.3241130100683	11.5855834468556	13.0106249907399	11.1184064480509	12.9458786471932	13.3776910417451	12.8724582154685	12.9975801173989	14.0478804807554	13.3468648502932	13.6815175798915	14.3161980946834	13.4795496194762	13.5882786451861	14.6997345101908	9.17878416625032	12.0894069674945	13.7294406739684	13.6276111641766	13.4535120325393	12.7140563438765	12.1797499082582	12.0138182324321	14.1059503415463	12.6672052527067	14.4508216020341	12.9539201954532	11.8474868878655
M853.6222T457.28	13.4782258190716	13.7066995507123	13.2877999343599	13.6083262000856	13.7343073548137	13.8619346621002	13.7676769139173	13.8312045484237	13.7096995683952	14.2002731277375	12.5658449280565	13.1439625450306	13.7011955344969	14.4559807736564	12.2510062965128	13.2155566225281	12.79714959167	12.2903796010829	13.3728129549544	14.1365377452264	12.1801086009907	13.8260020866717	14.3516853941842	13.6429892489391	13.838232317674	14.5747436136995	13.315981980964	13.4386363368501	14.1369404189571	11.9012011616735	11.5914509184451	13.6612563164242	13.6625048186658	14.091715066717	13.224081522465	10.3735001705026	12.5124461244068	14.4372865335956	11.163400568138	14.3489229914414	13.4550016731409	12.303552862319
M855.2696T298	13.1892563482738	12.1785260883201	12.7817868106093	12.5442327036266	12.8444617076633	13.5839738879053	13.0916217510024	12.6659479654164	13.4882262088873	12.8118920696327	11.8053497967313	12.4700121989218	12.5072798343838	13.3350565993356	12.3618699973175	12.9195116290829	13.2318389809997	0	12.2719817395718	12.2084580308254	10.05184376586	10.6778501961273	12.0423456529205	13.340837882432	12.6539233639233	10.9042188466463	12.3656815759568	12.9759562936517	12.3344730076584	12.4392231745899	13.2104830961774	11.4873618554425	11.9763688286662	11.595504188372	12.1787180982757	9.24441714433656	13.5935113378457	12.7625258946766	11.2638134121652	12.8257313320812	10.8227083915686	11.9405463515352
M855.9695T653.74_1	15.4350961696409	14.9861528390125	14.5557087564232	14.3215377667056	15.1763695809439	15.6347734400866	15.0640326905295	15.9276945591759	15.5564443919666	15.4686337924019	15.6463466882559	15.5393394677677	16.155919760434	15.3217332214643	13.7205756600759	15.0985167782292	14.7030267665008	15.6398287409588	15.1755404420963	16.1923301435068	15.9148671207113	15.5510813077036	15.6561183920323	14.069137063395	15.015701926381	16.6557254496695	15.508874383912	16.1575488486598	16.0710925140499	11.9839235093101	14.8551539722882	15.3410364379816	15.4524365661592	15.592364998049	14.0017762068858	15.8280973451994	13.3640262013752	16.1713843608177	15.4630228537637	16.0277089987025	15.6495697287109	15.6456424735636
M856.471T653.71_2	14.7071295962132	14.6963132519731	14.294749764374	13.9976797052724	15.2978326381636	15.2832957150948	14.512655549679	16.2874143506387	15.1612165653127	15.7166853334364	15.3676925305394	15.1257392854503	15.6558151498991	14.8264000669977	13.2393603578386	15.0244667067457	14.408998408367	14.3560086950791	15.6564721364246	16.5162046359097	15.449903361062	15.292802357504	15.3713068218282	14.3494916013669	14.5408312385765	16.4076848576713	15.2376090424763	15.5837198000629	16.1910967023758	12.945962689523	14.5282466011826	14.8618460393037	15.4561736341329	15.4761028520347	13.801103070476	15.9042483014784	13.3371336166559	15.3256454305013	14.8105479639252	15.5870117150279	15.3429722148636	15.6743191749408
M856.9702T653.59	14.5007238731683	14.0773949251154	13.6862607056002	14.3045700524754	14.6425691616926	14.9734220538261	13.8926185968909	15.3272022227571	14.9733537080617	15.7773739078407	15.0240142710161	15.1331206636991	15.2290468087882	14.2309318605236	12.6315630085246	14.1875100661674	13.8905385928124	14.3935914454793	15.2598141164814	15.574679454169	15.3060656429434	14.8737932006429	14.7200765425206	13.6498195313489	13.684423005868	15.8514348028862	14.7762117875178	15.4465289127112	15.2514392642493	10.3542456717724	14.1361485911327	14.3363055107357	14.8089705343664	15.1465195653476	13.4078636562386	14.8051772012584	12.6892660907914	15.5094616307348	14.2642103100093	15.0705407264363	14.9851819581401	14.8516652267031
M857.3748T373.3_2	14.6663279890727	12.9499933477591	14.4883375284241	14.4064388166302	12.542231122389	13.5232721075582	14.7608812644791	13.5868233728175	14.461085637534	14.4457940987207	13.1184810039271	13.914593857645	12.6628324472235	14.4786558437323	14.6468918343683	14.6493952115043	13.4366619218612	10.5937205636153	13.7795854103101	12.9927585192632	11.4706659306955	12.8052816031215	13.4712315355533	13.9080537617186	13.3324977982241	12.5045385178925	14.6488706739711	14.6306733616138	13.4200373460686	13.811282391549	15.4751930211906	13.3317044418568	12.6889263851392	12.4563102970336	12.463446033737	12.1511502013874	14.8298125444402	14.0828053538812	13.2137241139352	14.2359963891592	11.7082534557014	13.930619586817
M857.5753T372.89_1	14.2691849330087	13.4033976648836	13.7943686288491	14.4281420099109	12.2958387171335	13.704984119173	14.3321746399128	13.757088201177	14.5506835547261	14.6811356192273	12.8024028390164	13.5128857031139	12.621889798208	13.9924636384392	14.2157457324525	14.5371476040708	12.9843893437263	12.6176061104353	13.7077042723105	13.7477240420233	10.8869281078878	12.7135168840701	12.9044594326909	13.8665986113294	13.340656602361	12.8842655136564	14.5024378115532	13.8445676304621	13.554438228352	13.238596885789	15.0411933316276	12.9762969787349	11.7404697804893	11.7516225727213	11.2475635282713	11.8364877258058	14.788496624675	14.0615730091047	12.9273665763533	14.1073607630146	11.2537362037432	13.7695222516319
M857.6755T372.58_2	13.7974690695537	12.714525116527	13.3752573439309	14.0482556792874	12.1242964062439	12.6974463089725	14.270695226277	12.6982346547479	14.2613271198219	13.9749627890516	11.9233807381651	12.8917201717469	11.7962726845142	13.4124933364996	13.8951997588805	14.1632957209273	13.1573320620467	10.6277874236417	11.5059998372019	12.9378082587673	9.14818372740665	12.1522904376355	12.7146247158241	13.4580556527897	13.0811040943318	12.1549949396335	13.2147849305691	13.8861051520167	12.9972117022405	13.0130248026962	14.6598089238485	12.5817103443493	11.815014293796	11.7938587468752	11.6373077645053	11.947815873668	13.9332300883503	13.3427719463384	12.3545119194131	13.8071685813564	12.0102498113715	12.943132229469
M859.6475T936.21	11.0262672542589	10.5916568799645	8.77562766189512	10.7897491886361	10.6622205562813	11.6138836201868	10.3337113380348	10.0891350234147	11.07987047357	10.9669897109883	7.46366431571373	10.4657496131251	9.89507387919901	9.96344417868528	10.253421737615	10.1788916660885	11.0504986831972	10.4061164544415	11.051966522795	11.7973267453757	9.67882070770873	10.9600565363073	10.820225461736	10.3335589386254	11.3311097210354	11.0858260589099	10.8458295870302	11.7486841712125	11.5623197149686	7.91763574482051	10.6230821053803	11.1190580956925	0	10.8263401887689	10.63159267071	11.2651156076374	10.1947303706379	11.537798759666	11.0790618668997	10.6590000973583	10.9082167459642	10.2297326438811
M861.8384T43.25	14.5107411438763	14.7449851526891	14.9963240829342	14.6459561212982	14.1315268285172	14.5098098959554	14.2945139432295	14.2507221461537	15.1074790253235	12.9395981477617	15.0407066835503	14.1606047115252	14.637741570355	13.7782078267109	14.5083748051518	14.631034867445	14.668273833324	15.3210113193002	14.237126888967	14.6001952300363	15.0947489200998	14.8556031800817	14.6692828136474	14.1687802294521	14.4827920127537	15.1239186598967	14.2631384145971	14.6379243677616	14.8236775715975	14.3362829476331	14.0736948998882	15.0529893361377	14.8253850658472	15.1193155803604	15.2176611643338	14.9076162348363	14.0519176981716	14.7431084927828	14.4744020689008	14.6673561519842	15.2032998090456	14.9938454009824
M865.6273T896.4	11.5920488764265	11.4424347858977	10.8527223903451	11.2000722183945	10.2793509560854	11.4115322841701	10.6199182002992	11.9921795054018	12.2446277964478	11.7991159958896	11.5676772423335	13.2047225120079	11.9441881392923	10.1945964089557	10.4624252092946	10.6296049576244	11.0307598406224	8.76306845868245	11.7883774436321	11.7835139395577	12.1955166452772	11.7251555245203	12.0311433279633	10.1589118263496	11.6928903420913	13.9309572692338	11.706405943704	11.8975770482886	11.2436605544265	10.5380666255664	10.8050450714716	11.4774820649413	11.1637905720398	11.1769965415081	10.8330046983688	12.9083784208812	9.71582022204357	11.9247711801874	11.8940919889907	11.6853445091936	11.9673413614431	10.8561521130185
M867.3748T587.65	16.3426827860309	15.9923552052106	16.0086452665247	15.5679593985436	15.5896323977052	15.7307361800738	14.7316316211327	15.1063726030942	15.6141992924208	15.930251405888	15.5911935377145	15.9170344358964	15.8694888701233	14.4565484339446	15.2482335602172	14.7901295014329	15.5796774396611	15.7594745296637	16.0507049433831	16.0012455930012	16.309230309453	16.1159988103414	15.311354164442	15.6935446932086	16.0833483210571	15.0653020930805	15.6063215063645	16.0019699924246	15.721137464703	14.7128985451322	14.4013187373352	16.7414692423861	15.8814676079993	15.9235497696188	15.0346990859939	15.1688112230161	15.8545361634058	15.5038700595782	16.3189493007057	14.5625690095864	16.0384122906777	15.8937284942838
M870.2806T229.82	14.4226791921431	14.1366774891302	14.5157948808827	13.7520044763295	14.2000666408122	14.058454465872	13.7801494827646	13.7828237120067	14.4488191032177	14.7348608313707	14.1311220156295	13.652622577788	13.7702628237795	14.3923262376408	14.6468830630566	14.5567803274872	14.1861697771377	14.118729299442	13.2388339158812	13.8008211265198	12.1666877344167	13.4800984921662	14.0493609179593	13.5041575793884	14.4720388433663	14.2744017700104	14.3521773056827	14.4508133114387	13.9874598700289	13.7443021290904	14.5235150906514	14.0243712119297	14.0864473167	14.0030211811667	13.7496411416181	14.8402453595899	13.9465677228698	13.7155121173414	14.2981824771068	13.983577744531	13.7942524984421	14.5818363979331
M871.2862T229.91	14.2247120858936	13.5081478814331	14.3510856951571	13.5673663975202	13.6490566258374	13.7598258666813	12.9826232367277	13.8011783246077	13.2516535657864	14.2643121564529	13.0433206721035	12.8996052834549	13.3799464763997	14.2319623130087	13.9517861212528	14.6151123710408	13.5309665380409	12.2965969425322	13.8460772346967	14.5707991114307	12.3712685436129	11.8325180298615	13.4144029355858	13.7408579733491	14.0856619007969	13.7691850106767	13.9284419077732	13.2803894221279	13.8622782166021	13.4158630686498	14.2412840140057	14.0784998755654	13.0193544433766	13.5006637729894	13.3967232452738	14.1344808327562	13.3012809507752	13.7942690462845	14.0261471303774	13.4273125018037	13.7257956880896	14.2658777380926
M873.2317T455.34_1	13.4799249861152	14.664763978281	14.5515939045923	14.4581186226631	14.2547268208396	14.4530890447906	14.9237285252428	14.3670471377186	14.3250652414675	15.2858122939909	14.0181890511016	14.622244491245	14.8039727730168	13.7152857115831	12.4138565943552	13.168232063662	13.4524991743144	12.5494053421473	14.3485967397777	14.5579935105016	14.2163274771488	15.1120819804572	15.0299667005722	14.3914192505547	14.3585214783824	15.4019190383207	14.1730178648941	13.8999014879684	15.3277785750533	13.0656522611329	13.2713063892881	15.2225182933412	14.4981164958061	15.119579282353	14.6701469262821	12.9342183338611	13.8891195730621	15.3782182119728	13.9196918522943	14.6585769430366	14.4234484512184	13.4845840138166
M873.3062T438.17	11.6338656592848	13.3980383698506	12.7872169771499	13.1555846742438	12.1399206137371	12.3605345695545	14.0611925917883	11.1266225314382	10.6566883757035	11.8762429632284	12.9191239710061	12.581027422163	11.8324641590267	12.7529878563142	10.5915273926368	12.2997899372143	11.5942763106095	11.6952281821107	12.1564607939133	10.7656170865683	11.9423354918832	13.0545266442114	13.4331362062269	13.0700914617549	13.2061751066672	13.324108748875	12.2486515859889	10.2730192638406	13.3334878379855	11.0956499001335	11.6493504586197	12.9581363737718	12.702628955401	13.5709005223986	13.8902543009463	10.9677995071034	11.843317470178	13.1102549258369	12.3954259229623	12.1447533374675	12.7392844852883	10.4025253766199
M873.3318T455.23_2	14.3482045724403	15.7460501549992	15.6208633326606	15.1144236627058	14.8721397510493	15.2464553525559	15.7494655794683	15.2599183813012	15.063034403135	15.4627624947513	14.7346200447258	15.3375017587711	15.1102969601092	15.171711025466	14.1974845753757	15.0275930358716	14.1162594888663	13.2684564705796	15.0990546371263	15.5250307233931	14.7260220247828	15.6585131610686	15.8267122046338	15.3998591030134	15.1552224345676	16.1326710689261	14.7294401976858	15.0164456383147	16.3664128938999	13.7447983881506	14.8690338780026	15.5668015915042	15.7135450001663	15.8998827184456	15.063372100632	14.0821932094899	13.5854940824798	15.9216021682462	14.8600657664739	15.4288067693089	15.0459103664829	13.8799155582131
M873.4319T455.24_3	15.2238832424535	16.0705016046499	15.9762992844334	15.5432761700119	15.2493131617315	15.4671029959789	15.6135295476824	15.9304024680976	15.601886251789	15.6689471051221	15.3389169130936	15.4676477559906	15.9043257603867	15.5694979059016	14.5407695476184	14.6517766732333	14.6114469116062	14.7313817461602	15.5760582363267	16.0474595735092	15.3960617134218	15.6007271076431	15.9374205522856	16.0549445257515	15.2902947913558	16.1840681797695	15.4333746827	15.5010617273814	16.6985765893446	13.9746536661129	14.8552505650795	16.1195966093504	16.2128029250974	16.1739621859259	15.5818951286904	14.387908064442	14.6297391404139	16.5765799210234	15.2146612550058	15.7103752446689	15.8626577385425	14.396475551732
M873.5324T455.17_1	15.2855940537526	16.0404796701492	15.9548505723756	15.7733302674363	15.1944200801945	15.59662832784	15.6057923619991	16.019104804667	15.5026492631812	15.5896760212922	15.2012824402646	15.4049633669139	15.7745642514734	15.7224048264072	14.2493111707701	15.1579895046496	14.5071701580601	14.5636769970798	15.6190751423201	15.8961227398148	15.0821250556955	16.0313045781787	16.1347624981283	15.9340116372425	15.5033855362145	16.2348466483716	15.4509394941109	15.3696422136768	16.6672028989935	14.2016289944577	14.6619039678524	16.0703600397973	16.0192777719132	16.3453939163356	15.6200389122204	14.4540911334275	14.2108413590417	16.3451021285367	15.2749524445667	16.0941981714357	15.8447779179807	14.4504571035207
M873.6326T455.13_2	15.1415032686415	15.8062147975785	16.1630027114004	15.8818085902134	15.5022775351607	15.6646938112407	15.4983467133755	16.1651736892431	15.1051230786225	15.7635046044389	15.7909564580043	15.2510962814552	15.8793288527848	15.3359406469547	14.2925493818981	14.262033832397	14.6616603853943	14.6484432786713	15.3065387664672	15.7584086505245	14.9546810932449	15.8457629282421	16.205135377748	15.7508664475376	15.5292774779097	15.9442889063003	15.2695943338642	15.3712868461088	16.6373637559353	14.1772250671202	14.5391582270985	16.0468789047333	16.1743167178791	16.3522707700703	15.4552597598003	14.4684258599787	14.2268231320783	16.2960628395309	14.7844233857984	15.6542521462709	15.7938899251578	14.6605195692661
M873.7327T455.31_3	14.5663524321654	15.7841975336839	15.3178620226706	15.4989071919113	14.7595751612145	15.4997622241228	15.437321670881	15.5059119558941	15.2804156168151	15.5141587397626	15.2330002915638	15.2958923307345	15.1966371186799	15.4814274211137	13.916347575939	14.9425843799879	14.3476732984047	14.0827206484179	15.0748842239042	15.4192248534472	14.6659142164287	15.6081938214688	15.6368731121335	15.3004870553056	15.6801844203985	16.0641338546128	15.0929202836084	15.124722576429	16.4828760523489	13.6396666347751	13.8441079352664	15.5459075325234	15.7666172455342	15.9795956391912	15.4508443195592	14.065172644233	14.1675706770289	16.0007330033163	15.0661416787881	15.7290182599194	15.1045758903577	14.149532793523
M873.8328T455.44_4	14.6985614317326	14.7820419740356	14.8351237220666	14.4661625630059	14.538819938203	14.6907780089116	14.9922562800761	14.8131754536596	14.8059851974946	15.0070560847762	14.3888487540062	14.5122706630619	15.1176877016296	15.1231486225205	14.2794963471748	14.1284040936622	14.0585015563651	13.8978865107571	14.4883076985055	15.1008482117681	13.5692141084166	15.0377952431897	15.3821113165643	14.8198544126429	14.6442557638868	15.6848413689446	14.5817893287713	14.6703476211728	15.7164142752153	11.9126482489157	13.7361488581437	15.2662684344399	15.0009762776557	15.6435087679766	14.6663797655218	13.324930077225	13.4787310975195	15.6452087171577	14.3039855821733	15.0159452752826	14.874996812297	12.6858579495945
M873.9329T455.39_5	13.5979611962458	14.2517844915125	14.2808280673793	13.9930658595639	12.7930351888821	14.2548051998589	14.8869402763454	14.3410282020977	14.0664877600629	12.4954098396002	13.8225951793217	13.7914587187577	14.163444838902	14.320673016059	12.6364648552445	13.8304397577253	13.6081256555676	12.8125006179623	14.0438282973169	14.0662413477815	13.3650067986514	14.3145636813405	14.4914823319654	14.4228102751635	13.757301009311	15.0871227920835	14.2456060818257	13.8406128005545	15.3048788713477	12.9062612533898	13.4068436541671	14.6423424974405	14.3596173598006	15.0791012863765	14.2054606087375	13.1183074300321	12.5569333298548	15.3478880537143	13.8848243915329	14.8938450311228	13.8845699649385	12.769571045764
M873.978T424.68	13.9101511593516	14.6892197805618	13.986609792657	12.7116830645592	13.6568387566219	14.7418747856185	12.5457115758567	14.1763547944115	14.3280839707088	14.204080131884	14.2305259903411	13.5745447628347	15.1936134686801	13.7810148508341	12.030813574503	13.379934614782	13.6234273485659	13.0616822891561	14.7991209332737	14.6626236409841	14.1251784386492	14.5946039787376	13.8219643826208	13.2469337799895	13.6450148774258	15.5054703606464	14.3947362360287	14.3015294414097	14.7313187815351	12.5223109292353	13.220925847267	14.1622426659941	14.1783364879903	14.2880371560054	12.9968992042242	13.0003097186539	13.3233877189448	13.929538053811	12.6128988911091	14.0613088460648	13.9079200082839	12.9065804223799
M873.9917T653.59_1	15.6356205170025	13.8883149624316	12.6433287331683	14.7132534075649	15.3681366149878	15.7658069013704	14.5930156197971	15.2964485582179	14.9569296662	15.8473876093733	14.5066666723037	13.5669432154153	15.2887976812773	15.2667642867535	13.9733382283425	14.4172872255713	14.220411961045	12.2458900543913	15.2806597813297	16.3432049463705	14.8082865684376	14.7485570899215	15.2676549816134	14.8867300611109	15.2916448507234	16.0875434269508	13.1918719170045	16.0098079974968	15.2487624737906	0	14.5522110193854	15.1555169578546	12.5134261888127	15.105262020178	13.9500223078711	15.061544409438	13.2046165598616	15.4834301816533	15.0016287305837	15.2093707065011	15.0474820498514	15.5221985215172
M874.2288T424.35_2	14.9663571624576	15.733247850803	15.0159743574399	14.4025651839862	15.2744691990271	15.8288027821746	14.0911452758379	15.5051223035199	16.0906890175448	15.7744380378322	15.1491494852661	15.1599017298323	16.3166705066839	15.0679310292827	14.0399311493181	14.6291012752256	15.0647484598673	14.1608306647466	16.1935142600481	16.2284572667214	15.8459451290249	16.0453256487391	15.3659410090409	15.4189175807123	15.249881791602	16.3920546177354	15.7536578046861	15.6787064216398	15.9687898771394	13.6030376585222	14.7687827891885	15.4226717514981	15.7175646651637	15.3495868478385	14.4499447260978	14.6164714874012	14.6358754037932	15.450548752677	14.3452082753449	15.5455635721123	14.8610972581361	14.0742739591736
M874.354T424.34_3	15.2512465451595	15.6675789935209	14.843629012437	14.5326088600831	15.400378135546	15.9224439648905	14.4326914607133	15.3736139480033	15.787700618887	15.7935810774607	15.2673346129985	15.2593605129511	16.3210228244195	15.2292697119923	14.3806484671152	14.6646152412067	15.1804657903033	13.6349393928538	16.2860325876459	16.0650347481788	15.5648613346599	16.1416868571656	15.2556642009049	15.4294009909567	15.0214156858045	16.2455131460843	15.7073809669639	15.6050710225725	15.9928813890959	13.6165276853109	14.7880024364284	15.1144567790961	15.4829326630376	15.1158753979536	14.3274662872643	14.6276064063077	14.453479436996	15.4940048510038	14.5590648334801	15.5323828600647	15.0288997588446	14.2552613436005
M874.4793T424.34_4	14.7855324704548	15.6885528147468	14.8551752573581	13.8796728964941	15.2441617511878	15.6264888412979	13.9404007549396	15.1538946337978	15.668350861288	15.3706826197624	16.1945261325936	15.3892936329559	16.1998650562528	14.9403486684133	14.140011751126	14.6390648591004	15.1385497552816	16.9116236358557	15.9987226864003	16.021956881553	15.4013076194177	15.7274904033442	15.2737791393865	15.2533168786259	14.6865003023036	16.0434459515738	15.4481596276018	15.3230902631162	15.6265778083643	13.2471049661197	14.5084291757654	14.8936968397891	15.1435985194566	14.8958684514459	14.0820062499397	17.0554695591134	14.3645952361006	15.2279257481225	16.7255449566693	15.8040965308194	16.369056188876	16.1319288505253
M874.4933T653.55_2	15.7076464379866	14.6926938013797	13.4241559910403	14.5540733356676	15.5822065289514	15.9761298106545	14.643449557358	15.5642186102763	15.2358210353854	15.2524386521011	14.5517057359347	15.1321635747513	15.2729982083607	15.2513958304537	14.2441156041058	14.6747262523396	14.449828997539	14.8276364886339	15.263630125123	16.2536388429108	14.9929500200782	13.0488445744373	15.115983934068	14.5834347163636	15.3140157047694	16.2754461135619	13.1365041127026	16.2046401042677	13.7801754112484	11.3571619402023	14.5279142844771	15.3274661427461	14.6825376622133	15.1860530795982	13.9633486137089	14.6996552382923	10.8198711633558	15.7201764184539	14.9505731879195	15.3241707580315	14.368224716692	15.3818727029926
M874.6646T408.24_1	11.7903345987625	13.3104406946916	12.4512521110214	12.8646298855309	13.1992880239548	12.9808543947882	12.9421745276734	12.3801368848058	11.5782658953189	12.0745363895236	12.4235350510636	12.6122128391863	12.4913239269474	12.3043753659398	11.8968808191608	11.4884986118036	11.905005009576	12.760454334459	12.8912298109716	12.1035371403459	12.5893099260979	12.3409215036408	12.9894758162254	12.9905688175546	13.8810800301407	13.5230174533714	11.1915901385055	11.0180421581676	13.1405184350322	11.3634136776668	11.8566283344094	12.564058413561	13.026979343954	13.817555034426	13.7619094896863	12.9557235987791	10.8737745921149	13.1032585874617	12.8781580241362	11.8118536350674	12.7926627317005	12.2008099392939
M874.9831T423.27_2	15.3640461886353	16.3724447516906	16.2089187974012	15.6867876627682	15.2914270751054	15.6920406672472	15.0184102010801	15.8557865412062	15.7250378121863	16.0211869157989	16.230840792983	16.2306480080568	16.1292712973609	15.0152541828294	14.2667827390083	14.6784382889675	15.3911480138167	15.310584558589	15.9190534189692	16.7808066289512	16.7077981996886	16.4190888345936	16.0635012938055	15.2664495744448	15.6418925145081	17.1350013255576	16.0977138059926	15.4664813950819	16.7313363598481	13.8165852254172	15.0799939629607	16.480105522261	16.0374570716077	15.9265119497152	14.8663779401836	15.4167195190233	14.5025840553516	16.3223138891364	15.5731431187479	15.7198984476642	16.0853256905613	15.2724419728627
M875.0057T312.04_1	13.046787407522	12.7464010546239	12.8342413124452	13.0651091466515	12.6996818088754	12.2625350461534	12.2619124567024	12.5212403907823	12.9449785598924	12.867410493466	13.2972849366327	13.2417195653787	12.5174182318905	12.6062158276354	12.9295315314197	12.8594534651406	12.9229416889694	12.9388590557291	13.0843364656289	13.3057328714544	12.1710430066787	12.5639310052275	11.851791708548	12.2183876820965	13.1519602164486	13.051801926138	11.3948023986552	12.7735184079185	12.7020704710649	11.4247725040532	12.7494365295242	13.3595659179959	12.4841130653672	12.6829801266246	12.9651608672975	13.2879101133518	12.765503589014	12.7493221094419	13.1768121507549	13.1745458176575	12.9224277328008	12.7458875898085
M875.0657T408.12_2	12.2114280554684	12.8147568104356	12.4885272756679	13.0239027950814	13.5491774976523	13.1794494068943	13.6401247013592	12.6428532433008	12.1209879237263	12.5125253080186	12.7142928326675	12.6055827988724	12.3094358724895	13.1871676606266	12.426455241448	12.5618970899499	11.953557931158	12.4385542423007	13.2117468116753	12.0393313388618	12.4378403789274	12.8685119963681	13.6282728109736	13.1045510167475	14.3687504174542	13.6385510279847	12.0460987218752	10.8580217843556	13.3693396272262	10.7089529563828	12.1693190703995	12.8470247773437	13.1411557365028	14.0328785041882	14.2213264427051	13.244021848255	11.3058954066198	13.8088355646081	12.9384748737524	12.7896580515126	12.9108400552548	12.1994378085492
M875.1489T312.2_2	13.0174626648259	12.9593017264636	12.5149565309206	13.1737454754643	12.8175251138399	12.6563370556332	12.8223627329397	12.8556648559626	13.1590747583965	13.0190349285465	12.9090492968365	13.3135439664566	13.2049890302001	13.3790610704328	12.8772273462889	13.6414679026266	12.7206842171629	12.7472615673033	13.5717038079834	13.7457176209103	12.812221964833	12.7557817597904	12.8944450876245	12.8161300974778	13.4568967577762	13.7728370002039	12.3951549124717	13.0836962224286	12.6111226413119	12.6680813581297	13.2977764294226	13.2580241816039	12.9957112732436	12.8953735877659	13.4369142031217	13.0908922863541	13.1935571711618	12.1831149631341	13.6373007102538	12.9942851649848	13.2975459303143	13.4414808630957
M875.2665T408.27_3	11.5249504888893	12.7773192953785	12.4756319069466	12.4685443476712	12.7316913640579	12.8310104944787	12.6966212200009	11.658456511749	11.0343538751356	11.3754307912173	12.0336865875875	12.5569148420635	11.9635662201488	12.5689762939188	12.4664903843866	10.8375594631867	10.9497075608228	10.0847992135147	12.2565612243956	11.074930141141	11.9291299061421	12.5158522569075	12.8888905917174	12.4124402670251	13.8764202572913	12.9538517197753	11.1196738552617	11.2346067108601	12.9603397769822	10.7987195107056	11.7628712659649	12.4602344189468	12.661443398552	13.2981708970383	13.422467257767	13.0995119669841	9.71497090674843	13.2544391808012	12.598638063384	11.4674158232782	12.1021669909704	11.4606760514993
M875.292T312.02_3	12.6107054392052	12.9195765326249	12.8969113338401	13.1697697213041	13.3270717100161	12.777349462639	12.9780494703688	13.0408895168162	13.1353134015645	13.0439686535928	13.4578406658388	13.3172502061903	12.9540897925555	12.9839036228015	13.1942444577187	12.7573525389095	12.7394468789324	11.9987901624856	13.244912361079	13.4878322555311	13.1132795068552	12.9963548092104	12.6751150060642	12.2337308463571	13.3038212549738	13.5565670867703	13.2185356782623	13.0752801954699	13.140879643663	12.9614477008359	13.2361474426481	13.9851580325796	13.1562050900685	13.1831751871222	13.1618927927145	13.2599683182512	13.0916238168438	12.5139250711778	13.3706931441455	13.7634486066036	13.1252448043407	13.353864904365
M875.4348T312.17_4	12.6821213084347	11.6353083374901	12.5973409360536	13.2550622644169	13.1266636657516	12.5338081677127	12.3321005831251	12.5276579318457	13.1693796278291	12.7561621451001	12.8338666313709	12.9075459158729	12.1754261488885	12.5316439638466	13.1631931317019	12.6827562763789	12.6327941215463	13.1187052213661	13.2094382647837	13.7330562510308	13.1365043968712	12.2088211378503	12.6157622661772	11.8572194525576	12.2576017851862	13.136642632465	12.737084373211	13.085181170983	12.1665528580931	12.4991638965742	12.8464344128532	12.8954241213066	13.2802480690899	13.2198310292699	13.1950569740651	13.0345478385606	12.7382729850919	12.1971427118039	13.1121328095831	13.1117300872035	12.8039961464106	13.0771949381535
M875.5781T311.83	12.3240098254309	12.2600174229155	11.1528057346391	12.5894095357656	11.7603295345638	12.0868201365866	11.4953211992224	12.618779248986	12.484794582632	12.351029088806	12.445521568168	12.4861467304792	12.3714230125028	11.7902829158359	12.9642095939768	11.4306369838055	12.9026086357545	10.8938432058321	12.7963281606572	12.707997214909	12.7840706953765	11.2034075060225	11.4822903887521	11.692412067433	11.2009521068652	12.3410332975252	11.961485793103	12.0373132853309	12.0308870238755	11.2099752728218	11.705787955398	13.2609780540921	12.390698732985	12.3017857060253	11.6666745215727	12.3819238023304	12.1940603889066	11.880289214749	13.0779871775725	11.7707033398289	12.1848001136382	12.5252774968393
M877.7916T381.82	10.7442060853182	11.1076575029936	12.0915575953091	12.4824315775536	11.0504700621198	10.7730142945493	11.9389179795876	11.4363207009893	11.2218615674342	11.6966359964371	10.2401741977997	11.3004683895565	11.6349146516863	10.4907391341432	12.398795435637	12.5765050785554	11.143915142539	11.0879547681405	12.1570512303768	12.1897652175979	11.9052951545531	10.9955205658133	12.4333552402278	12.3502265896673	13.253888489843	11.7867018930134	12.9769415889064	12.8864832252011	12.8781716140355	11.5651310079132	12.6603888565982	12.7208911394768	12.2637478851702	12.660941516298	12.4565256629784	11.2373379074432	11.8204474779207	11.8361672672515	12.9839215679992	10.9845456922919	11.4610960853389	12.6211272982916
M879.9697T653.54_1	15.1824435515202	14.2700971874885	13.3934605415308	14.0761244576794	14.9713408136094	15.7272700348842	14.323653418452	15.6570326892686	15.0058450308556	15.1744726597616	14.4152922405901	15.1384883487394	15.3549570391638	14.8409891353551	12.7929305267129	14.2667529107487	13.9370075897034	14.6543021655564	15.0753473028801	16.0582495065606	15.0962214936881	14.5657023133438	15.2357954950597	14.5687172557439	14.8188521303258	16.1426640204638	14.0835356572287	15.5511607515912	15.2639659297612	11.2271684161522	14.0140952997667	14.8712123680185	12.3037095751395	14.7163226991779	13.5934393993613	14.6649282830412	13.4674011925007	15.2873801161144	14.5202836285321	15.7441937299538	14.8826913197419	15.1988613401007
M880.0092T399.78_1	12.5289944121634	9.05597983962504	10.5311164591287	11.1778739103877	11.5877355965255	11.5057292461077	11.0562782598392	9.75244871299708	12.3829704172557	11.7220263553896	11.2956172088403	10.7339686790945	11.7899604508449	11.4703330678997	11.8569550287319	12.5316536306233	12.0551343364681	11.337100814275	12.1535979350533	12.0519446685347	11.1498988653475	11.1393233509078	11.480378803397	8.32864271979027	12.0451118249625	10.3310722881851	12.2192410201734	11.9971117604539	11.6784047048944	11.1782762697562	12.1737297012055	11.2982938289659	11.1523875935652	11.0545462701128	11.6385224913791	10.9930429743052	11.5790451055111	10.1983906519622	11.3387084549179	11.3702036634199	10.6585201663116	11.3719838670575
M880.343T399.62_2	11.9105587082471	11.1889821990681	11.4567139327545	11.9369586487907	12.2351470376048	12.2664097948701	9.13018916678469	11.2642682485286	12.6792086209455	12.2507841258361	11.5710553833751	11.0135800877026	12.1345617107835	12.0210298744645	12.2876629888193	13.1786488075817	12.7550069644427	12.1381739029799	12.4755159388136	12.8305208109125	10.9589417534248	11.979763153163	11.7723668872464	9.38478713097018	12.5701783779907	11.4130805004732	12.8718091741017	12.6390858579801	12.1632905513913	11.3932225310815	12.8123809009551	11.9928332768514	11.9763100744181	11.9850809427052	11.9734656354394	11.6327169276669	12.3367089537479	10.8710505353134	11.4000401368628	11.6989122611189	11.3853443965833	11.6646365324671
M880.471T653.54_2	15.1881355313602	13.6298804754249	12.4966892856446	14.2815338271748	14.8912489375173	15.2865898027746	14.3396558765927	15.3911929371219	14.7106266947726	15.9895671816196	14.1992469244787	15.5996842937492	15.6536076586796	15.0907105924918	13.3457168905571	14.1251506334262	13.2615443787988	13.7117723184302	15.69342634026	15.5060074972722	14.937151527916	14.5187902700861	14.8983515803952	14.2639025710547	14.5706700652416	15.86092329483	14.2377944771636	15.5252529464472	14.6735673258549	0	14.4000181048256	14.6302187064694	14.2413005642209	14.6607719471993	13.3353767409062	14.5228924332252	13.1894448967943	15.4548187740973	14.2340155939699	15.2539328101039	14.4415546013167	14.9590455980347
M880.6764T399.47	12.2320833461754	11.1082460203464	11.648047863364	10.3698784841924	12.3138228264156	12.4080692028803	11.3453561755897	11.3302694075278	12.5896010060649	11.8518579093301	8.88339331389365	10.8355916862026	12.3720306322983	11.6630737892334	12.2055751766394	13.3659178313364	12.7698972536926	10.4796458228139	12.2182961207998	12.6488273561235	11.0812849283266	11.5744328039308	11.6449565171872	9.59661049205208	12.1028066092491	11.4294670197792	13.1834257386079	12.2593861840207	12.2587725030103	11.8165629455084	12.1444391381247	11.7594431757858	12.3278349668889	11.1276023044991	11.9233679388373	11.8972405588215	11.8166693768552	11.013441777802	11.713752084136	11.689976974288	11.487711494633	12.1378865683521
M880.9703T653.55	14.8519649395331	13.7147958500841	12.5500499115625	13.7346631318401	14.5734005621443	14.9545161052513	13.8306996655323	15.3123199064756	14.4587758450463	15.1364152471053	13.1113350383642	14.7675632290126	15.1745295171549	14.5833289037591	13.35277255774	13.9365766094682	12.708647576833	13.8624445612507	13.9507762540727	15.3978662177926	14.4343523939993	14.0317400798421	14.4705475076595	13.7186486177258	14.384574451615	15.4980635188066	13.0712224443628	15.3370841474553	14.634178513209	11.3781325132464	14.0670120843199	14.0448775836377	14.0126422912718	14.4607415395588	13.3374191052913	14.4397614199419	12.5725157891114	14.8544546378418	13.9829392030536	14.7100463827141	14.2164886605126	14.6887906577038
M885.8361T42.89	13.5459761352098	13.5979896778193	14.4266425513534	13.6907962052161	11.9363148584544	13.7338321164748	11.6420798022879	13.4878063276528	14.0859295612916	12.5763612708118	13.9035183808156	12.7864324528949	13.6918400338882	12.3639282775534	13.8065886917837	13.2114373551977	13.260085458092	14.1971256113933	13.3587310163444	13.67908554964	14.9054355804925	14.0495332227117	13.4598048709917	13.1139166903796	13.9086958272665	14.0774012439263	13.5926362615068	13.9981161918769	14.0757281473723	13.7899077622663	13.6345299567476	14.2634670001516	13.7104272092672	13.6287145471557	13.9009914576871	13.8807059119333	13.0388584538603	13.5827599643671	14.0197167157055	13.4747118469617	13.8123802007403	13.7235763606355
M888.8919T43.36	14.6029460837378	13.7247165140994	13.9440658210117	13.7615706202058	14.8613751167811	15.0464645078461	13.8331129824632	14.806234664898	14.3921307988096	14.4617706737562	13.5712280858857	14.1650513108605	14.7205728939508	15.0330006225673	14.4391689734856	14.7587430785939	15.0241871634046	14.4521235733821	14.8615600269442	14.0501092943755	14.3806184783083	14.2846287715408	13.1622963352251	14.6017859657913	14.2666896810123	14.0103374221895	14.6461239827226	14.8257696844589	13.8332486883784	14.2733287628175	14.5385278429052	13.8603639959452	13.9574167932572	14.4429452114139	14.2781099002406	13.4040195195997	13.7931347806234	13.6634333796353	12.666688567528	15.0194303962865	13.9462940463279	14.2931317101963
M890.4066T1029.41	11.3851118152505	11.0662432915518	9.23018712379683	10.4363312663499	10.2379562483182	10.9521376736286	10.3817581069641	11.3303335068155	11.442714773976	11.0003193539165	10.9897393844889	11.301335168336	11.2378618419648	10.3892562150479	10.2743592356944	7.847596928823	10.0495624709024	11.1379611501716	10.8344929299928	11.3121500701122	11.265052657542	11.3378836370441	11.3360996015136	9.42296505291093	10.8451082043083	11.8437203075681	11.6544265551342	11.6112174732382	11.1555892645328	9.98004743478581	10.6651546457887	10.9406461329514	10.8691683170572	10.82857530021	10.44181952763	11.147326396783	11.4972131065772	11.3168324207522	10.8641292553051	10.9193017696139	11.3007809180777	11.4127571954257
M892.482T373.16	11.8453942407769	13.0355052272534	13.6453157908463	13.5045079969911	11.9940600277901	12.1104702100708	13.4757206109251	11.755712892166	12.3732753690092	11.3766697483453	13.2959801992352	13.1721582450929	11.8722404647267	12.5133019391028	11.9903711386063	11.6140947919321	11.6030260770503	0	11.9237704878914	12.1427904133793	12.7330773524615	12.8604285730383	13.4192396405371	12.9700016831688	12.896053759046	13.6631667246055	11.4761358633897	12.0785445292654	13.2729973623952	11.1700641793856	12.7790378182019	13.5066552466235	13.3510355207113	13.313193266337	13.5167670288863	12.0160767607938	12.3030048138765	13.6407694339006	12.9707123244	12.7034506044483	12.8995397939343	11.6878413184462
M895.8325T43.25	14.1296426617435	14.7074170435933	14.7680833574145	14.6369372644543	14.3566227884417	14.317356227887	13.8388461308324	13.9555105764854	14.5698168040856	13.6937052953222	14.6528450400272	14.1842070803506	14.3054271776973	12.8780726602051	14.2754616256851	14.1378298116165	14.4105357175518	14.9161341780437	14.27281243985	14.3330158070699	14.7514774279564	14.4030522084409	14.4157469089052	13.5025863221716	14.3115561647734	14.8334021618169	14.0641562121981	14.4079289163848	14.6491929719566	14.2452813521384	14.0700984864777	14.9771986311033	14.3879427971888	14.4227622664052	14.4557927495654	14.881601537076	13.8849210582749	14.3180873459944	14.5803455977644	14.1617292692922	14.7633270624031	14.8012574709253
M907.5817T673.76	14.1200093410457	15.2133534312514	13.3023770525744	13.1349768104704	13.5447469404575	14.1958778286257	13.0563495225609	14.8952258903301	13.9137589032738	14.55172368471	13.584788220369	14.5826473967404	15.1772969587287	12.9551083733745	10.4737321703856	8.84857796302481	12.5795915480307	11.7246032688286	14.5665502016869	15.208267015101	15.7431911540852	15.376590487973	14.8421578735956	12.9655658654334	12.3919017845348	15.838738841429	14.9635316315094	15.0457069868956	15.7299168742478	0	11.983097335855	14.214785599627	14.4301328094054	15.0132720370876	13.4129264492902	13.7856904692177	12.1856844536473	15.6921586502106	13.4788436756469	14.0339812660864	14.6068907759056	13.9900226869297
M912.9642T455.5_1	13.5060491648504	13.3254996312442	13.5493662723657	13.3976393817544	13.6138853157377	13.5834570031605	13.822625002114	13.7456978725706	13.6044596159676	13.3240755963152	13.9523049240594	13.5776999876315	13.7952118009908	13.4151514217355	12.5355061272236	13.4265259941492	13.2853844790196	13.7755398454318	13.106206783953	13.239441911261	13.5618293276725	13.291803905981	13.4349198513005	13.5678676319614	13.3552104505876	13.7291185118644	13.7503619932172	12.6773892985576	12.7445158134644	13.2598992759681	13.8116493868441	13.8017877798957	13.6372545804051	13.2539268400291	13.1182547978616	13.5424035611338	13.2333676597561	13.3447030868183	13.2724915363588	13.2039677047705	13.2424466833354	13.2788250337461
M913.2148T455.64_2	14.3020487676864	14.46917262267	14.5609033376433	14.5970634295233	14.5333491776125	14.6114297012853	14.5703601423894	14.7410670502714	14.6120664133888	14.3760905542893	14.7519079563409	14.4815181464928	14.6177611223299	14.2909302014495	13.2671342488136	14.2540183431878	14.523906605822	14.8083218086778	14.3009032267538	14.4537092274183	14.3946766000975	14.0011205168695	14.459752720142	14.5436488457904	14.4440774702286	14.5649901957061	14.7921727272731	13.8777505899247	14.2750782735595	14.0782441865574	14.6720373061473	14.5996396601596	14.5374152269652	14.4505801514939	14.5746302246521	14.8547579081565	14.2472590440718	14.2000285334753	14.191518994337	14.4659324513832	14.1895069288089	14.3456485227521
M913.4655T455.33	14.2906506228981	14.681128802235	14.3978170905445	14.5157767041306	14.1833235961976	14.7421744300291	14.8844285519963	14.9015222151175	14.6277553094263	14.5045427881658	15.0405215102245	14.3101834436585	14.6369123246767	14.6356973456724	12.1749361439961	14.4361634786922	14.6090553114288	14.7974407988652	14.1187666550663	14.6659313270503	14.3880769769259	14.1441521499148	14.6223004192478	14.4492184122153	14.2982875729905	14.7272517078713	14.7158561508607	13.9246985450769	14.4723994085047	14.0689507348932	14.7023780762497	14.68845998113	14.7249690284777	14.6537986615235	14.5825696634419	14.8119670585862	14.5162401744953	14.5389518115141	14.2449206002905	14.3422440609402	14.5113863675517	14.5012737732662
M913.4668T1110.75	11.8751907255547	12.5259019985438	11.5720188377337	9.90057393968439	11.5362496345686	11.7633747435765	10.4369725800306	11.9859281787783	11.5287585245262	11.8931286079396	10.1519454999894	10.5013097969934	11.8811338455277	7.88244724547785	7.11642918008182	10.156005123353	11.9509070590984	10.5628179554022	12.2330407571284	11.6952453992171	12.448631419723	12.6982696535745	12.6731231624294	8.25023203775268	9.08626027615979	11.2125949954124	12.7959936606802	12.2296314903893	11.9555219966796	10.3115282967311	10.245893198122	11.9861580847711	10.8982527379148	11.8030605058731	11.49611734905	10.4419572746977	11.8085445626807	12.3986158561409	8.49563935942871	11.8688208643827	10.7060355385505	8.81525180298081
M913.7159T455.43_1	13.8587327749516	14.2485051437904	14.1567278392104	14.3052833974611	14.1487882434425	14.1310387694414	14.5182575846709	14.305339602703	14.1184787084846	14.1402909725785	14.1597036486198	14.1185380541006	14.1694850389915	14.2904623520435	13.0729274717299	13.7642835142465	14.0592172565215	14.4537507686305	14.0202251533408	13.9617686253347	13.6884936629484	13.5639020763166	14.0248066841541	14.2850262074519	14.0979329954203	14.3444482352895	14.2869902292294	13.1964186972465	13.7642425231492	13.7465466949166	14.0060501009322	14.2279132184866	14.2015029644016	13.949494427034	14.2106465405522	14.2542668635851	14.128293318902	14.1592553473829	13.9514200918866	14.0868590426021	13.9551920652658	14.1323591442848
M913.9672T455.47_2	12.8754644632082	13.3833126416768	13.4332443894822	13.5946750586175	13.3878708777862	13.8976787700261	13.7205070465554	13.5376071642708	13.0385320645125	13.0212663072402	13.4583497257805	12.9844918130616	13.6845139806487	13.3956191834466	12.6088444627026	13.0035943796654	13.4497177561159	13.7941863456118	12.9886672680584	13.8463962856444	13.2029691453171	12.9868733056847	13.4635261531863	13.6099075105259	13.4591882943169	13.414742696462	13.617423907588	12.6401993343619	13.4949743225307	13.0192624361695	13.2266944747192	13.2616127612183	13.7318895409677	13.3370337617693	13.2018136164221	13.9461670601602	13.3538521457817	12.9097102099141	12.8204346051772	13.0870316248488	13.7257480794539	13.7878466902052
M915.4826T1173.63	11.7401910897144	12.8811877825314	12.4877096869769	11.2554244737804	11.9089896982248	12.1121014008159	11.3365683062438	12.6308856522716	11.3854846807522	12.2389462886124	9.70633841183282	11.7642340214743	11.7928279432437	9.12656667075048	0	8.91792306917084	11.5943821042006	11.5968425266704	12.5622088651846	12.6521945754688	13.0355259943828	12.7273255081363	12.8042185029787	8.41694775268267	10.1149606408892	12.3993304830751	13.0635187859246	12.574624173356	12.8818526770325	10.7092672192174	10.6379668207827	12.5733151292891	12.160697151221	12.8187654209446	12.2042452287248	11.3766311809503	11.0014863088886	13.5912183326804	9.21038888557805	12.6212561483399	11.268952145492	11.3445129712047
M917.4595T1042.78	10.1405317146381	10.3743899526699	10.3051763186324	11.5026706467073	10.9519899803079	11.3491492487721	10.937544616916	10.2731943179683	9.41611043365693	10.9793963930682	8.80416160863014	11.2251801328886	10.4176880468881	9.6909576076249	7.58086073247846	9.78261633988807	11.2596606711908	11.4571610460455	10.1386370635164	10.1837767401883	10.4348906053629	10.7315227589143	11.1633236030385	11.4959451640303	11.6255071162313	11.2982076051681	10.4932116903334	10.4994445642752	9.86323868570017	7.54666179337926	9.82636883904107	11.2074829040718	9.16942539294285	10.6006600398291	11.2306110372461	11.3867656466441	10.1093671809435	11.1539706187304	11.3140973559361	10.0029952927109	10.5371798194787	11.1603711108211
M918.3512T404.26	12.278586507319	12.0048627935569	11.860000685367	11.3378057170297	13.2620901138548	12.8475340393863	11.8214531175839	11.8308375560261	12.7631684172411	11.9237322388318	11.8500448798542	12.6240044516585	12.8093400147914	12.2806340273665	12.7212246186819	12.9857281821232	12.9959310265561	12.6152701651466	13.1154638506552	13.0094733807607	11.6365191713347	12.3940332158802	12.6369075270922	11.5317111419286	12.9028772854795	12.2401191182557	12.7448398171569	12.6063356358105	12.8279241887934	11.5564835843144	12.304355989063	12.4537209268951	12.675821003822	12.7019764908613	12.1968122653838	12.3218684951418	12.0686373644335	11.5080699150408	12.2196649132603	11.8661192066597	12.4105938892321	11.7448248102053
M918.6853T404.14_1	13.1190775272401	12.7279599413995	12.7037722447126	12.1998456280951	13.4116479512195	13.3561317075646	12.6691839135035	12.4619701767738	13.4611592518453	13.1580729712489	12.9443764560654	12.9234930459603	13.0964691223139	12.8928433505597	13.4290146493006	13.7464249537922	13.3914459715736	13.0001869764771	13.0533658215907	13.5596413434117	12.1786699919784	13.1273758951492	13.1115188622576	11.9870801036082	13.468002455983	12.7909508447938	13.1317822916033	13.2382697559927	13.4506560511597	12.1589538443381	13.0792550934466	13.2481999350798	12.7834304390783	12.6244027158031	13.0241777320958	12.6116442040265	12.2184233678269	12.2554156014261	12.9225702173164	12.589511132319	12.7899077296301	11.988974662859
M919.0188T404.23_2	12.9018934850167	12.2744589294812	12.7550189969621	12.4138585802894	13.3676078553037	13.0247340118951	12.2534713782167	12.377360037685	13.1909959743908	13.3182088976694	12.7118232776242	12.7105310640519	13.5368062491231	12.6312041632509	13.127513442441	13.6229039411412	13.5050499931334	13.0331531699838	13.0439374183268	13.449609599399	12.4350684296094	13.1430573136026	12.8196942020973	12.09021609685	13.4586883638167	12.9134979716545	13.025839756815	13.0929780257631	13.5284056326847	12.2196625503463	12.9745102501112	13.2168076112817	13.1665696916561	12.8086349558698	12.7887791133016	12.803979944109	12.1640476116778	11.8777404204832	12.7223458579371	12.7377121154784	12.6376994593245	12.464304682576
M919.3521T404.2_3	12.5515237010576	12.1569034054775	12.230190928083	11.5799392259398	13.0622487636417	12.888125000439	12.0271132859676	12.1545592260076	12.9930933365288	12.6427767586519	12.4516091461345	11.9261297761948	12.8446420759373	12.3447987885598	13.0400128364909	13.0173278349873	12.9809129033919	10.1371667686364	12.4549515958554	13.2019992927603	11.8021854618198	12.5688328358607	12.300676883192	11.3372015030836	13.1230931564864	12.1400134157941	12.8065171289559	12.5861052890131	12.8908855685632	11.9084191936281	12.2307390755813	12.8077230983884	12.6499709439855	12.0578951276562	12.3429448379421	12.3921449296256	11.8980107804949	11.3253103697262	12.4703506072711	12.0700967399408	12.2350634977795	12.1019446053693
M919.6857T404.27	11.6020100709827	11.1636064347157	11.3439735892602	10.4592080686727	12.0175110590002	12.1058905056445	10.9979734833177	11.0309857393471	12.2217213669258	11.6521864370593	11.6664971346275	10.7113682203978	12.1818932069251	12.0159272966451	12.0258956748093	12.8410166331688	12.2313503742562	11.629583938563	11.6811078033803	12.0884136966363	9.91091686896362	11.4689178729363	12.0575517509361	10.5749430422177	12.2075058569645	11.240713022896	11.7164887115212	11.8853593539955	12.1915318208775	10.9725438512103	10.8371947884593	11.7191686750554	10.6223175721274	11.2966176029703	11.6932190660351	11.3519714400014	11.0728878272554	10.3869309583388	11.4839363077765	11.4140225065853	11.4614057935785	10.82880338082
M927.3763T326.02	13.1453471303256	12.9040265521026	13.9485788947138	13.9179507467195	13.6890510670344	13.1920072669704	13.7739021860758	14.2979304131746	13.8062040684652	15.0038867391579	13.7748777493847	13.7161282398075	13.6838827891747	13.1258698407102	13.2410273954963	13.5763105758802	10.5891018667459	11.746040576979	13.5818245782356	13.5927978666818	12.2000881100737	11.0245032795228	13.1386547714643	12.8164985819037	13.9794314808701	12.4263320396367	14.105515844477	14.0849399159689	13.7352375686703	14.0584086552027	14.6834907832619	14.726353327936	13.6781392354779	14.8712914246837	13.6058003385211	12.7040510896346	13.7608082452648	13.4108525340917	13.7876655437361	13.4241500427581	11.494202582354	13.4067615606776
M927.878T325.91	13.2209984120532	13.087165378608	13.8969470989888	13.9603921335259	13.2842382370404	13.1556203261876	13.3629923452385	14.3207901289037	13.9468253437743	13.1689300274336	13.9828256863022	12.6098891858096	13.582371776581	13.0230007815124	13.141999008526	12.8887414228407	10.3649435262604	8.12415696215637	12.6912870230954	13.3927416441291	12.2227229611497	10.6765107155411	12.8274842589042	12.1724923791236	13.9319538942771	12.2966574357127	14.1021145873671	14.0243690450824	13.7714810941968	14.0905810805347	14.5360901207725	14.9451743553329	13.7113770118738	14.4155059076826	13.592620784728	12.6108741906081	13.1151878680697	13.5351791896873	13.6785408819916	13.2504854536137	11.5761728415191	13.251242249163
M928.4133T1029.49	11.2449373546547	10.3563849884442	10.2960724436855	10.5072549996737	11.0071173944948	11.0980062618932	10.736453694123	11.2175074926462	11.4283190986633	8.5883047033452	11.1364952337474	9.35558382910094	10.9818693433922	10.7056570420533	10.0210704928243	10.0967986681646	10.932645979174	10.992082227558	10.8096136732382	11.5907621457947	11.0154084008634	11.2058991389125	11.5699717756005	9.33335091736567	10.6942124621832	11.4531048804285	11.1688845491977	11.5118001111375	11.1309737510008	10.6629896998836	10.4851043451883	10.6510323919977	10.8938527372865	11.1111119006862	10.2936339759858	11.2070388323033	11.0592083494538	11.4818737427263	10.7456843370408	10.8865071855661	11.3138777806333	11.5430509807986
M929.4913T369	11.512826603687	11.8536643542858	12.4227183662909	12.8441749334854	11.4663693005043	11.498545665696	11.7728496223247	11.7746970355547	11.2212661089321	11.8285591996018	11.6443120539236	12.0935525939716	11.5895674749737	11.4327977151452	12.6842067608582	12.8872465396448	10.0251022603828	11.5762018690619	12.4179273970199	12.4001065331166	12.0552387892818	11.5364114159854	12.3309252916613	12.5823691252458	13.1622365889941	11.9097116627737	13.0788304447905	12.8599930463267	13.26000740467	12.3795108920159	13.1757451754749	13.1914233518858	12.6440225414862	12.9322164830622	12.9985205389908	11.0418136580589	12.3682959894863	12.0309385665901	13.2339154599621	11.6597508178885	11.6938523629521	12.4614299448967
M929.8253T368.92_1	12.1949538610967	12.5803999921565	12.5719477820971	13.5279111913755	12.6201639706083	11.7089940188794	12.6925955897653	11.9819493620168	12.3873357095004	12.7434295169797	12.2783506105084	12.4586646425768	12.3874622970232	12.1921085570084	12.9551662878438	13.4650100236787	11.8035965117921	11.8343342391817	13.1309142711775	13.2281756258438	12.8401784082146	12.0600617764101	12.9920369655932	13.0590855099682	13.7233087899355	12.5696969416418	13.6932574265539	13.5658256520949	13.8979761119335	12.8893366721904	13.7740336530382	13.623047919664	13.1623326075427	13.6000608915586	13.5466354235369	12.0677640847183	12.8944118175558	12.9879111964614	13.4759963233336	11.9483854604577	11.5864564443106	13.170481777425
M929.8263T43.25	14.1889901329981	14.5044893881917	14.4365736429267	14.4875223008672	13.7876435106171	13.9461039282603	12.7131970565134	13.7483232170548	14.4326719079727	12.2968418420335	14.219287577222	12.9131516962948	13.7398625428462	13.5481932501826	14.16219524086	14.2999477971534	14.4265672278578	14.5898541116757	13.9423885021285	14.3817167127566	14.4719131323837	14.4381048997141	14.1823232983112	10.2467194957848	13.6547452863348	14.333970266223	13.4863039123793	14.2008512893945	14.5594259433625	13.9521670736278	13.7823709948231	14.4267167673138	14.4503643759684	14.6101090108214	14.2421001174148	14.4987456422078	13.6120854405486	14.3373727439681	14.0602670346969	13.9054238930084	14.5305128707677	14.3998693774614
M930.1596T368.98_2	11.385321708102	11.8206583663543	12.3576039168758	12.7835431029983	12.0708039170834	11.6654922175419	12.5188509308837	12.0851283627132	11.226555545693	12.0848243799623	12.0639102972626	12.4788615944589	12.1059220883314	11.1190155976663	12.618662925321	13.0318574463378	10.9645229094539	11.4152164111231	12.6473651885287	12.6000251655207	12.3071604351566	11.0911898027268	12.7206337495484	12.8318742866825	13.3068758880033	12.2983456718883	13.5488145711174	13.1733278701675	13.5079825032803	12.2907683548046	13.2396068832297	13.344633558165	12.9458917250977	13.1999326377327	13.3054901166423	12.1410120061253	12.0903916066062	12.6403829681663	13.0982476578747	11.7573197149664	11.5644553290144	12.8403055438871
M930.972T447.25_5	14.4388167633662	13.310916524121	14.8843097032016	13.3856651834738	15.1207088384108	14.7909962194955	15.0331153603754	14.864390916021	15.2563426233951	14.9097842873108	14.3706281985086	15.4468000597075	15.9729587434616	15.3202301418955	14.8265391272804	13.903092614162	14.5727791214516	12.0590824714025	14.7040739274122	15.0888622558485	14.789120999423	14.7994685096185	15.2528099764362	15.6337011282214	15.5220816885262	15.8077467054698	14.5368281709283	15.027624528513	15.1925502027558	13.1640322062573	12.5721408358597	14.7707919032957	15.2081994921732	15.322360598404	14.3575027133401	13.1934917728915	13.7302553399437	15.6894363747412	13.82466813248	15.2952704584658	14.9074635224271	13.2288709281989
M931.8735T440.01	13.7276909750484	12.7961637665034	11.6984325283473	13.9133091836173	13.827950358055	13.5821173618345	12.664186815505	15.0785689224685	12.5335919330416	15.0390679140277	12.7158113800463	13.9138362653412	14.1710085024795	13.4611964120173	11.8936952991079	13.2135378424507	11.825084530394	10.5591857725885	14.8812069619677	15.7776082803859	15.5872322904431	15.3002042893092	15.5278053255275	13.8918617612685	12.8006346581761	15.0457221197828	13.6179272246193	15.1504231405539	14.4233202397991	12.011267247963	10.6192842894701	12.616743056196	13.0693157727103	13.8299963143711	12.0035832517248	11.957380807706	11.262131013555	13.8789327330769	12.9198107288156	13.8371287216776	13.2633008646191	12.0626091319569
M937.2448T308.1_1	13.4171145601858	11.5620160616286	11.2813039588988	12.5725375323677	12.9153938884246	11.3397635444797	12.7194308799185	12.0945302736748	11.3686145237584	12.0330779245536	12.3616331217547	11.7957683990893	9.25390185809941	14.5537043120391	12.182847476787	12.7070853506139	13.7354730913496	14.0244010160209	12.5442998970213	11.9672594819041	14.4313607483232	14.2465789746917	14.0382361466669	9.53158680166898	11.6188198077658	13.3622020986385	11.307346563576	11.9965025715716	10.860969696467	9.147621001021	11.8896900276686	12.5311720521984	12.2257352169862	10.944130777331	11.1907033706783	12.9709416567428	12.9552231132115	11.5346022728247	12.3467177376865	12.9398757271272	13.2735416628394	10.9373360420513
M937.4452T308.1_2	13.6535553454599	12.3001402480378	11.6932517611653	13.2664611116038	13.5150654780906	12.1151435472421	12.7821767513867	12.3142243399288	12.0248822373392	12.4294583021137	12.6881780679288	11.7326374997535	8.99442346858081	14.4785612347415	12.4238628466675	12.9043575505672	14.3719242241316	14.6187020581345	12.7497203563691	12.6480640484512	14.7450097931044	14.7650902806468	14.5174952393426	11.1282863558439	12.2370930575497	13.6177004107878	11.5137274955246	12.2084151572988	11.3869493302353	8.15468156513967	11.9845958823852	13.2454370771448	13.240216453059	10.6369505214811	11.7945734412735	13.59038518233	13.7628661033026	12.030413723319	12.5089991329399	12.9938930570706	13.6417031525407	11.5266534544364
M937.6456T308.06	13.313578855844	11.9150250947452	11.3161090311549	13.2108642209205	13.2319732598605	11.4888810357364	12.8425574970591	12.3514310364878	11.5134489111563	11.9963596607477	12.5629633887768	11.546015284286	9.92451313473166	14.8796899608949	12.60702547344	13.2107435644919	14.1385192183696	14.1360446847368	11.8314883620904	12.2545504006461	14.562426635535	14.5824002922636	14.7689013004781	10.3518259366985	12.1717400916647	13.2389566990843	11.4728707140057	12.448057238068	10.1724847939382	9.60012348446641	10.9789574432597	12.8516230274579	12.6151704728502	11.3847298953372	11.9540041207605	13.0616916656152	13.6494244895477	12.0802989571915	12.1065044281422	13.3442965090436	13.3251066542543	11.3497890004565
M938.9413T43.36	15.1395437339161	14.7345569457165	14.6203150567349	14.5001370457029	15.1872597118364	15.4342504695531	14.2206212792814	15.179689908504	14.4568036340085	15.3268376539921	13.8086650862227	14.432954806392	14.8040264366693	15.1492720859133	15.1532778768244	15.2772863556828	15.4118816450669	14.5515031951099	14.2824986405561	14.806579151911	14.6155771263573	14.9057163050429	13.9057854524546	14.6295519013315	14.662390200796	14.3189641364803	15.0802045136105	15.3367571247824	14.3863837682778	14.6701492084021	15.1865666854302	14.3333155424372	14.247780012236	15.0223128103146	14.3032778842678	14.120049350854	14.718527397066	14.1916538701553	14.2524467075385	15.1580261676532	14.2068791079856	14.6411866352412
M939.6002T869.28	15.5024174556571	15.3958787010029	14.1581973187588	15.0736819044749	15.2353806375585	15.8325308624111	14.7041292888924	15.0327625082316	16.0169260604356	15.4562326905498	14.9992048470585	15.4229470243225	15.3245758672393	14.7247892869815	13.9569291183637	14.0839225974114	15.5106544625463	15.0151235982279	15.2744935348223	15.9812754565805	15.796117017238	16.4283800683198	15.6590225701621	14.4295231147578	14.756201980099	15.7231105921102	15.7965580726217	15.8248511687686	16.1818761950102	14.2545301251059	15.1972451920376	15.1569867323168	14.7344895478301	14.9644296200045	14.2902199360937	15.5767403045191	15.6882534633379	15.9929873997621	15.1414475312873	15.016016466774	14.9718269820211	16.0836583433151
M946.3779T446.86_1	15.179710783513	13.9861095658088	13.5932105501497	12.8791784480222	15.5999396741015	15.8694179271665	14.0649321173479	15.5846479160109	15.1352799471541	15.1180434194887	14.6243966092581	15.045385010662	16.4085988617451	15.5215839387047	14.9078496338499	14.7580728301888	15.4867973396047	13.688053375284	15.7217415575098	15.9663197033489	15.0994976776973	15.9041097144503	15.0499360121197	16.2658116544451	14.9002002685997	15.4925500949971	15.8999187647082	15.5354325187629	15.4790611127966	13.189958769207	13.9643267233798	13.9987879590164	15.1921223173487	14.7719708743485	14.3658264698808	14.4899598345789	14.2038160260862	15.2337451604061	13.5142675289349	15.809248316114	14.8741878413301	12.1785539073469
M946.4362T1042.86	11.4920165307573	11.4277187229955	12.1133039793854	12.575565370405	11.9164348519128	12.0464299473201	11.7705974546622	11.6601961257118	10.614355167391	11.8571800343659	11.8404602284313	11.2966700461123	11.8109380032126	10.9572396423206	10.7746798280181	10.6137886003154	12.0171623506675	11.9972741016376	11.029283788625	12.1868238293578	11.9358043360535	11.6092470325294	12.2628389059739	12.3690804745895	12.4484754634581	12.2239307262131	11.7811826502846	11.5517680951662	11.5798898580155	10.7220220562834	10.7564445097691	12.5046147598361	12.1480396560433	11.4640496067065	12.1630936626983	11.7531414709871	12.2311145801986	12.1944363375029	12.2715650487336	11.1269010541537	12.0313728985275	12.0982487637062
M946.477T447.14_2	16.2048456351222	15.0764795117797	15.0122972051556	13.6595431802563	15.5034013380752	16.6697404452178	14.5922448153573	15.7249851517712	14.3978824404412	14.520514041478	14.1562598571481	14.2957727790396	16.4443259147901	15.9622842676167	15.0864579499357	15.446534135158	15.6026777123484	13.998332389996	15.5569258653095	16.1281016652529	15.1703629832943	15.6131577057154	15.0981803451721	16.2712111470224	15.1106246745867	16.0744217302599	16.2757282247414	16.0810457570324	15.9844071848751	13.8866013119283	14.7054123196227	14.397030235178	15.5753247403975	15.3634091079176	14.604279999176	14.8607347264949	13.3700221815389	15.4250675061477	13.7413755472318	15.4392967292164	15.3769376988473	13.7737882346072
M946.577T446.86_1	15.3205701694257	15.6619729239015	13.7562856683748	13.8349822147959	15.7135833275695	16.7145744075863	14.353033363137	15.5405555224882	15.1076131432591	15.4133002324438	13.9013980450519	12.991808233889	16.2447734621344	15.8452572689819	14.8799190190129	14.9543673254291	15.6816232752752	13.7838845914346	15.848006608436	16.3014382665559	14.8731939381719	15.1620042437393	15.0237686251115	15.4710457500824	14.99580180679	15.7946085992163	15.828455498642	15.7010732850185	15.1540028160213	12.9752631516188	14.3608892949699	13.7143782579756	14.2457115551577	15.3263191529863	14.6468923245468	13.7135040887022	13.7349076501523	14.9024151541412	12.1584491157083	15.8698659316434	15.396428000354	14.5813133561967
M946.6787T447.04_2	15.7431233191338	15.0580523879442	13.9246416646479	14.1854014611368	15.4267563224352	16.4947930286801	13.6568467726069	14.9037982030184	14.9327430834875	14.7848036842288	14.6962740783178	14.609257202129	16.1304863996384	15.3824477840458	14.2742167474547	15.0746108581094	14.9922559377407	14.3725336838001	15.5007021489	15.901447940603	14.5346554583037	15.0146027047885	14.6406253213509	15.950724024388	14.7873754641922	15.3686290051921	15.9025664237442	15.930732586165	16.0749169360536	13.5057982736234	13.1582957394332	14.4825981993113	15.7290552142706	15.0292506610529	14.3116094908582	14.2602105520315	13.0643834901755	15.1165281708175	12.0525626859638	15.6173030519068	15.038962692971	14.2351386271012
M946.7785T447.02_3	15.2867026631365	14.2604352379054	13.8953738966398	13.5656293628561	15.3468859811586	15.9649750672656	13.854153772992	14.617261263986	14.7653936828975	15.0945305295624	12.0937568203533	14.3138185870802	15.9636052739205	15.7118266282112	13.6520639138597	14.6393336513382	14.8609270806836	10.7244912690282	14.7681023635433	14.4580291199911	13.4922197340368	15.463335674201	14.3577121786344	14.6738074654373	14.5924306860689	14.9557499305236	15.3592660057711	15.4894419136917	14.8818169978807	12.0394243853819	12.866171689538	13.6419599452387	13.9598349067537	13.0827564112863	14.4621890269447	12.6207346401521	13.7296396619981	14.8867596544597	10.8706604998835	15.2622260892633	13.9836866424211	13.3085481976208
M947.9119T456.92_1	13.8602006923215	14.0796062268671	13.385874282526	13.9022405225175	14.3159788131562	13.6862057653657	13.7193734189358	14.147280991069	13.5816504319751	14.183195116745	12.2726689434287	13.7364631167006	14.0017995290303	14.4495496854236	13.2435227356072	13.3647376178729	13.4643754670787	12.7976995769901	13.9060513540499	13.9133034880838	13.1327612485736	13.8871731022483	13.999251934621	13.7338352161777	13.7464887781553	14.5034879360567	13.5583963007139	14.2611598176402	14.2525190743534	12.4445059648551	12.8236919844837	13.9406523765021	13.8453104796523	14.3014283755743	13.5006637185468	11.9040981683164	12.4131411016336	14.1449587728129	13.0003595199642	14.2963792171682	13.7370376865994	10.8955184965212
M948.0232T457.19_2	15.2676905415811	14.9401634476602	14.8416255821083	15.0171172202274	15.0281734368784	15.1132457132715	15.2406002914724	15.2104631620949	14.9863706309033	15.7249462512307	14.1471999212143	15.2400948023144	15.111014439922	15.2776935062085	14.4367936244352	14.375859488399	14.5061797284239	13.829423280148	15.2925036002671	15.442956077859	14.3216747635093	15.4997845474893	15.4372449291742	15.0113266641176	15.2355227560186	15.7864987095577	14.8454955698769	15.3829558156524	15.476436502868	13.8929266515169	14.0600047566644	15.4511779430437	15.2175239699146	15.3728662761656	14.8109214112289	13.7593775004314	14.2953837112361	15.6357823637646	14.5193721293537	15.4558353295807	14.9639390696165	13.5859773587518
M948.1349T457.11_3	15.8100488501531	15.9892590007829	15.7418453149638	15.7766925713494	15.7636980328277	15.9883674358866	15.7819211865987	16.0058899264956	15.680356987353	15.6887274827594	15.3142179129717	15.4076294771589	15.9443144627024	16.1198661443116	15.4615249972269	15.1955508832522	15.2188718199981	14.9244388391214	15.7000839726696	16.2139445167436	14.987576231116	15.9635528659755	16.0290724339905	15.8246700523814	15.7191839542982	16.5268230058741	15.8002851661794	15.8114173509317	16.0812679146605	14.7640359649819	14.6996176296814	16.2175189362744	15.9696595039623	15.9740991550027	15.2898107941937	14.8071419308337	15.2726122706936	16.3074750948927	15.2041655142382	16.1862459465368	15.5494144882566	15.1645439939267
M948.2459T457.44_4	16.3690370441588	15.9992900530422	16.2838732555694	16.0924597954931	15.8972159897656	16.3563521129277	16.4261617881454	16.3447993140757	16.0505707982196	16.4898026111001	15.4118328189909	15.7124352878999	16.254035025805	16.5896436856266	15.7504133837689	15.5975032193882	15.5325250954427	15.0335768414778	15.5717944630489	16.6725714446642	15.5967885549402	16.2358964437526	16.7838099271106	16.437458042497	16.3075313155773	16.9583597330999	16.4589148996515	16.0119116112607	16.5911346477233	14.9426360063252	15.4892444226645	16.2974937891353	16.5251361372164	16.2047602629061	15.8172464107566	14.985094173374	15.1649173414092	16.9480263865652	15.3999663227027	16.6176228903547	16.224552099973	15.4260909133146
M948.3569T457.57	16.2346057405823	15.0392464716462	16.412046517334	16.3610096658062	16.3746812405255	16.3838165831244	16.3492912401179	16.5616811908068	16.5713063588449	16.2564946098826	15.4693960631712	16.1525430582303	16.5013403160175	16.7024542129554	15.693409145519	15.8855571314948	15.7958480034641	15.3011506964644	16.1745482904707	16.65530762457	15.5515415018609	16.3059645195881	16.7139090090848	16.8269090579904	16.5003081950406	17.0083381973566	15.9902578171605	16.33779826151	16.5784391589309	14.9257969813927	15.5287883324008	16.5596583168823	16.3334428685652	16.2406639318074	16.3341053405834	14.8928472265553	15.2906995870535	16.623641257335	15.9930372042781	16.6869600121919	16.2465140673815	15.2273052348266
M948.4682T457.3_5	15.976158193153	16.263868568269	16.160069657289	16.0003453459335	16.1695247801285	15.9959208554601	16.0732468938939	16.2455341809078	15.9153251286262	16.0150209005409	15.2504832327904	15.9233108935129	16.3688922684214	16.2719702557282	15.3503726740008	15.4048020871515	15.6612604252258	15.0527220398358	16.0175658944669	16.6971481390356	15.6659415665062	16.391904126651	16.3117963650312	16.2370125070178	16.0757790734929	16.7080650375321	16.188182912788	15.99866326448	16.5344012783858	14.9607369034066	15.4439146733795	16.0276574246229	16.122854121143	16.27828754674	15.8847254108014	15.1121412460698	15.4156281648436	16.6355349612788	15.4998553064757	16.4430164379114	16.0516846851842	15.0109123377501
M948.5796T457.26_1	15.7237005403804	15.977546514598	15.690414731346	15.6430324275646	15.6844682375018	15.7382112795806	16.0209265632236	15.7832464725079	15.5175912956524	15.9227943412301	14.6897012183757	15.4304595105488	15.4980655964654	15.9035803140056	14.7445808989267	15.3879153089372	15.285463831321	14.7660935513791	15.8126831325308	16.0690664801617	14.8652494594675	15.9211324873874	16.2704899289622	15.7282368047175	15.3875207898829	16.3272552477867	15.4716515143705	15.7626384853708	16.0592723734309	14.3288712678308	14.5826563676178	15.8045517852033	15.9317858924123	16.1084851075177	15.3814102748535	14.0805313611266	14.9241026520755	16.383923175477	14.927464316959	16.1827781346111	15.4382292077685	14.6702624654235
M948.6912T456.98_2	15.3818032549028	15.5847906053456	15.0048983911362	15.1626483060051	15.4255873246808	15.3350308114787	15.4758950761129	15.164163335694	15.1773421361852	15.1754098632776	14.5688160447698	14.8721760196698	15.2613394516469	15.4512845810728	14.6008709345232	14.612973189453	14.8660827060678	14.1411768800707	15.3260140615548	15.3359331495594	14.5808346304292	15.5877247073078	15.6799852567153	15.2543888640191	15.175768721687	16.0008199520735	14.9525767700378	15.1228390770018	15.2460668434083	13.6727102690943	14.6081320394121	15.5845878859377	15.1748718419245	15.3965935614184	15.069246728391	15.0742397944178	14.6148773747122	15.7858128609689	14.3839335394405	15.5302058985749	14.8642974204365	13.8111772342922
M948.8029T457.05_3	14.4868390135181	14.6265975575204	14.3858529612469	14.4697551696123	14.8453981857368	14.3707190800013	14.4991107311354	14.5581675002524	14.3340907025496	15.0187070740616	13.5238182039512	14.4051682959224	14.7864030009641	14.7652897613463	13.9112517348919	14.4484570893192	13.8964078253744	13.123646853136	14.7441721281312	15.0867782441545	13.8925737262703	14.867482644292	14.9550063434001	14.7802743640504	14.5842077031879	14.7636802510889	14.4620723961678	14.7693413947083	14.9808474796934	13.2370313130989	13.8671609788762	14.6711419979922	14.6483303315811	15.0510008997408	13.9791346535607	12.7192907413765	14.4290695233954	15.0470586738574	13.627264324771	14.908915915273	14.3184430935045	13.321583813171
M948.9147T457.04_4	13.6362062498264	13.5162935572719	13.330932802579	13.5889197353373	14.0216209859158	13.8828727969814	13.8817071650661	13.8189577822986	13.8288673556053	13.8978223090553	13.4954100493213	13.4018911463834	13.9211186900933	14.4187558981551	12.912746165945	13.1678691842681	13.2966481176025	10.2985004996633	13.6005062357909	14.3834189946701	12.9384244646322	13.7518161594158	14.0979832934886	13.9649225576375	14.0652564792274	14.548252709658	13.3109438002852	13.9314063130758	14.6669742948473	12.624413000698	11.924828981922	14.1211468717179	13.9471863668208	13.9809793653283	13.4314533878558	12.5398828878289	12.9051774051909	14.3435613920216	11.3664623799646	14.0561410110103	13.2615949979356	12.3355712189923
M955.9164T455.67_1	13.8970593303416	14.3805172631294	14.4109389328685	14.1190784166685	13.7168515570164	13.4039938325837	14.5404370637121	14.3368268082072	14.080529572858	14.250725348701	13.0179620681947	14.0922441285723	14.2350491876415	14.2545914629862	13.3830630009349	13.1564227449167	12.7663695627335	12.069235212745	13.2490392309324	14.0612068984464	14.1953095473731	14.0722728177595	14.8065412241812	13.9937806478185	14.3719325468035	15.3304879300696	12.8937850333941	13.673020324457	14.75718620848	12.8830958821013	13.4056855932531	14.6351058864367	14.1583216814862	14.2727705339155	13.7259848245263	12.3316591266235	13.122216889868	14.772736590932	13.3214877132814	14.7712546393091	13.7792812395874	12.3129482210887
M956.0283T455.79_2	14.6498746594982	14.8537623653948	15.4120300284967	14.4904751187186	14.6571269830996	14.6129973786301	15.3357698648197	15.1007511044264	14.2618798198409	14.4791697543749	14.3708176318604	14.3155925378647	14.7950710249764	14.84345782553	13.7156578334765	14.2835933016595	14.181021604272	13.0006318301108	14.3177818787181	15.1159440264312	15.2738804031973	15.161623899477	15.5970759573268	15.0099702023648	15.1022892371723	15.6087420269304	14.2207724969831	14.4064716450826	15.3329697140541	13.6656415083633	13.8305116464697	15.4213174347124	15.4402397781673	14.935267871415	14.1944268483849	12.9678941220245	13.8445311372333	15.7280540761811	13.6970154138765	15.1676691978227	14.6042727314463	12.3026635589864
M956.1396T455.68_3	15.0307982350135	15.2994562139636	15.6554075152886	14.9542917615866	14.6577793672336	14.6751814148235	15.7960969034059	15.6394986271786	14.9168052494146	14.8702084520352	14.6650895285762	14.6201151952762	15.0955963025395	15.2537437456947	14.3310937091273	14.5152571596188	14.3514087961132	13.3450384822038	14.5995356297231	15.1792490734251	15.4534721788347	15.3183360521793	15.6141940442158	15.1490667669942	15.5896163740176	16.2820792053168	14.5916170483814	15.0711069924012	15.8656274734089	13.8642008025785	14.5271729822856	16.1642540213032	14.8721381712971	15.1899611359239	15.0753094196744	12.4902099030374	13.8749798855392	15.905418163142	14.0381872289998	15.7197069623697	14.7257988884796	12.3349079039489
M956.2507T455.81_4	14.8112520152252	15.3176883403009	15.7483138491437	14.9195886146886	15.0410803736407	14.635416151313	15.2831593428389	15.3384243440252	14.852388076325	14.9781386311025	14.1959966993975	13.9939959362336	15.1265793421202	15.1557217283731	14.3239616758155	14.9417407272658	14.134826244167	13.1931799482009	14.871331445853	15.3377255871665	15.564370398186	15.4285055167377	15.6544635323582	15.4229681057711	15.6223646271538	16.2829235844493	14.2994727877583	15.1778425266974	15.9445229036135	13.8118451792026	13.9683830031948	15.9728672590597	15.6748542340237	15.5049239462685	14.8425318288263	13.9232182487819	14.623546864757	15.917534840833	14.0699631963543	15.2123137757801	14.9173956120599	13.4017387804822
M956.3616T455.81_5	15.0307494063659	15.3011844054613	15.2960275960824	15.1480980419936	14.7297384708143	14.5976197951587	15.5702710297731	14.9105165042192	15.1809634592358	15.278137641746	14.3236815113001	14.7602858181996	14.9892114859937	14.9377848023886	14.0356009984057	14.0455236655063	14.3148944079444	13.3275022738684	14.8473482674128	15.0604603596117	15.1004794110132	15.1590408779186	15.7472408608512	15.1624104637178	15.4550187018166	15.9094770780337	14.1816316172071	14.6976148166019	15.5912587533692	14.0545962784839	13.8349301501285	15.5589020177879	15.3810523671751	15.4121539497067	14.6462269522023	12.5731191168689	13.9292632077366	15.7451978503601	13.9579088548478	14.9310621496042	14.804292257241	12.8445271736144
M956.4736T455.89_6	14.2815547123699	14.9017173683531	15.1989564120959	14.9104363730937	14.2023404622216	14.3705157101608	15.4376719748329	14.4295520697873	14.2537733961744	14.9554738906373	13.365744379329	14.3256022090968	14.5474100967422	14.8667035709744	13.5782438401201	14.3554410737897	13.7409210837698	12.6890204581845	14.410761938381	14.9814347675218	15.0188483319541	15.0362495416756	15.6291255218097	15.1746034074611	14.9419525968928	15.7956677359488	14.6271771961689	14.4514353542311	15.1148987878036	13.2928442105441	14.9339239235784	15.1859355683979	14.8505697476513	14.9262027467176	14.0605885728386	12.6645888010652	13.6920899531757	15.4558233634431	13.9082055690973	15.1613730938622	14.3956690427174	12.8898826603155
M956.5848T455.88_1	13.9959553177049	14.6303641752081	15.2490498089262	14.252541794202	13.9853704971719	13.5347474550181	14.3882961617074	14.3050883728361	13.8022236843408	14.237275945209	13.4720382654679	13.6526556440616	14.3720268023788	14.0250425433762	13.6956427579517	13.027770362057	13.805775824285	13.0349936123054	13.5029794904886	14.3807249953926	14.2597263264012	14.3929962416493	14.407868172122	14.5087742067271	14.6890347095611	15.4125901561328	14.0337621444146	14.1591409388029	14.8093852858225	12.6500481628239	13.4305725535562	15.468760312183	14.6222815140306	14.3732212798795	13.8952082758361	12.5281797137442	13.0336509175532	15.2470983836622	12.8720747267491	14.4539398533048	14.1403841918427	11.6158541423178
M956.6392T368.95_1	14.1600567125931	13.056702872908	13.1942418099582	13.9117750254467	14.1448614063955	14.111064104275	13.1041460210966	14.0727152914846	13.6016798373541	14.3053921238128	14.1982186051415	13.1646054927698	14.5702580641647	13.5890754044564	12.1482659421978	12.9487104754025	7.92920111164818	9.28132766309014	11.374316234017	12.4562953571115	12.5861642619468	11.8839283537005	12.7832496846593	12.2911687958451	12.1878180879792	10.4212230539853	13.1430613166394	13.603207403183	13.3369844146439	12.9465463447096	13.219343795568	12.8793095170373	12.5693300421477	12.8823554425415	13.025623056954	12.5622735710264	13.1717891972332	12.3686982165703	13.2831207508336	13.4088121066527	11.0575753099812	12.4889960145035
M956.6966T455.74_2	12.908593448322	13.6521588506879	14.1098202173302	13.7557717572897	13.4402463403042	13.3406471756089	13.5071376010684	13.8220497333208	13.3593129029945	14.3803809518706	12.3441702466073	13.3730859600012	13.5749198311836	13.3106008114626	12.8702880854522	12.8428479572604	12.5286945594081	10.7739024149386	13.697117886275	14.0746781025888	13.3328626947439	13.7127128752768	13.9711849658031	14.069406085437	13.5586304326877	14.8489413011214	12.3235245913768	13.0709635084717	13.9254055001937	12.5452413082457	12.8497363008579	13.5946713885637	14.0149030435401	14.0722697006404	12.5145865148232	11.2653104441164	12.6944091983981	14.216781459503	10.8936327393376	13.6228384063227	13.3738093706272	12.1368467892435
M956.8064T368.74_2	13.6525371685436	12.8746068920549	12.743052278173	13.775989856595	14.1317195204571	13.77214989321	12.8906538641261	13.9869896962077	13.5325287317521	13.9540372143497	13.5964256709218	13.2584501251403	14.1818587097264	13.1821574186975	12.2431773203196	12.7773414240986	8.96649659976868	0	11.5014545348642	11.4764645050444	11.9528019143106	11.8882483920212	12.6194742873537	11.6395326262273	12.2510198713906	11.4882723528152	12.8041536912333	13.148907815295	12.6033573238876	12.3555918673356	13.2849974524425	12.1875574430598	11.7812236056325	13.0166252411418	12.7540818719013	11.7103684758916	12.8813583954167	11.8058881922579	12.9420106412719	13.0844710038094	11.119491716279	12.2511621732341
M957.3906T1029.42	12.6701184503389	11.7694231120774	11.5419473418133	11.9503476887472	12.2104658311836	12.4006323945988	11.7437254557609	12.5005641368498	12.4521804175141	13.0959305906806	12.406991393859	12.9339327730979	12.4805092607854	12.0148714521568	11.0620129551468	11.6535313864391	11.8660991458624	12.260152831248	12.8963205324327	12.3897061300292	12.5145223246759	12.7478026225777	12.6679789795574	11.7950570820464	11.9007157048981	12.8125297797833	12.5129531188791	12.7879327621431	12.1783869894323	11.8829755064839	12.0077284644223	12.2175409299993	12.1156853446699	12.4161940218183	11.8544386678382	12.2931350161089	12.7885118700196	12.6132196844115	12.1168115986503	12.2140191150804	12.3556262625797	12.6343634502763
M958.394T1029.36	11.5376862627696	10.6754472137326	10.4774163054165	11.041711810507	11.1085268085597	10.9645761658011	10.7087684117925	11.3041837077843	11.5639479190542	11.074204736294	11.4677217121003	11.3603085337491	11.3929952561545	10.8732268753955	10.2421178071524	10.7170066271813	10.6734537861241	11.3956836546016	11.1166954058206	11.6123676489465	11.5908673206815	10.9251826243276	11.6484571989234	10.8588310179239	11.0104556222124	11.6643982118374	11.6644172161871	11.8033311933641	11.4903078915734	11.033918417494	11.0209556123292	11.14654655646	10.9855682488198	10.7467211376269	10.7897011752401	11.5742911742309	11.6706888407392	11.3358865111528	11.3054129017783	11.1039089552789	11.2066744724323	11.6862323704891
M963.8199T43.25	13.6112497953216	14.0490603255442	14.1301539096948	13.3947453131038	13.1904159537557	13.6827313228754	13.7133535887258	13.5069501056762	14.3371026084188	12.7808169448706	13.9673706307833	13.2407299308856	13.9465573558126	10.6464099054809	14.0314634092061	13.9283943698008	14.0432101656015	14.1326169793273	12.2981498995338	13.9629333364932	14.1563136810496	14.1348109244841	14.1761066928133	11.759121266514	13.9684097109427	14.2236772506642	12.5335860251261	13.5813342969695	14.4501125634817	13.5622032873529	13.4276195566022	14.3072241249209	14.140343012411	14.2717453081955	13.9753549868367	14.2574735809979	13.8236371523569	13.9929569801705	13.4045047108272	14.1666834254777	14.1643609995848	14.3276108273082
M968.1413T459.24_1	14.6898444028676	15.8039814671029	15.7038823533275	15.0453265467063	15.224499629323	15.7352355937351	15.0085931328408	16.1452657659733	15.0825872296543	15.2813281366704	14.3604921745901	15.088245176369	15.50148231476	15.3794214137349	14.9278181487515	14.5979863164173	15.5972215437027	13.6474705960027	14.6940582132967	16.0316663898736	14.5263276608131	15.0891132478729	15.264901733331	15.6704131072957	14.9331837316407	15.223365767235	15.5383374466253	14.6115495459612	16.0083960937301	14.6453463198045	13.5922596796791	15.891552738834	15.5115615628003	16.0037270225415	15.0527833243672	14.4529538712974	14.5852902225391	15.4997095654555	14.9260829846965	15.3114239823255	15.0881011561569	13.4483602236894
M968.2528T459.1_2	16.3905994215118	16.6333700364432	16.3032099977705	16.623096094602	16.231338622029	16.2946162273885	16.3683795543294	16.5825105012953	16.2043616706371	16.8574212469092	15.1607364011674	16.2791021846967	16.6071006076215	16.53752117345	15.6653070821786	15.8301091996281	16.3338208248198	15.2464264940737	16.7584430392819	16.6088784092408	15.8990386558846	16.4110424800167	16.828221313608	17.0956357711513	16.5297248335819	17.0404591470357	15.9001039437983	16.4445990260284	16.5986386173854	15.193285539213	15.1560347372079	16.2968450738089	16.6334065258774	17.0576874531941	16.4028401980768	15.0342362269393	15.9723245315808	16.616620418468	15.818642849038	16.5589488603261	16.1719558381187	14.6710922627821
M968.3645T459.1_3	17.0880192768139	17.3458234957002	17.1487302437089	17.0583346678934	17.5006902214642	17.652809849822	17.0821396510171	17.3133090363253	16.9212068619807	17.604711642742	16.3531775252016	16.8899904144418	17.7203455865492	17.117844882012	16.5402813501792	16.4505119701618	17.2012737334264	15.4027509865975	16.8809106876028	17.6360050828749	16.775230497492	17.4140904242298	17.2344575579747	17.5798003274107	17.1775290469078	17.6756595541352	17.2474441306366	17.1306012800616	17.5553897053684	16.056179702921	16.1800400244098	17.5099545420635	17.2491114884092	17.5689836598729	17.1039862472935	16.1784190988616	16.5844443760231	17.720107614023	16.4154137596817	17.5477977871596	16.7641072672173	15.3629701238111
M968.4751T459.39_4	17.3190882070717	17.9545334511677	17.6016183333052	17.9361956938393	17.9149423419092	17.6058807764828	17.8519357440641	17.8079906450544	17.7594143441646	17.8398855076712	16.6879486163071	17.6313029776279	17.7092124511093	17.8206297809213	16.8236907190038	17.1701394053046	16.8702968120813	16.1244673854862	17.4850381733112	17.6713778953653	16.9652065264391	17.8303974835625	18.0693110173332	17.9550998171939	17.6308566416562	18.3526829620301	17.510624926556	17.5807609008603	17.9148108000155	16.2842829804444	16.563190602713	17.6569590462154	17.7755489911509	17.7459243970502	17.4341883243559	15.4775009121491	17.2836643721023	18.2048601213809	16.8100886726211	17.9315376414043	17.2005669011589	15.9004620601664
M968.5868T459.23_1	17.4408538483848	17.7810247512825	17.5457977603787	17.5001781601545	17.7912659171593	17.9041209075051	18.1116917719486	17.8886862057058	17.8243675315729	17.9539787833288	16.7333595267799	17.2349283293644	18.0072337841422	17.9900553663067	16.9529517858013	17.6521825059897	17.3834166912993	16.5259653391577	17.707871175576	18.0581781627785	17.0822697161653	17.9873823288393	17.9934446334511	17.997990363633	17.4812344787271	18.4416791611466	17.3903057998167	17.9638311297302	18.1387432794673	16.3050951696691	16.9195278498321	17.7700712695417	17.8076219579571	17.8987730501151	17.5772128251864	16.1813557727938	17.0961614976194	18.1424131897474	17.0199919497258	18.4099641439667	17.1882863502683	15.9669004290497
M968.698T459.23_2	17.4712909798895	18.0687025433717	17.8401138942511	17.6928357715554	17.1997374848764	17.5413137687332	17.7244311010354	17.598294248294	17.5503656631336	17.9718107894394	16.6705267384575	16.7735764738482	18.0504518799958	17.9769796373759	17.0671071757818	17.1787768262321	17.3575704094312	16.0685286041723	17.2473359059978	17.5482807598264	17.1992591366316	17.7051774586258	18.0386185233607	17.9700219073982	17.7836733171797	18.3083108129992	17.1983645013849	17.5677859165093	18.2226379399677	16.4869374163143	16.7340059029787	17.6576757727952	17.5167123012559	17.7970873767159	17.5847633570497	15.7955859816657	16.7203006626902	18.3231123075021	16.6511451626108	18.0508359385858	17.0509490598021	15.6649004622185
M968.8088T459.19_3	16.9147695745139	17.5767309246328	17.4777054989435	17.5396191078346	16.7999007744241	17.4154901926976	17.4852588947929	17.3973885002542	16.9596943671452	17.675377598551	16.1706542620871	16.6792788302324	17.6116583335021	17.3903279151237	16.4107733017702	16.6098299403511	17.0839506806005	15.4882663613064	16.9930606623511	17.6238928369543	17.1069490862785	17.4538478870035	17.2686990809943	17.5129337438125	17.3278526157672	17.8652752227243	17.3870772443414	17.5544362676386	17.6122314563383	15.75082536163	16.3825582885381	17.537754180834	17.3849724130448	17.3798546215196	17.0404711279716	15.6562152891178	16.6746422263383	17.6187995257167	16.543900744241	17.5550823925414	16.9759455504281	15.5948267614676
M968.9205T459.17_4	16.5697305172094	16.6009593881075	16.8829267679645	16.4429206254734	16.8697625809922	16.4763260134259	17.232321506392	16.5473843524602	16.6965602758438	17.4713528126151	15.3224627672125	16.342034998647	17.0046784851308	17.1404709497782	15.9643552265189	17.4436101730404	16.4547755393802	15.7037020141043	16.6619836185905	16.4800526937845	15.9008060525257	17.0261071804076	17.4004477667265	16.5735373686358	16.43045902818	17.5930552671404	16.4096091114366	16.6393489789583	16.6986079958538	15.271355237649	16.367418687266	16.7423009366746	16.8377393916445	17.1184208531446	16.5288223603106	15.1451448923824	16.5157498176776	17.5867316296094	15.9940222082747	17.4132526108197	16.1605822709855	14.6130571877202
M969.0318T458.85_5	15.6038340032001	16.4276733880295	15.9600105933126	16.0319005906296	16.1728332648818	16.0030510597506	16.2939626962949	15.5697622912629	15.8716100094857	16.0137936195701	14.842695410762	15.3516002036535	16.1117991682102	16.384606903138	15.0778843058928	15.757775725142	15.3538504186542	13.6287415210099	15.7438103226942	16.0758566830219	15.3099675159975	16.4118854662092	16.5870232025063	16.5499769365225	15.9378798820861	16.7119997687293	15.6301515286631	16.2894760142337	16.344765701135	14.6890746483421	15.1754615264025	15.9604984051838	15.8683570196778	16.58940484326	15.4474878481097	13.7846339161211	15.6433596544136	16.6339557070753	15.0739556552438	16.5405827649582	15.4716546443398	14.014192485225
M969.1426T458.94_6	15.2872153288804	15.6562922408487	15.3848398162887	15.8193885725393	15.2692720223742	14.9052147519415	15.2195365938589	16.112426599061	15.4973003192073	15.3324067379319	14.755509216036	14.6578974804244	15.7529525184953	15.4192997800371	14.5234160225912	15.3140255072722	14.4174851735731	12.7017737872211	14.7785143605649	15.7300596943608	14.6813044689326	15.3543322715191	15.4190586686208	15.7538687203823	15.1062002701367	15.8100739053281	15.4752951931008	15.2637743370402	15.6856321450219	13.6123745548227	14.8539026971795	15.3632807046219	15.8173325307769	15.5199511321264	14.7157116045324	15.0469529738107	14.5876392978271	15.9722757297006	14.7049343571925	15.4993821875373	14.9436492225631	13.6206063873089
M969.2537T458.68_7	14.0783827101153	14.4016024879861	14.3222108896102	14.0392938559588	14.4032064774045	14.2101118236095	15.205043732006	14.4706001055133	14.875050725722	14.5864545329915	13.3284143522448	13.558646333542	14.0832227393015	14.4323766237671	12.113060119849	14.9370030409039	13.7960430583536	10.5457710302455	13.8487041290016	14.4982513341039	13.9929396746169	14.2492252008777	15.9624277523429	15.0152330821757	13.9089299066304	14.7502216493447	13.5699543806042	14.2077765453966	14.4767712443778	13.6050000761162	14.3113684335525	13.9565038621566	14.1914561989211	14.6117596127608	13.560241375821	11.69678052249	13.145012718994	14.6271068395816	13.8067232120866	15.8131393305942	14.4179032459053	12.190982047469
M969.9234T454.97_1	13.7697673429652	13.6536794483588	14.2934893613291	13.7844194034183	13.2106286608377	13.5249695460081	15.0858431493217	13.8479925147145	13.7453285467726	14.1009930035236	13.4948434610971	13.7091517381502	13.9202350100543	14.0360693014623	12.5220790658169	14.3725851293031	12.6463597939485	13.1500279521083	13.7304565028621	13.7922677309668	13.4689862379347	13.6175136772319	15.0293223476053	13.4834029532508	13.7866893519637	14.8475166688209	13.5053360997212	14.3565110022396	13.8240948922659	12.2014525084797	13.2784896716443	14.248548368493	14.4403509942051	13.7682249445829	13.9684692707693	12.6548293633251	12.8717571159521	14.7412343252363	12.7478900801141	14.5612732820521	14.0626259233186	12.3235952742087
M970.0347T454.82_2	15.6623950753578	16.2168220367043	16.3487243596476	16.2450913267697	15.8688725526764	15.7487396991692	16.3533232896021	16.4488917022841	15.5968865902368	16.4376179916194	15.7808695395087	16.2158882971523	15.9390639356859	15.8444518649184	14.6237658177265	15.5301339778066	15.2647613474223	15.159761546496	16.5454750874452	16.4174227052995	15.9614150464186	16.4265887238434	16.4373938365851	16.3068959974441	15.636934161424	16.3683056389488	15.8641726892233	15.7694973990586	16.827255074229	14.2865030204052	15.3330800646312	16.2471657991592	16.3634883817784	16.4789673133408	16.1650049073496	14.9693668914347	15.2146798653804	16.5642536994609	15.0964066343093	16.1203182055232	15.859010125732	15.1082440661299
M970.2571T454.77_4	17.7991136667291	18.3778450187502	18.4523979078182	18.296036436653	17.9343438185582	17.9786841083977	18.2263377750696	18.5365328105771	18.1004770892503	18.2481369878663	17.9702949926323	17.9271180842724	18.1280938927796	17.8637299931338	17.1619014692825	17.4604627573172	17.4067569853426	17.3013373130843	18.0718765036372	18.3788777606689	17.8196625461829	18.3648150774877	18.3572083669516	18.1803821983426	17.9022307334829	18.567507059995	18.0176075691157	18.0643024805245	18.9319283586799	16.901245391471	17.1635611193325	18.5115435705811	18.4901977250928	18.6777687775596	17.9659280920452	17.0393853580863	17.0559368784973	18.6309695123121	17.4944286456038	18.2713244291278	18.0889055229825	17.2880876713169
M970.3683T454.82_5	18.1397498682692	18.718089634727	18.8238576621577	18.5526506410045	18.3354798377074	18.2633164414829	18.5703643131628	18.8755356875894	18.4518797359757	18.532975145151	18.3646571786433	18.591037395533	18.4928401739322	18.3564360385086	17.3968319751872	17.803589565217	17.5189029716377	17.5064192615549	18.3766915046671	18.6917932700693	18.1700731026499	18.6353928253707	18.7702464839682	18.5579170724518	18.2726600317041	18.9686646507333	18.4316142923813	18.2832658675155	19.2577447674822	17.2096573280161	17.6103486815462	18.8258596586603	18.9491033810518	18.9904186768469	18.3563075799319	17.4090049367989	17.443736345744	19.1355100808125	17.8674980414011	18.58164996018	18.4500161746383	17.5957649644842
M970.4797T454.87_6	18.0928568677102	18.7483083426423	18.989076140327	18.7847576296715	18.5069084464683	18.5502998343466	18.6768739160669	18.880953839138	18.4240632070725	18.8638573276348	18.4066453954859	18.5961662783121	18.5059439560213	18.3945706316673	17.4883780308167	18.0283483508447	17.7214128662207	17.8602221098402	18.5802572760906	18.8371981801581	18.3389643487652	18.7194549194869	18.9073762515326	18.6542285698932	18.4410972426701	19.1412831971617	18.3567622670901	18.3360733470882	19.4031639570815	17.2741131752568	17.8072366827743	18.9018087737756	18.9769828962982	19.1301132510593	18.507924656242	17.6044323792962	17.5986237745503	19.1702930868729	17.8294084823829	18.7268184858386	18.4657937675367	17.6514010808591
M970.5907T454.82_1	17.9696403979613	18.6007973974298	18.804650031231	18.5775489212928	18.2943677526164	18.3848230822723	18.5535935118363	18.8130360097071	18.3513935142647	18.5666257703583	18.3517301875927	18.2500921393715	18.4672151832832	18.2825765664995	17.3165063386309	17.8257169983118	17.7183259303797	17.611159502817	18.2609572527463	18.6935039597947	18.2049145415792	18.5907191411715	18.8068471189793	18.5284783920849	18.3429630514652	19.0572276989527	18.2370075965757	18.1798430032618	19.2548568637574	17.2652756488077	17.6269141587049	18.8237706019503	18.8678827222044	18.945259341147	18.3323926170115	17.4510779291028	17.326676143373	18.99143335713	18.0398918840674	18.551886635209	18.3838123071909	17.5289862332556
M970.7019T454.75_2	17.659132982121	18.3110995876609	18.5569859142716	18.2223219414311	17.886866179768	18.1011045891006	18.207047239092	18.5574244951198	18.2121776911069	17.9269756395567	17.8951404353135	17.9265716386821	18.12484257296	17.9139661673919	17.0039875146848	17.4765951153947	17.2650578958626	17.2003390709799	17.7767683346668	18.4268486710829	17.9352224305636	18.267711146971	18.5161408744827	18.2443058007988	17.955114068629	18.7580966688596	17.9339007911727	17.9125411641369	18.8344422360129	16.8970421481046	17.3453785221981	18.5233107155055	18.4564986014784	18.5556035766263	17.8200973659533	17.0976653882051	17.0213008478536	18.6447104325052	17.3845460160662	18.1961260531028	18.0430420032391	17.2852593684945
M970.8128T454.88_3	17.2492491782218	17.949152886466	18.0220946880796	17.8790133210928	17.4024810948254	17.6042003506117	17.7373954302164	17.8728207679054	17.6264301415964	17.6765013162813	17.5411552713773	17.8211286159278	17.7642398053905	17.3626607170795	16.5753511785227	16.7754393890382	16.8498396752155	16.7403220338056	17.5760911998999	17.9235066365856	17.4461044294364	17.7524795051958	17.8996736839253	17.8758633549832	17.4524533337292	18.056698436113	17.5279776210546	17.3781150908285	18.2660883285277	16.6655667297479	16.7964970815129	17.9608511159265	18.0196083249002	18.1901128844548	17.262005552477	16.7535565420236	16.7805844630199	18.1809427216204	17.0387695631684	17.6966338704095	17.6289251113072	16.8585077646057
M970.924T455.13_4	16.7013961487682	17.1093971407207	17.5193161009337	17.2446831694444	17.0638670308116	16.8440052548068	17.1145759809659	17.4443085755794	17.0046815186842	17.2108140802609	16.9993809937199	16.795470604971	16.8505228396836	16.9044624442016	16.3064980867498	16.412036074933	16.1316067620894	16.3894912646232	16.9706401583149	17.4618593417857	17.0175988127751	17.1335074602717	17.1838942699488	17.2342253642335	16.948587930215	17.5378903233408	17.009222972849	16.7669281257284	17.6902262222096	16.1858355583413	16.4047410307027	17.3699457239483	17.5003028242881	17.5668844526277	16.8969493390213	16.2287522470228	16.1428602129964	17.4642284292102	16.6239433894244	17.1378927819667	17.0273631189987	16.2014420021628
M971.0347T455.56_1	16.146836953516	16.8157305055156	16.9851049874613	16.9184045515042	16.1971465976564	16.4931627052609	16.4918439075524	16.8602160763486	16.4066449780459	16.3014117372698	16.3921447970383	16.2830121784289	16.4997269474452	16.216660629676	15.5292746171192	15.6688203432952	15.5639690609394	15.8860956198396	16.1875954064367	16.8563081063234	16.1609840123292	16.4670210849621	16.6315765084554	16.6720813005693	16.1688927196001	16.7835470096458	16.5955847996603	16.1996657594689	17.1888830106679	15.3815545126633	15.7382192955473	16.9821430244981	16.8817896656123	16.7043771883944	16.0874781325906	15.2199504503302	15.7085418512316	17.0889618378828	15.5250959719322	16.3587941388786	16.6565721374842	15.794553075524
M971.2561T456.33_3	14.6886167059988	15.2937730962338	14.682326378973	15.0781282227294	14.6830372590008	15.1047774561624	15.0028148421041	15.3205503074085	15.1380487512705	14.7908461270644	14.5408340480362	15.1869177020062	14.760700779471	14.8407676427626	12.9363400360445	14.0234100517698	14.3594091466487	14.5172288658491	14.9402069229109	15.3440232881997	14.8005848709394	15.1221546567739	15.4686690309311	14.2393479077433	14.7201705002903	15.353074691872	14.9667670776575	14.3840046643595	15.9056336539702	13.7382818710494	14.5031326951788	15.1598736208126	15.4146388231714	14.9499535089816	14.9629731864525	13.8385566745147	14.432639905338	15.5708756336042	13.9203145945812	14.8888260417097	14.9855467925685	14.0227525403021
M971.4491T1035.87	8.2808758954217	11.1779249867715	10.6159333682177	12.290357902967	10.4339733608116	10.4331038404468	10.7672808079444	7.15361414906202	6.85537465144682	7.51827234992813	11.574236757029	10.3921299551148	9.00944155096957	5.99840471404396	0	0	8.25297373308282	0	7.48371509658801	9.68627483227371	10.9997262975536	12.2730263576191	11.7214957310642	11.7869273727249	11.2385474934964	12.0301858711386	8.99378418981074	9.18275717173939	12.0061861374548	0	6.51781390927482	11.6286691890406	11.6366390169565	11.919966592043	11.4288557936233	7.35535856288778	8.24940349178399	11.9057556344922	11.6750677884655	7.20937514288967	11.4203731873314	8.81293080169245
M972.6997T454.92_1	13.9956497203306	14.7337885521468	14.167914893517	14.455935223223	14.7502283447131	14.2449049844624	14.1226476099787	15.0968049043598	14.1084079581615	14.7598947198222	13.8962255630581	14.3820684857802	14.2953512709206	13.9022909952538	12.7118068179058	13.0975371689941	13.1769776871769	12.2435299257906	13.5206222057515	14.8929817621527	14.8761946549997	14.4063944896282	14.3386573836483	14.9916521352774	13.7914367827	14.6146521678705	14.2621537929519	14.1133401581634	15.1287175501332	12.4933448274783	13.1018046387156	14.5088069834749	14.4842843785946	15.0682978667114	14.1736629337135	12.8248654909542	13.1876024784407	14.547631040145	13.2007241750952	13.9834121731536	14.3267791573484	13.3430314392276
M972.8108T454.67_2	14.0250210672262	14.4989809222307	14.4575128780586	14.2308041845733	14.1897749509746	14.7630434325421	14.5893152009272	14.5713113152648	14.6327574185573	14.9512547186715	13.169877534324	14.6286748287131	14.3686663594579	13.8819967768184	13.2176336147754	13.5327542826348	12.8109531247294	13.4443439914787	13.6104761345443	14.5585554815142	14.0813460149107	14.9143773706963	15.3988635619712	14.485597528889	14.457052876952	15.0668902172484	14.0476023097589	14.0780392078645	15.1980641522892	12.1401224592381	13.3430902865844	14.8266857493946	14.6936210765938	14.9636321076262	14.2907756974341	13.1714374526381	13.4844684134623	15.2189957240513	13.0377995714235	14.6430736757024	13.978773082671	13.4553393499766
M972.9213T454.79_3	14.3398152979265	14.8252313808581	15.1951109176643	14.9777804424898	14.132880050154	14.6162718924651	14.493539047342	15.4962890194261	14.5948350856998	14.1252067570901	14.0556165418227	14.3132962716906	14.4426349772784	14.6087242106835	13.6300226775685	14.0443517123073	13.8756730732292	13.0857041404209	14.1363385170571	15.2145971832125	14.7363308908931	15.0186045549003	15.0419307878611	14.3988484241121	14.3289605784795	15.120005705385	14.8823240841147	14.5193035795253	15.2191254531749	13.0140458141776	13.6005577439443	15.2687581174343	14.9401339943014	15.384623961101	14.2972880381304	13.4548666023219	13.4118827718748	15.3318616854447	14.0551435425958	14.7265011370805	14.2821573939735	13.4434920951784
M973.0331T454.87_4	14.2624252352699	14.8627057531711	14.3213418376186	14.8180848115246	14.4914119694679	14.5191466714898	14.6711125406012	14.8390528339029	14.253704651833	14.19237404294	14.1641482473747	14.190225267732	14.5695953035211	14.6531635048941	12.6085824968273	14.0793782626846	11.9757152649168	12.9358574849048	13.9533090198079	14.5818640425568	13.6034671544455	14.4452759711229	15.1334015584621	14.5997836426211	14.071908124845	14.8804704343077	14.308056891953	14.1191690712901	15.3024255864346	12.3894578708522	13.4737266522862	14.869871478462	14.3946885347573	14.6539889398872	14.5050500113214	13.3997734473172	13.0155426591372	15.0716311567055	13.7457872249318	14.4512144544985	14.0251753287812	13.1449741726269
M973.1441T454.87_5	14.0746027693725	14.7540205393205	14.8203816362209	14.2175544189125	13.9605772282425	13.9251685021268	14.1516930326353	14.6312756400296	14.4961191947079	14.5801280300923	14.2348615104583	13.7732496224094	14.2199322840809	13.7913046457672	12.9124885721426	13.6623392421658	13.262586846812	13.4298233866324	13.6168870280901	15.1361060208924	14.0985836818847	14.0353585563238	14.2627766199535	12.303296935678	14.1621088113584	14.6175978777603	14.0444740563373	14.2702417877152	15.1238090497855	12.2205104754771	13.2615743191051	14.6992679721345	15.0008027175092	14.5894563457983	14.1514758848148	13.1907375384949	13.3309861296792	14.903322280543	14.0144980244349	13.9398573256634	14.2066677212135	13.2025700404355
M973.2554T455.27_6	13.3307180872513	14.3047862215109	14.1924707050433	14.3189389433836	13.862040042651	13.4328226741587	13.3180352835003	14.116306842947	12.896066141782	14.1653964949367	13.2349986604232	14.000213810997	13.7778352738892	13.6064155073589	12.844298990199	13.0069148701629	13.3827331170906	12.682983343528	14.0457648974767	14.1137132125862	13.3357310482671	14.5033568065828	13.8131451294624	13.8423177255298	13.7800501117123	14.2642521039213	11.9352984775629	13.514087963029	14.4922963611414	11.8576773155381	12.7897023039743	14.3016145766142	13.8421147740832	14.6437055713308	13.7413623590386	11.6105281113671	13.3122374169105	14.0782422024801	12.5577803340881	13.9299122659482	13.5896637724496	12.7963371967279
M973.629T670.32	16.3089362517144	17.0902062387869	16.3431812630254	15.6888485562267	15.6461070328532	14.8961446034675	14.8889864041217	15.9401994873858	15.2705659675694	16.023547750414	14.9854089974628	15.9283341943621	16.1141336819198	14.7593159556826	13.3103341515397	14.2090407915164	15.378725635193	14.9663504677112	15.9106270387331	15.869432061059	17.4714748370282	17.2054197201026	16.609991283545	14.8102118163284	14.6428157469017	17.3708489967802	16.0633680610169	16.2647299068483	16.4959695967359	12.9707835714201	14.1320421710115	16.6517828778437	15.3384583376616	16.7628000113776	14.8699140975094	15.2994488833623	14.5627199774337	17.0123700722584	15.4704592669286	16.3395796414948	15.4283334210426	15.1484370322121
M974.6331T672.07	13.2309837820708	16.9360666383246	13.4830381285818	14.0652433092223	13.7101769987085	14.7117056996142	13.4875032425672	14.3241533778783	13.6263124829967	15.0712639180606	14.0337923746157	15.3218614769629	15.0240223242594	12.8964587158488	0	12.7912174597714	13.6964881420214	13.7573580768857	15.0107174229633	15.6770162097263	15.4424681626695	15.766302295064	15.2313151279873	13.4005226984562	12.2789915692147	15.8701208550788	14.9689087482633	14.6748515154826	15.8339210518975	0	12.7552967611104	14.7484604903392	13.2082429834118	16.6601160944875	13.4518530197083	15.0976937557296	11.8311889659642	15.3824770508797	13.7703006849718	14.7125555462486	15.1261720046836	14.9295634796049
M975.6815T425.1_2	16.1346501452732	16.9542291793372	16.7017370676105	16.602220074097	16.1869096500585	16.4165584171751	15.9811170259102	16.9440898455667	16.5505447790458	16.9900429184662	16.6951418567164	16.763145574839	17.1694976569334	16.1988151059357	15.5246159921592	15.4843533221418	16.0278150208221	15.7967171419799	17.0513088567935	17.5595106682261	17.1222379453293	17.0558536139274	17.2022666765636	16.2162385159449	16.7554688439577	17.8068573881072	16.9167497029916	16.6179294185423	17.4383024199181	15.1435617487064	16.1159117178165	17.1874289318226	17.0063378461378	16.6424230724526	15.6347902862237	15.8926899269643	15.5724456659035	17.1708717671649	16.4260175872066	16.7477310645235	16.4950276337606	15.9216429790756
M975.8245T424.96_3	16.5303440024014	17.4415568750518	17.0859653638762	16.9849561309325	16.5922657348869	16.7651567143681	16.3929368400831	17.4335048311449	16.9749930763807	17.4987748019215	17.214320530908	17.0554520275477	17.4629841542507	16.5084813261259	16.0737554732571	15.8496344767928	16.2432007644745	16.2029148104165	17.548592520247	18.0258549932692	17.3994182268297	17.5322474119927	17.3896246031642	16.9112833006013	17.1408939255155	18.2802549584671	17.2503687791432	16.9099180259785	17.7848230610461	15.4390497864929	16.5271928038543	17.5857396563357	17.3932830784884	17.1448341981113	16.0040606232667	16.31959984275	15.8327422274108	17.428883289385	16.6380066536088	17.137311714298	16.9105654311445	16.1218354420801
M975.9678T424.85_4	16.4310085186022	17.4071611792217	17.1381276249863	16.7970781797143	16.7409150136743	16.8350603462651	16.397515346886	17.3528048983928	16.9477425371013	17.4927434654211	17.0670211504111	17.1364959255281	17.3954789044064	16.3701888012916	15.9941439651264	15.8449724777351	16.3784712238055	16.2949319851835	17.4750254378203	17.8936386138398	17.3785367895703	17.5395407134723	17.4428122159317	16.7661959148598	17.0993713428207	18.2404017795126	17.2330289530074	16.8881197932171	17.7424224471103	15.4539259813221	16.5420225990632	17.6480248114233	17.2941839645713	17.031095210256	16.0362297049625	16.2533728169898	15.9505042395558	17.4992265666922	16.6472633007156	17.1580526520222	16.9253514582315	16.111785138967
M976.111T424.86_5	16.1544757467293	16.972890656966	16.5847069532526	16.6817408239533	16.514982969841	16.3124703704851	16.034958153685	16.9374933371777	16.5634815160023	17.7390080653189	16.6864866350195	17.2174751274455	17.112995229305	16.1211617573218	15.5788947412296	15.6261566557129	15.9218215790572	15.7281097380545	15.3658717159625	17.4854390644392	16.9778126436237	17.3398930849407	17.0500285720458	16.3356131031145	16.7787511448042	17.8268480792213	16.8389192892237	16.5117751146042	17.2381552208869	14.9308607128555	16.0911670039684	17.2188748354471	16.9805880197305	16.9659631705447	15.6231065024149	15.6785919616077	15.8440301830492	17.1493808258472	16.2442870888333	16.8075475544055	16.5471462058879	15.8026665473581
M976.2542T424.96_6	15.6764984396466	16.6850506220181	16.3095762521921	16.1761455549752	15.750417647461	15.8570395695607	15.3728799493077	16.5298437306781	16.1632250126133	16.7650138054462	16.1057907079773	16.2890417731718	16.6596055160402	15.5241791525341	15.1210228140534	15.2338380844016	15.4073978577322	15.3255151847418	16.7265099678833	16.988467804704	16.6413146475999	16.871700205912	16.4214436346368	15.9214526598953	16.3350684626468	17.3427309855631	16.3118281083259	16.1216714316274	16.8506053252764	14.5003760326573	15.6462840080528	16.7055086430302	16.4859866391654	16.306926734548	15.1413455792708	15.4510345988768	14.7308515092742	16.5986956108369	15.7859678058899	16.3033445771164	15.991455656784	15.2425380900862
M976.4701T454.79	13.3095818810656	14.1486157301375	13.5667491449281	13.7056767783161	13.4540594876605	13.6405252874881	13.7017779620488	14.5932602054404	13.3236713529416	13.2064854716682	13.410226847773	13.5135186315005	13.9329386903757	13.3324018157997	12.3098803641974	13.3992957503724	12.811116915172	11.8144243588367	13.8090422101459	13.8369507735628	14.4639452431106	14.1162075471664	14.6386410226263	13.7666439835167	13.5267723599227	13.9568747596335	13.7740569072769	13.4816815882759	14.1857674423561	12.7999712408429	12.7342891426424	13.615492900556	14.0241025096439	14.0122310022683	13.8102271090875	12.3213718385374	13.1915100232084	14.0056687233163	12.1255313727795	13.8617631148062	13.0112724132853	12.1602457345108
M976.5822T454.58	13.499174013274	13.453697746067	13.7421826163655	13.5897796032099	13.0781851581049	13.4626191997967	13.4650659349252	14.2900446863111	13.2777834667802	13.4138145312641	12.7184481032344	12.9901916299445	13.6992752399534	13.389794221586	13.2192953393848	13.2019847372756	12.4883249556215	11.3063185492346	12.9273911591874	13.5452110601099	13.5427919335624	13.9720066217092	13.6783583026087	13.4510025436159	13.2656993821579	14.1164346159478	13.6020442256834	12.2334459081303	14.0282888186518	12.739188083987	12.8181249161792	13.857467551953	12.9143393909822	14.1157245930518	13.2914717905667	10.5403185989554	11.3619989210383	14.1496402554839	10.5231763954635	13.7081935419937	13.4764531533287	11.8177002298003
M981.8115T474.02_1	13.8961430681011	13.3221062107004	12.832395015015	13.017615343917	14.453605239095	14.3171021015154	12.921442411432	14.1560330701993	12.8034429564361	14.9211557374334	12.8974265756766	14.3284681722405	14.9813438353157	14.1438789696565	11.6756565845397	12.6476165314176	13.766345682347	14.0234781874634	14.7725380423337	15.3179249839034	12.1910072552774	13.7757676845414	13.7892659250694	13.8530093243632	13.2313054928878	14.2816715581401	14.7673091680646	14.0064044566474	14.2159665941676	11.7455846373757	11.8223654563051	13.0911810962327	13.586626515339	13.3153193671458	11.9914468626875	13.7340117306263	10.9872145148843	14.3820092455811	13.2166946893638	15.0943592278654	13.7190958451562	10.5567089104333
M981.9227T473.95_2	14.3076273813608	14.0046641770992	13.7151097497783	14.0198752998539	15.1894705688855	15.2372527076203	13.2154942032229	14.9626351276121	13.742747678327	16.2066090801266	14.0665193622687	15.3314519415611	15.5130887305313	15.1539642510142	11.458941506216	13.4667469389749	14.4140564275747	15.0716219607302	15.851479185326	15.9745579096186	12.6455642493942	14.4358819970893	14.5543212506907	14.4761813596022	13.6994021504731	14.3269630889462	14.9921887423901	15.0553677629363	15.1037894985586	11.9635004953468	12.788000944595	13.5966484122359	14.1782539840022	14.3237423935278	12.6908425033271	14.0741568172023	12.5151573709333	14.5934770852626	13.7628599028955	15.6328215321026	14.4793507293481	12.2792344464295
M982.0344T473.73_3	14.8118321850761	14.6171936850276	14.4105012397829	13.8758073337146	15.3867971834357	15.6627797549627	13.8116064110926	15.4305463453273	14.2813128756261	16.1844933464576	14.3906173450947	15.5846276342921	16.0456044787034	15.4256400541708	12.0191657267114	14.0836991551106	14.9529806851496	15.7691407007737	16.0688358535619	16.6373846561049	13.2070536095285	14.7250303298383	14.8553058591879	14.7125660657817	14.048519551455	14.78234877384	15.7608675104986	15.4226730826649	15.6375574817808	12.6034256204061	12.6737427463234	13.9705687091399	14.6517528961058	14.6281730819388	12.5546984037662	14.5268978120922	12.5313741077388	14.9317695413521	14.0925332790829	15.79747466814	15.0579674734224	12.8629105364055
M982.1455T473.84_4	14.7768160287172	14.2165173651297	14.245047393824	14.1034241875955	15.544699599037	15.5319798252209	14.2348779845876	15.2243495862627	14.2684282988469	16.4426255720758	14.323672880371	15.8080031870213	15.9636734940221	15.64131203356	12.1437834579742	14.2794821209708	14.4882038551425	15.6721475815888	16.1773299056527	16.5479099589061	13.2356210063083	14.9381540134035	14.9684046268132	14.9750342286298	14.1167654021819	15.0049040216401	15.6573240287413	15.6728209319606	15.4795532269186	12.6788277060476	13.0302965397764	13.8332452632096	14.4240193574429	14.6746080323509	12.9835160406048	14.3258026433585	11.4765959282724	15.3279019192474	14.3760469083566	16.0704603932792	15.0147712267771	12.821239583161
M982.2567T473.75_5	14.5898574526825	14.1942205055188	14.3557992558107	13.785165236023	15.5376236001817	15.3745309447287	13.9708348661992	14.9929191842777	14.0751550586655	16.2341124138482	13.8689323632359	15.5673322912276	15.7602139201544	15.4307899900864	11.2873111004302	14.1938712228879	14.8277660763363	15.466194607323	15.9280096672017	16.3806258981248	13.1505869757794	14.7810363392492	15.1242731752395	14.7958951300789	13.8613159391367	14.7580790214283	15.3667434136921	15.2886276263368	15.2755942747992	12.4517851613804	13.1635548291426	13.9287544179867	14.3397629861855	14.7972307950456	13.1315476079588	14.2717115180114	11.852148738408	15.2463782491451	13.9825776427572	16.0764169758209	14.7930330971377	12.522168814223
M982.3679T473.74_6	14.2141954087787	13.6795398871459	13.7385262481864	13.7708714970996	15.0747894084364	15.1734259524151	13.1068741952135	14.7095078580599	13.6161438522624	15.9495574304384	13.769475782796	15.2469460002189	15.3871207951907	15.0036101139372	11.7160443574789	13.0554270561368	14.4244427193803	15.2028564891632	15.6047515899417	16.0454876515586	12.5299196340464	14.5633132669932	13.9688249109496	14.7581236381663	13.375200739411	14.5459665701884	14.9416626140371	14.7904041938632	15.0587066982961	12.1396673091473	13.0317552018486	12.8508749229455	14.1100155018832	14.2293589148797	12.7183090728687	13.7332345613571	12.090276018621	14.9962740425145	13.5202691842562	15.2558197237031	14.5136297388896	12.5911532550882
M982.4795T473.78_7	13.9410274261249	13.0694173248379	12.8480604696815	12.8916029560192	14.5344268001992	14.5976797003394	12.7893092907122	13.754018705125	13.0942707476478	15.4667355806344	13.0697991154819	14.8093255352294	14.9491748917084	14.244502050986	9.96243679463008	12.6327518610378	14.1508482318724	14.5788926180114	15.0182322886338	15.5874832714242	12.5197103611559	14.1284559612736	13.581309530441	13.7069721994601	13.05806459537	14.3212619864266	14.6251711707316	14.2071026811649	14.7070004862362	11.7599212401682	11.434966950908	12.4024384336863	13.5938995799781	13.3347487886392	11.822449178845	13.4914816474673	11.4084676485157	13.9528294969346	13.2861954081467	14.863465277827	14.0585957651944	11.6650804702414
M982.5912T473.79	12.7829754248502	12.4913254171097	12.3953617116973	12.6430489287791	14.063259092089	13.7905048711457	12.4110420478748	13.5130909445282	11.7458478516815	14.7009131147837	12.3202634320862	13.8052409231592	14.2268052904365	13.6492135845803	8.23703212183348	12.182718897389	12.884779278845	14.2678818622661	14.5618933475937	14.9440748443201	10.3349348888467	13.3819673200927	13.438685812224	13.4243460635421	12.6991188307633	13.2026867513503	13.6680903801524	13.7535385908851	13.8608014994893	11.0369280319499	11.2349894132286	12.1045756535407	12.8929634176496	13.5038175668052	9.18464575889571	12.8251982200746	9.97738232583461	13.2248974879934	10.9713522081074	13.8153895154761	13.1745642577086	10.9976571753884
M982.9933T373.92_2	13.3436355850381	13.1094417999718	12.8146862505434	13.8049358952175	13.0682815677495	13.5135801666075	13.3739732984061	12.8252236678385	13.6804021260217	13.1977283134294	12.6088654824206	13.4125133960412	13.1778412434173	12.5035013581582	12.7181664309087	12.8784706726668	9.79914372274106	10.4788957017386	12.2450303054783	12.9429395537919	11.0944713706429	10.2394556239351	12.9957102936184	13.3422754994286	12.8374604634384	10.9039679526084	13.2064418139447	13.1833723556607	13.0669094372138	12.6450183535831	13.5547205425577	13.4233447318172	12.2050651160103	13.5241781460173	12.9969309442639	12.2478769663043	13.2452000476452	12.8947658291716	12.2363534247975	11.9964943116649	11.4994906493157	12.8082718050518
M984.4442T1042.89	11.2661450223256	10.6328687496135	11.557175854863	12.2922082952939	12.2893602440232	11.5707165160378	11.4875487261812	11.1962203196929	10.4078392841478	11.0282277264936	11.2621684552901	10.432576286804	11.4558938939733	11.0304956777076	10.6513918673695	10.4726714917931	11.6613457597246	12.1202705874013	11.5311546511062	11.8909479003167	11.3883769834196	10.4074624776607	11.8137284506157	12.1432020993549	12.4081367453724	11.9796202270611	11.4010762214957	11.5787624722835	11.5704598750037	10.1646258585969	10.584037854048	12.2215851792003	11.5632662060588	11.791212878919	12.001662364096	12.0876529929532	11.3664930111485	11.9785181657289	12.186362245903	10.7909981026713	11.9139183645828	12.160221158745
M988.1518T453.87_1	13.657640558245	14.5116119394661	13.5937905029109	13.6195176577533	14.1417838202987	14.585057097146	13.8332333780383	14.2515239698273	13.7481351574878	13.953652942777	13.0969837329658	12.9578208640304	14.0415371004349	13.7451074436105	13.2919543135407	13.6729523979428	14.0029743923546	12.6310511744905	15.0006457981878	13.7927358726803	14.0044416410633	14.8552266887746	13.7139717476904	13.3950571722433	13.047125347613	14.4467992662206	14.1594392585503	14.2226045737358	14.8119764165217	12.3286725076648	13.2746838672327	13.1376302133076	13.6398917274469	13.4502531836784	13.7444536661378	12.5206275571204	12.6191379760581	13.3476232834872	11.7530375326194	13.930865084449	13.5530445679581	12.7286474730119
M988.2631T454.1_2	14.9692201949705	14.4490684240333	14.5511153772025	13.8374747447323	14.9491056396906	15.2849049629851	14.1195489704181	14.659309387674	14.7574857700884	14.8085632274095	13.177457938068	14.643793209544	15.2348020036877	14.7927142854994	14.0937502169424	14.2148282689823	14.1526597014393	12.1135529148304	15.709382784653	14.8231585791588	14.2735581274626	15.2140934404046	14.6207706607326	14.3018459726298	13.8283062038857	14.7972909799432	14.79454141426	14.97754059403	14.687169747841	13.3359355387219	14.0460604392869	14.0689771530925	14.6701478442547	14.6902644928329	14.4377890595054	13.6712284822724	13.5765163955449	14.6521118621937	12.6764154813739	14.6591579337275	13.9552522915217	13.2860593437156
M988.3741T454.07_3	15.3585208933784	15.0120988353261	14.6683947466578	14.6697513593565	15.4691787518411	15.6167329700957	14.1254570088535	15.3614141886426	15.1311874258779	15.1540521732264	14.2229328490363	14.9103831411842	15.3422760009972	15.2909684187416	13.1301189036926	14.664191397838	14.6707203257454	13.2782186899594	15.5621221761699	15.2612624695909	14.7363364983063	15.523587696253	15.291208248476	14.7081069427826	13.8514077838694	15.0070230043694	15.585485648241	15.218493773547	15.4071924952853	13.8240198557704	14.3108341547321	14.6888811160171	14.9221643750773	14.7149084639087	14.790959805944	13.9578531563499	14.6175414132186	15.076475192006	13.0623625435394	15.1260716559938	14.9140608593432	14.1197907392584
M988.4855T453.91_4	14.8001073006187	15.127472344514	14.9607370252954	13.6464919943381	15.3655183993321	16.0138833102091	15.1077520207372	15.3241876011386	15.1345450245368	15.5569068988989	14.560461037785	14.907445058205	15.5161961119272	15.2586406544114	13.6996400580315	15.0474448574556	15.2727171928373	14.1802964823829	16.0163685103658	15.4850095433785	14.6914829439643	16.1886495671717	15.1609513564846	15.0620506416529	14.206906106523	15.3428532410866	15.2057968365448	15.4081143752704	15.4365869146523	12.5080979494599	14.3401957793575	14.7301178270418	15.4532237181919	15.2336625295669	14.8131383254495	14.1156974150382	14.3689461016715	14.7745885312926	13.6102060396891	15.1483908515112	14.7976544116469	14.6638197915479
M988.5968T454.05_1	14.9261607763853	15.1845758910654	14.5920640359761	14.1114331314421	15.3461101736998	15.7024186938997	14.535884120036	15.2266600137591	15.5140149171972	15.0415532035148	14.3942710522699	14.8714717624296	15.5055822141444	14.8465044955073	13.6297004507227	15.3265690661581	14.6586885247599	13.5101466949245	15.6618704625918	15.0612734072123	14.1058086610074	15.6022925987304	15.2927877151252	14.6961699365423	14.1420537720377	15.2342636739308	15.4303182740038	15.3730637726459	15.3736349462678	13.8679657996062	14.5261247367564	15.0090703363424	15.1109943187892	15.13977921598	15.0015625166115	14.2448707146549	14.2333979313	15.0387231508117	13.9855442511764	15.3920516058557	14.8042032823094	14.1595686663651
M988.708T453.91_2	14.8143243775152	14.8781847455023	14.4844222496347	13.8458015222252	15.1922782234392	15.5074936163685	14.4260167703392	15.2840118112085	14.8499647102995	14.8910218228692	13.9343314039966	13.9808890773794	15.6085095842983	14.4356568590532	13.9768647473756	14.3015685058703	14.5659885300233	13.7572221611834	15.5139066391143	14.9895298481736	14.503570411199	15.276787462577	14.5327102268873	14.9983281672528	14.3035117287402	14.7988251275224	14.9192734321978	14.7801241736384	15.3432768605725	13.8460899903758	13.8632174122206	13.7117879608194	14.9525263746871	14.8553766231947	14.7308610178032	13.8450056982352	14.4554059321014	14.7393436475998	13.8305173795883	14.8020648347522	14.368169955118	13.2092684588512
M988.8195T453.97_3	14.061556926524	14.0858859478205	14.0813979902334	13.0720025706632	14.0793273581552	15.2402751210849	13.7951048397026	14.5526360981362	14.3063063589575	15.0926814222037	13.1885395285042	14.5606344933564	14.6154030024175	13.8084053364371	13.4520801209914	14.4975844582081	14.2043421331753	11.767736621502	15.3712333061877	14.3922051686818	14.0338716794813	15.0489596615672	14.5184479304803	14.7688010932707	13.113729053202	14.8073842238225	14.5067072438982	14.6167428074161	14.3563236486835	12.732236295115	13.5997246842103	13.7452017316983	14.298588737613	14.7826466873569	13.8972076813991	13.4195363430023	14.2224742416633	13.8388068652077	13.5652506535222	14.5105115616709	13.5573244274429	13.5319875110111
M993.5116T298.73	13.1764118288635	13.0694317212589	13.8080560938585	13.7088538704061	12.4983457535613	13.0803664204279	14.0245005246225	13.8061890229057	13.4820569290421	13.4275020087538	13.0746941464938	12.8081876265478	12.6456810359152	12.9700774180389	12.5897311145344	12.0059569800546	11.7841212577851	8.63012373112526	11.9828603537773	12.4325885493128	9.14904939169582	11.4076127650237	12.6266470019895	13.7704077732257	12.9540333151632	11.6656863592946	11.7667109889448	13.1632668097556	12.9493281349596	12.6135004482338	13.3846733382888	12.6284585997729	12.763165200113	12.776108014011	13.0387311261768	9.1595535942834	13.3367304371755	13.7050457041541	12.4582614967203	13.2334686136282	11.5960457599156	13.1658878529087
M993.712T298.5	12.5879595269568	12.3717988835785	13.5611993118481	13.912125891607	12.4039865524632	13.3613860109979	13.5981416311215	12.9628666279753	13.1587280145349	13.4319554675624	12.8896325125954	12.5840043879304	11.9727606147485	13.0606790422142	11.4491056891268	11.6623056826917	11.8188387819924	0	10.703716413309	11.1890536412834	10.7399621803042	11.5175097308537	12.7593515313438	12.9438910409229	12.7519283100158	10.4147360107055	12.0174521488581	13.0715734635856	12.7293294035969	12.4936344373344	13.0899319337886	11.4135125771958	12.5800368823511	12.6861471331207	12.8245872724265	8.32234955405529	13.3924463729839	13.6968769035453	12.4217735064095	13.3885322821263	11.4138447519976	12.8527750177605
M996.4013T1029.42	11.279119503545	10.8278058865789	10.1182423345079	11.1100791936509	9.99987723195386	11.0294906689988	10.3175443418716	11.0500181199172	11.2193326058237	9.2024769859826	11.0708349537512	11.378317802089	10.8401627448892	10.1700789460993	9.91872868009917	10.1909194824887	11.3177487985239	10.811638676644	0	11.2417909989646	10.6728351117521	11.2827663960059	10.8854419066406	8.99076364979327	10.4916622421948	11.2808311727257	11.1003830405623	11.4641368132515	10.9072447637959	10.3952232508851	10.3065775225939	10.6392665732383	10.7181110491787	11.0304471313027	10.5043815159013	11.2338756210053	11.9970219814706	11.1926774107325	10.9236916808537	10.7842276036112	11.3788967925347	11.7808313124461
M997.8142T43.27	12.7986944754586	13.9454410535003	14.1513633949041	14.2814955435944	12.6012751772312	13.9174242773457	14.0521948587297	13.7899800025553	14.4918809946457	12.9227834602793	13.7857071587853	13.9678724341406	13.7904148115709	12.1466961899425	12.9579764054213	13.6759119410345	14.0395088496906	14.051318872806	11.6070721955935	13.9199314326051	14.475003158836	13.9365329755158	13.4615709559622	11.2973331411764	13.6563983822184	14.579382076331	13.5982750447571	13.4630263198617	14.2636494056899	13.1568122477275	11.8201703023415	13.8869166947355	14.1007227851216	14.0817490316503	13.5951409952849	14.2881837648368	12.9571420703646	13.7004030038612	13.2881503883391	14.1828813259334	14.2028494014647	14.2202704952584
M998.8322T424.51_1	14.1717147520866	14.3472022434144	13.4266029508088	12.3164737375923	13.8399904929177	14.7693061052454	13.0341707186464	13.9521461243836	14.6430918147473	14.7456559277794	14.2272945418223	14.1277831521275	15.1800220775137	14.1198123910766	11.6449361179359	13.3719961809117	13.6183301401663	11.7984591732441	15.1909230781966	15.177900113125	14.4870599663831	14.9095674928938	13.9400477523781	13.8597046450185	13.3134941663668	15.1356734060012	14.4315452805581	14.3079953567946	14.4331504848677	12.1181220880741	13.2418971484912	13.7636061686649	13.4296271945612	14.1306011138917	13.0869726219664	12.5131483452692	12.8005575352567	14.2812514286028	13.5063007481673	14.4449102124443	13.7146429740935	12.6917249819762
M998.9755T424.66_2	14.4710707023805	14.9365928001227	14.1619749550176	13.4520195161969	14.4417311873846	14.7315640698723	13.7101543930456	14.7407403641847	15.1517352811247	14.8319799956765	14.1876503514603	14.1677454812756	15.6544434866374	14.2858701076843	13.4445606776759	13.5706549213034	14.6195133845075	13.3999370740973	15.2576123173831	15.3026811123831	15.0721508979725	15.0654430541479	14.1990630223589	14.8250077964957	14.1104678489139	15.4792999324571	15.0307444259841	14.628893625955	15.2116656277719	12.730394925149	13.9882777161293	14.7253916943293	14.4409789647711	14.3878649621361	13.8005386055057	13.7190364155504	13.6484948778332	14.6519378187465	13.7348239517314	14.6801003740962	14.2468361157607	13.6880950289536
M999.1185T424.35_1	14.4938315894545	14.9644697788023	14.3192973585762	12.8021923613293	14.5315299407242	14.9911551654216	13.0995525515886	14.5986181327608	15.1733705373106	14.5978266606059	14.2593941256963	14.3058525720159	15.5666830672257	14.502800570608	13.3966522774844	13.8947532296655	14.4869156421727	12.9882342679597	15.3673428373793	15.1054239892145	15.0924096383447	15.0602681742546	14.542229731719	14.5353058103345	13.843174676041	15.5218499683827	14.8316097619583	14.5861204052103	15.0535602238188	12.978752135961	13.8990739744832	14.2365087997979	14.9734930326294	14.4323170500298	13.4833858857111	13.5737794427364	13.802122733171	14.3430868353401	13.7303924874969	14.6422701955892	14.392969426659	12.4589864982855
M999.2619T424.25_2	14.1268886298682	14.7399968301113	13.7168930654952	13.3167815707052	14.4612076753943	14.7031572732018	13.4984497572657	14.2693174932328	14.9033256332448	14.556086886514	13.2920302763235	13.8395885537065	15.1216315415225	14.108067627737	13.0072056965401	13.8424770925035	14.1959541904996	11.9702611780177	15.0656483525643	14.9497479114036	14.3281903399114	14.7909978649614	14.0978602659194	14.3791453345464	13.7201180390312	15.316756354202	14.3952166767197	14.5250884853574	14.6305801533313	12.4125472615326	13.573565059402	14.0241484630947	14.2271866278235	14.0148569608986	13.4422307315151	13.3553611759913	13.5636076645194	14.3247683524025	13.1052495070213	14.625067239123	14.2819869182767	13.0381020783014
M999.4054T424.17_3	13.4757262834404	14.2791054601314	13.3388129514668	12.661258604495	14.0580835695316	14.5184166405662	12.6537777752166	13.4684356960984	14.3787146342738	14.3950033172924	13.5542642026158	13.3242088124905	14.6862779988703	13.4222191919328	12.0755384581062	12.8486551939625	13.5023569320055	12.5435966110904	15.0152751688035	14.4072656390889	14.240330351296	14.728681079948	13.8446643109772	13.5122857099984	13.4997211973318	14.7475911097652	13.7306179781975	13.9812308664582	13.9983848530559	11.6202025755111	13.5453501173207	13.5982931052838	14.0957147484201	13.8111978281963	12.5102111951421	12.9039886592326	13.5308367985467	14.2148463540485	12.7993535083687	14.0533044991512	13.7151621086046	12.6277893923368
M999.5502T423.67	13.3500042747602	13.6002703019828	13.1586885211286	12.8777755732524	13.5076650562519	13.7555760651417	12.4076627977767	13.6136892366157	14.2917811550448	14.5420802784121	13.6470344891292	14.3040598799942	14.4056775803109	13.0232483101105	9.59656296483089	12.4665625035781	13.1420589508319	12.5357280719603	14.63136142211	14.2864332467323	14.1185315561212	14.2748086713959	13.3401162586169	13.1738857610323	13.1722529038821	14.6619768340384	14.1577725631157	13.8353441993895	14.1409652126199	11.0926446358449	13.0601299543143	13.7984927531906	13.4969800173547	13.386380326314	11.1531212342105	13.2325484295507	12.7369108004833	13.2925985302724	12.858555791388	13.2392987845583	13.5985051115003	11.2421881995468
M999.9806T423.23_2	13.5436079046102	14.8321184699468	14.2656107172111	13.2693514372864	13.5317723443018	13.6428462064161	13.2817509359376	14.2195754563418	13.998763186607	14.3592459250831	14.6776186503038	14.4079610252134	14.371596827381	12.8296649472833	11.8778079771236	12.3836045624255	13.337424486285	13.844500378614	14.1942911813231	15.0767111895039	15.2721168440117	14.7358739431264	14.2813037355187	13.4908859182193	13.8128011845887	15.0445982855222	14.3438510343157	13.8988416548993	14.9232123025955	12.0044797536441	13.4648931501881	14.5735649205288	14.5781984935228	14.3276550591592	12.7861842200152	13.6166622355744	13.0353303111865	14.4532134906685	13.9908037880904	13.7289190164774	14.1043249220789	13.6923865229027
